149
172
174
115
121
235
240
247
261
208
233
264
202
147
230
245
195
125
132
121
122
173
89
58
45
76
-2
-63
20
37
33
28
-4
-37
-23
-44
-22
-43
-11
-19
-79
-53
-104
-89
-42
-35
-54
9
112
137
102
30
79
75
-32
-64
-91
-9
35
-36
-102
-40
61
3
-32
-31
4
-17
-128
-120
12
69
58
6
4
33
80
62
-9
50
46
25
53
93
-20
101
168
74
95
20
90
88
56
5
85
118
21
15
19
50
50
-29
-32
26
-36
88
83
53
91
4
9
85
119
79
75
63
23
11
-4
-62
0
-54
-64
-27
-8
-3
-53
-7
-55
-23
-134
-159
-118
-126
-107
-118
-119
-94
-25
-157
-100
-12
-18
-112
-199
-126
-5
-6
-79
-42
-47
6
-33
-10
-44
4
106
-15
-41
-31
-44
15
54
1
72
50
89
107
32
74
58
9
-60
-19
0
-3
-88
-69
-37
-113
-76
-215
-182
-143
-218
-165
-186
-152
-104
-129
-229
-300
-238
-156
-130
-150
-186
-161
-120
-66
-85
-173
-104
-43
-42
-44
-118
-139
-44
-106
-173
-176
-201
-177
-183
-110
-70
7
15
-111
-159
-67
-69
-179
-202
-225
-104
-120
-186
-235
-193
-62
-116
-109
-189
-152
0
-42
-98
-12
6
-44
-85
-129
-6
-2
-25
9
-16
-39
-57
-111
-122
-44
-66
-49
-25
-11
38
55
20
41
52
-11
38
-96
-148
-18
-25
-80
-110
-90
-105
-90
-62
-53
-88
-35
-14
-3
21
-75
-86
-60
-67
-131
-83
-71
-35
-104
-97
7
-40
20
-85
-87
29
81
-15
-74
-17
54
68
-7
79
103
34
-15
-4
-31
-77
-26
19
-32
-25
-12
-18
-68
-113
-89
-86
-81
-112
-102
-186
-71
-69
-132
-142
-85
16
-160
-65
-135
-159
-56
-57
-67
-61
41
-125
-129
-7
-86
-100
-92
-158
-110
-36
-32
-117
-127
-79
-130
-132
-140
-95
-37
-60
-19
-48
-48
90
34
-70
-117
-113
-82
-110
-67
-50
-71
-108
-146
-95
-71
-101
-108
-133
-63
-107
-105
-26
-91
-16
13
-15
-135
-119
2
-85
-100
-146
-72
53
9
10
24
50
42
22
-12
71
135
76
78
99
127
90
152
139
130
155
187
112
21
105
50
109
90
-17
-60
4
-5
-70
-62
-49
53
2
-58
-113
-32
69
46
-43
-72
2
44
-17
-67
-16
14
56
-90
-114
-25
57
-39
-76
-31
-57
77
35
25
36
73
62
60
11
-15
75
102
71
-37
-26
5
33
-68
-84
26
6
-51
43
65
94
139
26
46
0
-25
-17
-68
-22
8
-56
-100
-64
54
56
45
45
66
52
115
179
12
56
71
78
108
120
63
102
182
25
-6
4
18
40
5
-20
45
37
-6
-22
34
72
145
137
61
140
137
64
-4
19
80
159
68
50
108
196
272
188
178
174
254
286
213
189
251
265
295
228
247
376
346
259
158
203
275
306
215
189
234
242
203
92
87
55
98
85
1
28
59
146
32
-100
10
114
81
29
35
57
117
51
-35
-7
25
-12
-18
-58
-34
70
52
-10
-73
-23
10
-9
-93
-61
139
139
56
22
38
83
67
17
-23
42
119
138
54
0
111
141
135
99
98
146
139
96
19
24
85
105
-9
-49
63
88
32
-74
-71
81
95
37
-42
-18
50
44
32
51
108
132
129
-43
-46
6
44
86
-18
38
113
91
73
40
46
104
15
-13
17
73
99
19
-48
-77
-12
26
-5
-47
-13
40
40
-41
-54
6
54
79
42
-33
53
67
-76
-42
-22
81
82
41
54
106
221
97
55
88
128
234
126
-7
34
119
84
-18
-28
-100
-111
-95
-199
-208
-148
-108
-171
-246
-227
-202
-149
-168
-230
-139
-131
-203
-166
-180
-179
-39
-19
-59
-20
-2
93
67
-25
39
29
57
69
-17
-2
12
9
-33
52
113
99
79
29
91
142
162
64
82
112
167
210
63
93
136
137
168
106
139
196
50
41
25
29
120
74
-44
-27
105
68
54
-88
-86
-64
-158
-249
-294
-168
-224
-172
-230
-337
-285
-241
-208
-296
-318
-257
-269
-252
-301
-258
-103
-114
-99
-136
-83
-8
3
-174
-148
-16
-94
-71
-160
-124
-67
-31
-150
-105
16
33
28
-44
-44
-104
-50
-147
-187
-139
-91
-118
-161
-163
-151
-75
-154
-198
-180
-127
-132
-169
-192
-90
-79
-82
-59
-132
-25
51
19
-16
-39
85
103
-3
95
110
130
193
129
0
16
62
-15
-71
16
90
82
29
-75
-36
-31
81
-22
-153
-114
-17
7
-122
-114
-67
63
14
-24
-47
15
61
44
-50
-121
-8
-10
-8
-26
15
52
41
-80
-120
-139
-92
-79
-114
-48
-37
27
-85
-111
-106
-11
39
-20
2
14
41
-107
-53
-9
44
123
70
104
24
41
52
48
75
-4
29
-16
-32
-33
-82
22
-32
-108
-43
19
110
83
-54
-17
113
114
77
138
170
146
218
167
167
182
162
217
190
215
213
206
148
65
42
140
134
85
98
83
131
57
24
-73
2
13
-123
-100
-109
-97
-136
-74
-113
-92
-94
-146
-100
-123
0
12
-36
-62
-102
-5
25
-33
-90
-120
-82
13
48
22
85
92
77
58
4
33
45
25
-4
-16
20
-27
-17
2
-83
-35
-63
-53
-31
-82
-79
-143
-152
-149
-121
-80
-66
-88
-120
-43
1
-33
-15
32
56
47
-12
-74
35
91
8
-47
-75
-21
-71
-49
-61
-110
-79
-37
-14
-28
2
1
126
63
54
63
18
95
86
113
78
83
104
87
29
4
16
74
48
10
42
70
75
-23
20
20
5
-41
-75
-73
-57
-27
-90
-90
-136
-169
-141
-71
-91
-83
-11
-11
-50
-64
-7
-50
-9
69
41
93
74
44
-9
14
151
134
196
123
91
222
120
6
57
120
106
53
32
18
47
118
72
52
56
-14
-12
61
16
56
37
60
28
-39
62
0
5
-91
-62
-13
66
65
-1
53
2
93
51
29
79
91
84
105
73
122
173
159
170
82
75
50
-8
-49
16
39
-1
-60
-88
-121
-152
-73
-113
-127
-33
16
-22
-121
-91
6
-41
-79
-62
-19
-1
-2
-70
-112
-99
-160
-112
-136
-133
-20
-66
-15
-1
-2
57
-41
3
-26
-31
-46
-115
-74
-85
3
30
65
1
50
178
126
157
109
165
278
255
173
159
150
107
140
50
57
149
93
72
106
97
109
120
119
0
35
197
98
106
133
132
114
163
99
41
183
97
40
-68
-77
-18
-35
-45
-50
-11
-37
-72
-113
-75
-31
-48
-123
-165
-65
19
42
-36
-149
-44
38
4
-51
-70
3
-9
50
-18
-129
-25
-47
-59
-91
-67
-25
-122
-100
-154
-189
-150
-121
-130
-161
-145
-102
-86
-143
-95
-32
-34
-121
-206
-107
-6
-109
-167
-123
-47
-46
-59
-82
-42
70
-2
-30
-46
24
86
44
-43
-47
-1
-34
-62
-88
-25
-2
-22
-40
-105
-131
-56
-43
-55
-70
-33
81
48
-40
12
-31
-34
38
4
47
71
85
48
87
124
101
121
79
48
65
63
65
68
63
128
151
81
19
55
51
47
17
-23
-4
-1
-89
-146
-75
-68
-109
-104
-134
-160
-146
-150
-142
-252
-207
-95
-151
-210
-223
-258
-206
-117
-135
-39
-15
-6
-9
-86
-107
-94
-90
-169
-158
-50
-85
-74
-39
-13
18
-29
24
15
50
67
-51
-15
13
-24
44
-1
54
76
48
24
-18
68
7
-18
-38
35
-51
-73
6
-94
-61
-45
-48
-124
-69
-43
-54
-32
-73
-57
-16
31
-14
-10
42
61
73
159
138
82
43
64
128
28
40
20
-4
0
38
65
112
74
-66
33
39
44
1
-21
-33
-50
41
42
12
28
81
55
91
67
60
7
19
10
-75
66
42
47
107
79
113
110
69
35
11
1
25
45
19
94
80
45
41
-18
53
99
53
13
-12
-3
34
-12
23
3
4
19
7
69
-24
-1
54
-1
35
95
44
40
59
36
40
39
8
20
104
77
-39
68
162
117
116
3
52
14
28
46
-34
85
10
31
-27
-111
-40
-110
-75
-54
-4
-13
-160
-111
-165
-126
9
-56
-31
12
-84
-103
-20
-65
-47
7
38
-4
8
37
7
70
19
18
16
-4
63
35
6
-3
18
46
-16
-88
-133
-75
-53
-63
-103
-113
-126
-179
-170
-166
-100
-68
-3
-32
15
47
16
29
28
62
69
116
63
52
58
112
133
128
174
91
12
69
67
-25
-67
-125
-73
-75
-64
22
-39
-31
-41
-114
-60
-5
29
-21
-11
-16
24
63
20
-4
-106
-5
-12
-61
-120
-89
-19
-24
33
-19
27
92
101
38
84
41
17
70
67
69
140
189
52
57
41
117
112
60
-21
-41
66
29
72
29
123
146
116
152
145
177
140
75
53
56
63
152
28
45
65
116
184
66
158
148
161
130
91
90
96
179
164
155
176
183
155
122
89
139
168
155
113
119
155
99
86
99
108
136
142
71
71
85
95
167
162
105
192
210
153
97
27
109
85
13
-45
-7
35
-12
-38
-82
-26
21
-45
-53
-60
-77
15
-75
-82
-101
-107
-59
-180
-180
-135
-92
-161
-140
-116
-173
-168
-109
-137
-113
-20
-95
-124
-176
-143
-92
-118
-210
-182
-133
-76
-74
-161
-47
-80
-117
-143
-54
-7
-79
-5
-88
-35
51
-4
-18
-112
-40
-24
-59
-60
-111
10
-6
-18
-79
-57
-10
-51
-7
-25
28
50
107
-13
-55
-76
-154
-3
-3
21
15
-27
71
59
44
102
67
3
-66
-12
5
-19
4
-38
-16
44
39
-34
-43
-10
56
-19
-31
-53
-113
-26
-22
-58
-134
-77
-152
-167
-165
-174
-2
-69
-80
-150
-127
-85
-57
29
14
209
154
92
148
95
116
111
102
121
127
89
53
-33
35
134
42
46
54
-19
22
70
9
40
67
0
-4
51
34
3
29
10
68
112
96
98
-4
7
50
40
57
-48
48
156
98
123
67
39
59
31
-85
-140
-3
28
0
6
-59
-91
-54
-106
-72
9
32
0
-74
-28
-17
73
59
43
82
48
27
-97
-98
-26
76
38
-63
-75
-55
-75
-117
-109
-155
-46
41
-9
-16
-54
-120
14
-18
-138
-97
-126
-231
-242
-100
-84
-6
-73
-116
-87
-159
-71
-50
-81
-52
3
10
-6
-70
3
60
48
107
185
211
124
133
125
121
162
126
59
44
-48
-31
39
-33
-81
-47
-51
-105
-50
-167
-114
-35
-135
-142
-128
-68
-129
-64
-128
-158
-54
-129
-101
-47
69
10
23
118
25
53
83
107
69
101
127
21
-73
-60
-15
-51
-15
-52
-47
-38
-40
0
-41
-60
-61
-6
6
3
-34
-44
-28
15
83
42
104
-7
-63
32
29
88
40
171
189
181
192
54
204
192
162
138
34
56
64
161
193
222
199
86
38
32
102
120
117
102
70
60
-19
-74
-9
6
74
110
103
134
39
83
101
126
53
-12
-18
-66
34
17
79
-5
-86
-62
-116
-20
32
13
-19
-145
-37
30
-40
51
65
136
80
-19
-21
36
79
108
195
244
230
137
82
111
252
300
158
8
32
73
62
113
225
164
107
96
90
27
5
162
93
49
65
71
10
-21
-7
24
-38
-64
-37
-135
-109
-65
-27
-57
4
0
5
12
50
31
39
153
90
68
57
245
269
161
123
167
263
312
253
192
335
312
329
240
281
393
283
216
39
49
135
103
-32
-60
23
24
-63
-174
-183
-157
-75
-115
-222
-275
-206
-179
-59
-83
-265
-321
-238
-74
-161
-122
-131
-125
-181
-183
-80
-33
5
-193
-160
-9
12
12
-62
-36
93
25
33
42
64
75
-29
32
81
33
-27
-125
-91
94
162
163
2
0
-14
-76
-25
-68
-67
11
-16
-90
-35
-55
-45
-20
5
-33
-57
-128
-155
-156
-120
-33
-66
-66
-102
-71
-46
-51
-56
13
20
41
-16
-9
110
67
155
150
174
89
28
123
146
108
79
221
194
70
-19
63
198
148
82
29
80
154
75
-17
-34
26
197
100
-49
-11
52
-26
-214
-159
-132
-101
-123
-221
-181
-133
-142
-253
-238
-51
-22
-189
-260
-189
-67
47
66
11
70
60
-56
-167
-189
-77
-47
61
79
33
-28
-94
-7
75
116
106
71
-64
-107
-119
-73
-22
8
-75
-281
-223
-123
-45
-157
-118
-18
-178
-363
-356
-148
-29
-44
-173
-147
-155
-106
-186
-156
-20
-116
-175
-289
-104
-8
-127
-242
-313
-227
-190
-235
-293
-248
-37
-1
-199
-371
-347
-58
68
-61
-183
-139
-67
-60
-140
-97
93
212
152
-38
-5
107
197
54
26
187
210
70
-119
75
237
261
167
-76
-163
-110
46
8
-141
-137
-251
-207
-177
-408
-341
-175
-92
-189
-382
-408
-247
-72
-123
-193
-270
-351
-436
-309
-55
47
-37
-288
-304
-269
-202
-131
-145
-117
-105
-109
-193
-282
-270
-130
-68
-45
-230
-322
-136
-32
-62
-197
-113
-120
-235
-385
-268
83
61
-140
-255
-28
77
-175
-399
-258
103
115
-130
-246
-92
69
-42
-267
-140
169
45
-203
-217
6
98
-190
-266
-24
157
-64
-285
-212
-5
142
-38
-135
-37
18
38
4
63
215
222
179
240
371
348
178
214
422
435
308
224
293
261
156
224
250
355
177
-86
-94
25
209
228
135
137
185
91
122
267
358
351
240
185
344
404
455
518
630
644
548
736
715
658
599
609
734
567
453
481
439
562
506
371
429
301
12
-7
271
281
52
-414
-554
-402
-153
-65
-350
-542
-834
-830
-653
-532
-610
-763
-857
-1003
-941
-954
-964
-1141
-1218
-937
-916
-1127
-1435
-1520
-1335
-1207
-1368
-1539
-1450
-1402
-1464
-1694
-1687
-1428
-1287
-1422
-1475
-1269
-1156
-1117
-1229
-1171
-933
-711
-658
-658
-512
-464
-511
-442
-143
57
85
245
524
680
488
383
686
973
1113
1165
1248
1294
1419
1443
1497
1841
1891
1883
1794
1683
1751
1790
1862
1926
1944
1797
1539
1460
1449
1387
1349
1275
1176
1136
1088
900
843
769
803
826
686
559
358
502
639
616
408
180
315
644
770
528
430
474
518
645
679
600
644
648
593
512
451
494
569
474
340
353
271
150
112
196
193
216
183
96
69
7
66
32
27
-19
-243
-287
-177
-131
-129
-136
-187
-300
-456
-466
-360
-378
-564
-881
-995
-965
-1029
-1055
-1148
-1375
-1531
-1631
-1757
-1883
-1812
-1693
-1927
-2112
-2126
-2140
-2320
-2491
-2404
-1867
-1689
-2335
-2688
-2605
-2018
-1921
-2311
-2266
-2087
-1830
-1891
-1751
-1329
-1098
-1049
-885
-237
245
537
701
809
1149
1514
1895
2289
2803
2977
2704
2562
2936
3383
3568
3776
3796
3500
2912
2510
2592
2877
2846
2549
2200
1724
1192
720
545
607
543
145
-340
-701
-867
-961
-916
-822
-778
-830
-900
-832
-698
-498
-141
168
137
231
281
580
1109
1360
1510
1549
1619
1693
1829
1969
2025
1965
1886
1843
1747
1586
1387
1369
1441
1300
1133
923
784
767
654
653
658
663
451
278
276
233
285
298
325
307
128
-63
-118
-60
-55
-244
-328
-386
-540
-847
-1081
-1049
-1054
-1231
-1575
-1708
-1861
-2103
-2326
-2474
-2531
-2564
-2484
-2658
-3055
-3322
-3186
-2955
-3083
-3173
-3106
-3049
-3184
-3383
-3213
-2868
-2539
-2639
-2962
-2953
-2753
-2756
-2847
-2516
-2308
-2419
-2506
-2374
-2247
-2231
-2025
-1783
-1419
-982
-593
-160
232
525
703
908
1307
1940
2685
3282
3575
3536
3386
3278
3707
4585
5190
5330
4928
4345
3929
3750
3811
3938
3971
3700
3037
2304
1816
1572
1360
1252
953
406
-26
-507
-835
-1048
-1009
-888
-1023
-1239
-1552
-1529
-1242
-1034
-742
-416
-232
-5
270
534
813
908
1136
1571
1940
1923
1683
1798
1950
2029
2035
1934
1811
1641
1576
1546
1500
1415
1116
796
680
632
377
95
210
204
-52
-303
-402
-421
-593
-646
-600
-494
-560
-860
-1096
-1027
-843
-810
-860
-970
-1047
-1128
-1234
-1365
-1493
-1537
-1523
-1552
-1798
-2151
-2241
-2223
-2218
-2343
-2511
-2675
-2925
-3034
-3146
-3123
-3038
-3079
-3168
-3249
-3236
-3295
-3453
-3262
-2956
-2860
-3010
-3394
-3497
-3232
-2737
-2500
-2628
-2727
-2678
-2736
-2740
-2368
-2044
-1941
-1893
-1689
-1235
-814
-470
128
701
1258
1535
1447
1639
2356
3242
3794
4185
4236
3953
3671
4023
4798
5276
5424
5159
4718
4099
3536
3322
3467
3749
3597
3050
2257
1435
931
607
562
612
286
-280
-808
-1308
-1399
-1265
-1252
-1171
-1185
-1178
-1223
-1242
-1163
-857
-429
-170
-19
76
242
576
992
1212
1464
1571
1545
1476
1537
1918
2141
2034
1605
1315
1315
1355
1386
1380
1482
1338
769
290
-3
145
459
481
388
217
-160
-541
-453
-360
-415
-439
-452
-468
-763
-969
-908
-725
-540
-614
-845
-1021
-1144
-1236
-1195
-1154
-1228
-1422
-1741
-2043
-2152
-2100
-2060
-2114
-2171
-2360
-2727
-2898
-3137
-3065
-2756
-2715
-2883
-3205
-3438
-3489
-3167
-2756
-2573
-2806
-3016
-3074
-3093
-2904
-2521
-2324
-2442
-2662
-2740
-2428
-2223
-2078
-2000
-1875
-1852
-1824
-1653
-1366
-693
-253
-92
54
497
1103
1605
1992
2269
2514
2740
3148
3735
4302
4663
4614
4289
4216
4552
5180
5598
5607
5203
4420
3724
3334
3477
3779
3797
3323
2450
1521
819
735
813
704
351
-89
-652
-1171
-1320
-1182
-967
-982
-1066
-1141
-1097
-1046
-834
-628
-342
52
267
482
552
830
1187
1396
1460
1625
1951
1906
1698
1666
1769
1893
1785
1422
1073
1047
1150
1067
970
842
560
251
44
-52
-32
-91
-9
-16
-193
-516
-779
-576
-477
-397
-480
-537
-709
-1067
-1097
-793
-393
-372
-621
-1005
-1192
-1171
-976
-854
-930
-1232
-1515
-1521
-1734
-1872
-1871
-1824
-1975
-2234
-2339
-2339
-2514
-2740
-2719
-2566
-2222
-2292
-2672
-2929
-2694
-2331
-2168
-2206
-2363
-2325
-2523
-2571
-2178
-1675
-1646
-2016
-2187
-2027
-1867
-1831
-1546
-1099
-1175
-1671
-1888
-1669
-1102
-531
-24
137
134
226
629
1416
2056
2206
2131
2476
3238
3920
4112
4115
4198
4246
4182
4445
5185
5628
5377
4814
4183
3816
3591
3494
3744
3958
3491
2349
1321
561
610
741
799
596
-258
-811
-1246
-1388
-1417
-1351
-1204
-1087
-1228
-1425
-1365
-1316
-1079
-793
-316
170
363
235
293
750
1172
1381
1396
1638
1910
1725
1330
1272
1505
1694
1713
1397
1051
859
769
902
879
768
629
287
183
205
187
195
9
-77
-150
-365
-343
-248
-28
-27
-309
-449
-529
-371
-371
-260
-96
-267
-472
-739
-666
-511
-545
-701
-902
-1053
-1304
-1555
-1739
-1822
-1710
-1720
-2013
-2394
-2568
-2441
-2424
-2374
-2334
-2433
-2693
-2888
-2694
-2433
-2396
-2609
-2660
-2370
-2044
-2095
-2375
-2376
-1997
-1598
-1656
-1906
-1927
-1892
-1644
-1291
-986
-1062
-1460
-1474
-983
-181
162
-89
-593
-450
615
1634
2055
2059
1948
1740
1914
2650
3463
3924
4199
4367
4110
3626
3416
3629
4447
5193
5232
4484
3384
2735
2649
2992
3259
3228
2611
1695
963
731
644
453
324
130
67
-281
-889
-1485
-1590
-1200
-818
-847
-1045
-1229
-1349
-1123
-1040
-733
-358
5
207
166
137
126
398
666
1128
1461
1526
1161
545
721
1340
1823
1589
840
563
776
1098
961
738
723
617
648
598
415
136
-15
-42
-7
-6
-145
-200
-297
-243
-229
-379
-630
-695
-525
-458
-438
-445
-591
-870
-868
-733
-739
-964
-1150
-1045
-1083
-1242
-1451
-1824
-1843
-1707
-1756
-1899
-2202
-2333
-2484
-2529
-2373
-2327
-2374
-2576
-2700
-2697
-2681
-2443
-2071
-1819
-1758
-1904
-2267
-2494
-2226
-1752
-1397
-1396
-1593
-1848
-2166
-2296
-1961
-1375
-1236
-1341
-1608
-2111
-2231
-1910
-1573
-1195
-775
-531
-437
-328
-29
234
506
909
1399
1849
2166
2412
2439
2465
2554
3100
3693
3997
4154
3828
3580
3611
3836
3721
3406
3256
3142
3027
2584
2041
1532
1301
1134
935
684
212
-352
-874
-1094
-1152
-1100
-1287
-1578
-1605
-1601
-1649
-1808
-1720
-1475
-1036
-658
-781
-728
-539
-156
277
520
675
721
951
1331
1569
1329
922
869
1450
1998
1871
1352
895
805
943
951
832
833
882
818
447
149
-69
-257
-98
360
518
81
-448
-657
-498
-184
98
10
-161
-360
-487
-381
-176
-40
-103
-215
-518
-631
-620
-750
-903
-963
-1133
-1423
-1585
-1816
-1848
-1830
-1950
-2231
-2586
-2629
-2576
-2439
-2423
-2518
-2660
-2803
-2554
-2319
-2301
-2355
-2195
-1935
-1872
-1726
-1694
-1831
-1808
-1622
-1403
-1489
-1588
-1667
-1788
-1727
-1706
-1788
-2037
-1944
-1611
-1413
-1571
-1922
-2106
-1855
-1129
-613
-358
-333
-144
179
275
435
1026
1651
2112
2607
2827
2866
2987
3254
3765
4403
4743
4745
4296
4046
4110
4075
3951
3698
3615
3376
2898
2397
1956
1597
1226
826
585
228
-215
-582
-907
-1052
-1245
-1432
-1594
-1563
-1504
-1471
-1363
-1302
-943
-595
-408
-270
-72
384
763
1166
1289
1320
1580
1777
1892
1860
1939
2043
2206
2210
1991
1763
1650
1691
1780
1879
1824
1520
1034
777
718
822
752
591
507
391
318
131
47
41
169
178
107
130
-133
-413
-279
53
247
101
-173
-340
-423
-399
-558
-677
-914
-1036
-1012
-1262
-1375
-1674
-1883
-1928
-2014
-1982
-2047
-2212
-2450
-2471
-2314
-2297
-2387
-2505
-2610
-2358
-2156
-2279
-2291
-2283
-1831
-1600
-2192
-2530
-2228
-1783
-1810
-2134
-2136
-1895
-1996
-2282
-2162
-1838
-1890
-1972
-1855
-1883
-2178
-2455
-2326
-2013
-1588
-1404
-1479
-1289
-825
-340
12
293
613
871
1300
1937
2511
2935
3135
3583
3873
4023
4283
4741
5108
5091
5021
4756
4770
4608
4225
4050
4052
3866
3318
2768
2266
1922
1642
1339
913
529
13
-400
-544
-700
-796
-942
-1054
-1032
-1080
-1159
-1004
-749
-670
-550
-178
162
378
533
789
1134
1333
1419
1635
1957
2026
1823
1624
1753
2115
2196
1877
1611
1634
1638
1644
1623
1309
969
826
828
721
538
393
276
377
389
199
53
-49
51
224
238
-9
-186
-170
-214
-93
-139
-263
-499
-638
-526
-599
-788
-1225
-1435
-1348
-1272
-1442
-1738
-2029
-2182
-2052
-2038
-2166
-2444
-2540
-2518
-2506
-2458
-2453
-2421
-2469
-2549
-2464
-2190
-2155
-2269
-2266
-2102
-1887
-1971
-2035
-1967
-2007
-2090
-2064
-1919
-2008
-2193
-2204
-2194
-2255
-2352
-2402
-2460
-2569
-2606
-2424
-2133
-1977
-2152
-2339
-2105
-1598
-1113
-813
-442
-49
249
364
631
1224
1843
2529
2958
3262
3546
3808
4047
4397
4895
5349
5522
5334
5088
4798
4788
4860
4895
4701
4238
3748
3173
2751
2523
2339
1937
1434
898
445
73
-254
-411
-540
-614
-710
-1023
-1274
-1281
-1163
-872
-626
-486
-339
-323
-176
182
428
730
1015
1249
1466
1334
1225
1482
1758
1926
1923
1754
1526
1351
1331
1426
1581
1442
1261
1060
723
557
367
247
332
398
263
-73
-434
-522
-397
-325
-293
-425
-743
-931
-1002
-1070
-1093
-969
-869
-1028
-1328
-1555
-1586
-1534
-1487
-1514
-1638
-1869
-2070
-2222
-2243
-2201
-2245
-2329
-2642
-2925
-2951
-2749
-2604
-2687
-2744
-2814
-2804
-2598
-2557
-2574
-2447
-2432
-2409
-2245
-2259
-2282
-2193
-2184
-2201
-2312
-2244
-2064
-2059
-2090
-2127
-2156
-2214
-2382
-2448
-2363
-2189
-2173
-2409
-2513
-2487
-2555
-2674
-2335
-1637
-1034
-920
-1044
-844
-378
169
725
1352
1890
2203
2415
2834
3426
4087
4494
4818
5104
5299
5385
5365
5735
5960
5940
5779
5274
4804
4637
4502
4342
3996
3352
2659
2163
1618
1115
856
451
133
-282
-850
-1282
-1470
-1577
-1575
-1607
-1665
-1656
-1706
-1558
-1333
-1014
-818
-627
-329
78
483
634
828
989
1047
1231
1444
1895
2160
1942
1671
1510
1641
1675
1483
1325
1349
1070
669
341
161
223
149
66
-77
-198
-535
-923
-883
-693
-644
-685
-1081
-1260
-1253
-1365
-1268
-1111
-1073
-1276
-1284
-1377
-1428
-1356
-1249
-1318
-1359
-1442
-1717
-1770
-1899
-1799
-1874
-1968
-2076
-2252
-2307
-2432
-2475
-2564
-2464
-2393
-2431
-2645
-2798
-2675
-2430
-2151
-2235
-2291
-2185
-1990
-1799
-1800
-1782
-1693
-1533
-1573
-1818
-1854
-1581
-1394
-1514
-1933
-2280
-2138
-1842
-1669
-1723
-1880
-2192
-2313
-2026
-1748
-1550
-1604
-1468
-1107
-765
-408
-47
514
932
1321
1638
2076
2761
3232
3842
4357
4573
4936
5238
5534
5927
6097
6204
6115
6088
6043
5738
5467
5096
4900
4590
4110
3617
3061
2599
1997
1526
1152
595
7
-465
-814
-1122
-1272
-1352
-1491
-1550
-1562
-1658
-1537
-1315
-1217
-1116
-829
-313
-78
56
316
660
872
819
821
1203
1770
1828
1712
1764
1736
1536
1229
1209
1473
1580
1239
795
582
304
60
-224
-167
-52
-261
-569
-1017
-978
-796
-599
-672
-780
-890
-1158
-1177
-1108
-993
-1023
-995
-1064
-943
-932
-1101
-1175
-1137
-831
-783
-999
-1152
-1181
-1356
-1424
-1406
-1457
-1534
-1645
-1694
-1783
-2013
-2135
-2099
-2060
-1998
-2109
-2137
-2105
-1908
-1649
-1606
-1703
-1936
-1849
-1614
-1365
-1210
-1176
-1145
-1178
-1299
-1427
-1275
-1305
-1340
-1285
-1370
-1498
-1712
-2010
-2001
-1660
-1583
-1691
-1875
-1876
-1898
-1787
-1540
-1167
-727
-464
-195
62
629
1155
1616
2112
2602
3043
3508
3981
4457
4849
5175
5587
5837
5958
5989
6082
6122
5944
5587
5269
4894
4662
4456
4181
3617
2949
2403
1742
1378
837
483
134
-331
-607
-1031
-1366
-1581
-1745
-1772
-1790
-1850
-1875
-1912
-1759
-1392
-1023
-1026
-895
-633
-282
191
403
704
956
1025
892
757
1070
1502
1553
1268
1016
1065
961
800
717
742
716
338
22
-138
-113
-181
-377
-466
-485
-460
-636
-942
-961
-805
-755
-813
-912
-1075
-1140
-1081
-926
-743
-696
-773
-960
-895
-831
-886
-987
-1113
-1186
-1270
-1243
-1271
-1379
-1397
-1518
-1667
-1647
-1816
-1883
-1823
-1901
-1914
-1938
-2001
-2118
-2101
-2017
-1894
-1739
-1815
-1728
-1656
-1672
-1622
-1606
-1336
-1316
-1511
-1637
-1599
-1480
-1657
-1737
-1647
-1527
-1630
-2050
-2279
-2151
-1905
-1879
-1931
-1894
-1857
-1819
-1822
-1684
-1417
-983
-431
7
217
296
515
1048
1824
2444
2883
3303
3778
4061
4309
4634
4991
5477
5747
5920
5822
5740
5630
5403
5373
5205
4847
4231
3841
3578
3212
2798
2321
1810
1320
850
280
-34
-319
-697
-986
-1149
-1432
-1688
-1809
-1820
-1764
-1738
-1727
-1712
-1458
-1330
-1181
-888
-605
-376
-187
-16
142
398
756
1071
968
663
651
977
1117
960
752
620
530
482
464
494
505
368
111
-225
-449
-568
-510
-417
-368
-410
-683
-960
-990
-835
-690
-695
-789
-854
-941
-1122
-1121
-860
-747
-843
-970
-998
-1112
-1119
-1070
-1103
-1112
-1254
-1322
-1456
-1539
-1531
-1597
-1494
-1559
-1755
-1888
-2013
-2030
-1952
-1769
-1862
-2004
-2059
-2004
-1795
-1876
-1706
-1573
-1627
-1620
-1701
-1577
-1473
-1273
-1338
-1495
-1469
-1734
-1793
-1632
-1423
-1410
-1825
-2336
-2284
-1931
-2074
-2198
-2076
-1963
-1911
-2239
-2242
-1621
-1058
-456
-319
-345
-9
439
1098
1758
2161
2380
2704
3140
3643
4081
4664
5178
5377
5324
5368
5475
5569
5673
5486
5331
4919
4545
4254
4001
3768
3285
2754
2208
1650
1111
621
219
-66
-454
-649
-1062
-1395
-1619
-1849
-1733
-1756
-1752
-1877
-1848
-1647
-1424
-1321
-1234
-900
-532
-264
-284
9
457
653
420
131
583
1079
1192
981
713
693
639
457
326
442
520
504
254
-113
-309
-448
-550
-497
-453
-599
-847
-1288
-1214
-998
-894
-867
-1146
-1199
-1145
-1132
-1109
-1035
-986
-863
-889
-1046
-1147
-1151
-1070
-1063
-974
-1019
-1297
-1420
-1415
-1398
-1431
-1616
-1761
-1915
-1839
-1756
-1882
-1841
-1821
-1942
-1975
-1901
-1840
-1914
-1893
-1807
-1760
-1578
-1447
-1398
-1409
-1267
-1255
-1370
-1299
-1067
-990
-1095
-1190
-1342
-1405
-1467
-1322
-1321
-1457
-1674
-1716
-1670
-1817
-1636
-1614
-1697
-1679
-1541
-1231
-754
-398
-173
214
471
854
1169
1542
2282
2944
3278
3461
4039
4526
4866
5186
5402
5697
5699
5697
5797
5823
5617
5230
4896
4737
4505
4247
3805
3061
2585
2081
1587
1203
992
449
-91
-262
-807
-1171
-1257
-1346
-1477
-1543
-1652
-1686
-1529
-1528
-1408
-1176
-1043
-850
-640
-525
-374
-129
74
325
768
1058
985
698
455
766
1186
1094
845
733
807
597
387
392
372
449
240
-54
-328
-454
-468
-601
-467
-421
-664
-917
-1059
-869
-683
-760
-830
-950
-1118
-1047
-907
-858
-687
-656
-873
-1028
-1077
-954
-898
-1043
-942
-795
-869
-1032
-1139
-1148
-1248
-1148
-1189
-1469
-1479
-1408
-1406
-1457
-1428
-1449
-1404
-1407
-1380
-1246
-1336
-1454
-1431
-1115
-1002
-1185
-1240
-1021
-718
-938
-1438
-1358
-1021
-1011
-1085
-1045
-1125
-1694
-2184
-2015
-1469
-1340
-1722
-2376
-2582
-2096
-1934
-1901
-1776
-1430
-891
-674
-553
-294
162
787
1373
1906
2072
2232
2834
3854
4560
4619
4749
4715
5070
5634
5983
6100
6000
5909
5588
5256
5067
4972
4704
4446
4032
3407
2672
2142
1852
1446
1034
596
78
-599
-994
-1127
-1268
-1388
-1651
-1907
-1877
-1855
-1915
-1797
-1536
-1319
-1296
-1383
-1236
-909
-625
-301
-62
162
424
480
288
202
396
654
653
585
489
507
637
399
337
525
571
498
219
-168
-272
-262
-281
-367
-342
-302
-577
-665
-583
-525
-667
-753
-720
-705
-732
-891
-929
-872
-768
-672
-738
-863
-897
-1011
-873
-673
-740
-889
-927
-876
-880
-999
-1209
-1211
-1255
-1188
-1260
-1392
-1423
-1463
-1407
-1431
-1334
-1400
-1404
-1283
-1181
-1072
-1105
-1077
-985
-1041
-986
-867
-855
-1013
-1243
-1129
-924
-929
-1301
-1494
-1535
-1719
-1865
-1943
-1872
-1871
-1978
-2177
-2282
-2300
-2138
-1722
-1561
-1663
-1540
-1237
-948
-497
214
739
992
1185
1604
2242
2883
3574
3948
4069
4233
4614
4844
5130
5606
5878
5973
5708
5294
4991
4904
4813
4620
4309
3770
3086
2547
2264
1863
1327
851
408
-85
-629
-1043
-1381
-1582
-1805
-2003
-1925
-2109
-2433
-2441
-2176
-1975
-1776
-1726
-1801
-1541
-1238
-1131
-1019
-803
-712
-515
-181
121
205
40
-41
153
420
481
499
457
227
185
249
191
255
185
128
23
-160
-355
-443
-353
-308
-309
-480
-602
-594
-627
-742
-677
-644
-618
-745
-983
-1024
-957
-936
-948
-757
-760
-700
-856
-995
-826
-813
-784
-941
-1050
-1061
-1048
-930
-981
-1096
-1180
-1291
-1265
-1235
-1368
-1262
-1132
-1191
-1059
-1108
-1035
-886
-731
-756
-1188
-1301
-1200
-909
-869
-976
-1089
-1296
-1516
-1565
-1307
-1107
-1186
-1623
-1904
-2068
-2219
-2167
-1939
-1858
-2075
-2449
-2459
-2108
-1911
-1983
-1948
-1567
-1250
-1022
-854
-318
311
735
994
1237
1823
2395
2847
3430
3908
4120
4197
4401
4885
5197
5416
5526
5623
5525
5173
4887
4789
4775
4514
4103
3598
3132
2502
2092
1801
1312
732
180
-231
-619
-963
-1295
-1642
-1883
-1987
-2260
-2349
-2436
-2411
-2189
-2136
-1999
-1861
-1883
-1709
-1326
-1177
-977
-921
-648
-220
-4
217
117
-43
114
509
774
676
413
451
615
700
592
507
606
524
236
-3
106
231
177
-12
-20
119
-36
-385
-543
-467
-296
-260
-484
-591
-698
-684
-589
-443
-338
-491
-682
-777
-489
-307
-373
-370
-364
-353
-408
-557
-532
-332
-297
-422
-607
-653
-629
-598
-617
-676
-772
-757
-694
-849
-877
-922
-898
-993
-1022
-854
-992
-1195
-1327
-1287
-1200
-1203
-1380
-1561
-1817
-1939
-1764
-1608
-1746
-2116
-2228
-2259
-2274
-2300
-2450
-2499
-2280
-2140
-2053
-1916
-1941
-1967
-1755
-1311
-860
-475
-193
293
834
1105
1420
1851
2532
3250
3625
3909
4157
4451
4524
4711
5243
5576
5544
5334
5315
5138
4748
4328
4202
4099
3817
3456
2887
2380
1854
1378
945
603
160
-485
-897
-1113
-1424
-1587
-1763
-2023
-2016
-2188
-2343
-2198
-2084
-1946
-1924
-1773
-1422
-1361
-1225
-1028
-838
-552
-249
143
258
39
-86
221
723
1051
946
511
443
663
728
767
875
890
710
443
136
72
177
192
170
55
-85
-318
-610
-654
-523
-416
-339
-472
-687
-892
-861
-642
-504
-402
-536
-733
-733
-577
-402
-191
-87
-171
-332
-483
-459
-310
-184
1
-53
-252
-348
-468
-418
-462
-442
-442
-673
-960
-920
-674
-732
-963
-1281
-1186
-982
-995
-1182
-1321
-1224
-1258
-1366
-1463
-1658
-1879
-1967
-1954
-1895
-2070
-2238
-2537
-2828
-2761
-2556
-2406
-2576
-2695
-2576
-2377
-2423
-2418
-2200
-1818
-1353
-1066
-686
-230
234
582
812
1292
1869
2191
2593
3197
3810
4147
4318
4560
4799
5164
5464
5441
5388
5295
5030
4851
4659
4497
4124
3724
3540
3193
2574
1891
1550
1213
692
313
-14
-461
-889
-1215
-1445
-1513
-1673
-1878
-1848
-1777
-1766
-1848
-1810
-1630
-1484
-1243
-988
-1000
-1036
-808
-368
95
416
456
149
231
591
957
1164
1102
915
749
810
870
1060
1163
1139
968
781
496
181
207
387
459
336
25
-404
-570
-595
-546
-493
-474
-580
-853
-1017
-963
-843
-616
-486
-504
-559
-782
-773
-621
-464
-418
-370
-529
-763
-576
-550
-475
-350
-465
-600
-833
-828
-724
-699
-661
-760
-804
-886
-954
-1039
-1118
-1066
-984
-1125
-1355
-1499
-1570
-1678
-1781
-1562
-1355
-1345
-1659
-1975
-2053
-1939
-1929
-1998
-2026
-2033
-2042
-2417
-2498
-2423
-2348
-2142
-2115
-2153
-2158
-2001
-1874
-1714
-1283
-905
-486
-226
15
528
848
1348
1840
2309
2712
2917
3355
3767
4179
4465
4722
5085
5285
5419
5368
5355
5404
5114
4783
4593
4377
3927
3436
3142
2829
2327
1715
1101
674
319
-50
-291
-542
-952
-1494
-1732
-1867
-1995
-2029
-2070
-2063
-2125
-2172
-2063
-1793
-1576
-1487
-1398
-1239
-1107
-843
-384
14
136
-53
-150
136
607
801
669
605
593
563
595
683
924
882
445
155
125
222
260
237
339
192
-203
-291
-391
-354
-227
-386
-441
-599
-788
-1003
-975
-793
-793
-666
-791
-797
-774
-609
-444
-572
-519
-454
-430
-578
-477
-379
-423
-403
-531
-630
-620
-697
-682
-538
-550
-667
-925
-1019
-1025
-945
-946
-1052
-1202
-1311
-1389
-1648
-1609
-1626
-1651
-1622
-1662
-1732
-1950
-2058
-2088
-2036
-1944
-2060
-2315
-2492
-2464
-2368
-2479
-2502
-2670
-2670
-2337
-2219
-2233
-2251
-1997
-1681
-1351
-1101
-744
-129
199
413
807
1240
1834
2337
2690
3170
3637
4096
4165
4318
4724
5186
5446
5423
5574
5427
5113
4846
4798
4719
4400
4040
3547
3116
2677
2141
1638
1251
766
115
-324
-695
-1134
-1376
-1532
-1576
-1824
-2159
-2167
-2012
-2036
-2241
-2176
-1987
-1864
-1735
-1638
-1540
-1157
-879
-623
-338
-255
-279
-359
75
505
664
555
583
744
649
692
701
808
823
802
491
177
148
152
300
281
208
-111
-285
-360
-346
-325
-473
-467
-590
-733
-884
-903
-883
-907
-979
-971
-991
-1061
-949
-758
-601
-605
-486
-393
-403
-386
-289
-197
-167
-257
-357
-270
-247
-263
-291
-277
-368
-575
-644
-616
-647
-749
-790
-946
-1110
-1089
-1058
-1144
-1251
-1432
-1608
-1461
-1423
-1494
-1644
-1919
-2171
-2333
-2093
-1840
-1862
-2320
-2586
-2405
-2389
-2261
-2102
-2062
-2190
-2370
-2428
-2176
-1718
-1453
-1290
-1240
-840
-389
-104
441
999
1542
1902
2232
2710
3179
3521
3894
4343
4665
4701
4833
5299
5555
5581
5340
5095
4936
4748
4487
4232
4090
3888
3412
2776
2244
1733
1365
878
503
12
-689
-1056
-1264
-1523
-1783
-1884
-2016
-2082
-2057
-2011
-2029
-1960
-1849
-1782
-1442
-1130
-1108
-1138
-906
-514
-246
-19
103
88
246
418
761
1168
1229
1082
952
990
1058
1064
1041
1067
974
822
604
547
589
450
420
247
2
-234
-464
-528
-393
-343
-549
-810
-913
-799
-905
-897
-812
-775
-733
-896
-901
-767
-735
-700
-478
-392
-325
-373
-600
-478
-240
-130
-71
-207
-528
-573
-494
-481
-458
-580
-888
-1056
-986
-829
-618
-731
-980
-1185
-1210
-1113
-1162
-1248
-1342
-1387
-1457
-1458
-1729
-2047
-1950
-1803
-1792
-2030
-2157
-2196
-2277
-2239
-2155
-2127
-2197
-2263
-2281
-2204
-2070
-1952
-1794
-1447
-1167
-1002
-765
-283
229
711
1124
1371
1922
2423
2875
3443
3984
4164
4296
4766
5248
5540
5508
5462
5368
5437
5235
4874
4628
4433
4347
3942
3583
3101
2685
2175
1631
1220
703
332
-92
-527
-1102
-1438
-1593
-1842
-2068
-2193
-2213
-2236
-2226
-2214
-2067
-1982
-1910
-1809
-1529
-1247
-1117
-1011
-787
-255
79
192
219
167
302
628
882
1167
1296
1120
1021
1024
1083
1155
1149
1075
932
668
365
288
359
265
115
-213
-496
-505
-464
-491
-590
-561
-696
-939
-947
-867
-852
-908
-1005
-935
-891
-863
-770
-808
-718
-704
-657
-498
-529
-449
-364
-326
-187
-182
-228
-288
-411
-439
-440
-300
-307
-685
-999
-1048
-806
-828
-981
-970
-1068
-1193
-1332
-1444
-1471
-1264
-1280
-1583
-1782
-1808
-1677
-1794
-1988
-2047
-1994
-2026
-2404
-2656
-2568
-2326
-2155
-2256
-2399
-2288
-2056
-1849
-1668
-1544
-1296
-1138
-840
-392
-12
371
638
1099
1526
1868
2403
3072
3534
3820
4164
4361
4427
4676
5062
5342
5537
5392
4998
4699
4529
4302
4066
3890
3676
3296
2816
2322
1736
1333
971
696
362
-130
-548
-898
-1050
-1365
-1504
-1641
-1860
-1900
-2143
-2004
-1744
-1647
-1635
-1470
-1052
-843
-648
-671
-534
-101
170
318
115
34
398
739
993
1066
932
853
1030
1206
1227
1216
1061
986
916
818
736
548
439
387
260
56
-219
-527
-664
-575
-438
-546
-810
-1034
-1017
-831
-892
-939
-939
-850
-882
-986
-839
-720
-626
-667
-642
-645
-716
-612
-416
-373
-456
-432
-428
-447
-418
-344
-353
-421
-607
-734
-723
-734
-806
-952
-1008
-1011
-1069
-1111
-1265
-1472
-1435
-1457
-1523
-1629
-1689
-1728
-1868
-1964
-2083
-1963
-2139
-2576
-2775
-2637
-2377
-2393
-2586
-2812
-2596
-2475
-2453
-2261
-2082
-1818
-1692
-1470
-1168
-823
-445
-45
475
998
1037
1097
1721
2481
3097
3428
3697
3917
4262
4611
4999
5358
5485
5412
5277
5083
4744
4678
4477
4317
4235
3749
3111
2551
2160
1765
1445
1029
508
83
-457
-796
-1030
-1324
-1444
-1660
-1894
-2054
-2167
-2209
-2105
-1928
-1966
-1902
-1686
-1563
-1379
-1092
-812
-568
-302
-139
47
265
375
452
612
927
946
870
903
863
954
1054
1065
1050
884
591
532
551
613
607
343
82
-107
-124
-257
-367
-495
-790
-853
-883
-951
-1101
-1195
-1254
-1181
-996
-1151
-1262
-1180
-1056
-954
-810
-721
-781
-771
-790
-744
-574
-620
-724
-681
-671
-699
-859
-786
-633
-741
-832
-951
-1002
-1068
-1013
-912
-967
-1017
-1233
-1439
-1624
-1822
-1872
-1735
-1588
-1780
-1760
-1691
-2025
-2183
-2169
-2080
-2074
-2293
-2581
-2703
-2535
-2460
-2603
-2778
-2826
-2655
-2272
-1997
-1941
-1925
-1790
-1339
-935
-639
-252
294
927
1226
1321
1551
2108
2791
3352
3704
3917
4121
4326
4855
5376
5747
5783
5580
5425
5223
5186
5121
4975
4662
4294
3818
3268
2804
2397
1940
1420
943
422
14
-476
-800
-1082
-1350
-1488
-1854
-2091
-2158
-2158
-2082
-2066
-2080
-2086
-2037
-1868
-1662
-1484
-1341
-1008
-667
-543
-350
-163
-105
86
360
621
786
754
812
887
989
967
852
867
958
979
770
605
543
543
578
449
155
32
-28
-79
-133
-343
-579
-725
-700
-766
-922
-1078
-1144
-1074
-1018
-996
-1068
-1058
-911
-737
-580
-669
-657
-490
-575
-557
-462
-479
-569
-667
-657
-699
-687
-661
-816
-783
-788
-880
-1016
-1212
-1060
-938
-964
-1109
-1237
-1390
-1502
-1508
-1627
-1572
-1576
-1780
-1863
-1790
-1896
-2070
-2253
-2344
-2202
-2162
-2287
-2326
-2326
-2506
-2584
-2430
-2311
-2444
-2462
-2234
-1945
-1727
-1550
-1124
-791
-525
-143
264
799
1204
1522
1954
2447
2926
3249
3581
4076
4522
4732
4900
5120
5290
5404
5371
5165
4965
4691
4529
4367
4047
3719
3256
2898
2396
1843
1219
696
439
95
-383
-873
-1288
-1637
-1776
-1930
-1974
-2094
-2209
-2254
-2179
-1959
-1798
-1797
-1805
-1555
-1354
-1060
-845
-623
-425
-216
-92
7
297
585
857
832
742
776
893
980
1075
1120
1176
1107
904
657
589
748
775
613
346
245
81
-106
-325
-291
-263
-512
-654
-859
-894
-840
-828
-860
-1009
-1124
-1214
-1297
-1237
-1163
-1089
-969
-964
-967
-954
-915
-758
-640
-565
-465
-560
-739
-679
-544
-494
-483
-515
-584
-696
-731
-751
-706
-724
-815
-872
-945
-1049
-1425
-1618
-1533
-1339
-1303
-1562
-1669
-1665
-1657
-1805
-2142
-2222
-1989
-1886
-2179
-2598
-2525
-2264
-2179
-2295
-2498
-2517
-2357
-2045
-1703
-1310
-1094
-866
-706
-487
79
697
1150
1478
2097
2498
2743
3122
3598
4267
4704
4871
4999
5219
5432
5771
6042
5954
5700
5360
5046
4881
4803
4570
4205
3787
3252
2571
1948
1499
1152
804
204
-426
-839
-1155
-1406
-1656
-1888
-1885
-1959
-2092
-2091
-2016
-1850
-1856
-1754
-1632
-1536
-1354
-1071
-752
-426
-212
-316
-164
221
707
914
750
644
894
1144
1152
1235
1406
1615
1497
1303
1097
1023
1043
1055
1079
997
846
560
457
413
372
257
23
-187
-314
-397
-458
-574
-706
-767
-901
-1038
-1151
-1126
-1021
-937
-920
-920
-903
-855
-832
-811
-690
-689
-688
-651
-684
-590
-593
-678
-699
-737
-714
-754
-888
-1014
-898
-771
-759
-872
-1031
-1183
-1359
-1336
-1327
-1268
-1293
-1576
-1779
-1702
-1649
-1828
-2235
-2440
-2448
-2404
-2267
-2223
-2264
-2498
-2555
-2600
-2509
-2261
-2226
-2203
-2017
-1766
-1570
-1351
-994
-558
-161
210
523
964
1482
2096
2665
3140
3520
3919
4259
4464
4769
5104
5417
5523
5688
5681
5396
5083
4917
4893
4751
4488
4045
3524
3048
2648
2183
1650
1165
785
261
-413
-861
-1164
-1455
-1654
-1817
-2064
-2313
-2334
-2256
-2179
-2005
-1859
-1720
-1630
-1484
-1210
-1056
-838
-652
-540
-317
-164
-16
81
263
582
752
640
430
529
876
1046
1019
964
834
723
583
484
494
502
360
142
-1
-90
-262
-474
-463
-471
-602
-720
-867
-902
-887
-903
-810
-942
-1175
-1254
-1274
-1243
-1272
-1301
-1238
-1163
-1107
-1171
-1239
-1149
-930
-772
-971
-993
-893
-828
-797
-858
-813
-701
-764
-994
-1092
-1067
-988
-1115
-1174
-1271
-1232
-1302
-1479
-1465
-1566
-1486
-1482
-1493
-1716
-1876
-1931
-2044
-2149
-2376
-2531
-2679
-2687
-2745
-2735
-2675
-2685
-2828
-2932
-2776
-2529
-2249
-2057
-1770
-1491
-1134
-743
-414
-78
246
675
1153
1765
2276
2622
3018
3500
3934
4326
4680
5072
5421
5591
5672
5567
5487
5348
5228
4963
4692
4384
3822
3288
2763
2510
2128
1581
990
429
-97
-508
-781
-1124
-1382
-1871
-2138
-2192
-2281
-2264
-2284
-2273
-2200
-2201
-2251
-2110
-1911
-1568
-1245
-967
-779
-641
-446
-250
-1
232
606
748
683
570
610
900
1081
1099
1089
1061
970
891
788
779
813
770
625
500
391
275
119
28
-34
-314
-593
-843
-985
-922
-822
-907
-990
-1121
-1249
-1350
-1425
-1242
-1195
-1274
-1374
-1363
-1225
-1128
-1056
-1123
-1119
-1138
-1187
-1106
-1055
-1007
-1037
-1011
-1020
-1087
-949
-819
-925
-1085
-1153
-1015
-854
-808
-876
-1280
-1526
-1575
-1459
-1376
-1427
-1581
-1708
-1528
-1632
-1894
-2095
-2049
-1840
-1909
-2155
-2223
-2282
-2402
-2469
-2403
-2302
-2337
-2474
-2442
-1950
-1508
-1044
-766
-528
-250
73
469
949
1620
2185
2704
2992
3424
3748
4107
4535
4959
5428
5553
5585
5570
5492
5509
5584
5501
5347
5036
4707
4411
4087
3619
3244
2717
2086
1559
967
514
45
-270
-662
-974
-1316
-1635
-1877
-1956
-1858
-1927
-1837
-1803
-1694
-1655
-1557
-1331
-1101
-861
-886
-699
-305
-165
-174
-87
351
916
998
702
554
801
1077
1206
1258
1232
1252
1205
1145
1117
1087
1060
941
866
766
620
392
158
203
295
199
-31
-291
-470
-324
-235
-414
-558
-668
-771
-895
-1060
-1068
-995
-964
-856
-965
-1024
-1012
-1028
-916
-792
-867
-1072
-1008
-926
-877
-931
-955
-886
-985
-1034
-1193
-1135
-973
-1000
-949
-1033
-1075
-1230
-1362
-1392
-1365
-1258
-1354
-1590
-1718
-1577
-1601
-1723
-1863
-1886
-1992
-2054
-2096
-2370
-2531
-2626
-2325
-2175
-2314
-2534
-2528
-2151
-1962
-1857
-1672
-1264
-731
-320
-187
-24
301
771
1377
2064
2744
3081
3202
3466
4086
4629
4969
5372
5731
5886
5766
5619
5572
5725
5771
5494
5121
4723
4329
3975
3621
3232
2801
2200
1659
1148
615
255
-75
-449
-802
-1180
-1552
-1692
-1709
-1746
-1758
-1748
-1724
-1714
-1735
-1598
-1329
-1066
-747
-565
-451
-294
-157
172
434
465
567
864
1133
1047
957
1033
1242
1402
1311
1317
1311
1185
986
913
1031
946
685
341
254
438
412
183
-88
-113
-158
-383
-613
-724
-642
-611
-629
-866
-1037
-1140
-1284
-1355
-1261
-1153
-1237
-1293
-1405
-1322
-1283
-1197
-1133
-1199
-1128
-1178
-1341
-1321
-1062
-943
-944
-1032
-992
-1034
-1037
-1026
-1040
-810
-856
-1159
-1344
-1266
-1169
-1222
-1356
-1406
-1487
-1526
-1751
-1833
-1684
-1782
-2069
-2299
-2151
-2014
-2127
-2294
-2137
-2079
-2257
-2640
-2728
-2363
-2069
-1915
-1829
-1630
-1438
-1026
-543
-7
281
527
898
1461
2126
2564
3007
3421
3954
4299
4543
4769
5127
5558
5679
5621
5414
5161
5123
5130
5008
4765
4278
3856
3462
3021
2600
2159
1742
1248
661
56
-438
-806
-1138
-1302
-1529
-1878
-2181
-2418
-2456
-2337
-2194
-2137
-2050
-1988
-1829
-1603
-1244
-1046
-949
-783
-778
-490
-361
-200
103
410
591
434
386
397
556
727
837
826
706
551
495
600
724
707
504
417
307
201
104
10
-40
-72
-230
-589
-877
-904
-712
-520
-554
-889
-1126
-1187
-1190
-1165
-1176
-1246
-1372
-1507
-1515
-1473
-1519
-1503
-1514
-1531
-1525
-1595
-1681
-1641
-1472
-1369
-1381
-1495
-1670
-1627
-1587
-1605
-1514
-1496
-1515
-1435
-1419
-1555
-1650
-1815
-1773
-1609
-1625
-1821
-2075
-2107
-1973
-1941
-2033
-2025
-2080
-2153
-2299
-2466
-2518
-2681
-2610
-2427
-2390
-2321
-2361
-2307
-2081
-1586
-1089
-827
-677
-337
206
443
764
967
1412
2086
2617
3160
3395
3647
3973
4435
4874
5252
5380
5201
5137
5142
5083
4922
4804
4658
4306
3654
3030
2650
2271
1866
1414
945
464
-63
-552
-1003
-1315
-1567
-1845
-2088
-2298
-2406
-2467
-2422
-2279
-2275
-2158
-2090
-2156
-2075
-1841
-1347
-975
-701
-664
-641
-431
-170
300
519
610
600
536
549
711
840
969
1070
894
727
515
488
547
646
539
313
162
-51
-35
-62
2
62
-137
-385
-598
-666
-608
-600
-654
-749
-871
-995
-1123
-1145
-1073
-1017
-1031
-1113
-1336
-1417
-1356
-1335
-1258
-1250
-1149
-1220
-1438
-1317
-1097
-990
-1158
-1340
-1376
-1314
-1163
-1279
-1356
-1191
-1027
-970
-1066
-1217
-1270
-1220
-1148
-1050
-1078
-1304
-1398
-1463
-1500
-1577
-1798
-1825
-1845
-1941
-2191
-2247
-2089
-1990
-2068
-2335
-2319
-2168
-1950
-1829
-1667
-1435
-1394
-1222
-768
-245
192
448
718
1063
1351
1922
2480
3040
3560
3661
3850
4277
4765
5205
5405
5465
5486
5431
5306
5094
4948
4830
4763
4538
3875
3242
2772
2596
2367
1938
1496
833
427
119
-268
-604
-922
-1232
-1460
-1556
-1733
-1777
-1678
-1520
-1394
-1381
-1431
-1275
-931
-669
-396
-240
-109
117
322
432
579
755
952
1159
1193
1092
898
966
1192
1330
1334
1152
1002
915
912
956
1030
974
780
544
394
359
396
468
411
260
75
-110
-148
-70
-111
-67
-160
-375
-504
-629
-592
-477
-507
-633
-747
-913
-848
-799
-860
-904
-885
-890
-986
-1138
-1178
-978
-927
-959
-1105
-1119
-1018
-1078
-1198
-1258
-1245
-1226
-1307
-1405
-1338
-1260
-1246
-1363
-1258
-1206
-1370
-1474
-1498
-1399
-1460
-1618
-1693
-1645
-1662
-1786
-1741
-1817
-2124
-2179
-2032
-1922
-1851
-1896
-1957
-1551
-1102
-983
-825
-494
109
584
891
1078
1333
1770
2140
2690
3293
3723
3986
4189
4490
4876
5206
5428
5544
5518
5438
5275
5122
5073
4906
4629
4251
3721
3168
2613
2256
1928
1493
1077
581
116
-330
-739
-1020
-1287
-1577
-1793
-2015
-2070
-2045
-2051
-1887
-1694
-1545
-1588
-1522
-1312
-1026
-654
-425
-167
-4
128
262
319
619
911
1098
1093
953
901
927
1182
1223
1233
1197
1063
891
666
622
613
771
762
398
83
107
63
-14
-12
-95
-208
-490
-652
-667
-588
-528
-645
-815
-920
-1071
-1123
-1091
-1072
-1029
-1100
-1199
-1298
-1306
-1307
-1226
-1162
-1185
-1309
-1526
-1546
-1481
-1313
-1347
-1494
-1607
-1701
-1575
-1447
-1342
-1288
-1309
-1446
-1487
-1462
-1472
-1471
-1471
-1600
-1618
-1405
-1352
-1489
-1791
-1911
-1959
-2179
-2423
-2253
-1975
-1956
-2257
-2662
-2660
-2486
-2221
-2014
-1805
-1780
-1745
-1761
-1626
-1119
-676
-209
-12
210
505
810
1412
2165
2795
3060
3170
3441
4047
4720
5195
5488
5450
5455
5407
5241
5159
5169
5178
4982
4595
3932
3456
3030
2766
2535
2069
1518
803
283
-99
-307
-619
-1024
-1422
-1748
-1960
-2219
-2225
-2262
-2178
-1947
-1943
-1921
-1949
-1868
-1521
-975
-652
-671
-523
-304
-131
-36
71
385
742
739
512
390
493
775
889
877
804
633
562
575
549
515
453
296
149
70
-35
16
29
-98
-293
-435
-481
-669
-789
-770
-726
-780
-958
-1162
-1109
-1019
-994
-969
-1052
-1088
-1168
-1223
-1181
-1146
-1203
-1225
-1288
-1301
-1411
-1409
-1256
-1313
-1328
-1477
-1311
-1232
-1412
-1521
-1626
-1429
-1404
-1571
-1723
-1726
-1617
-1558
-1716
-1867
-1709
-1649
-1753
-1915
-2053
-1896
-1674
-1685
-1919
-2136
-2017
-1911
-2071
-2186
-2014
-1963
-2107
-2292
-2203
-1796
-1478
-1269
-1250
-1058
-719
-408
-94
283
840
1396
1690
1925
2384
2853
3290
3824
4175
4321
4512
4790
5151
5329
5492
5396
5322
5208
5068
4968
4686
4535
4048
3610
3058
2550
2018
1490
1203
823
392
-274
-699
-1053
-1226
-1403
-1692
-1869
-2059
-2069
-2039
-2012
-1954
-1817
-1735
-1610
-1374
-1158
-985
-772
-480
-232
28
221
329
566
856
960
922
951
1099
1212
1242
1283
1297
1226
1138
994
813
730
687
608
389
170
3
-156
-155
-67
-81
-257
-478
-805
-860
-730
-771
-821
-956
-1112
-1268
-1350
-1202
-1045
-1113
-1290
-1397
-1303
-1238
-1248
-1219
-1245
-1209
-1235
-1425
-1419
-1291
-1246
-1243
-1342
-1437
-1533
-1521
-1567
-1612
-1479
-1409
-1493
-1609
-1575
-1465
-1456
-1573
-1669
-1674
-1590
-1537
-1574
-1647
-1638
-1710
-2045
-2375
-2213
-1818
-1838
-2228
-2528
-2426
-2220
-2160
-2274
-2192
-1979
-1917
-1865
-1781
-1498
-1012
-713
-381
167
478
720
941
1513
2235
2674
3097
3374
3809
4221
4483
4966
5419
5642
5557
5438
5433
5389
5265
5144
5053
4841
4485
3875
3447
3057
2634
2251
1760
1294
769
340
-80
-488
-824
-1080
-1466
-1822
-2043
-2113
-2060
-2121
-2119
-2114
-2112
-1931
-1789
-1608
-1221
-863
-598
-674
-634
-384
115
492
434
376
246
477
638
770
949
936
902
763
583
511
537
534
667
676
447
192
44
31
249
233
-27
-153
-347
-406
-452
-408
-361
-484
-635
-781
-762
-771
-717
-679
-734
-688
-737
-918
-1034
-969
-826
-797
-1014
-1182
-1226
-1193
-1139
-1154
-1119
-1118
-1190
-1289
-1344
-1359
-1267
-1192
-1191
-1306
-1489
-1445
-1331
-1305
-1393
-1560
-1567
-1437
-1417
-1579
-1672
-1470
-1404
-1661
-2016
-2083
-1736
-1665
-1892
-1997
-1890
-1804
-2103
-2415
-2251
-1834
-1698
-1805
-1812
-1425
-958
-708
-472
-187
212
634
1188
1727
2190
2478
2577
2976
3534
4036
4437
4737
5075
5431
5481
5484
5540
5464
5411
5241
5111
4894
4578
4257
3915
3625
3123
2530
1935
1535
1172
593
231
-119
-555
-970
-1334
-1510
-1631
-1805
-1936
-1994
-1957
-1865
-1864
-1801
-1750
-1616
-1305
-995
-800
-668
-403
-183
-58
85
304
668
885
817
679
702
989
1255
1271
1156
1184
1071
823
708
739
786
554
347
190
86
69
19
-26
-54
-199
-270
-342
-494
-443
-478
-446
-499
-632
-751
-844
-826
-846
-767
-790
-853
-952
-1077
-1012
-892
-910
-961
-1096
-1125
-1109
-1192
-1207
-1356
-1223
-1169
-1222
-1317
-1541
-1457
-1311
-1155
-1222
-1233
-1200
-1246
-1305
-1502
-1401
-1177
-1173
-1368
-1541
-1520
-1623
-1723
-1670
-1524
-1477
-1848
-2223
-2253
-1932
-1863
-2054
-2139
-2049
-1919
-2006
-2047
-1878
-1429
-1048
-829
-850
-733
-371
10
660
1116
1345
1742
2208
2700
3120
3397
3775
4252
4682
4854
4912
5015
5204
5372
5331
5128
4966
4796
4592
4393
4029
3628
3177
2666
2167
1884
1453
947
403
-62
-301
-665
-1006
-1408
-1582
-1676
-1796
-1958
-2096
-2056
-2003
-1969
-1815
-1630
-1500
-1411
-1214
-680
-404
-235
-164
-112
111
389
858
1077
983
848
853
946
1040
1085
1171
1179
1094
948
664
591
679
781
764
575
225
-26
62
141
98
-126
-458
-634
-688
-670
-683
-749
-673
-724
-869
-970
-1042
-917
-777
-766
-869
-964
-1089
-1115
-1030
-949
-1034
-1215
-1238
-1267
-1249
-1330
-1336
-1294
-1378
-1397
-1469
-1446
-1521
-1523
-1507
-1596
-1498
-1454
-1451
-1664
-1816
-1751
-1486
-1283
-1460
-1695
-1873
-1836
-1744
-1758
-1872
-1869
-1885
-1953
-2102
-2269
-2193
-2131
-2141
-2171
-2224
-2230
-2120
-2074
-1766
-1349
-1043
-791
-652
-318
240
687
916
1265
1780
2407
2870
3182
3534
3969
4356
4684
4938
5219
5428
5390
5461
5409
5252
5044
4927
4744
4441
4122
3714
3298
2782
2296
1761
1332
849
426
4
-582
-905
-1253
-1519
-1667
-1923
-2041
-2140
-2194
-2135
-2125
-2053
-2004
-1964
-1723
-1302
-1069
-1024
-786
-494
-181
-92
-110
152
490
825
808
604
661
865
975
965
1002
1066
991
806
737
731
812
722
497
306
196
182
6
-66
-139
-302
-483
-727
-909
-878
-794
-799
-871
-1015
-1026
-1100
-1140
-1052
-1038
-1034
-1056
-1078
-1197
-1293
-1186
-1014
-1006
-1138
-1233
-1399
-1376
-1259
-1249
-1225
-1238
-1158
-1244
-1529
-1645
-1486
-1226
-1246
-1343
-1337
-1442
-1555
-1648
-1631
-1487
-1465
-1650
-1795
-1827
-1820
-1843
-1984
-2028
-2071
-2118
-2300
-2289
-2125
-2169
-2230
-2334
-2304
-2400
-2403
-2224
-2029
-1778
-1688
-1602
-1315
-866
-483
-59
357
705
1127
1624
2127
2470
2907
3460
3971
4315
4554
4866
5165
5374
5465
5407
5247
5187
5075
4990
4750
4455
4185
3873
3485
2957
2484
1929
1537
1024
610
107
-387
-585
-912
-1189
-1596
-1881
-1951
-1996
-2130
-2127
-2011
-1866
-1823
-1812
-1732
-1605
-1189
-792
-466
-379
-403
-297
52
516
752
798
717
685
788
863
987
1098
1173
1251
1011
819
668
504
589
609
535
389
65
-98
-93
1
45
-258
-522
-750
-812
-736
-756
-660
-670
-754
-854
-997
-1050
-1040
-974
-867
-731
-785
-920
-1011
-1020
-856
-752
-879
-1127
-1122
-1099
-1147
-1163
-1158
-1128
-1253
-1291
-1276
-1337
-1333
-1226
-1111
-1010
-1073
-1248
-1404
-1472
-1359
-1367
-1438
-1456
-1465
-1504
-1691
-1707
-1634
-1733
-1770
-1821
-1922
-1980
-2090
-2071
-1979
-2152
-2317
-2345
-2204
-2018
-2001
-1870
-1652
-1246
-830
-601
-411
-215
170
542
1086
1837
2227
2497
2810
3125
3478
3871
4330
4749
5216
5397
5347
5267
5241
5355
5234
5060
4862
4618
4243
3708
3360
2899
2476
2102
1583
1069
518
61
-354
-662
-1150
-1566
-1922
-2281
-2377
-2577
-2535
-2454
-2362
-2280
-2249
-2055
-1878
-1745
-1571
-1261
-949
-433
-124
-70
-70
-6
337
776
1105
1028
908
802
905
1141
1233
1276
1315
1394
1165
926
840
835
802
709
592
421
235
26
33
90
50
-173
-411
-534
-592
-667
-719
-594
-597
-759
-929
-971
-968
-879
-727
-760
-833
-931
-991
-977
-981
-954
-935
-830
-853
-1005
-1041
-1047
-968
-964
-948
-958
-1090
-1115
-1163
-1193
-1166
-1161
-1175
-1261
-1362
-1438
-1549
-1517
-1348
-1323
-1482
-1648
-1662
-1712
-1737
-1703
-1682
-1737
-1995
-2075
-1944
-1908
-2042
-2202
-2211
-2105
-2048
-2003
-1835
-1619
-1336
-1134
-904
-434
88
529
875
1158
1538
2004
2461
3096
3692
4064
4276
4511
4951
5345
5615
5786
5804
5692
5590
5424
5241
5121
4956
4770
4349
3834
3337
2903
2480
1958
1504
1086
492
-143
-519
-835
-1106
-1258
-1549
-1978
-2096
-2160
-2240
-2198
-2033
-1860
-1708
-1508
-1501
-1265
-1023
-727
-397
-133
29
9
151
415
745
993
1110
971
958
1060
1156
1176
1171
1331
1335
1164
798
646
778
813
781
524
176
0
-76
-87
-148
-224
-453
-686
-819
-910
-879
-882
-788
-808
-990
-1124
-1197
-1127
-1060
-933
-825
-868
-907
-1011
-1005
-927
-739
-668
-842
-984
-1029
-1030
-979
-982
-1115
-1020
-1005
-978
-1094
-1232
-1162
-1021
-880
-1007
-1178
-1379
-1440
-1472
-1471
-1410
-1362
-1592
-1762
-1725
-1675
-1572
-1783
-1935
-1948
-1933
-2102
-2447
-2543
-2171
-1829
-1942
-2330
-2623
-2517
-2153
-1838
-1705
-1464
-1339
-1186
-946
-623
-130
449
995
1340
1643
1904
2422
3097
3809
4296
4360
4393
4724
5080
5348
5617
5551
5452
5219
4938
4695
4484
4344
4072
3790
3311
2728
2166
1746
1477
1088
572
13
-496
-920
-1290
-1497
-1690
-1889
-1958
-2117
-2251
-2288
-2187
-2057
-1875
-1677
-1683
-1556
-1331
-1096
-840
-471
-208
-167
-86
88
487
648
622
634
722
909
850
794
865
1081
1113
909
799
806
880
789
582
434
434
309
145
32
-45
-71
-253
-462
-602
-594
-546
-657
-757
-822
-992
-1072
-950
-888
-911
-907
-951
-891
-961
-1142
-1109
-959
-851
-970
-1119
-1154
-1066
-967
-914
-865
-875
-965
-1052
-1036
-1055
-1105
-1183
-1141
-996
-1039
-1142
-1267
-1310
-1266
-1205
-1212
-1431
-1590
-1592
-1628
-1810
-2005
-2019
-1844
-1933
-2343
-2476
-2199
-1948
-2097
-2375
-2435
-2264
-2128
-2081
-1926
-1680
-1502
-1337
-975
-552
-302
77
436
855
1414
1718
2136
2681
3379
3911
4175
4343
4672
5022
5211
5472
5508
5556
5334
5202
5190
5013
4921
4637
4332
3929
3346
2755
2279
1988
1534
928
364
-261
-637
-1050
-1453
-1697
-1989
-2254
-2445
-2521
-2623
-2653
-2557
-2364
-2256
-2147
-2206
-2030
-1634
-1343
-847
-698
-636
-489
-358
-120
102
396
690
734
735
641
632
1010
1136
1090
1063
926
839
735
609
637
639
584
492
233
-35
-195
-250
-299
-458
-642
-770
-910
-1030
-1058
-1054
-1039
-1139
-1290
-1308
-1383
-1379
-1395
-1354
-1248
-1225
-1231
-1311
-1165
-1054
-1113
-1121
-1095
-1067
-1079
-1151
-1193
-1186
-1043
-964
-995
-1032
-1136
-1168
-1067
-974
-1111
-1326
-1485
-1412
-1339
-1456
-1709
-1716
-1534
-1436
-1566
-1972
-1986
-1939
-2093
-2251
-2334
-2279
-2272
-2402
-2363
-2364
-2487
-2667
-2606
-2263
-2081
-1987
-2062
-1828
-1404
-1022
-715
-444
-52
454
905
1287
1572
1853
2425
2897
3302
3572
3829
4079
4428
4937
5258
5376
5345
5165
5058
4964
4690
4484
4336
4114
3672
3198
2649
2275
1897
1445
1002
539
161
-323
-709
-1120
-1388
-1598
-1615
-1671
-1878
-2018
-2206
-2149
-2027
-1878
-1799
-1714
-1496
-1347
-1161
-696
-102
196
161
48
42
417
851
1033
1010
828
954
1144
1258
1254
1285
1340
1252
1214
923
739
641
725
859
686
387
67
13
0
142
80
-238
-445
-658
-753
-875
-981
-840
-813
-1039
-1180
-1236
-1157
-1059
-927
-767
-727
-859
-989
-924
-622
-351
-470
-568
-569
-584
-591
-604
-576
-499
-496
-534
-601
-718
-766
-752
-513
-342
-388
-588
-819
-897
-992
-1030
-1035
-1070
-1150
-1425
-1683
-1707
-1511
-1506
-1770
-1983
-1967
-1789
-1827
-1972
-2167
-2161
-2257
-2361
-2090
-1684
-1358
-1504
-1461
-1185
-824
-484
-225
271
759
1075
1331
1657
2272
3063
3436
3762
3831
4030
4401
4703
5184
5347
5496
5429
5384
5199
4930
4826
4640
4461
4143
3670
3047
2657
2290
1961
1534
1023
533
28
-304
-603
-845
-1116
-1433
-1776
-1904
-2048
-2136
-2055
-1983
-1863
-1678
-1494
-1441
-1211
-951
-856
-695
-485
-126
254
363
375
411
801
1198
1330
1284
1084
1271
1509
1496
1389
1359
1441
1371
1091
853
859
947
854
640
461
411
274
36
-85
-281
-304
-409
-726
-898
-972
-980
-1091
-1139
-1242
-1396
-1438
-1458
-1341
-1172
-916
-945
-1032
-1066
-1134
-929
-856
-845
-868
-875
-919
-1005
-1056
-973
-696
-518
-664
-866
-812
-751
-652
-695
-743
-796
-869
-1014
-1134
-1031
-1036
-1123
-1295
-1384
-1348
-1449
-1813
-2059
-1886
-1658
-1863
-2250
-2389
-2159
-1945
-2218
-2567
-2540
-2236
-1900
-1784
-1845
-1716
-1539
-1186
-805
-436
-51
192
585
956
1387
1685
2079
2763
3332
3763
3831
4024
4452
4873
5235
5496
5663
5504
5297
5055
4922
4877
4730
4495
4147
3668
3231
2812
2403
2123
1660
1157
488
0
-367
-786
-1021
-1240
-1372
-1576
-1877
-2186
-2341
-2290
-2084
-1944
-1963
-2079
-1951
-1551
-1330
-1192
-1002
-823
-603
-424
-308
-153
163
520
608
577
579
716
844
901
942
1008
910
759
669
665
778
616
421
390
412
283
95
-90
-114
-174
-366
-654
-850
-839
-952
-1014
-1171
-1231
-1301
-1297
-1276
-1334
-1347
-1406
-1328
-1235
-1167
-1215
-1253
-1178
-1097
-990
-933
-940
-872
-906
-860
-854
-894
-848
-894
-768
-811
-867
-929
-1043
-944
-946
-1012
-1085
-1202
-1238
-1234
-1377
-1527
-1618
-1644
-1569
-1741
-1998
-2198
-2424
-2502
-2458
-2443
-2582
-2708
-2915
-2979
-2776
-2693
-2640
-2677
-2610
-2309
-2245
-2175
-1932
-1573
-1145
-933
-702
-351
159
637
1121
1640
2033
2366
2674
3131
3530
3855
4029
4242
4616
4865
4984
4865
4713
4588
4335
4202
4051
3876
3590
2991
2658
2277
1859
1524
998
575
139
-237
-676
-1001
-1245
-1532
-1712
-2028
-2189
-2205
-2261
-2325
-2309
-2172
-2072
-1996
-1863
-1697
-1492
-1259
-1028
-814
-619
-379
-175
31
97
277
470
525
641
597
647
815
967
976
920
794
774
831
620
600
628
481
411
250
46
-11
-186
-231
-258
-442
-574
-825
-999
-1005
-916
-1012
-1214
-1277
-1246
-1246
-1281
-1170
-1047
-975
-1074
-1113
-1025
-955
-929
-831
-639
-679
-679
-746
-739
-629
-573
-481
-508
-424
-500
-671
-760
-651
-504
-480
-568
-863
-1040
-1116
-832
-749
-1058
-1406
-1511
-1297
-1349
-1561
-1965
-2032
-1919
-1963
-2086
-2193
-2058
-2059
-2135
-2418
-2504
-2271
-2030
-1946
-2038
-1965
-1755
-1442
-1163
-775
-432
-168
176
504
939
1294
1675
2247
2732
3136
3423
3619
3895
4293
4607
4805
4968
4947
4911
4859
4813
4729
4538
4326
4068
3675
3308
2900
2443
2244
1871
1313
790
355
90
-184
-573
-951
-1189
-1390
-1682
-1833
-1950
-2074
-1964
-2045
-2096
-2060
-1950
-1754
-1584
-1264
-1008
-763
-577
-411
-385
-278
94
425
576
519
455
508
815
936
957
969
1034
1150
936
771
677
736
788
746
521
240
-30
-137
34
-7
-98
-342
-522
-571
-642
-726
-835
-773
-718
-821
-1079
-1270
-1273
-1048
-799
-794
-782
-867
-795
-635
-571
-421
-350
-290
-361
-305
-291
-219
-143
-193
-263
-319
-286
-329
-186
-219
-182
-159
-306
-436
-638
-754
-754
-816
-961
-1132
-1252
-1371
-1533
-1522
-1398
-1243
-1578
-2023
-2298
-2237
-1960
-1808
-1865
-2115
-2098
-2163
-2213
-2065
-1736
-1450
-1359
-1353
-1239
-1032
-607
-102
279
667
841
1098
1418
1852
2462
2973
3280
3524
3775
3971
4190
4563
4887
5112
5204
5018
4767
4622
4670
4525
4305
4081
3790
3392
2991
2672
2220
1890
1527
1120
618
187
-148
-471
-631
-859
-1142
-1403
-1557
-1587
-1602
-1663
-1670
-1673
-1606
-1568
-1552
-1347
-1059
-724
-597
-617
-553
-347
-8
241
454
619
679
693
640
749
958
1217
1334
1174
971
856
964
980
939
936
844
639
405
273
304
269
82
-139
-360
-321
-372
-587
-653
-600
-594
-694
-895
-891
-781
-724
-620
-608
-564
-580
-593
-567
-458
-319
-243
-168
-95
-85
-159
-165
51
100
-49
-109
-114
-8
-11
-76
-71
-180
-379
-495
-653
-626
-690
-846
-961
-1055
-1057
-1212
-1316
-1507
-1461
-1465
-1612
-1832
-2092
-2206
-2209
-2028
-2075
-2328
-2480
-2190
-1896
-2012
-2263
-2177
-1707
-1441
-1525
-1524
-1328
-849
-497
-345
-50
311
852
1289
1626
1821
2093
2431
2928
3417
3623
3738
3822
4060
4191
4330
4294
4398
4511
4207
3869
3633
3591
3508
3289
2862
2399
1917
1472
1249
1024
706
304
-101
-475
-799
-1106
-1369
-1456
-1417
-1605
-1861
-1881
-1803
-1707
-1767
-1774
-1657
-1495
-1303
-1187
-1113
-1099
-908
-480
-171
-130
-144
-127
50
230
264
299
465
652
676
656
507
446
487
579
539
342
138
-34
-19
4
9
-208
-450
-559
-571
-592
-803
-875
-877
-855
-921
-1166
-1200
-1043
-888
-878
-1017
-1035
-982
-829
-703
-575
-494
-538
-553
-604
-447
-373
-348
-263
-277
-246
-331
-407
-439
-402
-385
-522
-520
-626
-781
-827
-930
-885
-964
-1066
-1165
-1414
-1594
-1728
-1691
-1592
-1737
-2097
-2268
-2230
-2238
-2271
-2262
-2196
-2166
-2321
-2434
-2421
-2311
-2068
-1985
-1995
-2026
-2050
-1897
-1499
-1125
-904
-649
-328
-52
196
419
658
1093
1495
1828
2128
2481
2742
3063
3350
3490
3711
3901
4161
4198
4268
4230
4044
3900
3782
3688
3411
3127
2706
2351
2046
1723
1466
1193
797
408
82
-175
-469
-860
-989
-1074
-1344
-1618
-1708
-1700
-1678
-1716
-1627
-1593
-1556
-1392
-1265
-1040
-964
-933
-854
-550
-241
-86
-80
-48
101
164
368
388
436
487
535
648
538
477
432
447
480
472
392
147
15
-16
-12
-1
-182
-426
-573
-560
-576
-692
-740
-775
-759
-797
-926
-1005
-1024
-980
-835
-783
-791
-785
-826
-647
-482
-468
-446
-399
-323
-289
-278
-313
-339
-336
-305
-282
-368
-484
-503
-480
-525
-585
-677
-767
-865
-983
-1050
-1119
-1231
-1444
-1556
-1688
-1750
-1739
-1703
-1630
-1893
-2157
-2306
-2105
-2032
-2313
-2397
-2276
-2160
-2388
-2504
-2298
-1995
-1792
-1807
-1873
-1619
-1323
-950
-541
-331
-90
120
434
801
1177
1389
1689
2218
2723
2943
2984
3236
3628
3969
4115
4219
4280
4398
4366
4272
4255
4071
3841
3555
3353
3132
2764
2374
2004
1755
1400
1051
744
400
165
-284
-588
-812
-1042
-1187
-1429
-1423
-1519
-1635
-1673
-1658
-1558
-1546
-1445
-1356
-1249
-1126
-884
-696
-583
-538
-349
-54
-97
0
123
385
511
486
625
730
755
551
480
582
790
623
328
290
320
433
313
182
103
-3
-90
-238
-283
-301
-463
-557
-514
-581
-737
-766
-703
-687
-725
-679
-731
-696
-527
-509
-399
-294
-237
-184
-28
58
-82
-88
53
280
382
278
112
-22
42
128
71
9
-60
-113
-117
-235
-379
-495
-476
-451
-669
-932
-1226
-1343
-1328
-1323
-1384
-1494
-1676
-1982
-2127
-2041
-1794
-1655
-1877
-2155
-2078
-1864
-1739
-1720
-1554
-1272
-1017
-952
-1001
-781
-413
119
531
717
961
1177
1366
1796
2254
2672
2958
3024
3256
3650
3951
4027
4169
4347
4427
4436
4247
4037
3956
3885
3823
3715
3383
2936
2653
2389
2068
1754
1384
1119
849
458
94
-187
-398
-537
-638
-860
-1135
-1185
-1280
-1352
-1234
-1162
-1188
-1151
-1112
-1228
-1085
-860
-742
-555
-398
-268
-241
-265
-91
192
420
476
376
351
487
720
809
646
625
789
643
469
334
467
682
552
310
114
120
31
-105
-182
-105
-127
-313
-565
-571
-404
-372
-368
-533
-621
-675
-708
-717
-586
-500
-544
-553
-619
-655
-550
-466
-337
-225
-292
-247
-279
-279
-250
-155
-155
-290
-398
-477
-508
-524
-497
-559
-626
-787
-819
-922
-999
-1116
-1235
-1172
-1223
-1393
-1691
-1693
-1679
-1679
-1851
-2117
-2142
-2038
-2046
-2241
-2147
-2156
-2101
-2069
-1957
-1624
-1569
-1453
-1393
-1147
-730
-472
-247
64
440
759
1003
1115
1476
1913
2266
2521
2646
2864
3066
3287
3483
3658
3798
3912
3871
3686
3576
3486
3398
3375
3207
2899
2516
2182
2009
1667
1393
1047
696
429
33
-239
-400
-477
-679
-921
-1141
-1312
-1340
-1381
-1447
-1463
-1451
-1375
-1306
-1272
-1145
-967
-788
-787
-820
-685
-431
-119
-114
-216
-167
-22
118
100
175
256
383
392
284
219
275
315
133
147
198
246
52
-148
-93
70
14
-221
-240
-332
-405
-483
-437
-487
-479
-475
-630
-629
-584
-562
-608
-571
-558
-523
-525
-554
-572
-560
-502
-518
-487
-411
-449
-448
-373
-405
-449
-629
-652
-536
-533
-634
-815
-796
-678
-701
-1052
-1309
-1329
-1217
-1170
-1447
-1678
-1782
-1828
-2086
-2127
-2032
-2112
-2225
-2411
-2245
-2136
-2360
-2567
-2439
-2179
-2016
-2016
-2114
-1900
-1494
-1130
-1020
-1021
-642
-145
135
264
392
945
1378
1605
1927
2091
2215
2439
2797
3034
3239
3381
3489
3495
3429
3436
3438
3457
3303
3185
2946
2816
2602
2214
2012
1673
1510
1221
865
481
142
47
-145
-327
-557
-722
-907
-1062
-1134
-1068
-1027
-1094
-1179
-1207
-1136
-1055
-1046
-1165
-1084
-897
-554
-600
-758
-598
-278
-43
-306
-350
-231
-22
22
-191
-266
-73
179
135
3
-51
-1
-7
-57
-106
-104
-197
-317
-325
-208
-161
-394
-500
-440
-342
-297
-538
-665
-546
-535
-539
-711
-806
-843
-872
-828
-839
-802
-888
-884
-900
-867
-860
-929
-855
-777
-836
-906
-847
-858
-742
-726
-862
-850
-792
-807
-881
-839
-714
-706
-781
-997
-1093
-876
-841
-1036
-1293
-1275
-1274
-1476
-1535
-1704
-1667
-1498
-1653
-1840
-1865
-1688
-1583
-1574
-1471
-1440
-1361
-1314
-1190
-892
-419
-117
35
382
551
811
1151
1427
1687
1915
2147
2289
2572
2855
2987
3237
3305
3204
3173
3107
3190
3204
3072
2916
2719
2519
2357
2143
2010
1851
1549
1326
968
738
548
261
73
-112
-173
-320
-499
-521
-573
-595
-573
-595
-591
-545
-475
-377
-423
-335
-117
-63
-38
-68
-23
29
44
117
221
225
169
101
163
220
200
198
117
263
227
250
274
137
141
187
247
188
204
142
168
208
193
194
133
-31
-126
-53
-60
-72
-186
-260
-204
-288
-394
-414
-580
-630
-691
-807
-861
-925
-891
-932
-923
-1018
-1141
-1261
-1340
-1156
-1130
-1267
-1321
-1194
-1022
-962
-1077
-1112
-1068
-1103
-1019
-984
-919
-939
-875
-688
-579
-626
-768
-822
-830
-705
-827
-917
-969
-947
-960
-1116
-1106
-1112
-987
-1004
-873
-668
-721
-864
-917
-487
22
220
151
193
538
815
1097
1320
1452
1716
1930
2159
2331
2433
2545
2725
2987
3076
3162
3067
2931
3000
3007
2996
2815
2590
2473
2288
2067
1877
1735
1587
1321
1032
878
673
466
337
227
180
84
-55
-212
-226
-185
-227
-299
-334
-297
-352
-349
-235
-98
-117
-105
-95
-155
85
190
59
-53
-27
89
101
-82
-162
-29
134
75
-239
-312
-314
-208
-161
-258
-299
-268
-313
-492
-381
-211
-234
-258
-155
-26
41
-98
-128
13
70
62
-151
-238
-171
-128
-105
-106
-185
-376
-420
-518
-678
-668
-766
-904
-1004
-976
-930
-1065
-1105
-1065
-1025
-1144
-1296
-1313
-1213
-1193
-1191
-1005
-983
-990
-999
-920
-767
-783
-753
-682
-632
-548
-549
-457
-285
-303
-317
-474
-507
-320
-257
-335
-309
-279
-439
-475
-592
-700
-669
-608
-462
-344
-337
-463
-470
-72
374
568
407
325
449
520
811
1165
1717
1992
1956
1919
2011
2228
2253
2389
2574
2588
2419
2283
2172
2275
2272
2221
2232
1910
1545
1320
1150
1101
1121
930
769
524
319
218
240
231
85
-17
-166
-202
-159
-71
-53
65
60
-63
-326
-241
88
102
178
153
264
132
-113
-167
-44
78
-93
-98
-81
-185
-359
-537
-444
-330
-405
-598
-856
-836
-795
-660
-541
-644
-714
-793
-871
-857
-743
-631
-546
-528
-511
-620
-565
-529
-458
-322
-421
-554
-562
-540
-580
-486
-555
-640
-823
-963
-992
-1046
-1025
-1005
-1026
-1090
-1064
-1101
-1171
-1133
-1171
-1151
-967
-1023
-1008
-951
-825
-657
-604
-570
-558
-587
-589
-473
-360
-191
-187
-227
-235
-128
-27
-148
-218
-75
-108
-124
-132
-158
-63
-95
-126
-257
-181
-356
-305
-47
22
231
165
255
412
520
637
595
671
779
681
773
1092
1276
1486
1655
1559
1650
1787
1779
1760
1850
2029
1945
1759
1663
1740
1722
1603
1426
1270
1250
1147
909
772
733
687
548
385
241
156
217
223
255
192
179
-4
-74
-19
-72
-33
-97
-76
-233
-227
-54
-35
-3
4
-105
-183
-296
-476
-477
-461
-412
-404
-465
-456
-506
-617
-685
-693
-660
-717
-803
-843
-812
-740
-657
-612
-544
-534
-584
-559
-507
-418
-370
-364
-472
-481
-563
-586
-415
-360
-326
-414
-477
-476
-555
-710
-747
-692
-715
-802
-943
-991
-966
-885
-776
-857
-879
-909
-994
-915
-893
-843
-698
-704
-773
-611
-464
-462
-455
-431
-409
-349
-320
-317
-244
-239
-165
11
114
64
-2
58
120
172
191
9
-63
-9
13
121
127
88
106
72
35
73
5
-67
-98
-35
89
91
190
295
375
457
427
422
449
395
441
525
685
844
825
892
945
1046
1065
1043
1121
1101
1085
983
962
866
736
790
787
884
957
894
768
702
718
585
427
271
211
208
167
282
243
187
193
121
92
-82
-165
-197
-225
-91
-97
-98
-55
-150
-177
-200
-256
-415
-579
-556
-531
-460
-411
-470
-555
-563
-559
-527
-532
-538
-563
-729
-761
-823
-878
-908
-967
-978
-951
-852
-717
-669
-730
-654
-762
-812
-828
-897
-726
-763
-692
-656
-548
-308
-221
-176
-363
-550
-601
-553
-509
-475
-475
-316
-179
-164
-159
-232
-276
-360
-338
-250
-192
-244
-233
-90
-16
92
188
116
80
3
-18
92
112
232
262
275
335
344
402
399
411
480
419
336
387
404
397
382
332
420
464
380
359
402
561
651
512
378
440
341
134
91
266
453
460
442
341
410
441
498
576
535
491
297
268
463
612
676
663
608
571
523
454
306
314
356
393
499
549
484
493
455
299
380
243
226
226
246
363
358
481
439
397
229
62
33
-49
18
240
285
355
370
182
25
-16
-105
-232
-91
-168
-83
159
251
151
-63
-92
-195
-286
-436
-409
-280
-228
-127
-196
-360
-433
-535
-556
-512
-416
-281
-324
-303
-310
-366
-490
-585
-537
-579
-548
-297
-175
-133
-88
-231
-250
-379
-518
-451
-528
-406
-198
-201
-115
-47
-76
-89
-173
-227
-121
-132
-124
-3
47
196
170
97
115
30
-58
-63
-61
-28
82
129
289
387
459
386
382
499
266
171
136
91
89
100
216
337
340
304
337
326
252
146
179
273
338
214
215
385
367
242
170
266
371
446
348
272
241
213
219
281
324
251
255
121
131
203
167
104
-60
-68
-9
9
178
273
346
443
378
298
47
-25
-131
-204
-71
-82
-16
92
143
150
158
100
49
-29
-52
-111
-154
-146
-202
-219
-141
-46
11
71
148
118
-30
-21
-66
-117
-206
-212
-194
-82
-2
-11
-48
-238
-325
-567
-479
-424
-356
-211
-88
81
40
4
-256
-380
-454
-598
-656
-610
-449
-209
-177
-159
-162
-274
-253
-281
-272
-297
-242
-292
-356
-274
-380
-391
-278
-325
-218
-159
-90
-42
-139
-153
-255
-263
-364
-352
-183
-29
35
-5
-36
-80
-42
-9
-61
-150
12
197
252
254
157
100
225
235
163
268
240
238
361
372
308
313
325
323
403
429
251
76
3
38
100
33
165
221
184
314
323
148
-19
-55
-32
-18
-38
11
46
156
194
104
89
-22
-64
44
-13
-6
128
26
-4
23
57
-14
-143
-120
-12
66
8
15
-27
-1
45
50
116
166
197
167
47
41
67
48
100
122
181
290
441
321
211
158
-43
-98
-31
2
14
50
72
177
202
238
120
41
47
-103
-120
-209
-362
-351
-269
-261
-216
-170
-171
-278
-278
-362
-456
-266
-171
-26
-49
22
114
-19
-168
-304
-355
-412
-352
-313
-146
-41
26
57
-58
-123
-281
-317
-421
-550
-485
-408
-323
-275
-261
-81
0
-46
-114
-264
-351
-436
-411
-305
-85
25
-1
66
150
206
107
-1
-69
-66
27
196
362
457
382
185
59
51
69
39
51
51
193
348
418
398
267
131
56
-27
-73
54
99
232
283
291
297
305
350
290
321
228
114
-15
-56
-2
-30
-113
-75
22
76
52
-46
-122
-262
-200
-132
-75
-95
-134
-238
-296
-273
-300
-196
-287
-195
-169
-160
-38
-82
-73
-190
-365
-431
-408
-273
-195
-182
-58
34
282
378
287
216
-10
-225
-474
-499
-329
-301
-335
-403
-241
-96
-122
-77
-154
-92
-163
-335
-317
-378
-387
-385
-433
-349
-263
-265
-256
-300
-272
-237
-102
28
41
-79
-160
-36
-71
-141
-272
-392
-386
-280
-196
-14
310
424
497
299
8
-146
-432
-454
-408
-467
-445
-370
-249
-215
-260
-298
-174
-63
-41
-49
14
-35
-144
-109
-29
28
23
42
-22
114
232
298
354
417
526
607
653
533
429
210
-20
-129
21
174
299
496
680
775
766
653
349
125
-86
-210
-213
-156
-49
139
276
286
321
407
369
340
414
400
362
270
254
286
314
386
433
382
386
474
424
335
354
337
434
513
457
348
195
147
93
68
77
164
263
389
323
313
328
132
-13
-127
-248
-379
-211
-107
5
24
-92
-99
-56
30
3
-84
-144
-135
-129
-74
-180
-246
-277
-262
-149
-173
-306
-436
-479
-515
-471
-427
-362
-340
-360
-242
-169
-137
-140
-306
-285
-216
-132
28
103
95
74
74
-109
-165
-238
-407
-290
-179
-105
149
279
373
381
335
344
156
51
-15
-152
-286
-301
-170
88
408
445
342
172
-34
-156
-301
-265
-248
-163
51
173
423
616
590
341
103
142
283
388
575
577
570
514
314
326
210
64
-2
116
330
502
618
613
566
407
449
530
465
339
171
53
3
9
-2
102
166
233
412
540
581
403
177
-5
-111
-128
-120
-38
234
512
577
512
383
271
174
59
47
117
50
96
79
-28
-186
-278
-314
-418
-247
-203
-126
-94
-27
63
-19
-187
-350
-286
-168
-17
-112
-167
-279
-345
-405
-448
-287
-256
-104
-5
105
131
28
-86
-227
-372
-346
-242
-214
-138
-107
-99
-205
-313
-368
-463
-562
-557
-541
-407
-357
-464
-515
-557
-435
-325
-153
49
170
226
13
-143
-171
-294
-183
-187
-271
-33
142
216
253
119
-165
-234
-169
-158
-47
25
-10
5
127
184
181
151
187
127
-17
-36
-191
-199
-219
-188
-90
-97
-38
-96
59
146
123
88
83
231
354
404
522
702
770
795
579
453
268
177
309
401
460
365
332
349
472
534
402
175
73
122
271
344
283
334
353
351
407
327
182
147
72
46
138
187
19
-142
-163
-63
83
55
116
233
367
402
286
138
-43
-82
-60
-47
-22
3
114
213
103
2
-244
-465
-468
-464
-348
-356
-360
-347
-345
-336
-322
-370
-392
-282
-382
-409
-226
-70
-87
-197
-285
-294
-367
-448
-497
-530
-549
-463
-260
-125
71
97
164
221
132
108
-29
-272
-328
-275
-64
147
81
-62
-237
-197
-239
-326
-329
-219
-92
-98
-7
74
-18
-82
-75
-116
-40
-31
81
171
219
287
253
142
-8
-137
-258
-245
-230
-212
-94
97
262
508
528
499
436
247
103
-91
-205
-183
18
103
266
363
327
253
83
-57
-143
-195
-295
-384
-185
113
218
451
373
242
190
168
229
180
180
42
107
161
152
104
-45
-111
-240
-285
-218
-126
-152
-155
-71
16
53
6
-64
-67
-102
-172
-159
-182
-208
-252
-287
-229
-102
-131
-178
-260
-268
-178
-337
-400
-308
-283
-180
25
121
143
40
45
15
-65
-146
-323
-355
-350
-291
-302
-336
-472
-481
-459
-381
-276
-290
-221
-138
-40
-175
-219
-329
-361
-280
-257
-161
-152
-102
-164
-130
-143
-270
-352
-553
-588
-669
-588
-400
-331
-145
-234
-168
-25
-26
-153
-239
-238
-302
-206
-244
-283
-283
-251
-320
-294
-279
-412
-366
-372
-311
-118
-74
-32
28
-53
-17
20
108
184
193
288
417
388
270
256
223
114
-8
-64
-139
-118
-95
13
90
165
224
248
394
379
418
348
173
36
18
100
145
137
50
22
31
-54
-151
-129
-145
33
223
188
159
146
159
177
139
66
107
177
294
413
287
135
122
-13
-126
-109
-107
-112
-45
73
109
60
14
13
-41
15
142
244
237
143
119
71
-44
-191
-262
-320
-367
-315
-160
-132
-53
-54
-146
-174
-258
-120
-49
-77
-113
-39
37
28
30
-10
-87
-216
-156
-67
-35
23
30
-47
56
203
240
288
290
218
209
271
252
243
271
310
272
252
268
175
-15
7
-35
-67
5
-48
45
116
163
199
211
122
108
88
108
197
184
217
225
336
352
253
76
-89
-166
-244
-239
-121
41
239
430
478
396
269
227
162
116
161
290
347
371
440
427
386
221
35
-49
-130
-116
-128
-122
-95
-18
105
20
66
35
67
157
168
341
228
126
214
199
121
90
30
4
7
-76
-151
-83
13
139
345
373
331
307
255
133
-7
-63
59
263
282
309
345
201
64
-23
-113
-133
-63
-21
71
136
100
161
145
98
32
6
1
54
159
115
145
219
87
-89
-151
-352
-516
-483
-368
-134
75
81
56
31
-28
-42
-63
-134
-121
-27
56
49
-33
21
-75
-113
-233
-325
-316
-327
-222
-230
-143
-172
-136
-148
-185
-171
-200
-125
-60
44
89
135
274
251
223
270
139
69
27
38
-6
-38
62
179
220
328
351
196
190
120
140
193
219
158
223
282
228
300
281
301
264
224
254
255
283
335
204
147
147
140
265
316
400
425
351
389
376
322
359
295
233
181
122
75
59
6
-92
-108
-223
-244
-192
-217
-216
-160
-82
-113
-80
24
50
-6
-82
-152
-223
-276
-338
-282
-200
-83
39
-13
-108
-139
-159
-142
-163
-237
-102
51
148
261
280
250
186
31
-85
-143
-211
-224
-163
-159
-198
-133
-117
-107
-152
-148
-170
-188
-218
-236
-51
-16
12
25
4
-10
-140
-205
-228
-296
-244
-153
-77
-43
-16
98
133
142
143
94
65
208
219
229
282
259
230
122
63
-107
-152
-131
-190
-283
-294
-269
-350
-357
-284
-250
-199
-153
-170
-63
-5
5
-108
-125
-156
-229
-113
-288
-359
-299
-315
-212
-186
-233
-187
-285
-343
-238
-223
-145
-114
-120
-86
59
147
127
173
100
67
9
-136
-197
-244
-250
-312
-369
-312
-294
-240
-228
-262
-210
-99
38
128
152
82
74
121
120
80
-20
-69
-46
-30
-126
-251
-234
-246
-271
-193
-198
-224
-180
-202
-228
-209
-199
-118
-69
-53
-21
-53
-131
-213
-282
-246
-217
-322
-321
-324
-323
-328
-376
-371
-395
-298
-91
75
193
302
295
231
130
-6
-189
-375
-386
-319
-193
-56
-54
-57
-103
-268
-385
-461
-478
-455
-347
-246
-173
-17
61
-20
-90
-174
-245
-315
-378
-316
-331
-196
-137
-161
-174
-195
-167
-253
-214
-248
-221
-114
-87
20
69
60
149
25
-62
-55
-159
-61
3
11
36
113
70
25
31
-85
-186
-233
-166
-112
45
183
209
216
197
106
7
-101
-233
-228
-183
-50
-20
-3
70
48
115
62
18
75
118
155
103
169
270
293
286
207
139
53
56
120
38
58
84
106
75
-105
-140
-231
-180
-84
-14
-1
162
356
222
228
174
115
45
63
22
-14
95
133
125
141
267
229
199
118
109
107
92
27
-26
13
70
221
206
264
276
218
172
166
147
111
23
-31
63
64
40
-97
-103
-37
-134
-89
-82
-87
-52
-39
72
44
46
69
104
123
174
157
37
104
1
-45
-48
-86
18
52
54
2
-13
158
176
139
156
83
26
33
98
36
60
72
60
117
100
6
-25
-47
-123
-70
-106
-67
55
170
304
277
250
282
289
243
197
260
193
142
157
34
51
45
55
88
9
117
163
162
234
235
269
266
264
139
79
62
31
118
99
158
225
237
221
197
38
-97
-116
-212
-191
-73
71
166
354
401
397
454
330
265
132
39
58
76
188
253
140
184
209
153
130
77
53
-149
-52
123
198
303
361
353
377
386
243
219
107
4
-43
60
94
120
79
-50
2
-43
11
70
14
-43
58
172
216
221
204
60
-80
-110
-28
98
51
85
11
-35
-70
-78
-51
-193
-174
-145
-72
11
10
30
45
36
4
99
93
197
220
121
212
230
152
-10
-29
-56
-4
6
50
94
67
155
71
8
23
32
26
51
-43
16
72
108
179
151
219
152
167
170
61
119
151
56
111
183
289
314
337
335
316
391
280
314
391
419
320
238
198
172
164
55
14
58
167
207
277
299
261
211
225
208
211
205
110
132
153
134
100
42
-72
-115
-102
-83
-111
-32
17
86
134
48
56
93
116
19
126
135
140
228
199
210
187
9
-179
-141
-181
-162
-126
-73
-28
-17
102
175
137
245
174
-5
13
40
101
78
62
2
-43
-132
-111
-174
-228
-147
-62
-31
-46
39
72
147
162
173
106
137
137
158
99
59
116
126
137
68
40
-53
39
-37
-43
45
158
199
217
266
175
112
68
127
25
115
136
70
72
57
-18
-41
-44
-92
-16
-35
122
135
105
137
83
82
75
33
2
-90
-209
-242
-328
-288
-289
-257
-211
-225
-234
-224
-44
-40
-82
35
120
133
114
88
97
-13
-78
-48
-133
-167
-225
-167
-184
-191
-189
-308
-282
-210
-29
36
138
178
46
54
47
-2
-92
-139
-151
-152
-199
-342
-287
-299
-396
-280
-282
-311
-223
-117
-124
-41
-4
-58
137
207
240
126
-44
-85
-116
-114
-238
-132
-110
-208
-209
-172
-167
-226
-125
-116
-73
-189
-202
-240
-372
-317
-457
-457
-379
-394
-480
-533
-578
-644
-750
-767
-753
-790
-744
-671
-494
-230
-150
-149
-53
11
96
-38
-43
-110
-129
-152
-184
-46
-83
-58
-115
-183
-218
-135
-234
-163
-110
-183
-170
-66
6
-41
72
9
97
69
164
128
80
78
-111
-216
-398
-520
-649
-572
-434
-177
-85
116
339
363
383
274
184
2
-90
-78
-159
-160
-66
-211
-278
-293
-342
-399
-364
-294
-241
-144
-234
-248
-177
-183
-267
-276
-277
-140
-32
-57
0
60
-25
-230
-326
-524
-762
-834
-746
-627
-519
-334
-131
57
113
146
124
-9
-114
-340
-261
-207
-209
-95
-156
-142
-338
-396
-404
-402
-376
-334
-139
-17
184
288
303
92
-29
-79
-140
75
116
133
236
278
224
116
-128
-470
-486
-440
-367
-114
124
284
391
411
409
318
137
50
-130
-133
-85
19
80
-13
28
-76
-120
-211
-288
-288
-231
-40
-25
23
100
114
136
40
-63
-102
27
174
213
312
305
170
-116
-401
-477
-535
-492
-285
-68
184
416
519
515
396
234
97
-49
-143
-150
-22
49
47
172
175
41
-92
-181
-174
-156
-127
-13
9
96
169
124
31
83
247
155
305
341
430
480
305
143
-103
-131
-256
-274
-259
-163
54
210
334
408
478
378
252
218
115
96
212
246
333
327
320
251
108
138
154
199
323
295
301
344
240
201
122
-59
-82
116
267
409
464
427
305
14
-185
-319
-431
-417
-359
-150
31
196
331
251
234
45
-63
-154
-171
-76
-62
-45
-121
-1
5
-100
-130
-101
-128
-58
141
227
151
174
106
-50
-77
-252
-109
49
223
383
315
235
177
43
-178
-258
-304
-266
-198
45
201
407
506
430
434
250
124
44
12
-30
28
40
148
237
114
17
-37
25
-44
-20
70
186
152
106
199
196
300
237
227
423
504
556
490
244
-2
-124
-97
-235
-239
-118
-40
211
414
550
479
486
458
338
207
156
186
144
128
101
235
187
140
64
22
45
-81
-138
-40
109
82
122
152
176
160
176
164
270
393
279
231
66
-107
-211
-312
-454
-375
-294
-189
112
215
319
392
402
307
162
47
-28
0
35
69
227
346
191
89
0
-151
-264
-264
-218
-51
120
29
109
174
251
235
118
192
243
274
246
251
144
-41
-187
-278
-294
-288
-286
-144
172
378
515
527
517
460
276
164
195
224
305
364
357
492
396
170
23
-167
-358
-424
-359
-260
-175
-91
16
53
145
175
135
130
158
153
123
51
-121
-227
-358
-402
-407
-423
-393
-289
-109
104
236
287
357
230
129
111
105
110
137
212
224
299
384
232
49
-142
-327
-405
-491
-359
-216
-17
199
329
448
462
467
313
94
2
-61
-92
-164
-196
-160
-313
-404
-481
-380
-260
-211
-92
-128
142
423
303
283
179
-57
-2
22
89
279
521
446
188
11
-300
-432
-484
-577
-417
-41
-91
-249
-259
325
1111
725
242
80
-52
181
-96
-746
-618
103
15
-600
-730
-1205
-1157
-224
499
1009
1060
309
-478
-687
-995
-1203
-692
391
1192
1295
905
156
-379
-818
-1141
-856
-551
-412
-258
-263
-133
150
20
23
456
536
471
117
-314
-196
2
-207
-524
-499
-101
62
-32
60
90
255
98
-186
-198
-244
-83
107
217
428
587
375
63
-96
-35
-65
-128
148
108
-137
-285
-566
-576
-500
-250
16
307
760
536
210
-185
-465
-427
-367
-226
-247
-133
-63
-17
-167
-335
-379
-476
-233
143
177
-96
-121
-38
108
134
-13
-53
60
189
-19
-76
-208
-331
-350
-560
-593
-553
-503
-396
-152
-1
148
253
119
-52
-189
-218
-401
-434
-244
-247
-304
-289
-194
-99
-68
-40
-116
-120
69
81
-56
-111
-41
109
272
173
60
120
124
132
59
34
-85
-222
-257
-246
-283
-250
-40
3
306
365
230
262
54
-45
-202
-304
-316
-381
-414
-395
-307
-174
3
-110
-288
-325
-337
-208
-8
4
-159
-98
3
44
158
158
41
-107
-58
-47
-225
-388
-641
-610
-437
-452
-514
-565
-316
29
142
96
89
75
-19
-228
-293
-380
-606
-520
-508
-370
-126
-124
-212
-168
-128
-227
-257
-233
-216
-143
31
-129
-47
325
431
503
518
326
175
319
234
-244
-637
-608
-470
-375
-183
-2
161
442
588
322
194
8
-371
-305
-37
89
41
140
303
47
2
-16
-226
-109
-26
60
244
280
74
-56
-62
3
250
315
424
535
595
524
319
209
-37
-288
-466
-509
-437
-247
-121
89
342
484
465
197
-86
-347
-306
-238
-90
17
-151
-29
73
-85
-239
-369
-255
-149
-80
-15
-56
-16
-131
-200
-202
-111
116
285
333
307
290
313
174
-95
-309
-456
-493
-535
-324
-114
10
185
273
367
465
398
73
-116
9
-25
-6
154
217
280
241
167
78
2
-59
35
180
257
84
-107
-143
10
190
215
284
287
455
545
657
405
137
-10
-303
-271
-388
-488
-382
-75
265
513
563
465
425
363
101
-134
-62
-98
-71
78
207
389
290
189
129
11
65
61
34
80
122
6
-63
5
127
224
294
396
528
601
481
294
49
-140
-299
-517
-622
-506
-319
-80
159
430
535
395
236
41
84
119
-34
-39
91
231
224
130
105
174
188
70
90
118
170
155
128
53
46
207
260
361
440
591
706
753
606
404
150
-52
-178
-342
-302
-227
-52
33
236
310
248
118
-29
35
-79
-186
-242
-202
-130
-35
101
78
67
145
129
85
42
-155
-171
-104
-127
-67
-147
-80
-29
-89
113
149
87
140
158
137
132
-26
-266
-288
-325
-267
-79
19
43
93
287
288
172
78
-39
-54
-38
-7
-85
-74
94
94
90
88
76
89
24
64
29
102
187
99
158
178
32
37
328
386
353
403
359
266
162
-8
-165
-170
-157
-32
75
152
212
149
145
113
44
-82
-175
-145
-131
18
-92
-234
-84
-28
37
19
-10
-1
90
213
242
257
222
260
172
54
212
196
133
236
194
229
292
88
-70
-3
-52
-121
-116
-7
276
305
317
360
232
98
-28
-132
-243
-183
-238
-227
-88
-52
-26
-87
-56
-95
-35
-29
-57
57
174
132
108
54
-47
57
28
151
199
234
290
307
219
20
18
-5
27
114
242
321
436
505
511
497
430
369
175
-76
-131
-195
-249
-177
-110
-19
29
154
116
139
132
166
268
242
286
187
139
24
-6
2
59
115
-46
14
66
-30
-211
-286
-219
-256
-209
-236
-149
51
94
222
352
351
203
61
-82
-200
-314
-404
-377
-277
-229
-231
-173
-110
31
107
176
211
99
90
116
20
-32
-145
-108
76
45
-63
-147
-108
-131
-289
-312
-199
-243
-191
-69
84
205
202
164
214
360
249
216
59
-61
-220
-333
-341
-447
-423
-469
-399
-353
-180
53
282
409
583
537
377
328
70
128
66
102
175
175
214
110
-4
-278
-495
-652
-663
-552
-386
-224
-53
141
196
209
240
191
188
120
122
180
23
-23
-190
-436
-668
-780
-679
-624
-440
-170
52
240
359
304
99
-93
-135
-161
-54
106
152
227
195
53
-136
-407
-674
-667
-589
-469
-254
-10
227
349
294
196
119
76
78
-27
80
101
46
-111
-357
-552
-761
-911
-928
-720
-574
-203
44
258
380
319
168
-13
8
-25
99
230
410
478
406
174
-131
-429
-666
-848
-953
-744
-476
