-9
-16
-10
-13
-22
-8
-9
-7
-9
-7
-6
-11
2
-8
-1
3
-3
-12
-16
-16
-12
-14
-23
-26
-28
-24
-21
-26
-26
-12
-13
-10
-7
-11
-25
-27
-15
-12
-7
8
6
2
-6
-22
-9
-15
-8
0
3
-2
7
5
-1
6
10
17
14
18
10
7
16
9
4
11
13
6
-1
13
1
9
19
15
23
16
15
6
-1
-2
3
3
9
13
7
3
9
10
0
10
11
12
23
12
-3
1
-3
8
6
7
6
-2
6
4
7
10
10
-3
-16
-12
-20
-9
-3
1
9
7
12
-5
0
-4
-7
-11
-7
10
6
9
4
-5
-6
-2
11
16
13
18
16
6
6
12
13
18
9
10
9
-4
5
9
10
12
7
6
3
-5
-4
-2
6
3
13
20
8
3
2
0
-3
6
5
10
-1
6
6
-10
-13
-8
-3
-6
-2
3
-6
-2
-1
1
9
4
13
7
7
-3
0
6
0
4
7
13
14
4
-7
-6
-3
7
5
10
3
8
7
8
9
9
21
15
9
-2
-15
-6
-4
4
13
5
14
5
1
8
12
13
18
16
14
15
10
17
13
8
6
7
9
5
9
6
-2
10
7
12
8
9
2
-9
13
8
15
13
20
23
11
17
7
11
12
3
10
5
12
9
4
6
3
3
0
10
14
22
13
2
6
-3
-7
-5
-3
-6
-3
-4
-8
-1
-4
-8
-3
-12
-9
-3
-7
-4
6
-6
4
-3
-17
-12
-17
-19
-15
-10
-12
-19
-16
-19
-21
-4
-1
-9
-7
-3
-14
-9
-7
-13
-5
-3
2
-4
-13
1
-3
-4
2
3
6
-14
-11
-13
-7
-10
-2
-7
-1
6
9
26
3
12
9
9
15
20
24
27
14
11
12
6
7
13
22
10
9
-2
6
3
6
7
10
19
19
22
9
20
29
25
32
16
7
13
12
12
5
7
11
13
8
1
-13
-11
-7
-2
3
4
4
-9
-9
-10
-10
-6
-1
-10
-7
-13
-15
-16
-19
-12
-12
-9
-6
-9
-25
-19
-21
-22
-18
-15
-12
-6
-11
-10
0
2
-10
-6
-3
-6
1
-3
-7
-5
6
6
7
1
1
6
9
8
4
4
12
10
7
7
0
2
-2
1
4
9
-2
-10
-5
-3
-9
-8
-10
4
4
-2
-1
-13
-18
-18
-19
-25
-19
-22
-13
-16
-7
-13
-2
-3
-10
2
-8
-10
-4
-9
-17
-14
-23
-12
-18
-24
-19
-9
-10
-3
-2
-12
-15
-12
-12
-17
-4
-19
-6
-9
-10
-6
0
2
-3
-3
-10
0
-15
-17
-16
-12
-10
-10
0
-2
-2
5
12
16
16
15
5
4
0
1
1
-1
-4
-10
-6
-9
-7
-2
3
9
22
24
21
10
12
10
10
19
10
14
5
-5
-2
2
-4
-5
-6
-3
1
5
4
6
11
4
6
2
-1
2
4
4
9
7
2
0
-18
-7
-2
-6
-3
-3
4
1
9
3
0
-3
-3
15
12
9
10
18
13
6
7
5
-1
-3
-4
-5
-12
-9
-13
-14
-3
-7
-5
-11
-1
-8
-11
-9
-19
-18
-28
-19
-21
-24
-22
-22
-16
-7
-8
-8
-7
-14
-21
-22
-18
-13
-14
-16
-18
-17
-13
-13
-13
-8
-1
-8
-4
-15
-13
-6
-9
-6
-13
-15
-7
-9
-5
3
-16
-16
-7
-7
-10
-10
-19
-12
-9
-13
-14
-17
-17
-21
-10
-7
-10
-12
-17
-20
-25
-27
-19
-9
-12
-13
-11
-12
-16
-14
-2
-2
-2
0
2
5
2
11
-1
3
7
0
3
1
7
10
8
10
7
10
6
5
10
10
18
-1
3
14
12
11
5
2
7
10
4
2
-3
3
-1
4
2
10
7
4
13
9
16
17
9
6
5
4
12
16
15
7
10
16
14
10
11
10
14
18
13
9
12
14
13
19
9
8
9
12
10
13
14
9
9
-4
-2
2
-1
-8
-15
-16
-10
-5
-12
-9
0
1
-6
-13
-8
-11
-12
-3
-3
-8
-9
-12
-12
2
8
10
6
6
11
7
3
2
2
-3
1
-5
-3
-5
-4
-5
0
6
3
4
4
6
-2
4
-1
6
9
1
2
4
0
2
-3
-4
4
3
9
9
8
-6
1
7
9
3
6
6
-3
10
8
16
13
13
6
6
12
13
16
13
11
10
17
15
19
22
22
21
24
30
29
14
16
19
19
11
4
15
13
10
9
9
9
12
9
13
12
14
13
0
7
7
6
8
-1
6
3
-7
-13
-10
-3
6
9
6
0
3
7
2
9
13
6
13
13
5
1
2
13
10
7
6
9
6
8
9
15
18
15
18
9
13
16
15
21
27
22
17
9
4
-2
-9
-9
-1
-5
-9
1
-8
-10
-12
-19
-19
-15
-9
-4
-6
-1
11
6
0
3
0
-5
-13
-13
0
-4
-6
-12
-21
-19
-8
2
-7
-13
-12
-3
5
8
-1
-7
-6
-5
-1
1
-2
-7
-6
-6
-7
-9
-11
-16
-11
-15
-18
-15
-25
-20
-26
-24
-13
-13
2
-5
-13
-13
-10
4
1
3
4
-5
3
2
4
2
7
16
7
9
-3
-4
6
15
14
11
10
7
10
13
21
15
9
-3
5
11
1
-1
9
15
12
9
-7
-1
0
0
-4
-9
1
1
1
3
-3
-3
-3
3
0
-5
-3
-2
6
7
10
6
15
18
12
10
0
0
12
19
13
9
11
2
4
9
-3
-6
0
9
9
3
-4
-1
-1
-7
-4
4
8
12
7
1
2
-5
1
-9
-9
-3
-2
0
-1
-10
-14
0
9
12
4
-7
-9
-12
-13
1
7
10
4
-3
3
4
6
6
11
9
6
1
-11
-2
0
6
9
0
-9
-6
1
7
5
-12
-9
-6
-5
-16
-10
-3
-8
-17
-31
-25
-13
4
0
-4
-10
-9
5
-2
-7
-16
-24
-15
-6
-16
-11
-3
1
3
3
1
7
13
14
16
6
11
9
14
13
9
17
12
17
15
13
4
-7
3
24
32
14
-8
-13
15
37
35
12
-3
3
15
17
6
5
9
10
6
-7
-7
7
13
7
-9
-10
-3
-7
-22
-19
5
11
1
-21
-24
-19
2
13
-11
-30
-59
-33
25
36
-2
-52
-59
-22
14
0
-32
-38
-31
-27
-34
-41
-24
7
4
-26
-41
-44
-28
-26
-28
-20
-16
-13
-30
-59
-76
-38
16
54
41
-37
-81
-63
-25
-2
19
42
34
-19
-105
-102
6
102
79
-22
-82
-76
-22
0
-10
-7
13
22
-19
-86
-97
-48
13
27
10
-16
-44
-69
-67
-4
40
29
-35
-67
-39
-3
-13
-45
-25
31
71
17
-80
-101
0
105
91
0
-51
-13
47
41
16
45
80
54
9
26
89
129
97
35
8
54
115
116
61
34
66
102
63
-21
-21
82
151
77
-44
-89
-19
56
73
38
-36
-78
-89
-68
-40
-29
-28
-65
-103
-123
-97
-63
-107
-155
-112
-19
-35
-163
-237
-154
-43
-40
-85
-67
-30
-88
-186
-170
-19
94
85
-10
-86
-86
-9
100
157
158
116
54
37
106
234
297
196
90
221
489
514
252
73
247
509
485
281
228
341
344
198
108
228
373
329
197
143
160
125
13
-45
-3
88
113
-12
-204
-310
-271
-161
-110
-156
-245
-342
-417
-449
-453
-445
-407
-335
-300
-413
-608
-693
-610
-476
-384
-359
-398
-525
-672
-659
-500
-322
-228
-211
-242
-342
-453
-396
-187
6
75
56
9
-46
-41
76
244
320
333
360
396
346
236
270
452
601
607
537
499
440
396
449
565
626
571
513
466
395
327
389
520
531
423
325
285
225
158
187
281
250
78
-67
-70
-21
-3
-37
-120
-221
-266
-221
-209
-341
-468
-405
-272
-306
-447
-455
-344
-345
-479
-457
-262
-187
-371
-544
-446
-222
-120
-196
-287
-309
-240
-114
-46
-96
-166
-100
37
60
-18
-37
65
162
191
209
241
228
171
210
363
487
487
425
350
321
405
574
673
598
475
443
459
431
432
519
566
475
336
293
309
254
205
271
346
280
117
26
-7
-28
10
140
199
12
-251
-300
-166
-92
-126
-153
-190
-338
-473
-402
-265
-342
-576
-599
-407
-342
-590
-807
-700
-509
-531
-715
-727
-576
-532
-654
-734
-641
-543
-559
-569
-444
-319
-384
-578
-651
-504
-263
-124
-137
-306
-563
-639
-364
20
39
-289
-447
-231
-136
-389
-467
-19
425
123
-534
-584
44
430
161
-123
68
328
133
-163
-49
381
572
355
81
-32
16
133
265
304
206
106
83
38
-89
-108
128
399
416
213
57
87
195
298
447
649
770
700
526
408
452
657
964
1198
1158
843
521
487
739
1023
1091
945
780
694
640
587
566
664
819
884
815
630
449
405
527
713
815
784
719
645
551
440
432
571
729
743
585
390
203
110
124
209
298
295
123
-170
-441
-494
-280
-57
-98
-359
-600
-685
-675
-598
-427
-351
-544
-871
-904
-633
-484
-671
-854
-774
-699
-858
-1008
-863
-709
-894
-1145
-1019
-816
-1094
-1594
-1455
-755
-543
-1234
-1897
-1668
-1047
-926
-1227
-1283
-1088
-1153
-1476
-1524
-1180
-917
-1012
-1168
-1175
-1177
-1274
-1289
-1140
-1029
-998
-936
-849
-947
-1173
-1161
-770
-316
-161
-246
-307
-252
-52
287
680
904
857
808
1017
1371
1556
1495
1429
1594
1882
1994
1885
1712
1634
1664
1726
1780
1742
1588
1332
1128
1134
1249
1263
1093
883
768
758
793
844
866
765
611
595
793
988
944
743
638
743
897
982
954
815
626
553
684
812
670
297
85
198
372
241
-105
-331
-269
-125
-145
-275
-354
-285
-192
-166
-125
12
142
180
187
358
657
785
647
520
683
1008
1125
956
782
711
669
583
575
635
526
155
-160
-186
-125
-255
-531
-668
-671
-764
-986
-1154
-1221
-1254
-1252
-1197
-1270
-1593
-1912
-1811
-1424
-1327
-1668
-2006
-2048
-2014
-2083
-2036
-1790
-1794
-2328
-2880
-2805
-2314
-2127
-2436
-2743
-2809
-2917
-3184
-3202
-2785
-2434
-2548
-2918
-3066
-2930
-2706
-2383
-1904
-1463
-1350
-1448
-1379
-1022
-460
190
882
1323
1303
1078
1169
1751
2454
2977
3224
3245
3042
2752
2726
3095
3590
3839
3717
3351
2896
2559
2501
2710
2948
2977
2757
2337
1839
1438
1379
1688
2055
2066
1654
1102
758
729
943
1242
1416
1322
999
721
667
811
946
1018
1106
1168
1086
810
510
414
516
638
642
481
175
-212
-500
-535
-371
-258
-373
-663
-907
-991
-902
-755
-673
-657
-633
-532
-444
-431
-394
-230
-42
24
14
101
218
174
-6
-70
69
203
110
-102
-250
-341
-413
-479
-481
-500
-614
-755
-860
-967
-1075
-1123
-1068
-1071
-1272
-1545
-1602
-1410
-1330
-1588
-1956
-1967
-1627
-1436
-1700
-2109
-2185
-1967
-1896
-2102
-2260
-2199
-2201
-2484
-2799
-2810
-2624
-2578
-2733
-2919
-3011
-3073
-3105
-3010
-2835
-2671
-2488
-2278
-2105
-2043
-1905
-1438
-695
51
546
715
653
697
1194
2127
3036
3416
3224
2901
2823
3099
3602
4078
4258
4057
3678
3348
3169
3087
3115
3240
3269
3031
2578
2107
1793
1683
1750
1885
1869
1597
1205
930
808
780
826
971
1120
1087
835
517
402
593
985
1303
1303
1020
710
648
849
1084
1163
1049
768
436
215
181
272
272
95
-146
-327
-463
-601
-659
-511
-314
-300
-531
-765
-711
-444
-176
-67
-66
-98
-136
-103
44
218
248
127
28
16
7
-80
-202
-285
-356
-470
-585
-667
-811
-1021
-1157
-1105
-1034
-1186
-1494
-1682
-1697
-1708
-1803
-1921
-1983
-2051
-2158
-2199
-2158
-2200
-2300
-2272
-2096
-2026
-2176
-2281
-2185
-2124
-2273
-2415
-2263
-2039
-2152
-2500
-2634
-2475
-2358
-2425
-2509
-2533
-2660
-2831
-2779
-2482
-2207
-2082
-1956
-1776
-1657
-1433
-801
165
898
1003
799
820
1352
2189
3075
3709
3806
3474
3186
3356
3885
4443
4814
4917
4647
4047
3423
3190
3408
3726
3801
3499
2918
2221
1656
1425
1545
1819
1894
1602
1018
402
47
109
508
923
1049
759
258
-105
-84
308
859
1280
1324
950
418
155
429
1100
1653
1633
988
180
-244
-86
347
594
455
35
-469
-900
-1076
-913
-531
-227
-221
-552
-988
-1217
-1036
-546
-107
19
-130
-341
-457
-417
-216
74
303
316
137
-100
-311
-408
-334
-111
20
-150
-566
-948
-1110
-1087
-963
-841
-847
-1118
-1586
-1935
-1963
-1808
-1679
-1642
-1680
-1890
-2304
-2626
-2485
-1981
-1630
-1731
-2057
-2288
-2367
-2347
-2186
-1880
-1736
-1969
-2345
-2466
-2311
-2136
-2127
-2200
-2280
-2375
-2397
-2376
-2456
-2663
-2715
-2392
-1951
-1817
-1916
-1861
-1501
-1040
-560
66
743
1104
1059
1045
1390
2050
2780
3435
3844
3824
3510
3324
3572
4159
4738
5035
4924
4335
3522
2996
3051
3524
3882
3763
3131
2213
1409
1077
1299
1720
1871
1515
820
128
-227
-164
167
512
658
542
211
-156
-329
-121
357
856
1091
971
619
305
309
703
1252
1568
1473
1030
487
82
46
408
847
911
413
-344
-865
-902
-538
-43
262
112
-423
-952
-1049
-646
-112
185
129
-130
-377
-420
-256
-10
167
207
159
66
-47
-187
-312
-331
-228
-98
-91
-350
-777
-1119
-1141
-891
-697
-825
-1250
-1726
-2008
-1995
-1766
-1605
-1715
-2014
-2290
-2426
-2479
-2454
-2294
-2003
-1867
-2169
-2714
-2987
-2704
-2181
-1894
-1988
-2290
-2618
-2854
-2790
-2337
-1842
-1794
-2255
-2772
-2971
-2850
-2547
-2183
-1936
-2000
-2271
-2336
-1956
-1412
-953
-500
98
642
859
841
923
1315
1960
2774
3503
3773
3471
2989
2943
3489
4277
4854
4959
4590
3891
3264
3099
3363
3716
3866
3661
3071
2224
1470
1232
1498
1815
1784
1349
668
16
-401
-411
-66
303
373
73
-376
-689
-703
-433
3
399
564
440
207
89
179
464
864
1246
1403
1184
734
396
328
437
642
837
741
186
-533
-839
-562
-116
25
-96
-294
-495
-640
-576
-268
-10
27
-28
11
50
-44
-102
35
231
294
244
199
70
-157
-268
-117
84
-8
-275
-457
-568
-772
-917
-785
-585
-733
-1202
-1531
-1536
-1504
-1593
-1585
-1468
-1600
-2040
-2340
-2203
-1907
-1871
-2041
-2218
-2383
-2569
-2603
-2343
-2064
-2071
-2344
-2611
-2764
-2779
-2509
-1934
-1511
-1794
-2636
-3206
-3000
-2332
-1804
-1636
-1785
-2174
-2530
-2453
-1803
-1001
-457
-162
100
307
343
441
894
1608
2242
2657
2918
3037
2965
2846
3047
3590
4134
4408
4342
4057
3598
3203
3161
3460
3719
3541
3030
2478
2057
1727
1540
1578
1673
1502
997
463
138
37
30
104
250
267
67
-249
-420
-339
-63
293
512
487
296
235
415
682
819
802
817
927
1110
1275
1201
741
174
157
815
1388
1144
293
-301
-268
44
250
345
367
239
54
16
121
104
-44
-38
256
541
497
195
-95
-181
-43
268
528
493
170
-177
-335
-273
-60
123
80
-268
-692
-900
-885
-846
-887
-968
-1122
-1416
-1741
-1879
-1843
-1810
-1868
-1988
-2096
-2201
-2307
-2398
-2446
-2439
-2347
-2213
-2202
-2378
-2602
-2652
-2548
-2431
-2358
-2338
-2383
-2481
-2491
-2412
-2429
-2613
-2747
-2613
-2324
-2169
-2249
-2424
-2519
-2357
-1862
-1232
-903
-974
-995
-547
209
784
990
1026
1172
1511
1997
2540
2965
3119
3032
2942
3058
3370
3722
3961
3982
3768
3422
3090
2921
2940
3051
3095
2889
2412
1821
1356
1141
1135
1214
1177
920
484
4
-332
-382
-137
174
261
39
-334
-556
-464
-137
258
538
580
422
256
258
411
616
899
1245
1454
1278
775
381
388
733
1090
1184
945
462
9
-171
-15
301
576
667
509
165
-122
-114
135
403
553
632
613
410
91
-27
202
546
738
706
524
220
-57
-38
263
494
355
-4
-297
-480
-613
-673
-598
-558
-770
-1181
-1528
-1714
-1751
-1666
-1542
-1555
-1847
-2219
-2421
-2405
-2319
-2207
-2078
-2051
-2259
-2627
-2836
-2694
-2309
-2046
-2140
-2536
-2880
-2844
-2475
-2162
-2204
-2528
-2826
-2823
-2577
-2361
-2380
-2573
-2717
-2642
-2380
-2036
-1716
-1533
-1521
-1498
-1182
-560
82
495
695
794
887
1129
1637
2295
2748
2868
2882
2964
3086
3220
3517
3980
4265
4106
3679
3331
3208
3237
3332
3367
3134
2631
2111
1792
1603
1429
1296
1242
1092
709
268
29
-2
43
105
183
189
48
-111
-143
-34
161
425
682
806
703
472
371
566
1020
1501
1634
1308
785
497
663
1039
1283
1205
832
359
79
144
440
661
626
445
308
267
278
287
297
380
499
581
479
244
97
174
386
571
642
554
339
159
201
399
529
423
217
32
-163
-344
-440
-411
-413
-569
-843
-1106
-1313
-1483
-1583
-1580
-1589
-1758
-2032
-2271
-2334
-2268
-2223
-2264
-2393
-2517
-2586
-2567
-2465
-2383
-2392
-2504
-2580
-2546
-2485
-2455
-2399
-2306
-2320
-2528
-2759
-2771
-2612
-2522
-2583
-2677
-2748
-2842
-2873
-2691
-2332
-1980
-1776
-1672
-1592
-1461
-1081
-408
228
484
415
443
794
1341
1909
2408
2730
2763
2675
2768
3170
3620
3865
3915
3810
3558
3249
3126
3235
3308
3147
2868
2588
2296
1916
1583
1470
1490
1410
1122
733
378
160
113
230
338
266
36
-149
-142
38
224
354
434
463
491
562
730
946
1129
1201
1204
1205
1224
1255
1284
1311
1299
1184
1005
877
863
906
936
905
825
733
633
562
541
602
668
658
525
335
207
218
335
448
502
439
301
148
104
190
324
367
251
32
-233
-439
-508
-439
-402
-571
-892
-1174
-1302
-1360
-1465
-1594
-1696
-1795
-1974
-2213
-2402
-2491
-2475
-2404
-2351
-2440
-2699
-2912
-2865
-2574
-2317
-2291
-2474
-2715
-2809
-2652
-2304
-2065
-2156
-2500
-2775
-2748
-2504
-2272
-2237
-2451
-2778
-2957
-2779
-2447
-2321
-2450
-2572
-2403
-2059
-1749
-1524
-1386
-1283
-1071
-581
44
438
504
552
876
1423
1931
2328
2643
2857
3006
3221
3527
3777
3849
3878
3991
4052
3945
3704
3535
3463
3380
3248
3079
2871
2560
2190
1934
1810
1669
1447
1166
893
652
462
352
296
215
120
59
35
34
33
79
169
245
301
384
520
644
709
756
833
917
983
1086
1176
1145
996
909
998
1099
1034
869
797
841
864
782
665
604
543
510
554
578
467
234
102
161
293
358
342
243
95
-15
19
173
237
139
-76
-256
-394
-489
-502
-494
-562
-786
-1059
-1220
-1261
-1271
-1326
-1457
-1623
-1773
-1890
-1984
-2073
-2182
-2241
-2228
-2179
-2180
-2295
-2443
-2503
-2406
-2245
-2133
-2121
-2199
-2345
-2440
-2399
-2295
-2255
-2309
-2374
-2385
-2424
-2544
-2653
-2667
-2623
-2578
-2475
-2368
-2425
-2671
-2791
-2537
-2069
-1710
-1560
-1509
-1484
-1405
-1097
-484
174
546
607
646
855
1264
1835
2447
2879
3004
2963
3034
3317
3663
3998
4245
4301
4119
3862
3770
3847
3955
3944
3809
3581
3246
2894
2649
2487
2334
2138
1907
1611
1220
826
566
489
462
404
275
67
-162
-284
-187
8
109
31
-100
-89
98
352
527
544
438
380
532
819
993
933
752
651
700
798
825
760
652
601
598
578
467
292
200
245
370
403
265
24
-135
-115
66
226
177
-70
-299
-312
-187
-88
-171
-357
-518
-581
-571
-590
-702
-878
-1018
-1065
-1070
-1118
-1251
-1435
-1562
-1624
-1628
-1622
-1671
-1802
-1976
-2122
-2151
-2061
-1971
-1988
-2131
-2282
-2357
-2308
-2171
-2032
-2034
-2182
-2330
-2348
-2253
-2188
-2197
-2227
-2225
-2211
-2234
-2310
-2373
-2373
-2278
-2136
-2034
-2105
-2315
-2422
-2313
-2040
-1769
-1591
-1511
-1504
-1485
-1330
-987
-517
-39
333
533
572
619
938
1560
2218
2677
2880
2943
3008
3188
3549
3978
4312
4442
4407
4296
4124
3977
3931
3982
4027
3920
3627
3203
2739
2362
2191
2174
2101
1803
1322
832
487
338
353
382
300
76
-158
-278
-256
-162
-43
58
116
170
223
282
303
357
504
716
870
859
752
639
621
755
944
1034
897
633
439
434
591
710
666
416
139
9
104
250
253
88
-146
-272
-235
-113
-88
-197
-360
-419
-368
-338
-414
-544
-587
-531
-478
-525
-703
-897
-960
-857
-734
-755
-943
-1200
-1351
-1370
-1305
-1278
-1381
-1596
-1803
-1910
-1939
-1985
-2073
-2145
-2195
-2199
-2174
-2184
-2312
-2434
-2429
-2286
-2137
-2132
-2264
-2437
-2520
-2442
-2231
-2070
-2115
-2329
-2463
-2404
-2233
-2118
-2129
-2245
-2371
-2380
-2255
-2086
-2018
-1994
-1864
-1628
-1391
-1243
-1121
-875
-472
64
550
800
831
910
1296
1969
2655
3107
3261
3240
3255
3474
3918
4384
4673
4675
4500
4276
4100
4042
4093
4147
4069
3784
3339
2832
2404
2194
2136
2061
1813
1377
876
483
249
210
231
178
-14
-290
-496
-553
-449
-287
-155
-142
-164
-107
53
212
313
381
474
635
806
879
804
675
663
859
1068
1081
853
569
455
566
764
812
559
149
-101
-49
168
253
66
-262
-521
-562
-383
-206
-201
-376
-564
-615
-560
-495
-486
-489
-528
-602
-674
-743
-793
-828
-849
-848
-859
-966
-1124
-1239
-1323
-1371
-1421
-1475
-1551
-1666
-1825
-1970
-2027
-2029
-2017
-1985
-1978
-2042
-2150
-2220
-2142
-2001
-1906
-1913
-1983
-2091
-2178
-2163
-2029
-1874
-1875
-2010
-2140
-2209
-2239
-2215
-2120
-2020
-2053
-2179
-2282
-2297
-2269
-2177
-1963
-1700
-1502
-1413
-1324
-1189
-993
-689
-192
413
859
1012
1009
1109
1473
2069
2765
3305
3495
3406
3326
3494
3863
4273
4596
4752
4664
4380
4033
3826
3834
3956
4031
3854
3338
2659
2125
1901
1927
1919
1671
1202
689
272
28
-73
-72
-63
-133
-301
-534
-715
-720
-490
-136
126
133
-29
-107
42
343
643
822
867
736
547
493
638
859
967
936
757
500
273
244
421
613
583
341
38
-207
-275
-121
137
208
-13
-355
-524
-471
-301
-126
-40
-135
-405
-628
-637
-497
-408
-454
-563
-711
-887
-1022
-1042
-977
-964
-1026
-1107
-1223
-1410
-1546
-1529
-1438
-1450
-1612
-1807
-1935
-2003
-2034
-1994
-1952
-2002
-2119
-2194
-2167
-2087
-2067
-2085
-2102
-2128
-2149
-2119
-2061
-2061
-2153
-2224
-2140
-1971
-1869
-1918
-2053
-2165
-2174
-2065
-1865
-1725
-1792
-2022
-2178
-2098
-1852
-1578
-1343
-1159
-1058
-1005
-901
-621
-159
382
897
1273
1418
1424
1568
2061
2792
3441
3776
3828
3765
3745
3938
4349
4790
4981
4828
4489
4175
3961
3835
3801
3781
3609
3216
2707
2234
1876
1640
1546
1518
1352
917
383
3
-87
-18
61
55
-133
-439
-661
-565
-275
-83
-97
-162
-126
-34
41
97
201
316
404
477
494
395
257
286
518
701
647
427
220
140
189
319
444
373
74
-253
-341
-202
-97
-139
-283
-430
-547
-587
-506
-402
-418
-502
-526
-470
-470
-564
-629
-587
-498
-462
-508
-606
-714
-794
-752
-629
-606
-784
-1028
-1141
-1119
-1135
-1239
-1382
-1513
-1634
-1730
-1758
-1780
-1846
-1947
-1950
-1870
-1844
-1916
-1994
-2017
-2006
-1975
-1916
-1888
-1981
-2164
-2244
-2125
-1959
-1942
-2102
-2279
-2358
-2304
-2181
-2098
-2161
-2311
-2403
-2333
-2172
-2060
-1934
-1749
-1508
-1298
-1142
-955
-648
-207
324
818
1100
1180
1256
1593
2210
2844
3247
3392
3408
3466
3676
4016
4368
4601
4624
4493
4302
4104
3937
3850
3838
3809
3628
3245
2732
2239
1944
1872
1900
1789
1391
790
269
27
48
130
101
-101
-388
-630
-719
-627
-465
-300
-167
-60
-42
-108
-141
-13
267
565
763
758
579
396
378
599
902
1030
904
607
334
236
336
506
542
366
67
-186
-306
-311
-254
-210
-266
-407
-540
-626
-641
-600
-501
-375
-360
-499
-700
-776
-702
-545
-432
-478
-674
-888
-964
-851
-695
-703
-864
-1040
-1111
-1140
-1189
-1261
-1354
-1445
-1500
-1545
-1640
-1804
-1935
-1927
-1809
-1735
-1800
-1925
-2016
-2025
-1998
-1955
-1935
-1980
-2088
-2177
-2177
-2132
-2109
-2134
-2193
-2228
-2232
-2178
-2083
-2065
-2154
-2283
-2260
-2067
-1876
-1850
-1912
-1862
-1628
-1303
-1016
-828
-726
-539
-146
404
891
1137
1204
1350
1688
2188
2699
3097
3327
3407
3488
3671
3966
4269
4500
4613
4571
4382
4143
3971
3925
3930
3898
3732
3349
2817
2316
2048
1996
1945
1705
1265
744
338
101
-20
-82
-165
-285
-439
-626
-799
-867
-747
-462
-173
-107
-252
-398
-333
-26
298
467
474
418
385
409
473
553
633
734
780
675
446
253
272
445
556
475
227
-29
-145
-101
43
116
16
-182
-325
-314
-235
-192
-197
-258
-343
-438
-503
-509
-515
-533
-568
-594
-650
-733
-815
-866
-871
-858
-884
-973
-1115
-1243
-1310
-1356
-1397
-1438
-1469
-1578
-1748
-1914
-1989
-1941
-1827
-1745
-1815
-2006
-2189
-2196
-2032
-1855
-1828
-1938
-2058
-2105
-2089
-2044
-1984
-1928
-1896
-1905
-1953
-2028
-2103
-2134
-2049
-1894
-1823
-1878
-2011
-2092
-2020
-1787
-1447
-1152
-1018
-1018
-964
-673
-159
382
778
970
1051
1204
1534
2047
2594
2991
3188
3257
3343
3548
3862
4214
4465
4502
4316
4089
3997
4036
4062
3961
3737
3427
3112
2804
2534
2273
2032
1817
1579
1246
811
434
180
60
-3
-125
-315
-581
-817
-907
-825
-648
-514
-449
-493
-598
-636
-480
-170
63
97
10
-20
51
137
202
268
322
373
384
312
176
69
101
251
320
187
-46
-221
-227
-161
-107
-136
-255
-381
-430
-369
-310
-313
-378
-445
-477
-483
-465
-455
-461
-493
-549
-580
-588
-581
-588
-638
-705
-749
-765
-800
-902
-1011
-1088
-1126
-1172
-1244
-1333
-1457
-1582
-1681
-1679
-1624
-1586
-1618
-1737
-1860
-1920
-1827
-1644
-1568
-1684
-1898
-1994
-1910
-1729
-1627
-1696
-1847
-1980
-1967
-1852
-1745
-1736
-1833
-1915
-1935
-1891
-1845
-1822
-1770
-1643
-1456
-1268
-1131
-1066
-969
-741
-351
144
559
768
813
890
1177
1672
2205
2636
2897
2996
3035
3141
3417
3785
4114
4292
4277
4135
3947
3828
3822
3862
3819
3626
3326
2975
2619
2279
2023
1856
1707
1473
1108
676
288
43
-56
-54
-109
-284
-548
-745
-766
-677
-529
-407
-332
-351
-411
-379
-188
59
183
222
267
332
378
398
465
555
620
656
629
517
379
347
451
546
465
245
50
-27
-5
22
1
-107
-294
-451
-475
-404
-371
-415
-486
-563
-617
-638
-587
-521
-506
-544
-610
-669
-732
-737
-680
-634
-676
-784
-876
-930
-1002
-1091
-1108
-1095
-1147
-1272
-1405
-1510
-1609
-1673
-1632
-1520
-1484
-1605
-1776
-1865
-1842
-1744
-1627
-1570
-1643
-1802
-1894
-1862
-1812
-1843
-1904
-1876
-1794
-1812
-1953
-2109
-2169
-2107
-1970
-1838
-1784
-1871
-2034
-2068
-1868
-1538
-1259
-1079
-976
-894
-758
-478
-22
461
797
961
1105
1360
1704
2119
2570
2937
3157
3233
3329
3556
3866
4140
4299
4329
4228
4063
3937
3926
3937
3855
3633
3334
2975
2609
2295
2067
1896
1662
1331
927
535
192
-32
-111
-117
-222
-463
-743
-899
-883
-755
-568
-447
-471
-629
-696
-536
-215
49
137
126
89
123
249
420
547
577
562
560
547
473
401
427
520
551
472
357
216
116
92
184
260
145
-105
-298
-307
-239
-195
-204
-255
-372
-501
-540
-461
-384
-412
-490
-541
-583
-663
-715
-709
-677
-696
-755
-822
-928
-1073
-1156
-1134
-1091
-1144
-1327
-1524
-1653
-1725
-1730
-1670
-1641
-1737
-1913
-1998
-1954
-1881
-1836
-1857
-1908
-1994
-2040
-1988
-1935
-1966
-2093
-2175
-2156
-2095
-2060
-2071
-2125
-2227
-2281
-2247
-2142
-2048
-1976
-1916
-1850
-1795
-1676
-1432
-1108
-803
-608
-395
-110
230
544
824
1102
1397
1733
2114
2509
2810
2970
3072
3262
3567
3886
4115
4204
4151
3996
3888
3935
4037
4033
3815
3509
3221
2971
2769
2583
2373
2058
1682
1331
1055
820
565
291
73
-84
-219
-353
-485
-588
-639
-619
-538
-456
-436
-456
-467
-370
-204
-35
84
125
135
167
278
399
442
402
372
420
490
475
338
200
155
193
234
227
155
9
-103
-114
-67
-81
-192
-304
-325
-293
-283
-333
-435
-533
-558
-457
-316
-276
-391
-529
-579
-547
-481
-418
-377
-450
-612
-743
-741
-676
-692
-784
-877
-942
-1056
-1183
-1246
-1270
-1383
-1580
-1701
-1717
-1709
-1751
-1843
-1931
-2024
-2104
-2070
-1944
-1903
-2005
-2114
-2138
-2136
-2174
-2193
-2149
-2136
-2168
-2199
-2177
-2190
-2289
-2317
-2172
-1966
-1891
-1920
-1910
-1806
-1653
-1432
-1134
-846
-653
-500
-214
200
575
841
1056
1324
1663
2023
2406
2721
2911
2984
3109
3352
3649
3894
3989
3974
3869
3748
3701
3761
3780
3647
3388
3112
2871
2646
2409
2157
1922
1668
1381
1104
825
515
222
11
-71
-132
-278
-509
-703
-761
-707
-606
-534
-512
-528
-522
-443
-278
-104
-5
31
87
164
262
351
414
436
404
404
449
478
422
326
298
313
282
175
80
68
69
60
26
-48
-149
-237
-223
-127
-110
-214
-343
-386
-348
-321
-329
-345
-355
-402
-431
-469
-522
-554
-523
-480
-526
-676
-840
-873
-812
-743
-790
-939
-1115
-1223
-1234
-1168
-1162
-1306
-1504
-1649
-1636
-1572
-1558
-1636
-1790
-1918
-1931
-1870
-1826
-1878
-1984
-2092
-2168
-2187
-2196
-2231
-2288
-2301
-2276
-2274
-2385
-2542
-2567
-2384
-2114
-1976
-2032
-2165
-2179
-1957
-1534
-1075
-818
-736
-648
-405
-9
436
890
1274
1582
1801
2053
2408
2763
3072
3349
3598
3787
3914
4023
4149
4205
4174
4140
4152
4128
3982
3747
3524
3325
3108
2867
2610
2299
1948
1640
1406
1159
841
524
292
130
-54
-231
-373
-468
-574
-677
-708
-680
-641
-593
-503
-417
-384
-386
-303
-125
49
130
150
179
224
270
351
446
490
468
437
443
479
492
456
409
351
322
339
370
339
222
95
60
115
162
111
-2
-109
-162
-148
-139
-159
-228
-298
-332
-334
-353
-444
-544
-569
-527
-528
-635
-794
-902
-897
-870
-893
-980
-1101
-1208
-1289
-1305
-1302
-1360
-1488
-1596
-1643
-1651
-1677
-1718
-1753
-1805
-1871
-1880
-1848
-1867
-1976
-2092
-2140
-2159
-2163
-2192
-2253
-2375
-2492
-2489
-2363
-2302
-2391
-2485
-2445
-2269
-2118
-2029
-1937
-1773
-1571
-1301
-977
-676
-425
-188
127
496
848
1177
1534
1914
2253
2513
2754
2989
3229
3499
3792
4011
4056
3964
3882
3896
3957
3985
3964
3840
3579
3251
2975
2807
2649
2440
2157
1850
1505
1156
853
635
490
383
274
102
-133
-376
-475
-408
-263
-223
-299
-390
-421
-338
-159
38
145
126
76
127
254
369
439
478
484
458
416
411
451
518
559
560
478
334
235
253
368
430
394
263
125
28
19
109
229
231
78
-150
-296
-266
-145
-46
-72
-200
-376
-471
-473
-423
-401
-467
-564
-696
-815
-906
-962
-971
-993
-1055
-1172
-1311
-1427
-1488
-1480
-1485
-1561
-1718
-1882
-1953
-1917
-1865
-1882
-1963
-2054
-2121
-2153
-2139
-2094
-2093
-2197
-2330
-2416
-2446
-2484
-2502
-2494
-2474
-2493
-2580
-2653
-2664
-2595
-2453
-2280
-2134
-2069
-2061
-1963
-1695
-1274
-827
-459
-236
-111
56
399
932
1477
1871
2102
2266
2454
2713
3026
3382
3697
3901
3960
3890
3768
3697
3761
3905
3961
3819
3499
3142
2900
2778
2722
2586
2289
1878
1481
1190
985
808
616
433
253
73
-104
-260
-376
-430
-404
-344
-358
-465
-569
-547
-379
-178
-47
-23
-68
-97
-45
114
259
297
238
197
240
288
305
312
344
383
402
360
290
215
202
281
372
367
235
100
81
192
286
285
186
55
-51
-82
-44
-13
-53
-136
-200
-222
-243
-298
-347
-379
-415
-493
-602
-722
-806
-886
-951
-1001
-1034
-1094
-1208
-1347
-1446
-1455
-1469
-1534
-1672
-1806
-1889
-1872
-1827
-1827
-1894
-1983
-2010
-1996
-1985
-2061
-2160
-2228
-2244
-2246
-2282
-2390
-2531
-2622
-2607
-2478
-2376
-2440
-2617
-2723
-2626
-2380
-2150
-2018
-1940
-1806
-1603
-1332
-1009
-623
-214
122
367
584
860
1216
1636
2077
2468
2745
2899
3013
3195
3482
3820
4067
4121
3951
3738
3644
3729
3869
3859
3663
3347
3019
2736
2544
2415
2251
1971
1583
1198
882
627
434
291
208
74
-136
-360
-532
-591
-555
-471
-429
-468
-559
-609
-547
-357
-151
-38
-46
-109
-95
12
149
250
289
311
347
372
394
418
468
519
585
593
548
459
395
427
494
550
502
395
276
240
309
411
408
226
-3
-100
-31
83
88
-40
-173
-255
-291
-325
-348
-370
-421
-519
-647
-789
-924
-1024
-1041
-1012
-1052
-1212
-1444
-1595
-1626
-1599
-1605
-1690
-1824
-1994
-2105
-2077
-1990
-1949
-2007
-2089
-2150
-2176
-2181
-2179
-2192
-2255
-2341
-2421
-2459
-2497
-2541
-2557
-2534
-2527
-2568
-2633
-2654
-2583
-2440
-2295
-2191
-2077
-1932
-1746
-1508
-1150
-708
-310
-41
113
306
682
1200
1729
2141
2396
2547
2694
2930
3280
3663
3997
4187
4182
4038
3850
3781
3885
4085
4135
3917
3489
3038
2728
2594
2589
2520
2253
1757
1233
874
704
623
541
421
229
-22
-287
-458
-457
-355
-251
-197
-249
-379
-498
-459
-226
76
253
220
94
38
106
253
424
556
598
535
441
381
412
513
636
717
686
531
377
335
402
531
586
542
423
301
248
293
417
500
455
283
127
95
164
237
252
213
135
17
-85
-105
-73
-60
-140
-305
-478
-642
-749
-804
-840
-913
-1074
-1267
-1398
-1483
-1576
-1671
-1763
-1844
-1966
-2133
-2251
-2280
-2253
-2258
-2298
-2337
-2424
-2535
-2602
-2566
-2488
-2484
-2573
-2695
-2772
-2840
-2861
-2781
-2644
-2577
-2611
-2678
-2662
-2545
-2380
-2176
-1928
-1688
-1511
-1317
-1055
-684
-265
132
479
778
1058
1364
1738
2180
2603
2899
3075
3209
3369
3603
3905
4183
4305
4189
3939
3752
3754
3896
3968
3843
3506
3055
2692
2488
2414
2333
2111
1751
1335
979
722
565
465
375
257
72
-171
-370
-449
-388
-266
-186
-207
-309
-399
-386
-210
44
206
210
139
101
180
282
368
447
499
503
462
436
405
395
434
544
624
573
390
244
276
432
565
586
499
348
255
297
481
615
565
371
232
210
248
288
300
282
186
41
-91
-157
-181
-196
-245
-351
-534
-749
-898
-932
-907
-959
-1128
-1363
-1552
-1656
-1687
-1683
-1756
-1908
-2108
-2263
-2292
-2247
-2198
-2224
-2311
-2436
-2544
-2575
-2524
-2468
-2478
-2556
-2620
-2638
-2649
-2675
-2734
-2745
-2668
-2556
-2494
-2543
-2639
-2635
-2453
-2128
-1848
-1702
-1642
-1521
-1191
-712
-245
47
164
306
667
1228
1781
2136
2304
2398
2572
2886
3274
3625
3820
3860
3827
3774
3717
3700
3729
3789
3773
3603
3292
2924
2621
2445
2372
2272
2026
1615
1164
845
697
613
477
269
29
-189
-332
-420
-464
-484
-493
-490
-470
-429
-395
-366
-299
-165
-32
63
108
115
130
155
220
344
461
501
424
323
294
352
456
534
507
366
213
187
318
459
502
425
328
278
302
369
443
493
451
326
228
224
252
259
243
223
171
76
-32
-107
-135
-184
-275
-352
-421
-539
-727
-918
-1021
-1064
-1119
-1218
-1373
-1583
-1773
-1894
-1924
-1939
-2009
-2153
-2295
-2378
-2427
-2433
-2424
-2426
-2495
-2593
-2668
-2687
-2661
-2643
-2626
-2618
-2645
-2715
-2781
-2800
-2759
-2670
-2563
-2484
-2484
-2529
-2513
-2379
-2122
-1815
-1530
-1305
-1140
-932
-622
-276
63
394
767
1185
1536
1798
2033
2304
2614
2952
3255
3515
3701
3787
3828
3869
3895
3877
3870
3869
3838
3676
3387
3097
2895
2744
2565
2352
2087
1751
1391
1123
947
761
530
290
128
31
-97
-255
-377
-407
-387
-358
-310
-251
-235
-278
-251
-82
104
173
158
174
227
284
311
351
430
472
508
556
577
496
381
376
509
634
603
489
388
359
391
460
555
591
515
415
402
470
497
462
416
392
360
290
246
253
259
181
82
8
-50
-107
-174
-222
-303
-436
-605
-727
-815
-914
-1022
-1147
-1273
-1400
-1511
-1590
-1669
-1804
-1938
-2022
-2035
-2036
-2093
-2187
-2298
-2376
-2427
-2414
-2408
-2468
-2562
-2639
-2628
-2627
-2686
-2788
-2847
-2838
-2797
-2732
-2705
-2751
-2832
-2831
-2667
-2415
-2203
-2066
-1934
-1762
-1504
-1132
-684
-294
-82
81
392
910
1421
1779
2002
2204
2473
2769
3103
3422
3656
3750
3803
3900
3948
3863
3742
3740
3841
3838
3572
3149
2792
2585
2504
2462
2289
1900
1370
980
866
881
751
456
174
-10
-125
-213
-237
-243
-276
-332
-295
-159
-80
-120
-153
-52
146
330
435
503
514
405
300
405
660
865
888
758
601
489
477
604
816
906
764
510
344
350
428
510
547
488
356
244
235
309
359
310
230
178
140
111
82
61
26
-55
-135
-190
-252
-334
-405
-461
-509
-576
-705
-855
-986
-1086
-1141
-1190
-1305
-1472
-1654
-1773
-1822
-1859
-1912
-2021
-2130
-2177
-2158
-2127
-2180
-2314
-2405
-2405
-2349
-2320
-2396
-2532
-2651
-2693
-2626
-2526
-2547
-2701
-2836
-2809
-2648
-2548
-2621
-2763
-2774
-2599
-2333
-2109
-1992
-1960
-1897
-1606
-1080
-531
-193
-80
32
322
787
1311
1784
2147
2362
2479
2639
2933
3317
3649
3890
4040
4062
3970
3862
3871
4015
4079
3933
3647
3340
3080
2842
2656
2466
2235
1903
1552
1288
1056
815
559
363
209
29
-196
-388
-474
-483
-493
-499
-490
-468
-435
-392
-292
-171
-78
32
192
354
373
258
192
308
587
819
895
799
627
518
582
833
1076
1107
904
660
561
614
715
790
817
755
614
484
458
528
595
587
514
405
291
199
182
224
212
95
-69
-183
-244
-281
-316
-367
-443
-577
-745
-877
-968
-1040
-1104
-1195
-1315
-1516
-1730
-1860
-1858
-1789
-1795
-1915
-2114
-2253
-2303
-2238
-2132
-2124
-2220
-2372
-2498
-2544
-2566
-2569
-2555
-2544
-2558
-2651
-2800
-2923
-2923
-2798
-2653
-2607
-2682
-2781
-2793
-2672
-2447
-2211
-2029
-1887
-1708
-1414
-1043
-668
-370
-106
226
617
1001
1361
1697
2033
2331
2588
2848
3092
3341
3593
3846
4050
4108
4018
3925
3944
4026
4016
3878
3645
3380
3111
2864
2664
2446
2175
1852
1574
1356
1121
817
512
313
194
69
-91
-260
-408
-516
-546
-461
-338
-324
-416
-461
-379
-204
-42
102
200
182
85
19
120
341
543
611
550
437
323
306
443
682
832
762
564
386
319
348
456
591
633
499
286
154
172
304
425
468
396
233
72
8
85
197
222
125
-49
-207
-287
-278
-225
-214
-311
-498
-713
-869
-923
-928
-955
-1069
-1281
-1546
-1736
-1803
-1774
-1745
-1825
-2016
-2220
-2323
-2295
-2218
-2197
-2241
-2322
-2433
-2564
-2662
-2680
-2627
-2577
-2594
-2682
-2801
-2940
-2981
-2858
-2655
-2565
-2680
-2821
-2800
-2582
-2311
-2097
-1988
-1894
-1728
-1357
-816
-370
-156
-96
117
607
1211
1714
2015
2156
2271
2459
2789
3216
3573
3745
3790
3813
3838
3818
3783
3842
3921
3894
3669
3321
3004
2781
2636
2522
2355
2023
1598
1236
1041
943
770
521
288
150
42
-91
-212
-293
-333
-333
-270
-196
-182
-234
-220
-79
127
276
334
373
404
418
414
484
613
717
761
742
683
625
620
742
928
1006
893
695
603
670
795
883
873
769
634
559
609
709
747
665
551
464
420
407
389
332
223
110
33
-22
-100
-222
-354
-446
-518
-584
-691
-847
-1049
-1207
-1277
-1293
-1381
-1585
-1795
-1963
-2040
-2065
-2086
-2193
-2362
-2493
-2529
-2482
-2445
-2512
-2639
-2739
-2772
-2748
-2737
-2781
-2882
-2977
-3009
-3000
-3028
-3094
-3116
-3034
-2943
-2932
-3003
-3043
-2958
-2693
-2340
-2104
-2042
-2046
-1862
-1369
-690
-158
52
71
202
663
1368
2039
2412
2501
2501
2623
2988
3486
3928
4141
4118
3982
3847
3802
3863
4018
4111
4005
3667
3212
2844
2643
2572
2547
2436
2102
1589
1091
802
740
748
679
475
146
-171
-357
-342
-243
-188
-216
-265
-271
-275
-267
-221
-87
74
213
299
301
234
166
195
399
649
750
632
430
347
455
680
844
854
685
483
434
594
773
793
655
538
541
587
612
630
631
564
457
424
448
389
263
206
282
297
114
-121
-191
-138
-127
-225
-382
-562
-760
-875
-862
-875
-1090
-1382
-1530
-1527
-1580
-1735
-1897
-1987
-2085
-2210
-2241
-2229
-2303
-2465
-2532
-2443
-2395
-2530
-2674
-2686
-2648
-2663
-2671
-2649
-2706
-2907
-3072
-2974
-2756
-2697
-2841
-2962
-2921
-2822
-2747
-2611
-2352
-2093
-1931
-1791
-1554
-1210
-820
-391
-3
301
522
795
1226
1731
2185
2462
2613
2734
2923
3226
3616
3939
4019
3850
3648
3569
3637
3748
3787
3702
3423
3029
2673
2498
2439
2370
2186
1904
1540
1128
811
696
705
652
480
263
69
-122
-244
-181
1
93
17
-102
-113
-38
54
172
310
389
411
472
534
468
304
301
588
863
809
534
342
344
408
531
713
775
580
312
259
414
540
556
582
608
531
411
439
590
655
556
489
530
522
371
257
312
419
392
225
66
-63
-174
-249
-237
-256
-455
-792
-1074
-1179
-1176
-1217
-1346
-1551
-1801
-2013
-2117
-2120
-2146
-2299
-2496
-2579
-2569
-2575
-2639
-2693
-2724
-2745
-2763
-2776
-2797
-2885
-2980
-2943
-2798
-2760
-2939
-3164
-3178
-2987
-2788
-2699
-2715
-2835
-2963
-2876
-2482
-2022
-1795
-1805
-1745
-1452
-962
-434
-4
281
423
629
1033
1585
2095
2441
2651
2791
2910
3110
3462
3867
4140
4194
4071
3848
3654
3651
3869
4080
3986
3556
3060
2709
2559
2521
2523
2375
1986
1446
1011
842
824
784
646
465
250
47
-121
-197
-179
-64
28
-19
-177
-262
-152
67
241
278
208
114
187
473
759
649
176
-109
195
736
910
625
259
103
152
322
564
711
577
317
190
274
359
386
465
607
629
516
419
405
409
414
544
679
651
427
250
269
379
447
452
360
151
-71
-139
-67
-86
-284
-532
-694
-786
-870
-948
-1045
-1216
-1417
-1592
-1699
-1763
-1840
-1936
-2057
-2202
-2286
-2304
-2345
-2434
-2513
-2525
-2514
-2555
-2643
-2744
-2890
-2979
-2906
-2729
-2722
-2986
-3261
-3260
-3059
-2911
-2874
-2889
-2931
-2946
-2774
-2414
-2106
-2033
-1951
-1562
-911
-429
-288
-270
-69
432
1119
1766
2120
2161
2157
2389
2834
3313
3671
3927
4042
4001
3879
3791
3800
3905
4080
4169
3954
3414
2886
2678
2749
2821
2695
2302
1732
1167
895
953
1053
881
486
126
-67
-136
-142
-113
-157
-260
-348
-306
-261
-277
-279
-149
53
121
27
-64
31
335
632
595
188
-187
-58
468
858
742
357
95
99
212
392
616
732
645
386
181
125
261
525
760
778
551
281
182
266
431
583
627
491
227
50
73
206
286
290
199
-33
-319
-465
-442
-361
-413
-603
-859
-1137
-1312
-1311
-1217
-1261
-1501
-1758
-1894
-1987
-2081
-2141
-2141
-2196
-2339
-2462
-2505
-2532
-2575
-2576
-2503
-2469
-2589
-2780
-2958
-3004
-2860
-2619
-2567
-2832
-3192
-3284
-3052
-2751
-2605
-2591
-2646
-2734
-2681
-2381
-1944
-1656
-1495
-1146
-563
-139
-118
-198
125
895
1743
2248
2315
2133
2076
2455
3163
3818
4096
4046
3885
3799
3797
3859
3964
4059
4069
3908
3550
3103
2760
2640
2710
2726
2499
1999
1381
916
809
956
1028
779
322
-54
-209
-174
-75
-28
-123
-332
-448
-370
-222
-168
-206
-153
26
209
199
44
-19
205
603
722
337
-195
-237
300
832
826
423
80
-5
110
360
652
810
633
277
59
116
351
588
760
744
530
284
226
353
510
636
702
629
383
125
95
302
507
505
325
55
-217
-394
-397
-284
-284
-510
-862
-1122
-1217
-1180
-1137
-1226
-1476
-1760
-1918
-1945
-1938
-2023
-2165
-2276
-2308
-2316
-2361
-2424
-2513
-2584
-2564
-2481
-2462
-2671
-3021
-3187
-2964
-2607
-2591
-2992
-3410
-3437
-3157
-2879
-2767
-2806
-2961
-3074
-2915
-2450
-1968
-1769
-1672
-1330
-760
-328
-226
-156
219
916
1655
2144
2272
2177
2218
2646
3366
3966
4180
4105
3987
3938
3936
4035
4184
4257
4186
3986
3709
3350
2963
2757
2778
2810
2557
2007
1426
1024
886
923
976
807
354
-123
-315
-204
-55
-75
-237
-412
-525
-499
-330
-123
-66
-136
-127
21
136
68
33
279
620
580
99
-252
-13
578
895
714
311
49
25
158
413
664
706
484
199
35
110
345
612
767
660
376
139
113
250
445
604
645
482
176
-20
36
238
374
332
160
-135
-479
-668
-573
-363
-360
-650
-1033
-1277
-1346
-1272
-1170
-1221
-1526
-1912
-2096
-2010
-1900
-1941
-2048
-2136
-2253
-2417
-2449
-2313
-2222
-2335
-2478
-2451
-2444
-2721
-3069
-2987
-2504
-2227
-2553
-3143
-3413
-3198
-2795
-2497
-2446
-2658
-2943
-2974
-2582
-2005
-1603
-1438
-1294
-1019
-680
-376
-53
340
799
1292
1764
2110
2240
2319
2607
3132
3656
3961
4050
4043
3993
3954
3992
4133
4256
4182
3959
3716
3493
3244
2943
2717
2596
2435
2130
1710
1297
983
806
777
769
560
136
-231
-311
-160
-64
-171
-331
-436
-460
-366
-154
23
6
-145
-155
37
182
205
273
458
509
269
-14
85
505
808
766
522
278
125
159
395
689
795
689
461
274
223
364
693
943
893
589
362
364
470
591
734
804
661
374
202
250
376
401
338
274
116
-191
-507
-627
-534
-427
-525
-847
-1248
-1506
-1503
-1339
-1292
-1538
-1962
-2274
-2292
-2131
-2022
-2111
-2346
-2596
-2724
-2671
-2535
-2473
-2567
-2724
-2817
-2851
-2950
-3109
-3146
-2983
-2800
-2836
-3051
-3248
-3292
-3176
-2897
-2547
-2408
-2583
-2823
-2685
-2131
-1519
-1121
-910
-769
-654
-418
37
640
1158
1510
1853
2151
2288
2332
2570
3172
3810
4103
4024
3828
3671
3650
3856
4163
4284
4027
3617
3346
3223
3059
2823
2646
2535
2331
1957
1502
1145
935
855
872
851
652
266
-87
-203
-70
111
199
144
-29
-180
-180
18
275
400
354
250
180
160
263
557
831
771
300
-131
7
597
1025
933
507
136
-9
90
395
748
900
696
329
79
87
286
591
835
819
528
165
29
152
407
635
691
463
41
-248
-177
105
260
174
-37
-275
-555
-774
-759
-583
-507
-696
-1047
-1350
-1533
-1561
-1462
-1374
-1484
-1843
-2190
-2305
-2219
-2092
-2081
-2228
-2487
-2749
-2813
-2647
-2490
-2544
-2777
-2977
-3101
-3201
-3246
-3156
-2980
-2978
-3202
-3446
-3477
-3293
-3014
-2756
-2628
-2692
-2826
-2751
-2327
-1727
-1218
-875
-671
-575
-471
-129
506
1245
1786
2061
2197
2265
2370
2647
3190
3855
4288
4278
3954
3626
3512
3686
4059
4362
4275
3723
3070
2753
2832
2914
2734
2377
2011
1700
1330
959
741
696
679
570
353
69
-208
-354
-290
-120
-50
-135
-241
-283
-268
-201
-24
209
310
228
85
13
74
294
662
866
567
-26
-271
197
892
1134
833
364
54
-38
158
617
1030
1077
713
227
-52
71
550
1065
1216
818
218
-86
49
432
760
850
616
183
-172
-237
-51
159
227
98
-195
-572
-858
-924
-799
-641
-633
-887
-1353
-1758
-1855
-1675
-1491
-1543
-1807
-2148
-2419
-2520
-2406
-2203
-2143
-2314
-2611
-2823
-2844
-2692
-2504
-2439
-2569
-2800
-3018
-3179
-3162
-2889
-2519
-2450
-2847
-3354
-3461
-3062
-2552
-2264
-2272
-2456
-2643
-2595
-2144
-1514
-1032
-804
-645
-452
-256
12
451
1083
1643
1984
2193
2346
2516
2747
3147
3647
4013
4124
4101
4046
3938
3847
3911
4145
4283
4105
3723
3385
3169
2977
2782
2615
2471
2240
1883
1493
1166
952
837
785
723
540
239
-45
-196
-178
-78
-13
-42
-148
-284
-331
-214
12
171
127
-29
-127
-92
35
243
486
550
290
-95
-154
262
739
844
566
231
92
116
278
537
784
845
654
300
22
65
469
900
945
590
190
68
174
358
538
660
560
212
-114
-173
-15
142
176
83
-147
-522
-813
-836
-653
-517
-609
-934
-1372
-1675
-1665
-1412
-1297
-1533
-1942
-2206
-2218
-2150
-2121
-2126
-2188
-2339
-2516
-2598
-2528
-2421
-2415
-2529
-2663
-2753
-2833
-2905
-2927
-2842
-2690
-2632
-2753
-2990
-3154
-3072
-2730
-2326
-2132
-2282
-2560
-2563
-2134
-1464
-858
-497
-424
-510
-481
-52
741
1445
1795
1950
2146
2367
2531
2764
3243
3841
4222
4245
4044
3815
3730
3889
4235
4451
4270
3816
3415
3247
3167
2997
2752
2510
2273
1985
1624
1233
911
724
668
636
465
125
-267
-505
-468
-265
-137
-237
-471
-624
-576
-402
-211
-85
-65
-121
-164
-155
-118
14
336
730
716
148
-370
-138
705
1311
1126
479
32
7
307
767
1153
1190
794
268
45
234
657
990
1029
738
307
24
55
354
638
704
468
83
-196
-237
-97
54
76
-48
-307
-618
-835
-910
-876
-812
-790
-900
-1229
-1658
-1864
-1690
-1373
-1322
-1642
-2085
-2338
-2318
-2108
-1876
-1857
-2105
-2460
-2626
-2482
-2208
-2115
-2284
-2506
-2633
-2668
-2753
-2883
-2847
-2629
-2455
-2576
-2962
-3281
-3267
-2923
-2446
-2202
-2402
-2872
-3062
-2637
-1852
-1251
-1109
-1181
-1125
-791
-297
214
619
922
1243
1667
2079
2295
2411
2687
3211
3723
3974
3965
3912
3915
3966
4081
4235
4254
4061
3802
3639
3543
3326
2987
2703
2556
2397
2087
1676
1316
1028
829
694
604
428
95
-215
-337
-277
-239
-302
-389
-443
-502
-523
-423
-203
-76
-140
-234
-137
73
151
91
143
464
722
572
153
51
484
1008
1087
764
473
438
540
672
881
1089
1082
790
485
415
590
838
989
968
730
414
284
425
642
709
599
423
275
133
35
37
98
131
15
-233
-534
-756
-814
-743
-685
-790
-1070
-1413
-1618
-1597
-1467
-1444
-1652
-1958
-2188
-2250
-2181
-2076
-2052
-2243
-2513
-2621
-2463
-2284
-2363
-2644
-2790
-2713
-2646
-2761
-3002
-3138
-3078
-2884
-2718
-2758
-3102
-3479
-3462
-2945
-2393
-2305
-2670
-2991
-2848
-2299
-1653
-1182
-945
-877
-743
-422
45
486
859
1304
1871
2335
2448
2349
2494
3103
3828
4257
4276
4092
3924
3859
3983
4275
4488
4361
3956
3606
3440
3280
3013
2806
2720
2550
2141
1629
1250
1024
862
737
703
538
104
-364
-526
-361
-200
-231
-397
-585
-726
-715
-514
-265
-201
-304
-328
-183
-66
-91
-127
71
490
784
614
73
-238
124
914
1354
1012
310
-23
222
665
948
971
819
566
337
274
378
589
744
751
544
207
24
144
414
519
398
201
53
-31
-78
-119
-107
-104
-196
-369
-592
-804
-933
-923
-853
-866
-1054
-1366
-1617
-1638
-1492
-1420
-1545
-1828
-2062
-2115
-2023
-1893
-1877
-2020
-2238
-2317
-2203
-2114
-2196
-2370
-2453
-2440
-2440
-2498
-2633
-2822
-2923
-2781
-2467
-2376
-2737
-3227
-3301
-2843
-2326
-2181
-2380
-2598
-2557
-2225
-1695
-1138
-792
-637
-468
-194
121
424
822
1402
2039
2441
2490
2411
2564
3075
3740
4220
4310
4121
3915
3869
4005
4229
4334
4209
3925
3662
3457
3222
2933
2692
2593
2478
2172
1690
1233
935
763
676
635
473
92
-360
-600
-507
-325
-292
-447
-673
-816
-764
-522
-285
-252
-394
-440
-248
23
95
-21
-29
274
688
810
472
19
41
621
1233
1249
711
211
199
606
986
1114
987
762
568
476
511
651
847
932
803
506
271
284
467
601
592
484
307
70
-130
-164
-92
-48
-143
-347
-613
-894
-1092
-1099
-959
-890
-1094
-1482
-1784
-1833
-1689
-1593
-1664
-1890
-2131
-2241
-2180
-2044
-2036
-2202
-2358
-2334
-2210
-2185
-2327
-2481
-2507
-2471
-2494
-2572
-2646
-2727
-2818
-2800
-2647
-2561
-2777
-3092
-3092
-2716
-2351
-2340
-2510
-2559
-2405
-2118
-1698
-1177
-778
-642
-604
-361
123
619
1015
1406
1871
2276
2477
2550
2675
3053
3683
4278
4488
4228
3826
3715
4021
4450
4620
4369
3878
3481
3314
3263
3128
2875
2610
2351
2020
1588
1199
923
742
617
531
374
-3
-462
-701
-566
-341
-329
-525
-735
-824
-785
-601
-354
-236
-325
-433
-321
-68
70
31
-7
134
427
648
595
269
8
227
805
1164
904
338
124
414
821
956
854
736
648
548
505
602
769
842
736
547
436
433
484
533
516
433
279
136
77
57
-11
-149
-286
-376
-480
-649
-831
-945
-991
-1047
-1175
-1359
-1539
-1632
-1617
-1590
-1675
-1921
-2155
-2213
-2107
-1998
-2029
-2200
-2397
-2504
-2450
-2295
-2230
-2352
-2569
-2725
-2727
-2662
-2612
-2638
-2740
-2815
-2788
-2674
-2687
-2842
-2950
-2796
-2456
-2190
-2158
-2322
-2411
-2233
-1688
-959
-415
-350
-575
-605
-131
668
1372
1756
1878
1957
2121
2373
2710
3161
3669
4088
4169
3906
3576
3534
3853
4287
4471
4214
3692
3209
3001
3012
3028
2898
2612
2237
1804
1383
1094
985
952
813
570
271
-47
-327
-475
-395
-204
-152
-367
-662
-784
-671
-442
-210
-75
-84
-201
-290
-205
28
227
330
480
625
534
192
8
356
957
1194
869
369
173
340
670
963
1065
870
508
292
380
624
770
767
671
506
291
135
155
313
436
402
188
-93
-300
-313
-207
-139
-228
-473
-740
-946
-1011
-992
-974
-1075
-1230
-1377
-1503
-1606
-1694
-1688
-1630
-1641
-1813
-2047
-2203
-2176
-2049
-1987
-2054
-2171
-2222
-2239
-2308
-2380
-2336
-2242
-2262
-2398
-2481
-2501
-2599
-2731
-2614
-2288
-2180
-2515
-2935
-2899
-2444
-2063
-2013
-2149
-2234
-2163
-1855
-1314
-774
-496
-509
-494
-193
313
857
1309
1635
1869
2057
2288
2579
2911
3299
3681
3944
3993
3870
3751
3798
4018
4251
4290
4023
3612
3335
3271
3273
3118
2769
2392
2118
1907
1672
1339
993
743
624
539
338
19
-300
-456
-447
-352
-333
-450
-638
-751
-689
-506
-351
-273
-255
-302
-302
-221
-15
212
311
230
101
111
299
550
659
572
407
343
407
526
670
801
813
619
343
306
542
771
783
633
518
447
351
288
349
466
483
320
106
-57
-139
-117
-28
-9
-171
-430
-657
-769
-794
-783
-789
-913
-1169
-1433
-1566
-1528
-1480
-1509
-1599
-1766
-1967
-2122
-2171
-2144
-2112
-2120
-2162
-2259
-2404
-2490
-2437
-2301
-2247
-2329
-2494
-2652
-2705
-2634
-2500
-2454
-2548
-2684
-2745
-2722
-2653
-2543
-2398
-2265
-2260
-2338
-2314
-2074
-1720
-1379
-1062
-783
-589
-493
-341
11
549
1070
1445
1690
1842
1979
2191
2559
3026
3420
3620
3625
3563
3531
3584
3768
3975
4052
3886
3563
3287
3176
3140
3042
2837
2562
2286
1982
1679
1404
1199
1068
936
742
500
232
-20
-177
-205
-132
-75
-136
-313
-480
-537
-440
-225
-24
12
-131
-268
-212
11
212
291
292
266
202
164
272
503
648
569
392
313
359
477
619
757
744
509
247
224
448
641
653
546
447
334
212
188
301
405
330
158
16
-51
-110
-153
-114
-76
-179
-393
-556
-588
-604
-674
-763
-860
-1002
-1148
-1208
-1181
-1165
-1286
-1470
-1588
-1609
-1618
-1666
-1710
-1766
-1849
-1959
-1997
-1950
-1899
-1895
-1989
-2099
-2208
-2287
-2302
-2271
-2242
-2266
-2346
-2457
-2523
-2548
-2507
-2427
-2334
-2261
-2203
-2172
-2150
-2064
-1892
-1574
-1211
-872
-597
-406
-272
-131
128
588
1175
1688
1972
2016
1990
2111
2490
3044
3544
3747
3634
3390
3262
3364
3622
3855
3909
3715
3359
3021
2819
2744
2676
2552
2354
2072
1694
1312
1024
853
763
696
563
322
-29
-360
-488
-385
-199
-167
-354
-590
-697
-638
-461
-291
-209
-260
-358
-389
-283
-102
54
152
163
113
32
38
216
474
604
503
290
194
274
492
734
845
746
480
257
290
546
800
873
719
458
244
208
365
575
623
430
143
-31
-56
-31
-26
-59
-124
-259
-442
-601
-687
-741
-772
-818
-909
-1084
-1286
-1420
-1426
-1353
-1378
-1527
-1718
-1820
-1840
-1824
-1807
-1842
-1959
-2111
-2175
-2109
-2008
-2023
-2180
-2336
-2387
-2369
-2372
-2401
-2407
-2427
-2489
-2573
-2651
-2665
-2612
-2501
-2320
-2165
-2159
-2280
-2299
-2049
-1578
-1095
-758
-594
-582
-559
-318
239
938
1456
1656
1690
1741
1924
2253
2717
3211
3531
3558
3376
3202
3186
3342
3602
3831
3814
3480
2990
2660
2627
2738
2722
2496
2131
1733
1397
1211
1163
1111
957
691
445
250
99
-10
-42
-8
-25
-141
-266
-310
-287
-223
-135
-35
-6
-104
-224
-187
14
240
319
231
91
5
38
226
470
568
420
166
49
144
333
494
584
555
405
179
80
201
460
651
619
438
221
104
139
310
490
514
327
61
-107
-105
-21
47
18
-108
-307
-490
-558
-547
-537
-627
-775
-906
-1002
-1097
-1192
-1233
-1232
-1264
-1360
-1485
-1597
-1668
-1673
-1627
-1592
-1673
-1823
-1922
-1913
-1870
-1920
-2014
-2061
-2060
-2117
-2232
-2322
-2344
-2339
-2358
-2378
-2392
-2462
-2543
-2522
-2354
-2155
-2099
-2136
-2130
-1963
-1668
-1286
-908
-635
-523
-505
-335
110
703
1217
1533
1656
1703
1795
2064
2506
2978
3285
3325
3201
3073
3037
3138
3340
3504
3495
3269
2932
2623
2439
2393
2401
2332
2114
1759
1398
1135
1002
948
914
824
651
423
171
36
19
85
145
145
55
-76
-168
-152
-25
111
168
111
4
-68
-22
116
283
326
234
63
-50
44
283
485
464
252
16
-36
136
398
573
562
383
149
39
148
400
605
620
464
263
156
191
338
484
501
346
119
-23
-24
53
80
-6
-161
-317
-457
-535
-578
-591
-651
-786
-975
-1142
-1206
-1214
-1208
-1257
-1343
-1469
-1597
-1684
-1676
-1624
-1603
-1659
-1767
-1824
-1848
-1867
-1885
-1862
-1836
-1867
-1964
-2070
-2161
-2217
-2232
-2174
-2086
-2089
-2251
-2469
-2534
-2376
-2078
-1864
-1865
-2000
-2080
-1950
-1562
-1065
-696
-563
-579
-542
-267
247
827
1272
1482
1527
1569
1766
2158
2627
3015
3202
3160
3034
2965
3042
3229
3410
3470
3338
3070
2743
2496
2425
2461
2437
2231
1862
1463
1176
1038
984
941
813
613
364
128
-20
-66
-44
-10
-1
-63
-191
-337
-372
-258
-59
75
34
-125
-254
-257
-104
126
266
216
-5
-201
-176
66
294
359
229
37
-101
-88
88
334
493
407
189
9
16
187
396
525
516
370
173
77
171
362
506
476
280
57
-66
-32
82
152
85
-105
-325
-453
-480
-460
-461
-557
-702
-842
-953
-1037
-1103
-1126
-1115
-1129
-1233
-1395
-1511
-1535
-1485
-1447
-1464
-1523
-1606
-1683
-1725
-1735
-1693
-1641
-1636
-1726
-1868
-1966
-2009
-1979
-1923
-1866
-1877
-1992
-2162
-2272
-2222
-2062
-1881
-1741
-1700
-1774
-1865
-1793
-1438
-940
-582
-529
-620
-540
-184
338
819
1096
1193
1216
1375
1734
2169
2500
2610
2596
2590
2661
2784
2925
3019
3004
2863
2683
2553
2481
2413
2307
2172
1980
1774
1580
1410
1244
1094
984
909
820
648
440
328
323
338
316
274
240
191
128
102
160
238
283
299
325
313
226
163
256
425
481
379
242
224
267
301
333
390
369
233
101
121
286
414
387
250
121
66
133
298
431
381
186
32
45
185
286
254
148
64
12
-34
-54
-62
-86
-137
-245
-367
-485
-546
-547
-572
-667
-818
-938
-991
-1028
-1082
-1156
-1204
-1229
-1269
-1322
-1375
-1419
-1441
-1431
-1404
-1384
-1413
-1485
-1540
-1522
-1471
-1444
-1463
-1493
-1539
-1613
-1673
-1690
-1619
-1534
-1565
-1706
-1822
-1808
-1685
-1609
-1590
-1536
-1419
-1292
-1255
-1221
-1068
-806
-546
-313
-114
58
199
347
581
914
1227
1450
1615
1768
1917
2011
2106
2263
2449
2541
2526
2469
2423
2376
2307
2251
2212
2150
2002
1785
1594
1444
1335
1261
1164
1002
777
594
525
533
489
354
221
170
182
209
211
171
106
70
130
236
304
242
164
178
253
305
279
248
257
269
245
211
222
241
208
169
143
152
158
143
134
146
148
120
106
120
148
168
183
207
205
149
101
99
165
206
161
69
-9
-36
-38
-67
-145
-231
-300
-357
-416
-486
-581
-683
-780
-838
-871
-925
-1043
-1173
-1233
-1223
-1216
-1292
-1398
-1451
-1445
-1437
-1465
-1504
-1505
-1520
-1567
-1601
-1590
-1584
-1624
-1678
-1692
-1653
-1644
-1713
-1789
-1800
-1722
-1606
-1549
-1584
-1704
-1774
-1661
-1320
-958
-833
-962
-1132
-1080
-728
-224
201
381
323
237
308
616
1049
1448
1703
1771
1704
1645
1713
1931
2200
2390
2445
2355
2171
1981
1936
2037
2172
2177
2009
1726
1439
1268
1271
1378
1407
1258
956
706
631
669
708
711
676
576
430
319
339
440
528
559
525
449
328
287
417
627
691
510
284
215
305
404
453
436
347
174
25
22
135
215
178
92
-14
-114
-165
-112
14
73
-18
-148
-190
-123
-48
4
32
7
-70
-152
-157
-66
35
39
-47
-184
-292
-324
-268
-210
-254
-427
-623
-709
-688
-648
-695
-829
-966
-1044
-1079
-1100
-1143
-1198
-1248
-1276
-1295
-1333
-1363
-1380
-1381
-1360
-1321
-1283
-1318
-1414
-1469
-1394
-1232
-1162
-1232
-1343
-1382
-1338
-1237
-1128
-1074
-1113
-1173
-1154
-1036
-932
-917
-876
-690
-425
-310
-413
-546
-443
-59
400
678
664
449
306
472
921
1385
1575
1472
1283
1198
1283
1479
1680
1801
1766
1621
1445
1332
1317
1360
1419
1422
1319
1115
907
768
729
786
873
867
707
472
313
337
506
648
652
528
376
317
406
579
680
649
545
500
531
573
589
603
636
633
560
453
372
360
416
497
521
373
95
-120
-92
142
337
281
-9
-328
-475
-346
-48
146
54
-254
-533
-540
-317
-85
-23
-140
-311
-410
-395
-306
-234
-211
-230
-272
-317
-404
-493
-508
-445
-372
-377
-497
-654
-781
-801
-724
-660
-704
-851
-978
-1012
-988
-996
-1040
-1098
-1165
-1227
-1275
-1271
-1255
-1294
-1363
-1410
-1376
-1332
-1334
-1377
-1414
-1403
-1332
-1195
-1111
-1124
-1233
-1265
-1063
-707
-424
-404
-579
-685
-507
-94
336
553
484
294
255
475
853
1182
1319
1276
1133
1025
1036
1202
1428
1586
1560
1348
1107
954
979
1105
1201
1153
963
739
557
480
495
582
644
606
471
306
202
238
371
523
619
563
430
347
404
553
696
775
794
756
693
647
666
753
821
831
771
657
541
456
443
494
494
399
217
61
3
31
80
48
-77
-249
-359
-334
-204
-103
-149
-305
-441
-427
-283
-128
-73
-137
-237
-284
-227
-123
-35
-3
-39
-108
-166
-156
-98
-52
-72
-149
-231
-273
-277
-278
-306
-373
-461
-503
-502
-493
-545
-656
-723
-717
-674
-689
-739
-771
-769
-771
-800
-831
-835
-784
-727
-705
-746
-833
-895
-832
-657
-526
-550
-702
-809
-751
-592
-445
-384
-429
-520
-566
-505
-342
-178
-127
-180
-256
-260
-159
-10
122
185
134
68
82
205
370
462
460
404
378
411
493
582
644
669
642
601
588
607
657
712
735
731
705
654
633
642
702
764
792
784
717
665
658
710
788
842
818
737
668
666
733
776
764
721
660
615
588
575
571
546
492
401
311
266
262
241
174
65
-47
-117
-126
-114
-156
-268
-382
-433
-425
-404
-427
-485
-516
-512
-502
-532
-589
-588
-518
-417
-386
-455
-526
-544
-458
-319
-241
-262
-332
-366
-335
-270
-211
-199
-212
-247
-285
-326
-348
-326
-304
-332
-427
-521
-565
-557
-538
-575
-669
-757
-797
-774
-752
-766
-813
-854
-850
-821
-773
-718
-645
-568
-524
-520
-502
-418
-244
-72
13
17
4
64
208
371
482
515
501
516
566
622
653
662
670
670
642
591
533
490
482
471
433
372
297
219
162
133
124
117
90
51
-3
-38
-33
3
51
70
61
61
100
158
207
235
272
335
386
413
410
427
468
527
579
587
562
508
496
544
594
589
512
429
366
353
363
360
342
291
195
98
73
98
129
96
20
-44
-81
-85
-85
-90
-93
-98
-107
-119
-145
-181
-208
-190
-136
-96
-120
-198
-253
-253
-209
-157
-146
-170
-206
-254
-291
-284
-243
-187
-168
-201
-257
-315
-323
-267
-192
-160
-186
-262
-318
-316
-275
-207
-189
-215
-261
-313
-336
-304
-237
-197
-211
-268
-328
-344
-297
-233
-200
-223
-266
-294
-288
-249
-202
-165
-160
-174
-182
-182
-156
-97
-25
3
-7
-51
-60
-7
74
154
155
114
82
89
151
229
267
257
210
190
199
214
241
240
222
207
194
183
184
164
145
136
137
147
129
90
52
31
51
93
114
91
33
11
27
67
101
111
93
66
65
96
135
161
148
135
162
183
200
199
196
205
207
204
204
203
190
176
153
138
126
124
122
105
75
37
6
10
23
19
-9
-45
-60
-72
-82
-85
-82
-78
-74
-82
-85
-73
-60
-35
-32
-24
-19
-12
16
33
45
32
18
38
77
88
78
54
52
66
76
72
35
25
14
21
18
-18
-49
-75
-66
-46
-69
-113
-155
-165
-137
-120
-118
-153
-174
-174
-158
-126
-121
-130
-151
-162
-141
-116
-92
-88
-104
-119
-120
-84
-46
-32
-52
-89
-115
-95
-65
-30
-38
-79
-117
-120
-79
-60
-47
-66
-99
-111
-101
-88
-80
-80
-78
-86
-98
-87
-88
-86
-75
-71
-76
-76
-85
-73
-57
-48
-51
-72
-80
-76
-54
-37
-32
-43
-56
-56
-45
-11
15
15
9
0
6
25
50
72
82
92
86
79
94
125
152
178
175
152
146
146
162
187
198
203
187
166
164
171
183
195
195
187
170
151
154
153
162
156
144
135
126
135
137
151
157
163
162
151
144
148
149
157
167
165
151
139
138
146
154
144
133
120
107
105
105
99
93
72
56
48
34
26
24
11
-8
-36
-55
-63
-75
-78
-101
-117
-142
-147
-149
-164
-171
-181
-185
-199
-209
-218
-225
-221
-225
-237
-249
-264
-269
-271
-264
-269
-275
-282
-287
-279
-274
-269
-271
-273
-271
-269
-269
-260
-255
-250
-234
-226
-220
-212
-202
-193
-183
-184
-187
-181
-171
-158
-149
-138
-126
-119
-115
-104
-91
-91
-69
-47
-39
-33
-39
-24
5
24
42
51
48
65
86
110
137
147
154
166
184
201
211
223
238
252
260
257
273
293
303
309
304
304
294
292
306
304
295
289
274
273
274
267
266
272
276
258
250
247
244
253
256
241
222
211
203
208
199
183
173
164
163
145
133
123
120
111
100
81
62
48
47
38
28
19
-13
-28
-46
-55
-72
-81
-94
-115
-126
-141
-149
-161
-162
-172
-177
-194
-210
-213
-217
-216
-217
-234
-247
-257
-265
-262
-263
-259
-271
-281
-285
-295
-288
-282
-285
-282
-292
-312
-310
-302
-299
-292
-293
-303
-298
-288
-285
-273
-263
-259
-250
-239
-223
-217
-208
-191
-170
-149
-141
-134
-123
-109
-95
-83
-68
-54
-34
-34
-35
-16
3
32
44
47
48
57
66
79
108
124
136
143
140
155
175
203
222
234
243
247
259
277
301
310
323
331
332
332
339
357
369
363
363
364
355
364
360
359
357
348
342
328
323
320
319
320
316
304
297
285
280
276
266
259
240
228
210
199
194
186
175
155
136
123
112
92
75
63
43
24
-2
-21
-41
-50
-68
-93
-117
-134
-152
-167
-176
-210
-235
-238
-252
-270
-280
-300
-307
-321
-336
-344
-358
-366
-366
-369
-377
-382
-391
-395
-404
-406
-399
-390
-401
-400
-392
-392
-386
-388
-379
-377
-372
-367
-371
-362
-348
-335
-328
-321
-317
-301
-286
-268
-248
-240
-220
-203
-184
-151
-130
-116
-101
-82
-67
-51
-21
1
18
26
42
65
73
95
111
131
143
153
166
176
197
214
228
233
244
259
266
281
290
299
312
317
325
336
345
345
353
364
357
361
368
363
370
375
368
369
367
354
351
348
333
334
327
316
302
291
280
271
269
251
241
224
204
193
183
170
160
142
126
107
91
85
79
61
45
31
14
9
-3
-11
-22
-34
-53
-63
-78
-95
-104
-123
-136
-146
-170
-185
-192
-202
-210
-222
-220
-234
-247
-255
-254
-248
-256
-259
-269
-267
-268
-272
-277
-274
-271
-273
-276
-276
-277
-263
-248
-253
-250
-252
-253
-246
-240
-233
-226
-223
-221
-220
-212
-205
-199
-176
-166
-161
-155
-157
-140
-136
-120
-101
-95
-76
-66
-55
-30
-20
-5
14
29
38
43
67
69
88
105
108
126
133
143
158
174
193
195
200
213
221
236
243
248
256
263
253
262
275
277
282
286
288
291
290
289
296
292
287
288
285
282
281
271
272
265
257
247
240
234
218
217
208
202
193
174
162
153
133
115
102
93
74
60
53
45
32
21
3
-18
-22
-38
-51
-58
-74
-90
-110
-118
-121
-134
-147
-164
-183
-190
-192
-206
-211
-225
-233
-240
-262
-258
-267
-269
-273
-276
-291
-293
-294
-297
-296
-305
-299
-310
-309
-300
-298
-298
-275
-276
-274
-269
-266
-256
-239
-231
-231
-216
-218
-201
-191
-174
-165
-153
-146
-139
-124
-115
-96
-89
-83
-70
-54
-38
-26
-12
5
7
29
46
56
72
82
91
92
104
119
120
136
140
149
158
155
164
171
190
187
190
206
210
211
214
224
224
233
241
230
233
232
236
246
239
229
215
214
209
214
209
202
197
194
181
176
174
172
163
144
142
136
130
115
104
96
98
81
67
57
46
40
23
14
10
2
-10
-14
-28
-33
-53
-55
-60
-73
-82
-91
-92
-103
-110
-107
-107
-119
-130
-133
-139
-149
-153
-162
-166
-171
-176
-179
-178
-178
-180
-180
-181
-177
-176
-177
-176
-175
-171
-167
-162
-159
-169
-161
-154
-144
-145
-142
-142
-137
-124
-127
-120
-110
-95
-101
-102
-97
-98
-86
-76
-74
-60
-55
-54
-43
-45
-40
-37
-25
-15
-13
-3
-4
7
18
9
16
24
34
42
50
63
76
74
82
78
89
102
101
112
105
113
114
115
112
122
122
129
129
133
142
133
140
140
145
132
139
144
139
139
130
128
129
131
135
127
133
120
115
126
118
116
111
113
105
109
113
104
96
94
82
79
73
66
64
54
47
44
40
22
16
7
1
-7
-12
-12
-13
-17
-22
-32
-37
-47
-53
-59
-70
-74
-79
-77
-82
-82
-98
-101
-106
-117
-123
-118
-120
-124
-120
-123
-126
-135
-136
-146
-136
-136
-135
-135
-130
-129
-131
-125
-131
-125
-127
-124
-124
-120
-117
-119
-113
-112
-114
-114
-119
-107
-94
-88
-85
-86
-75
-67
-63
-62
-57
-52
-48
-40
-29
-34
-26
-27
-24
-22
-10
-7
-9
-3
9
15
14
27
27
34
29
36
46
54
58
61
74
76
77
76
85
92
95
92
87
94
88
85
98
96
96
104
113
108
112
109
101
110
105
101
100
99
104
104
97
104
108
98
98
93
89
88
84
88
76
73
70
63
60
52
53
45
45
31
34
28
22
19
15
22
10
12
7
10
16
7
4
7
0
-3
-5
-11
-12
-8
-9
-13
-13
-13
-16
-23
-18
-23
-25
-30
-35
-27
-33
-33
-37
-35
-37
-37
-34
-34
-32
-30
-25
-25
-24
-28
-28
-25
-21
-15
-17
-17
-13
-9
-9
-11
-14
-10
-8
-3
-1
-13
-19
-18
-15
-12
-15
-16
-20
-10
-3
-3
6
3
12
13
12
11
12
17
11
10
12
7
11
9
10
10
2
8
1
4
0
-1
11
10
4
4
-4
-3
4
1
0
5
4
-4
4
-4
0
1
4
3
-2
10
-4
0
2
0
0
3
8
10
13
10
13
13
13
16
13
17
16
13
11
6
2
1
-2
1
4
-7
-1
-2
-3
-8
-6
-9
-6
2
-9
1
-6
-9
-8
-15
-13
-16
-13
-9
-13
-6
-3
-2
2
-12
-16
-15
-12
-9
-15
-17
-15
-10
-5
-11
-7
-5
-10
-17
-15
-8
-11
-3
-6
-11
-7
-6
-1
-10
-8
-7
-1
-4
-19
-10
-4
-9
-12
-7
-9
-9
-8
-11
-7
-3
-4
-1
-4
-6
-2
-7
0
-2
-6
-2
0
-3
-2
0
0
11
7
3
-3
-8
0
-4
2
-3
-8
-5
-9
3
6
3
4
3
3
9
10
0
10
8
13
10
10
17
13
10
4
7
12
13
10
10
6
4
8
6
-3
-8
-13
-7
-3
-6
-2
-3
-2
-3
3
-1
2
5
2
-1
7
14
12
11
2
1
6
10
6
6
2
8
6
4
6
4
9
0
4
8
12
17
15
13
5
9
3
1
4
-2
-8
-12
-14
-16
-7
-10
-15
-13
-9
-14
-11
-10
-13
-10
-7
-3
-6
-12
-12
-16
-22
-20
-18
-17
-13
-12
-7
-6
-1
1
0
6
6
6
-6
-8
1
-3
-7
-4
-3
-8
-9
-9
-6
-12
-12
-11
-16
-6
-11
-12
-10
-12
-10
-20
-19
-17
-16
-9
-14
-12
-14
-16
-21
-19
-12
-19
-15
-13
-18
-18
-12
-13
-9
-5
-12
-19
-6
-4
-4
1
-4
4
5
3
8
9
5
7
2
-2
5
4
13
12
3
12
9
12
10
-1
9
16
18
19
12
16
15
12
17
12
16
12
7
9
6
8
13
16
6
4
14
12
4
0
4
5
4
3
-4
3
0
1
5
-4
-7
-6
-6
-11
-6
-3
-1
-6
-13
-2
-3
-7
-4
-13
-11
-7
-9
-6
-13
-20
-10
-6
-11
-12
-15
-22
-20
-13
-22
-16
-16
-12
-9
-10
-16
-22
-19
-18
-11
-13
-12
-10
-7
-7
