-40
-60
-55
-81
-95
-92
-21
4
6
5
-2
-11
-31
-55
-70
-77
-75
-76
-86
-112
-135
-115
-98
-87
-60
-50
-50
-41
-67
-44
-53
-45
-43
-84
-82
-102
-86
-50
-53
-80
-61
-87
-74
-66
-55
-51
-50
-33
-54
-51
-72
-76
-73
-56
-98
-85
-89
-105
-115
-116
-97
-89
-70
-81
-45
-74
-60
-73
-88
-106
-116
-107
-125
-134
-130
-126
-107
-112
-104
-100
-131
-126
-141
-125
-124
-113
-135
-119
-131
-129
-156
-174
-144
-129
-93
-90
-66
-58
-82
-64
-90
-83
-44
-56
-37
-50
-66
-36
-57
-58
-98
-95
-72
-112
-112
-119
-158
-158
-152
-155
-141
-111
-106
-111
-95
-94
-105
-108
-106
-98
-89
-104
-72
-65
-64
-64
-75
-82
-95
-108
-102
-79
-96
-99
-106
-88
-106
-78
-42
-14
-12
-64
-36
-40
-14
-3
-14
-21
-12
-12
-34
-25
-52
-79
-64
-43
-20
-40
-5
-36
-45
-19
-45
-27
-48
-77
-81
-102
-118
-89
-90
-90
-47
-30
-7
-24
-50
-5
-35
-15
-37
-21
-1
-60
-27
-26
4
-1
12
15
-16
-16
-39
-35
-48
-42
-32
-37
-34
-62
-60
-51
-17
-26
-6
-26
-18
-33
-42
-24
-12
-7
24
30
5
1
-17
11
-6
7
-23
-6
5
-16
15
-10
7
41
35
49
51
54
88
38
38
55
21
50
11
7
-2
8
14
16
56
15
1
22
39
61
65
51
31
46
24
38
27
10
38
50
67
66
58
22
29
36
25
24
48
18
2
13
3
30
82
95
99
112
112
120
107
110
98
116
76
88
81
78
93
71
83
74
103
59
60
49
43
36
49
94
74
74
50
64
5
-4
-2
57
87
87
91
73
89
97
99
136
111
93
95
82
111
120
146
138
124
131
126
100
111
79
78
63
38
57
92
63
84
101
72
86
92
115
114
125
124
116
142
127
136
153
128
134
128
143
135
144
129
122
135
126
122
91
26
36
41
70
104
107
112
118
146
163
139
134
162
153
142
153
160
156
133
166
163
136
152
136
138
136
149
139
158
173
170
160
139
124
166
186
149
142
160
172
165
142
127
138
130
152
142
144
144
128
155
161
168
165
153
129
148
148
151
134
127
109
90
107
97
114
120
118
130
162
153
156
174
149
121
107
113
146
171
169
181
156
177
171
185
174
125
135
118
139
144
152
169
131
143
174
173
163
134
125
112
117
117
154
193
202
200
156
154
116
101
101
79
100
97
104
132
115
116
149
119
101
81
51
56
60
66
76
92
79
88
97
107
106
88
73
73
69
47
65
69
96
107
117
120
137
132
128
129
106
101
95
111
91
88
72
88
101
84
79
85
80
56
54
47
51
26
48
64
59
50
62
39
64
92
97
123
97
87
34
53
8
8
-7
-3
23
19
10
25
58
65
54
55
81
80
74
71
78
56
54
65
59
43
48
57
29
25
25
-6
12
17
2
18
45
42
86
100
82
63
64
84
62
60
60
74
60
55
59
94
70
77
87
56
76
46
48
60
29
58
45
85
76
43
43
6
16
17
60
59
39
39
48
31
38
25
4
10
24
71
65
51
51
59
79
132
144
124
120
103
68
53
69
58
82
85
106
77
81
93
91
117
73
48
33
37
65
88
81
110
108
75
76
81
84
73
89
79
71
88
117
140
127
106
142
126
106
71
47
26
23
61
52
65
44
47
48
65
70
89
96
65
52
53
38
4
32
36
73
94
96
103
95
75
65
65
73
58
78
83
113
114
117
113
99
96
71
82
54
73
53
38
52
60
69
76
64
37
64
79
71
58
48
44
53
64
102
83
110
102
101
93
68
75
77
106
142
142
120
83
65
23
37
52
52
80
57
39
31
62
68
73
85
84
103
106
108
99
70
73
79
74
109
102
85
103
99
102
94
103
83
66
36
41
59
54
77
101
100
103
93
91
91
86
125
107
94
52
54
71
32
66
63
85
92
73
109
125
120
127
132
120
81
42
59
56
55
84
65
27
38
66
72
75
119
135
135
149
139
141
137
126
103
114
156
162
163
141
144
80
52
85
89
107
108
98
128
129
118
114
105
92
84
67
16
20
29
57
55
43
59
58
62
89
137
148
145
137
107
120
98
104
90
62
76
94
112
148
145
120
132
143
169
177
162
135
115
99
85
80
87
97
89
96
83
92
98
95
127
132
132
144
133
117
141
145
145
173
149
127
133
126
118
96
104
86
101
113
108
138
139
140
132
112
127
124
130
109
143
102
106
99
101
112
107
126
120
134
110
109
95
122
116
137
117
106
106
65
75
93
79
92
88
91
98
116
122
126
138
144
133
117
85
58
35
21
62
56
86
91
96
114
105
76
59
53
62
59
44
61
55
74
88
96
92
76
70
41
36
11
6
0
22
23
17
26
34
72
49
40
19
7
15
2
42
47
77
71
63
83
50
39
58
29
-4
-13
7
58
66
68
76
20
3
-16
-31
4
-37
-35
-29
-30
-44
-45
-62
-56
-70
-81
-76
-90
-86
-83
-77
-76
-72
-53
-34
-16
13
5
-19
17
0
-15
-4
-10
4
-23
-25
-30
-2
10
2
5
21
-7
-18
-6
-4
-3
-31
-72
-85
-55
-47
-56
-55
-57
-29
-4
6
2
-5
-5
-3
-38
-42
-64
-61
-35
-21
-44
-59
-45
-68
-65
-64
-54
-57
-75
-57
-40
-52
-44
-50
-51
-84
-82
-53
-41
-79
-90
-82
-61
-64
-73
-70
-56
-45
-46
-72
-91
-61
-87
-75
-64
-59
-60
-48
-17
-14
-15
-71
-77
-51
-83
-56
-38
6
25
7
22
0
-46
-67
-57
-61
-96
-98
-91
-81
-57
-34
-29
-32
-32
-32
-42
-23
9
-23
-24
-29
-48
-64
-90
-78
-60
-58
-25
-18
-14
-11
-7
-26
-39
-47
-54
-35
-23
10
10
-4
-5
-19
-9
5
35
9
4
-5
-27
-28
-37
-3
-20
-11
21
3
2
-24
27
22
-7
17
3
-33
-50
-61
-26
-56
-56
-41
-76
-76
-72
-52
-66
-31
-10
-17
-45
-43
-26
-65
-62
-61
-50
-12
-1
10
-10
-10
-17
-35
-10
16
33
47
12
8
2
-11
34
41
55
14
12
39
62
47
34
38
31
5
12
22
18
40
20
25
46
41
21
29
26
8
-24
-10
-21
-22
-11
-5
0
16
39
15
20
45
68
41
24
7
-10
7
-39
-19
-4
-3
9
18
21
44
40
54
77
51
30
7
14
13
9
-10
24
8
6
3
15
34
-3
-2
-13
-11
-2
33
20
39
62
49
49
35
45
39
30
14
24
30
39
51
34
73
79
55
37
26
55
37
32
34
26
25
36
33
19
23
31
39
26
53
34
16
25
18
10
29
39
40
66
48
39
3
-1
-12
-2
4
18
39
33
70
51
74
65
97
103
90
93
60
57
65
51
35
54
60
62
47
73
68
99
101
74
82
96
88
84
76
87
101
91
82
84
86
120
99
116
128
108
121
118
106
66
56
60
60
78
91
97
74
86
78
52
78
81
97
55
89
89
75
121
126
123
131
118
103
86
101
108
109
125
124
108
77
93
106
98
108
92
75
90
74
95
108
71
88
100
98
135
133
138
125
112
137
111
124
151
117
98
84
92
96
134
147
161
192
191
177
150
148
158
134
148
104
105
114
113
125
127
134
109
102
97
108
130
154
147
127
100
62
71
108
99
92
114
118
106
112
131
101
100
98
110
117
118
143
128
97
102
105
105
119
124
139
93
120
105
76
71
76
86
88
111
81
70
108
115
96
80
81
93
80
68
64
32
65
63
80
96
109
111
89
96
93
121
109
113
128
122
103
124
93
85
87
107
159
134
124
96
87
75
66
59
18
11
26
25
34
31
59
61
59
58
69
63
82
85
60
72
92
64
43
82
78
57
75
121
93
90
105
106
93
78
87
118
150
101
123
114
105
131
137
147
140
117
91
82
78
87
89
66
83
75
85
128
129
113
115
130
116
110
110
102
73
45
67
39
56
30
49
85
76
94
83
61
68
58
65
89
51
83
81
63
77
82
88
119
152
140
148
143
150
133
124
90
94
105
99
138
138
159
141
113
114
109
133
141
128
114
114
129
106
137
129
127
126
99
98
111
102
85
66
66
130
105
115
135
142
127
127
143
148
175
140
134
141
118
132
122
119
120
77
90
65
60
48
54
65
76
83
67
84
86
74
68
63
61
41
41
63
67
80
83
87
77
83
79
53
61
71
70
76
58
50
63
63
78
83
57
71
69
44
44
23
29
15
-2
14
11
-12
-14
-26
-31
-24
-41
-4
-12
-4
-10
2
31
33
-2
-9
-21
-20
-41
-40
6
-16
-7
-12
0
-24
-13
5
20
5
-2
9
-15
8
22
22
37
8
16
5
-9
-43
-53
-71
-60
-44
-30
-8
22
43
29
43
17
-7
1
13
-17
-25
-58
-63
-75
-37
-39
-27
-44
-52
0
-40
-12
-25
-31
-22
-21
-34
-45
-16
-24
-52
-47
-49
-30
-43
-22
-3
-16
-2
-21
-40
-38
-32
-32
-24
-19
-10
-30
5
-20
-8
-9
-14
20
19
16
-35
-57
-60
-55
-57
-47
-55
-35
-31
-14
-15
-49
-37
-18
-17
-22
-27
-1
3
-39
-17
-23
-17
-3
-5
1
-9
-20
-10
30
-15
-22
-39
-45
-36
-28
-21
-46
-53
-62
-39
-27
-49
-19
-56
-58
-59
-68
-37
-44
-45
-23
-15
-71
-80
-56
-44
-17
-33
-43
-41
-67
-41
-31
-42
-70
-64
-75
-86
-59
-33
-50
-42
-18
-39
-44
-87
-93
-97
-92
-83
-66
-73
-37
-10
-36
-16
-35
-32
-51
-75
-79
-75
-96
-93
-75
-53
-52
-26
-30
-30
-2
-34
-27
-5
-4
-5
16
34
5
37
-1
-11
0
-20
12
-11
-51
-36
-20
-26
10
-3
-22
-33
0
4
17
-19
-33
-23
-48
-43
-43
-52
-39
-34
-43
-27
-26
-16
-45
-20
-28
-4
20
-13
28
26
15
25
59
58
72
52
38
15
10
22
0
-20
-13
5
28
52
40
54
29
31
37
44
6
1
-4
5
38
-7
55
39
39
55
25
21
30
27
46
33
31
53
42
36
70
72
56
66
64
75
64
28
20
22
38
21
17
29
42
30
24
44
30
31
45
51
24
7
34
65
80
81
61
57
51
69
60
59
63
63
57
49
54
49
50
42
30
37
37
80
93
93
92
95
113
148
115
117
107
94
103
78
92
74
89
99
101
121
147
109
71
65
81
83
83
95
118
112
129
128
148
144
105
74
65
52
27
7
11
34
30
36
58
90
77
102
100
93
95
103
79
81
88
103
117
103
145
128
145
150
157
163
118
95
97
112
114
130
109
107
103
111
79
54
70
70
62
75
91
69
123
107
84
95
93
60
47
67
66
85
109
79
61
63
30
59
50
48
87
77
130
124
122
143
139
140
131
117
113
111
83
91
79
72
66
66
67
45
40
29
55
81
78
94
94
91
109
68
79
62
55
42
39
41
57
115
114
154
117
122
128
112
117
89
105
86
104
91
89
90
112
138
120
95
76
78
54
71
74
78
66
45
51
71
71
58
58
60
41
23
-12
36
66
51
60
46
42
30
36
51
14
-25
-12
-1
48
32
42
44
78
89
56
58
39
12
0
-4
17
10
-2
28
14
47
66
56
61
55
51
40
56
32
29
46
40
37
37
21
31
29
-5
-11
-3
-16
7
16
2
3
-15
3
-10
-16
-26
-53
-35
-54
-35
-36
-15
3
-12
-3
23
9
1
16
-7
-21
-10
-23
-24
-18
-17
-21
-22
-28
-33
-45
-57
-50
-39
-16
-11
-18
-15
-8
-22
-44
-48
-43
-90
-96
-111
-49
-69
-76
-31
-32
-29
-36
-17
-20
-11
-18
-44
-63
-70
-69
-63
-59
-52
-55
-39
-22
-48
-60
-77
-116
-117
-108
-110
-109
-98
-113
-83
-75
-100
-110
-122
-140
-132
-160
-165
-140
-145
-130
-118
-115
-114
-122
-104
-95
-50
-59
-90
-92
-111
-113
-120
-156
-136
-134
-144
-136
-112
-104
-98
-94
-90
-95
-115
-112
-146
-161
-146
-153
-160
-136
-161
-163
-153
-189
-175
-154
-172
-182
-186
-200
-198
-201
-199
-193
-176
-151
-128
-175
-158
-153
-181
-165
-183
-172
-150
-133
-142
-136
-143
-158
-151
-120
-149
-135
-133
-128
-150
-164
-171
-182
-173
-164
-143
-129
-128
-140
-111
-122
-132
-162
-159
-166
-164
-160
-197
-174
-196
-216
-223
-207
-191
-195
-154
-158
-150
-124
-149
-144
-142
-139
-160
-155
-139
-151
-138
-159
-178
-160
-136
-135
-147
-149
-168
-214
-186
-191
-201
-187
-176
-162
-156
-149
-150
-184
-190
-162
-159
-136
-164
-138
-156
-173
-164
-180
-190
-184
-177
-174
-204
-189
-174
-190
-163
-169
-145
-147
-149
-123
-91
-90
-113
-97
-98
-107
-111
-117
-110
-129
-125
-118
-117
-144
-127
-145
-140
-124
-140
-105
-114
-115
-123
-107
-119
-140
-150
-166
-169
-181
-191
-203
-164
-176
-149
-160
-154
-133
-156
-118
-113
-126
-156
-155
-135
-128
-131
-146
-148
-187
-180
-169
-151
-112
-112
-98
-79
-93
-87
-114
-109
-118
-125
-128
-117
-110
-121
-129
-118
-130
-141
-114
-122
-112
-116
-82
-84
-111
-110
-125
-120
-90
-85
-63
-83
-110
-98
-85
-86
-90
-109
-87
-73
-83
-66
-96
-74
-64
-70
-78
-107
-89
-109
-100
-100
-103
-105
-120
-129
-138
-94
-108
-113
-65
-48
-88
-82
-63
-95
-101
-116
-118
-125
-91
-72
-49
-45
-41
-45
-17
-33
-46
-39
-30
-29
-49
-28
-57
-40
-35
-16
-11
-16
-31
10
-7
-56
-35
-55
-40
-38
-44
-40
-38
-44
-28
-57
-67
-70
-91
-67
-94
-53
-35
-64
-25
-22
-16
-7
7
-3
-28
-51
-41
-59
-61
-42
-13
-27
-11
-8
-13
-41
-42
-24
-27
-5
-12
15
25
41
38
40
16
2
-16
-31
-19
-11
-13
5
30
39
43
23
36
12
18
18
13
-5
-17
-35
-28
-35
-2
16
27
32
21
88
79
50
63
40
47
45
21
11
-25
-13
-8
-2
0
7
42
60
52
64
41
76
94
41
65
48
46
40
36
59
36
46
54
32
23
60
38
28
41
61
76
58
46
66
81
70
79
92
80
78
72
89
113
114
124
116
101
112
107
98
110
104
102
106
91
98
123
104
98
68
66
45
62
73
50
60
83
100
106
98
71
76
99
93
63
45
41
31
24
61
61
66
62
61
115
100
57
70
61
45
46
52
57
51
50
62
73
59
46
57
43
49
67
53
83
79
81
71
85
67
64
109
74
67
48
66
40
41
12
31
23
2
36
44
45
18
31
43
97
64
54
69
53
37
41
49
59
67
48
26
40
33
35
47
34
52
38
32
63
54
32
4
19
3
-19
4
0
23
6
3
6
-1
-8
7
14
-2
-11
-9
2
-17
19
33
19
40
31
39
31
46
25
31
25
13
-5
-2
-20
-27
8
24
36
2
-12
10
8
16
14
17
18
-33
-26
-10
21
39
28
23
0
-3
-6
-28
-29
-29
-44
-36
-69
-58
-43
-34
-9
-26
-35
-31
-51
-6
-2
-21
-11
-5
-5
-14
-10
-4
24
37
24
20
12
11
20
1
-2
-43
-56
-37
-50
-34
-8
-11
-16
-25
-11
-26
-2
-6
-1
-39
-52
-31
-39
-28
-31
-32
-46
-56
-31
-35
-20
-23
-57
-40
-23
-23
8
6
-5
-6
-18
-23
-23
-3
-6
21
6
0
-19
-19
-26
-27
-85
-102
-88
-90
-80
-50
-44
-73
-75
-75
-67
-62
-103
-78
-74
-85
-71
-88
-85
-83
-60
-43
-37
-67
-71
-76
-64
-56
-63
-66
-101
-113
-121
-121
-96
-92
-129
-87
-90
-52
-56
-56
-89
-130
-105
-128
-118
-147
-135
-138
-125
-144
-129
-117
-119
-98
-91
-63
-62
-71
-72
-99
-90
-105
-117
-89
-72
-110
-119
-107
-119
-109
-113
-111
-115
-114
-153
-139
-119
-135
-109
-105
-92
-72
-76
-57
-66
-64
-85
-107
-121
-136
-154
-131
-102
-125
-124
-122
-111
-118
-108
-100
-124
-155
-149
-112
-128
-130
-119
-102
-82
-87
-112
-122
-97
-92
-63
-76
-110
-88
-104
-89
-100
-85
-75
-107
-95
-95
-67
-37
-35
-49
-39
-49
-82
-97
-87
-84
-70
-71
-75
-63
-60
-96
-92
-121
-142
-146
-150
-156
-116
-99
-98
-72
-87
-95
-99
-77
-65
-79
-99
-76
-73
-105
-97
-87
-82
-82
-120
-115
-110
-96
-60
-60
-36
-62
-65
-64
-83
-57
-45
-40
-74
-67
-70
-56
-69
-90
-76
-79
-84
-84
-65
-79
-65
-94
-107
-101
-133
-113
-122
-108
-122
-83
-74
-78
-35
-67
-56
-76
-71
-83
-95
-106
-121
-108
-90
-60
-47
-39
-37
-68
-72
-48
-42
-32
-31
-64
-77
-64
-65
-61
-95
-111
-96
-86
-99
-86
-90
-95
-87
-106
-128
-137
-149
-150
-138
-143
-140
-92
-74
-68
-46
-41
-45
-43
-28
-61
-95
-83
-104
-107
-97
-105
-82
-90
-99
-104
-81
-90
-94
-103
-123
-116
-102
-119
-130
-118
-100
-97
-111
-83
-87
-94
-104
-97
-105
-102
-91
-93
-96
-119
-116
-124
-119
-106
-98
-94
-77
-74
-55
-59
-85
-92
-114
-91
-71
-111
-119
-139
-121
-123
-149
-117
-89
-107
-86
-64
-85
-83
-73
-44
-62
-61
-81
-71
-66
-93
-97
-104
-103
-114
-96
-123
-121
-117
-112
-104
-76
-62
-56
-31
-24
-6
-10
-21
-43
-70
-55
-57
-38
-30
-26
-43
-37
-15
-24
-36
-15
-24
-31
-16
-2
-42
-65
-42
-42
-49
-32
-44
-60
-65
-48
-33
-46
-53
-52
-25
-26
-18
-24
-18
-12
-16
-18
7
7
-4
11
14
11
5
21
54
41
45
69
79
41
54
52
60
69
60
62
67
84
74
88
75
109
83
60
75
85
81
92
92
79
77
78
59
52
18
10
-7
-3
9
6
38
20
17
50
29
51
42
63
55
48
66
46
70
47
62
43
40
62
33
56
75
54
40
57
51
49
48
61
60
39
25
20
40
44
43
36
20
-7
0
12
-16
-33
-59
-73
-77
-65
-73
-90
-82
-125
-99
-63
-56
-51
-60
-40
-65
-102
-118
-90
-91
-108
-109
-128
-132
-117
-124
-128
-97
-115
-154
-144
-176
-176
-153
-150
-146
-119
-92
-122
-118
-97
-120
-116
-111
-113
-114
-102
-116
-128
-127
-126
-116
-136
-157
-150
-144
-157
-142
-137
-146
-138
-115
-90
-80
-61
-54
-60
-60
-45
-32
-33
-64
-83
-85
-58
-68
-42
-41
-65
-34
-18
-8
0
8
-6
3
23
37
42
33
10
-25
-47
-65
-46
-19
-17
-7
9
15
26
69
76
91
90
55
53
37
97
100
106
101
66
109
134
157
143
140
133
127
142
132
146
152
120
140
194
183
159
170
164
136
142
127
130
173
171
169
141
154
142
150
140
119
116
123
132
132
122
146
146
122
105
83
101
81
85
95
128
104
84
67
64
47
23
44
-8
-4
-24
-40
6
-30
-29
-7
-43
-23
-47
-42
-30
-55
-33
-25
-35
-33
-40
-31
-46
-27
-13
-46
-61
-56
-51
-67
-67
-70
-52
-71
-75
-78
-69
-83
-83
-76
-59
-46
-35
-34
-65
-79
-103
-158
-166
-184
-218
-190
-193
-162
-157
-181
-194
-185
-182
-196
-219
-201
-184
-188
-188
-212
-217
-233
-231
-194
-176
-155
-193
-186
-181
-164
-158
-161
-161
-165
-187
-168
-141
-139
-133
-133
-146
-143
-151
-173
-180
-156
-156
-156
-168
-183
-171
-210
-224
-225
-254
-245
-246
-237
-226
-251
-222
-240
-261
-258
-242
-236
-229
-252
-246
-229
-179
-176
-154
-163
-175
-183
-177
-141
-145
-140
-121
-119
-128
-140
-130
-119
-143
-151
-157
-152
-173
-175
-177
-159
-192
-204
-184
-203
-185
-164
-168
-199
-191
-182
-175
-191
-171
-142
-204
-216
-204
-201
-169
-198
-203
-219
-208
-173
-176
-149
-134
-149
-149
-178
-177
-167
-143
-136
-160
-186
-178
-157
-156
-99
-106
-92
-92
-90
-99
-94
-74
-67
-42
-38
-66
-64
-67
-63
-55
-40
-10
-32
-36
-66
-78
-89
-83
-56
-60
-38
-25
-27
-10
7
39
19
23
25
39
23
33
63
67
122
88
104
106
108
117
108
96
73
67
62
75
77
58
48
66
57
76
68
49
54
24
44
40
19
-18
-30
-28
-50
-28
-46
-31
6
-22
-34
-31
-12
-14
-17
3
-36
-54
-53
-17
-27
-34
-37
-53
-21
-4
-38
-31
-25
-34
-31
-45
-60
-63
-97
-112
-112
-132
-86
-89
-96
-93
-97
-105
-127
-128
-114
-104
-95
-123
-131
-163
-200
-204
-203
-222
-239
-232
-237
-231
-253
-253
-269
-269
-280
-306
-301
-345
-308
-289
-313
-302
-296
-267
-264
-269
-259
-254
-263
-273
-264
-237
-261
-244
-235
-266
-278
-255
-274
-252
-254
-244
-235
-221
-228
-229
-221
-216
-180
-212
-191
-213
-206
-195
-160
-149
-127
-121
-119
-111
-126
-121
-120
-108
-93
-78
-67
-65
-81
-49
-57
-30
-13
-49
-32
-40
-60
-66
-57
-9
13
2
-29
-35
-36
-57
-30
-26
12
2
-2
9
0
-3
-48
-61
-18
-5
2
-4
-20
17
10
-1
13
16
18
57
63
33
62
104
72
65
73
74
52
30
46
52
49
58
55
34
38
44
-2
8
2
14
31
34
68
102
106
108
89
81
67
48
66
53
102
132
137
133
94
94
97
82
47
48
36
40
69
85
94
87
90
95
109
77
49
31
34
15
-8
12
22
49
24
42
16
-7
15
-2
-16
-26
-34
-52
-68
-70
-57
-82
-77
-65
-90
-79
-84
-81
-78
-67
-41
-52
-31
-27
26
31
15
22
-15
-8
-39
-21
-41
-13
-9
-18
-8
1
-18
-29
-31
-60
-54
-99
-97
-113
-101
-115
-144
-156
-154
-155
-158
-146
-132
-126
-85
-73
-85
-68
-57
-24
-12
-6
13
-8
-27
-34
-76
-113
-137
-135
-144
-127
-127
-106
-111
-97
-78
-103
-92
-92
-62
-62
-79
-119
-77
-103
-96
-84
-126
-130
-133
-108
-135
-169
-150
-100
-132
-137
-145
-166
-148
-142
-117
-148
-129
-138
-149
-169
-190
-200
-202
-205
-220
-198
-205
-176
-166
-169
-196
-235
-235
-203
-194
-192
-193
-188
-167
-183
-196
-172
-166
-206
-222
-235
-193
-201
-247
-241
-251
-263
-281
-286
-260
-233
-226
-242
-242
-241
-257
-245
-270
-257
-241
-237
-218
-193
-203
-189
-201
-235
-250
-276
-242
-242
-213
-235
-241
-245
-266
-271
-240
-263
-284
-281
-301
-294
-266
-266
-239
-218
-212
-176
-196
-211
-220
-222
-219
-216
-229
-224
-212
-212
-187
-155
-150
-134
-86
-66
-61
-37
-42
-60
-63
-33
-30
-32
-27
-47
-33
-22
-41
-44
2
15
6
4
29
33
7
-11
-17
-10
-32
6
16
17
-13
-18
-27
-11
16
37
15
-17
19
7
8
7
26
58
62
59
29
17
43
47
53
27
14
-19
-23
3
-16
-1
22
51
19
2
-3
-8
14
13
25
40
35
-1
-39
-40
-62
-27
1
-9
16
25
31
4
-1
27
26
-8
-1
15
-1
1
-2
-6
-21
-19
-14
-7
-2
-4
17
-22
-25
6
0
1
-30
-22
-18
-1
5
-17
-29
-34
-76
-97
-95
-109
-104
-102
-75
-44
-19
-26
-30
-36
-69
-86
-82
-76
-93
-78
-73
-64
-77
-89
-85
-74
-75
-56
-45
-66
-57
-66
-68
-39
-37
-20
-2
-10
6
-3
-8
-18
-17
-6
-19
-20
-1
11
1
23
38
53
32
30
4
31
23
13
11
-3
-3
41
66
31
55
45
33
39
39
56
45
33
33
42
54
45
67
35
40
59
44
56
49
45
-13
10
44
39
108
150
125
80
87
54
53
58
72
66
31
43
66
75
65
80
69
92
85
49
48
33
40
19
-2
19
17
33
21
18
26
57
32
42
61
73
70
70
62
56
66
77
59
54
39
44
81
66
82
42
65
57
43
37
42
79
78
78
78
103
90
72
75
85
87
73
87
69
56
102
101
91
78
101
119
83
75
78
108
123
145
175
181
170
158
164
130
123
129
139
158
168
174
220
219
211
238
230
221
226
252
268
254
245
217
199
202
226
237
218
244
218
241
216
198
162
163
173
151
208
184
180
176
214
238
246
250
258
263
233
230
219
217
218
208
241
253
261
244
258
272
238
236
228
237
245
242
243
235
212
212
238
231
203
168
175
177
178
174
164
168
181
163
151
135
99
113
130
147
163
164
139
117
111
67
26
48
62
65
18
36
58
32
21
6
27
32
49
52
42
4
-20
-35
-34
-44
-47
-70
-72
-64
-41
-43
-45
-47
-78
-86
-99
-96
-124
-109
-122
-132
-122
-112
-107
-86
-103
-71
-46
-67
-51
-50
-59
-78
-50
-52
-13
-13
-12
-25
-47
-77
-95
-93
-104
-84
-83
-89
-81
-75
-82
-40
-59
-21
-16
-11
-19
-65
-67
-46
-19
-18
-25
-52
-63
-65
-55
-40
-9
-10
-7
48
54
33
32
61
64
53
34
-7
2
-24
-13
-3
-6
8
45
49
63
65
61
43
22
28
22
47
39
53
63
67
68
54
41
27
27
26
33
46
42
58
46
32
45
38
55
75
67
95
101
103
85
57
95
93
85
91
122
103
109
125
90
133
116
101
122
115
70
63
64
68
63
69
55
39
44
37
63
63
70
83
50
67
61
42
61
4
19
17
25
59
65
62
21
3
-11
20
0
12
28
8
19
18
12
8
16
39
36
28
32
-2
-2
-2
10
35
2
-7
2
-33
-36
-58
-58
-45
-62
-17
-6
4
4
4
9
-17
10
41
33
57
59
47
60
56
46
50
66
85
97
101
98
100
70
41
51
41
94
107
107
138
94
72
81
79
79
79
64
42
45
40
31
70
65
82
82
61
63
60
85
84
99
104
101
106
85
91
101
109
115
120
95
86
87
46
32
26
11
36
55
51
65
58
61
82
51
64
59
28
43
55
28
30
-14
-34
-35
5
-22
-19
14
1
-25
-16
-4
-50
-40
-69
-67
-77
-70
-115
-112
-109
-92
-93
-87
-102
-116
-100
-112
-144
-151
-163
-146
-92
-95
-69
-79
-93
-87
-86
-43
-48
-48
-28
-43
-51
-71
-76
-91
-112
-121
-110
-114
-89
-97
-91
-93
-109
-96
-114
-80
-75
-89
-103
-125
-113
-103
-100
-98
-88
-70
-73
-86
-70
-73
-92
-121
-137
-138
-164
-136
-120
-104
-73
-61
-60
-52
-37
-43
-61
-78
-86
-58
-52
-14
7
41
99
75
93
97
84
54
86
72
54
81
61
60
42
64
82
114
112
137
125
103
127
133
114
117
146
123
117
119
140
117
100
76
68
83
123
130
142
146
155
147
148
155
156
149
118
134
113
126
127
161
157
145
126
129
162
156
178
128
93
76
71
86
106
111
124
138
159
171
180
159
135
101
125
119
114
125
120
144
123
137
130
135
148
134
131
106
87
98
93
80
84
96
107
95
112
96
86
77
72
94
89
102
97
88
112
95
89
124
135
140
146
105
84
82
77
72
64
117
74
102
98
81
94
101
90
102
167
134
128
113
108
75
57
62
60
77
65
79
83
59
83
66
85
93
82
106
95
89
69
71
57
68
69
71
88
107
117
120
109
98
111
105
90
103
92
91
109
108
114
94
102
90
102
129
111
125
145
146
122
89
89
124
121
126
118
111
86
88
73
36
41
23
35
24
22
-9
-4
2
-18
-8
-20
-13
16
29
17
-28
-84
-64
-74
-57
-9
-5
13
27
34
29
20
15
15
8
47
37
-7
-27
-40
-41
-56
-61
-69
-70
-89
-96
-56
-56
-82
-72
-94
-70
-74
-65
-92
-69
-60
-75
-61
-118
-106
-96
-86
-55
-50
-78
-76
-82
-71
-26
-37
-37
-19
-36
-29
-22
10
8
22
20
-2
35
4
-9
-10
-17
-21
-22
-43
-25
-20
-15
-12
-38
-13
-8
-22
-20
-15
-6
-9
-1
4
32
2
5
41
22
34
76
100
68
27
16
10
8
24
48
41
51
44
46
54
37
44
66
74
90
49
72
87
73
85
55
99
90
85
113
97
111
114
83
69
91
88
109
138
114
118
114
146
107
92
129
161
175
169
158
165
135
133
157
182
169
187
223
186
163
143
130
128
117
111
111
131
91
92
79
87
95
68
53
59
78
109
114
83
66
53
47
46
58
21
15
-4
17
4
10
7
48
60
42
47
40
26
17
23
-5
-7
-2
-24
-27
-24
-52
-41
-30
-45
-36
-26
-39
-42
-59
-71
-98
-95
-96
-91
-90
-72
-94
-95
-112
-133
-140
-134
-121
-138
-107
-121
-116
-112
-114
-86
-111
-99
-108
-92
-122
-151
-160
-181
-173
-151
-149
-159
-130
-142
-121
-118
-140
-123
-125
-156
-131
-141
-169
-189
-179
-192
-192
-170
-180
-152
-175
-163
-165
-133
-112
-104
-113
-134
-154
-172
-166
-202
-176
-170
-142
-118
-86
-56
-47
-64
-85
-60
-70
-101
-73
-76
-93
-84
-78
-71
-60
-48
-38
-30
-50
-17
-23
-33
-40
-27
-47
-21
-6
-15
-22
10
-7
-38
-9
-23
-26
-26
1
-9
18
0
27
9
23
69
59
71
6
17
-11
-42
-44
-19
21
18
32
33
53
39
47
58
81
82
100
109
89
30
22
56
25
24
18
0
8
2
48
63
48
46
29
48
81
99
113
113
69
52
47
66
47
46
71
59
60
94
110
133
118
138
129
129
130
121
141
132
132
125
125
82
75
60
44
48
60
77
93
95
106
133
113
124
129
140
127
107
134
139
99
110
124
76
67
51
84
89
120
101
144
148
115
124
108
125
121
139
92
88
104
118
135
139
131
142
149
129
96
100
101
114
97
77
76
68
68
71
84
105
107
118
114
112
110
113
109
115
142
144
144
115
113
83
60
42
45
54
62
88
74
91
148
142
136
130
145
163
131
108
127
144
128
95
68
93
86
69
65
59
59
86
85
97
109
117
157
134
132
108
91
52
23
16
21
31
65
64
27
43
60
72
59
72
79
101
108
124
120
90
109
99
87
73
81
107
110
102
104
113
111
108
81
81
90
84
53
54
60
76
110
86
73
82
69
52
38
25
61
86
75
102
131
160
149
163
138
115
121
127
139
128
119
110
100
114
111
116
150
130
182
190
159
164
170
169
163
139
124
95
96
100
102
135
148
165
189
210
204
211
180
198
211
153
158
167
174
137
113
110
91
85
96
126
136
159
160
151
159
182
182
173
161
170
167
156
163
181
164
148
175
173
178
164
177
167
138
128
136
162
160
169
165
164
139
120
112
112
100
119
135
158
123
116
118
97
119
110
137
134
140
164
186
137
106
114
86
84
94
113
115
98
122
150
159
124
111
115
88
73
97
67
78
48
38
41
55
66
53
87
80
76
86
97
92
99
103
95
97
83
92
80
59
73
77
89
94
86
69
89
104
99
110
113
115
108
113
128
113
97
108
124
105
100
77
48
54
51
65
62
40
76
70
63
84
82
77
74
57
17
42
43
48
12
23
24
37
53
33
40
27
31
25
32
51
55
32
5
11
22
27
56
60
62
51
71
46
41
26
22
29
18
32
9
27
68
43
29
30
12
13
16
20
-2
0
-8
-22
-16
-11
12
-8
-31
-44
-13
-37
-30
-20
2
28
11
38
-3
-26
-34
-20
-43
-23
-43
-19
-15
-26
8
-4
-8
-27
-30
-44
-34
-60
-64
-37
-40
-20
-27
-34
-32
-20
-26
-52
-55
-62
-93
-97
-70
-73
-69
-38
-28
-27
-72
-55
-51
-28
-21
-37
-22
-34
-57
-50
-43
-43
-32
-64
-34
-41
-12
-15
-37
-25
-28
-34
-41
-43
-74
-69
-77
-45
-42
-65
-48
-65
-73
-41
-53
-36
-44
-63
-56
-24
-35
-54
-16
-11
-15
-9
-8
-9
-1
-7
-20
-30
-26
-27
-5
22
15
43
14
27
20
27
2
-5
-32
-13
31
7
20
24
22
-7
28
9
16
6
48
49
58
71
66
33
17
59
30
37
17
10
-4
4
1
32
48
56
73
72
67
83
74
39
25
52
71
40
60
73
95
90
129
119
98
124
95
61
70
77
69
61
105
124
101
109
89
80
105
75
63
72
39
46
57
76
74
38
49
37
57
98
80
109
122
84
93
97
74
110
87
72
91
61
93
82
79
124
137
116
107
97
98
107
87
80
78
82
100
111
112
81
81
76
63
71
97
116
84
100
94
73
81
89
83
87
90
90
101
93
89
106
111
109
122
139
128
137
104
84
114
114
101
112
97
109
113
134
125
92
94
102
106
84
122
115
108
131
132
132
115
101
89
96
73
95
97
115
150
121
112
87
106
117
123
107
102
128
131
105
77
60
64
60
85
117
130
130
109
125
136
153
126
103
89
96
72
85
110
120
163
148
136
123
121
93
68
68
83
105
90
112
124
116
138
128
144
177
164
155
174
157
132
137
144
143
165
190
174
176
173
176
182
202
184
187
160
196
185
174
193
185
195
195
215
239
250
260
257
248
256
228
246
227
222
241
186
170
187
197
233
212
250
263
246
252
254
256
261
245
237
217
198
208
189
185
177
179
204
212
208
225
217
196
225
259
261
269
285
237
218
207
207
217
187
180
151
134
139
140
149
145
135
144
136
148
160
181
180
167
167
156
176
177
172
153
144
158
147
142
145
138
136
180
162
176
190
148
147
129
130
119
125
119
121
108
111
107
118
97
113
132
123
143
103
107
83
80
98
70
71
77
98
75
78
102
93
125
122
112
128
117
131
135
105
101
93
78
79
96
103
103
98
105
85
83
92
68
53
55
48
55
72
66
84
84
67
79
63
27
35
33
43
57
23
52
45
42
54
29
35
51
65
60
64
35
28
40
34
45
47
72
79
67
50
57
59
58
75
80
53
58
54
38
48
35
30
57
67
65
85
111
131
115
117
94
93
107
105
88
81
65
61
51
67
73
90
111
134
158
176
180
144
149
140
121
119
119
132
132
156
170
162
138
136
140
90
66
50
37
36
44
51
73
98
121
115
96
92
59
49
42
28
3
2
-18
-38
-35
-14
-6
-14
17
36
41
23
31
15
19
25
32
21
2
2
-19
25
13
9
30
13
9
8
15
26
6
-24
-51
-34
-31
-22
3
14
8
35
46
44
28
17
12
16
13
11
42
58
27
66
78
80
79
75
112
117
146
141
131
121
108
87
103
128
123
120
142
168
177
176
144
117
103
103
77
68
101
98
93
66
77
60
49
57
36
55
91
93
73
48
35
9
27
26
-4
20
-1
-5
-11
-2
59
61
46
18
-17
-2
10
-2
-5
0
-6
-15
5
21
-11
-8
-3
-29
-27
-53
-89
-79
-71
-72
-55
-79
-100
-90
-74
-21
-37
-42
-38
-48
-43
-20
-79
-83
-88
-82
-31
-6
2
7
17
-10
13
-7
27
21
23
43
32
54
59
83
62
70
97
86
99
69
54
41
52
61
71
92
116
137
154
172
170
167
138
173
166
173
150
149
158
148
138
123
151
121
63
23
44
11
2
-22
-38
-45
-44
-57
-47
-78
-97
-106
-82
-71
-41
-44
-23
22
9
22
27
12
17
42
54
46
36
55
85
96
118
141
149
192
171
166
158
153
135
157
180
174
239
260
326
409
517
566
646
730
812
895
937
990
1053
1128
1174
1224
1283
1369
1423
1464
1512
1611
1670
1706
1704
1752
1744
1718
1692
1633
1600
1535
1497
1407
1322
1219
1134
1047
986
933
876
809
749
670
613
511
445
375
262
207
139
114
34
19
-40
-99
-102
-135
-164
-173
-147
-142
-158
-186
-215
-218
-250
-328
-395
-462
-518
-620
-693
-741
-820
-881
-938
-1013
-1066
-1122
-1164
-1197
-1240
-1294
-1348
-1371
-1412
-1442
-1450
-1463
-1472
-1421
-1400
-1348
-1304
-1217
-1151
-1063
-975
-920
-857
-814
-721
-643
-540
-469
-348
-233
-92
9
104
217
306
424
528
609
702
789
907
1095
1194
1381
1562
1687
1814
1933
2072
2181
2306
2382
2496
2626
2705
2732
2856
2940
3026
3087
3130
3186
3194
3166
3116
3039
2913
2734
2484
2234
1953
1661
1347
1058
784
454
192
-40
-234
-414
-554
-673
-786
-889
-965
-1090
-1095
-1131
-1167
-1190
-1156
-1143
-1124
-1057
-918
-790
-683
-552
-423
-266
-123
3
129
238
325
366
410
413
385
367
305
224
191
136
47
-3
-81
-193
-335
-485
-634
-768
-915
-1086
-1194
-1340
-1470
-1584
-1655
-1686
-1696
-1677
-1639
-1581
-1530
-1458
-1350
-1263
-1219
-1173
-1111
-1071
-1021
-959
-918
-883
-817
-745
-704
-631
-529
-462
-361
-306
-243
-218
-178
-151
-170
-193
-185
-232
-222
-202
-160
-57
41
203
366
557
713
910
1077
1296
1449
1620
1777
1921
2064
2217
2378
2523
2663
2819
2980
3080
3237
3357
3486
3569
3575
3514
3409
3222
2964
2640
2304
1972
1603
1261
951
634
317
46
-191
-403
-579
-749
-880
-985
-1078
-1159
-1246
-1313
-1386
-1442
-1502
-1530
-1531
-1499
-1415
-1294
-1154
-993
-852
-671
-434
-267
-108
0
112
166
244
255
250
195
104
86
18
-14
-81
-128
-156
-246
-365
-493
-634
-788
-985
-1206
-1410
-1589
-1779
-1956
-2059
-2152
-2207
-2250
-2212
-2222
-2158
-2080
-2002
-1863
-1823
-1745
-1697
-1623
-1551
-1518
-1446
-1362
-1257
-1169
-1056
-933
-801
-663
-545
-399
-293
-208
-137
-96
-114
-145
-120
-129
-116
-129
-87
-66
-5
91
225
403
569
770
955
1163
1353
1566
1750
1935
2121
2254
2440
2577
2721
2832
2969
3102
3281
3406
3557
3657
3730
3756
3713
3635
3418
3184
2860
2506
2096
1667
1254
841
462
90
-249
-524
-730
-910
-1056
-1181
-1273
-1351
-1443
-1555
-1700
-1809
-1912
-2005
-2024
-2043
-2006
-1922
-1809
-1649
-1454
-1212
-988
-710
-486
-292
-97
43
208
290
302
348
340
308
285
240
188
171
116
62
41
-44
-104
-244
-383
-577
-792
-1034
-1270
-1475
-1706
-1921
-2112
-2224
-2351
-2394
-2450
-2412
-2384
-2314
-2221
-2105
-1971
-1881
-1799
-1710
-1645
-1625
-1582
-1542
-1516
-1460
-1389
-1270
-1135
-989
-810
-651
-490
-317
-209
-123
-76
-61
-82
-99
-116
-178
-199
-174
-183
-112
-15
142
268
451
676
905
1151
1354
1603
1830
2075
2248
2454
2667
2856
3006
3195
3383
3572
3749
3894
4067
4221
4325
4392
4334
4157
3931
3643
3322
2929
2502
1997
1521
1086
648
272
-77
-305
-528
-739
-953
-1117
-1276
-1420
-1558
-1732
-1877
-2043
-2157
-2225
-2279
-2317
-2271
-2199
-2061
-1860
-1661
-1392
-1091
-809
-533
-268
-13
197
329
408
501
546
524
505
464
423
370
315
316
332
308
239
151
38
-96
-324
-519
-805
-1022
-1281
-1557
-1852
-2046
-2166
-2299
-2396
-2431
-2400
-2386
-2290
-2249
-2139
-2018
-1897
-1832
-1751
-1672
-1650
-1579
-1515
-1460
-1368
-1239
-1114
-937
-788
-605
-482
-300
-134
34
150
192
218
178
172
120
59
-4
-90
-79
-68
-64
57
195
340
459
667
891
1138
1347
1523
1721
1960
2188
2373
2611
2871
3150
3356
3573
3817
4042
4283
4476
4665
4853
4941
4982
4953
4746
4488
4144
3752
3278
2750
2241
1704
1260
773
350
7
-274
-509
-742
-980
-1187
-1383
-1553
-1735
-1946
-2146
-2338
-2479
-2604
-2674
-2715
-2672
-2580
-2406
-2172
-1896
-1571
-1239
-906
-640
-339
-90
122
323
434
524
555
543
542
539
463
434
422
357
315
218
185
149
56
-43
-233
-409
-601
-794
-1029
-1301
-1511
-1751
-1929
-2087
-2197
-2271
-2332
-2383
-2343
-2264
-2143
-2039
-1880
-1750
-1608
-1450
-1312
-1195
-1094
-1024
-938
-837
-720
-601
-521
-408
-279
-163
-55
7
70
123
143
128
102
9
-70
-126
-190
-232
-277
-230
-237
-196
-98
-22
107
289
419
562
748
906
1156
1370
1593
1801
2022
2300
2596
2896
3157
3479
3795
4090
4372
4608
4851
5089
5249
5324
5341
5209
5028
4748
4389
3982
3566
3076
2537
2023
1488
1009
587
244
-36
-384
-657
-943
-1182
-1434
-1709
-1968
-2210
-2461
-2715
-2894
-3017
-3071
-3092
-3029
-2913
-2761
-2553
-2267
-1947
-1629
-1297
-964
-674
-420
-192
-20
115
228
276
296
260
255
232
166
131
94
117
80
19
-31
-102
-242
-388
-536
-713
-947
-1186
-1397
-1640
-1813
-2026
-2184
-2280
-2350
-2396
-2421
-2425
-2376
-2273
-2150
-2022
-1866
-1717
-1601
-1493
-1376
-1304
-1243
-1176
-1141
-1091
-1017
-909
-784
-687
-510
-360
-234
-124
-17
95
142
162
177
178
124
134
126
149
187
208
279
362
480
586
748
924
1168
1432
1690
1985
2276
2562
2777
3019
3231
3470
3657
3911
4122
4342
4532
4762
4935
5103
5179
5170
5086
4851
4580
4173
3747
3197
2712
2134
1604
1032
520
108
-250
-561
-880
-1142
-1380
-1605
-1816
-2031
-2252
-2463
-2651
-2815
-2984
-3100
-3169
-3182
-3149
-3103
-2958
-2742
-2465
-2166
-1858
-1512
-1206
-874
-557
-288
-67
67
110
162
126
102
75
36
47
15
3
-15
-33
-62
-92
-124
-195
-306
-409
-575
-796
-1016
-1267
-1519
-1796
-2002
-2219
-2361
-2459
-2561
-2567
-2552
-2486
-2388
-2296
-2185
-2064
-1965
-1912
-1859
-1794
-1732
-1668
-1634
-1555
-1474
-1403
-1283
-1141
-998
-875
-703
-571
-415
-265
-176
-83
-2
61
114
125
156
140
170
193
177
181
282
409
597
829
1068
1293
1516
1780
2013
2238
2404
2663
2865
3061
3271
3537
3772
4031
4263
4472
4740
4955
5175
5340
5391
5327
5107
4812
4467
4021
3528
2967
2407
1829
1271
757
313
-66
-370
-695
-985
-1215
-1477
-1730
-1960
-2179
-2422
-2646
-2862
-3023
-3153
-3256
-3342
-3365
-3322
-3209
-3021
-2724
-2416
-2027
-1648
-1289
-964
-657
-357
-159
-5
67
154
126
124
67
30
-19
-61
-115
-177
-188
-222
-252
-348
-446
-576
-705
-863
-1076
-1338
-1586
-1841
-2126
-2343
-2520
-2653
-2760
-2822
-2848
-2856
-2790
-2693
-2545
-2407
-2229
-2052
-1898
-1703
-1588
-1479
-1336
-1221
-1065
-921
-803
-663
-546
-399
-248
-111
19
143
247
384
474
544
587
586
583
561
569
585
606
634
662
714
798
929
1060
1239
1458
1646
1857
2137
2382
2641
2887
3148
3443
3687
3978
4229
4492
4697
4893
5047
5193
5258
5253
5080
4888
4612
4234
3818
3348
2843
2314
1785
1278
795
354
35
-281
-583
-857
-1144
-1370
-1613
-1824
-2048
-2293
-2539
-2784
-2976
-3151
-3249
-3294
-3233
-3150
-3017
-2802
-2535
-2189
-1834
-1490
-1157
-835
-536
-313
-158
-20
54
72
54
4
-16
-41
-39
-76
-75
-141
-163
-226
-266
-318
-431
-563
-735
-897
-1165
-1388
-1596
-1808
-1985
-2206
-2382
-2526
-2653
-2710
-2745
-2727
-2674
-2592
-2450
-2298
-2123
-1909
-1727
-1573
-1403
-1287
-1164
-1046
-940
-820
-730
-613
-468
-329
-229
-126
-4
113
221
329
398
473
526
516
559
575
589
643
660
673
704
781
920
1087
1244
1426
1689
1925
2158
2422
2706
2971
3246
3519
3767
4065
4357
4631
4862
5041
5244
5365
5478
5453
5313
5070
4793
4437
4015
3544
3027
2542
2049
1553
1064
619
244
-87
-440
-713
-998
-1250
-1484
-1723
-1954
-2223
-2455
-2683
-2899
-3058
-3167
-3184
-3182
-3121
-2997
-2826
-2577
-2241
-1905
-1559
-1235
-901
-579
-322
-139
-3
75
121
169
118
93
104
58
5
-34
-75
-35
-23
-29
-23
-63
-142
-251
-378
-528
-755
-1004
-1228
-1495
-1706
-1943
-2143
-2281
-2355
-2456
-2514
-2516
-2476
-2372
-2300
-2197
-2064
-1936
-1802
-1675
-1576
-1433
-1344
-1268
-1163
-1102
-980
-878
-794
-720
-605
-508
-400
-271
-181
-80
38
126
131
177
187
202
225
239
249
231
287
391
471
630
790
984
1212
1493
1749
2009
2288
2581
2888
3142
3382
3631
3928
4199
4484
4717
4960
5212
5406
5525
5510
5419
5268
5035
4739
4373
3914
3419
2884
2314
1768
1215
734
340
-10
-341
-631
-915
-1177
-1391
-1648
-1890
-2163
-2450
-2702
-2938
-3115
-3266
-3372
-3410
-3350
-3234
-3098
-2869
-2568
-2271
-1937
-1555
-1254
-886
-571
-350
-197
-49
59
46
99
66
32
-10
-86
-111
-146
-177
-222
-263
-329
-427
-509
-605
-768
-957
-1166
-1396
-1621
-1854
-2121
-2346
-2569
-2728
-2829
-2885
-2882
-2856
-2781
-2705
-2553
-2419
-2250
-2085
-1935
-1755
-1606
-1439
-1301
-1170
-1042
-900
-788
-667
-535
-403
-260
-131
14
150
282
403
438
479
508
526
521
501
534
570
596
632
719
787
884
985
1118
1299
1478
1714
1949
2185
2460
2768
3083
3384
3686
3997
4271
4540
4740
4870
5051
5138
5154
5047
4828
4585
4316
4000
3566
3113
2647
2193
1721
1226
759
400
64
-293
-602
-904
-1168
-1412
-1673
-1915
-2211
-2469
-2698
-2891
-3090
-3225
-3352
-3438
-3414
-3327
-3200
-2973
-2696
-2408
-2073
-1772
-1432
-1136
-870
-629
-482
-333
-245
-203
-190
-230
-289
-288
-312
-336
-399
-444
-457
-508
-556
-639
-693
-789
-884
-1072
-1252
-1437
-1632
-1822
-2064
-2282
-2465
-2636
-2709
-2794
-2836
-2834
-2787
-2668
-2569
-2401
-2264
-2086
-1906
-1740
-1600
-1388
-1250
-1130
-965
-889
-819
-738
-622
-546
-421
-302
-172
-6
92
146
275
398
486
543
543
590
663
679
705
763
834
940
1093
1201
1380
1626
1865
2110
2345
2616
2925
3211
3514
3823
4126
4337
4439
4535
4609
4665
4651
4525
4285
4058
3803
3514
3149
2793
2492
2117
1753
1434
1082
764
440
137
-194
-538
-879
-1198
-1480
-1760
-2043
-2323
-2558
-2710
-2871
-2985
-3001
-2999
-2921
-2861
-2736
-2552
-2319
-2085
-1862
-1666
-1445
-1215
-1036
-851
-691
-549
-435
-366
-280
-236
-209
-138
-110
-91
-92
-103
-107
-145
-167
-272
-372
-462
-569
-708
-865
-1000
-1130
-1284
-1461
-1655
-1788
-1916
-2078
-2171
-2246
-2316
-2328
-2320
-2275
-2209
-2137
-2037
-1970
-1876
-1777
-1658
-1534
-1378
-1254
-1161
-1024
-914
-837
-761
-709
-658
-604
-569
-504
-461
-410
-408
-339
-262
-223
-120
-85
-19
48
88
150
229
296
396
477
558
683
799
985
1132
1360
1599
1889
2267
2610
2976
3310
3652
4013
4300
4560
4790
5029
5224
5289
5315
5210
5023
4802
4501
4161
3779
3338
2913
2463
1995
1550
1165
828
493
187
-157
-432
-747
-1020
-1282
-1615
-1924
-2209
-2440
-2722
-2939
-3120
-3225
-3276
-3281
-3234
-3110
-2884
-2657
-2362
-2101
-1800
-1488
-1234
-955
-743
-539
-418
-314
-240
-197
-173
-172
-151
-162
-148
-126
-154
-126
-147
-198
-285
-367
-450
-614
-800
-1028
-1249
-1448
-1676
-1873
-2049
-2208
-2371
-2500
-2595
-2639
-2663
-2656
-2599
-2497
-2367
-2288
-2136
-2025
-1866
-1637
-1479
-1321
-1138
-1010
-855
-698
-561
-409
-320
-154
-2
166
296
413
577
673
799
851
919
959
984
1053
1066
1092
1137
1192
1257
1360
1504
1651
1821
1994
2235
2442
2738
3026
3312
3615
3877
4169
4390
4624
4808
4951
5003
4956
4811
4599
4326
4027
3712
3332
2983
2578
2177
1806
1475
1141
818
518
245
-50
-350
-624
-911
-1220
-1546
-1870
-2128
-2393
-2615
-2781
-2937
-3018
-3019
-3036
-2947
-2797
-2596
-2342
-2107
-1868
-1617
-1355
-1073
-834
-682
-551
-459
-365
-313
-292
-260
-233
-189
-187
-199
-205
-201
-183
-225
-266
-306
-365
-467
-624
-769
-992
-1185
-1401
-1612
-1798
-1974
-2128
-2248
-2325
-2402
-2422
-2426
-2411
-2369
-2333
-2243
-2171
-2060
-1938
-1791
-1605
-1466
-1295
-1159
-1000
-891
-815
-664
-521
-401
-276
-147
5
111
279
422
534
697
792
859
918
993
1091
1136
1185
1252
1298
1409
1541
1659
1788
1981
2199
2402
2638
2885
3190
3467
3736
4007
4293
4520
4707
4860
4905
4865
4704
4518
4278
3997
3680
3324
2926
2514
2131
1739
1425
1092
787
495
188
-80
-334
-578
-840
-1112
-1400
-1647
-1932
-2173
-2392
-2586
-2724
-2850
-2898
-2905
-2848
-2726
-2518
-2243
-1995
-1747
-1507
-1245
-1039
-811
-630
-501
-401
-318
-258
-201
-173
-132
-127
-135
-133
-116
-79
-82
-108
-143
-171
-263
-402
-549
-677
-841
-1037
-1215
-1385
-1573
-1762
-1910
-2020
-2149
-2251
-2293
-2356
-2352
-2324
-2282
-2218
-2150
-2024
-1965
-1841
-1705
-1567
-1390
-1255
-1118
-976
-854
-704
-562
-462
-265
-99
29
154
289
416
538
645
757
846
921
953
1008
1055
1078
1126
1137
1183
1309
1429
1580
1743
1937
2149
2376
2630
2894
3129
3394
3649
3819
4033
4201
4356
4464
4515
4465
4347
4201
3967
3670
3351
3010
2607
2196
1786
1413
1078
784
511
221
-57
-317
-554
-797
-1004
-1244
-1486
-1737
-1985
-2242
-2438
-2617
-2738
-2819
-2847
-2834
-2769
-2619
-2441
-2200
-1992
-1780
-1561
-1275
-1058
-862
-702
-569
-425
-368
-287
-256
-257
-228
-217
-227
-234
-239
-236
-221
-253
-322
-360
-416
-506
-644
-780
-949
-1110
-1302
-1508
-1696
-1887
-2042
-2202
-2328
-2416
-2487
-2510
-2515
-2463
-2409
-2355
-2253
-2134
-2010
-1885
-1739
-1601
-1466
-1387
-1230
-1128
-998
-838
-715
-576
-444
-281
-152
1
124
261
374
480
586
655
720
812
872
891
932
964
990
1079
1135
1214
1383
1564
1788
2012
2271
2542
2770
3023
3270
3534
3766
3970
4135
4277
4393
4405
4351
4177
3995
3778
3516
3195
2872
2524
2138
1827
1455
1102
782
538
262
7
-274
-536
-750
-1019
-1282
-1568
-1828
-2059
-2268
-2422
-2594
-2723
-2797
-2844
-2828
-2769
-2655
-2475
-2280
-2057
-1830
-1630
-1402
-1215
-1008
-842
-724
-608
-488
-388
-339
-285
-234
-221
-165
-120
-117
-112
-108
-103
-144
-210
-294
-384
-483
-642
-856
-1004
-1195
-1418
-1586
-1788
-1946
-2058
-2174
-2288
-2331
-2392
-2407
-2385
-2367
-2293
-2234
-2170
-2056
-1948
-1810
-1664
-1517
-1350
-1212
-1063
-916
-826
-653
-526
-428
-262
-130
10
119
240
370
477
566
668
753
840
894
923
981
987
1017
1055
1124
1207
1322
1468
1642
1825
2021
2272
2526
2809
3047
3300
3534
3768
3914
4059
4218
4239
4216
4111
3938
3700
3441
3138
2836
2485
2133
1794
1442
1125
829
568
334
120
-100
-345
-598
-834
-1059
-1301
-1588
-1801
-2002
-2206
-2397
-2548
-2666
-2716
-2713
-2674
-2557
-2416
-2224
-1989
-1793
-1559
-1340
-1154
-977
-795
-644
-530
-414
-383
-292
-255
-218
-163
-150
-117
-96
-63
-3
29
29
33
9
-62
-153
-308
-491
-652
-861
-1079
-1297
-1525
-1717
-1878
-2049
-2180
-2270
-2312
-2348
-2359
-2329
-2284
-2186
-2085
-1971
-1873
-1761
-1636
-1565
-1460
-1350
-1272
-1128
-992
-847
-672
-528
-384
-210
-18
137
280
440
560
654
732
745
809
832
867
933
955
970
1018
1076
1163
1295
1436
1589
1779
2013
2255
2503
2750
3007
3225
3453
3640
3834
3991
4113
4157
4114
4034
3860
3661
3461
3214
2940
2632
2324
2026
1683
1385
1117
876
614
371
103
-163
-388
-669
-940
-1204
-1464
-1713
-1939
-2169
-2365
-2494
-2615
-2684
-2710
-2687
-2603
-2493
-2333
-2182
-1982
-1733
-1539
-1304
-1104
-928
-734
-614
-483
-378
-304
-250
-185
-121
-106
-75
-15
31
79
109
147
198
199
150
93
-3
-118
-257
-431
-608
-827
-1028
-1223
-1404
-1590
-1772
-1926
-2078
-2200
-2275
-2361
-2388
-2325
-2296
-2220
-2132
-2074
-1983
-1871
-1764
-1680
-1557
-1440
-1286
-1128
-1015
-861
-718
-561
-409
-240
-71
80
243
344
467
596
721
815
877
944
987
1030
1059
1125
1183
1246
1314
1406
1528
1683
1888
2088
2328
2539
2761
2997
3238
3468
3660
3820
3946
4008
3991
3933
3798
3632
3425
3155
2865
2583
2272
1948
1648
1340
1066
808
557
316
59
-191
-392
-593
-847
-1082
-1340
-1595
-1808
-2075
-2273
-2449
-2604
-2680
-2698
-2711
-2642
-2541
-2382
-2213
-2028
-1820
-1637
-1399
-1213
-1035
-872
-751
-619
-500
-400
-322
-268
-162
-143
-109
-54
19
100
112
139
85
78
56
-29
-105
-239
-361
-507
-722
-889
-1086
-1257
-1453
-1635
-1794
-1947
-2020
-2122
-2204
-2236
-2262
-2241
-2225
-2210
-2153
-2092
-1988
-1866
-1787
-1677
-1527
-1383
-1206
-1055
-906
-756
-612
-430
-270
-151
-16
82
195
316
364
451
557
655
740
839
924
1004
1101
1174
1210
1266
1376
1435
1514
1636
1801
1983
2171
2386
2576
2803
3039
3266
3474
3622
3770
3841
3881
3835
3725
3561
3374
3137
2849
2564
2244
1948
1612
1292
1004
764
533
284
53
-154
-355
-585
-786
-1017
-1230
-1443
-1647
-1884
-2104
-2316
-2468
-2573
-2631
-2668
-2648
-2565
-2474
-2299
-2149
-1936
-1701
-1489
-1290
-1087
-888
-730
-563
-489
-385
-305
-246
-161
-128
-75
-37
27
52
120
207
200
229
225
184
97
-10
-129
-310
-475
-658
-873
-1084
-1299
-1507
-1682
-1861
-2000
-2121
-2210
-2266
-2290
-2301
-2301
-2293
-2242
-2205
-2088
-1980
-1880
-1801
-1699
-1577
-1442
-1313
-1191
-1055
-885
-707
-537
-385
-208
-56
66
201
266
374
416
498
594
668
740
828
886
967
1058
1165
1240
1306
1407
1521
1666
1844
1991
2174
2384
2572
2784
2975
3179
3327
3481
3599
3644
3632
3515
3376
3189
2951
2723
2414
2094
1829
1523
1237
962
714
495
282
50
-149
-340
-545
-741
-936
-1169
-1405
-1612
-1817
-2040
-2228
-2369
-2503
-2558
-2612
-2605
-2549
-2448
-2286
-2160
-1974
-1752
-1539
-1329
-1215
-1058
-885
-773
-633
-526
-484
-432
-335
-301
-242
-213
-145
-87
-6
39
40
118
103
93
43
-49
-143
-271
-424
-605
-795
-995
-1171
-1364
-1551
-1741
-1885
-1985
-2071
-2155
-2180
-2177
-2163
-2142
-2131
-2077
-2004
-1892
-1821
-1746
-1655
-1584
-1473
-1368
-1231
-1093
-970
-828
-666
-500
-321
-179
-9
146
262
386
475
571
664
754
837
898
941
1006
1059
1132
1200
1272
1397
1497
1653
1825
1995
2188
2397
2604
2832
3002
3152
3282
3340
3400
3400
3315
3183
3035
2807
2619
2345
2087
1863
1616
1358
1099
872
649
455
241
57
-140
-333
-500
-790
-1058
-1276
-1540
-1737
-1944
-2119
-2259
-2344
-2381
-2412
-2420
-2401
-2321
-2233
-2110
-1990
-1822
-1652
-1450
-1280
-1128
-939
-784
-639
-546
-450
-407
-375
-326
-266
-194
-143
-65
41
108
124
145
155
151
129
34
-44
-123
-244
-426
-585
-758
-903
-1091
-1255
-1434
-1606
-1716
-1823
-1897
-1979
-2038
-2094
-2147
-2144
-2086
-2047
-1980
-1924
-1790
-1697
-1610
-1475
-1342
-1221
-1084
-937
-782
-605
-473
-329
-197
-75
63
199
314
401
529
625
748
814
900
1002
1080
1145
1214
1293
1363
1439
1512
1669
1829
1951
2108
2268
2437
2626
2752
2883
3051
3162
3255
3309
3309
3226
3127
2995
2810
2626
2383
2134
1889
1630
1347
1081
825
627
417
211
26
-187
-366
-545
-724
-960
-1180
-1374
-1570
-1749
-1863
-2012
-2121
-2216
-2269
-2273
-2215
-2120
-2043
-1932
-1783
-1585
-1420
-1269
-1107
-967
-821
-672
-551
-406
-298
-197
-124
-53
-1
43
95
155
173
201
215
245
236
223
203
102
13
-81
-243
-390
-566
-768
-923
-1119
-1306
-1472
-1637
-1775
-1886
-1981
-2012
-2079
-2057
-2048
-1990
-1927
-1894
-1819
-1742
-1634
-1501
-1383
-1272
-1126
-978
-838
-713
-607
-457
-337
-199
-22
115
274
397
522
646
704
770
825
847
918
954
989
1059
1112
1218
1315
1412
1504
1645
1765
1920
2065
2196
2348
2474
2656
2789
2929
3031
3115
3115
3058
2987
2883
2726
2554
2315
2105
1883
1661
1401
1162
949
728
550
329
133
-65
-255
-461
-662
-831
-1028
-1208
-1399
-1549
-1729
-1901
-2016
-2086
-2141
-2172
-2166
-2124
-2042
-1972
-1875
-1737
-1585
-1431
-1265
-1123
-963
-814
-687
-600
-475
-378
-285
-213
-152
-64
-39
-1
48
118
134
142
171
159
139
103
-9
-114
-212
-317
-456
-623
-759
-941
-1067
-1225
-1396
-1546
-1667
-1777
-1916
-1988
-2059
-2082
-2110
-2108
-2082
-2034
-1950
-1843
-1754
-1670
-1543
-1400
-1249
-1128
-1018
-890
-758
-644
-564
-425
-273
-137
8
148
290
417
545
654
754
820
855
881
917
933
989
1025
1114
1226
1342
1471
1579
1719
1866
2006
2182
2356
2498
2598
2706
2780
2794
2863
2832
2808
2745
2621
2477
2285
2090
1903
1682
1465
1277
1020
793
598
391
193
31
-127
-320
-517
-699
-876
-1011
-1188
-1336
-1521
-1695
-1820
-1973
-2054
-2162
-2178
-2187
-2146
-2043
-1941
-1827
-1692
-1553
-1384
-1242
-1087
-928
-825
-701
-631
-525
-450
-357
-255
-216
-135
-42
1
76
95
81
100
101
86
34
9
-1
-103
-177
-307
-410
-509
-690
-814
-976
-1142
-1349
-1526
-1695
-1846
-1961
-2056
-2132
-2168
-2185
-2196
-2155
-2106
-2028
-1946
-1862
-1759
-1629
-1530
-1420
-1288
-1185
-1035
-904
-785
-669
-560
-450
-316
-201
-68
75
167
288
434
555
650
745
828
890
952
1023
1069
1088
1164
1216
1279
1349
1440
1579
1722
1909
2100
2271
2423
2547
2669
2784
2877
2883
2841
2763
2650
2512
2359
2179
1975
1723
1512
1288
1093
901
735
576
373
219
53
-90
-254
-421
-603
-808
-994
-1176
-1315
-1503
-1656
-1812
-1926
-2003
-2044
-2048
-2048
-2000
-1926
-1798
-1682
-1539
-1381
-1234
-1083
-952
-819
-723
-625
-555
-498
-399
-283
-188
-134
-70
0
68
109
125
207
256
272
290
262
186
85
-5
-75
-208
-409
-572
-725
-897
-1067
-1198
-1325
-1476
-1603
-1694
-1792
-1894
-1929
-1939
-1946
-1957
-1926
-1873
-1805
-1772
-1739
-1643
-1560
-1426
-1313
-1217
-1057
-926
-776
-626
-477
-318
-182
-39
87
191
274
335
440
475
544
617
650
768
825
919
992
1048
1124
1204
1259
1353
1460
1599
1772
1891
1993
2101
2239
2347
2451
2555
2596
2661
2703
2719
2682
2599
2528
2420
2267
2113
1934
1716
1527
1327
1126
870
661
470
306
165
1
-138
-308
-476
-637
-823
-966
-1115
-1252
-1387
-1522
-1604
-1688
-1736
-1751
-1727
-1724
-1683
-1639
-1574
-1473
-1351
-1262
-1168
-1032
-874
-726
-608
-478
-344
-261
-175
-70
0
84
130
135
169
214
256
271
261
218
224
170
110
26
-52
-123
-233
-352
-515
-649
-790
-910
-1085
-1228
-1368
-1507
-1627
-1735
-1816
-1884
-1938
-1978
-1964
-1950
-1879
-1808
-1719
-1648
-1514
-1399
-1284
-1152
-1056
-935
-814
-677
-561
-447
-322
-189
-60
34
100
202
266
315
395
467
572
668
782
875
951
1030
1104
1198
1244
1309
1364
1466
1561
1616
1716
1809
1945
2076
2191
2327
2426
2526
2607
2698
2744
2745
2713
2662
2595
2430
2232
2097
1902
1718
1475
1223
1035
816
677
495
334
142
7
-131
-252
-361
-531
-690
-861
-1030
-1193
-1308
-1438
-1572
-1661
-1706
-1762
-1769
-1715
-1665
-1555
-1488
-1419
-1290
-1152
-990
-887
-779
-654
-527
-398
-327
-239
-142
-75
-14
21
81
142
200
269
310
293
290
310
293
267
166
86
11
-105
-252
-416
-526
-653
-803
-994
-1129
-1282
-1409
-1513
-1626
-1709
-1750
-1805
-1848
-1841
-1840
-1797
-1774
-1716
-1656
-1605
-1550
-1492
-1381
-1227
-1090
-960
-838
-674
-542
-392
-244
-111
48
138
218
289
358
430
484
505
573
634
699
776
876
966
1052
1066
1116
1208
1273
1359
1431
1533
1665
1786
1904
2033
2143
2220
2296
2425
2461
2506
2572
2567
2602
2591
2520
2442
2318
2199
2079
1893
1733
1566
1380
1188
1012
830
640
478
286
121
-36
-198
-332
-483
-623
-754
-909
-1030
-1165
-1280
-1415
-1527
-1573
-1625
-1628
-1624
-1596
-1484
-1424
-1334
-1213
-1101
-992
-887
-798
-684
-634
-517
-414
-373
-259
-193
-79
9
82
155
174
226
239
232
260
256
231
159
90
13
-87
-185
-282
-423
-540
-695
-833
-967
-1085
-1226
-1375
-1456
-1580
-1653
-1707
-1746
-1808
-1845
-1797
-1754
-1706
-1675
-1634
-1526
-1477
-1364
-1265
-1139
-1027
-882
-754
-665
-544
-430
-295
-176
-77
16
117
226
340
380
437
467
539
598
664
716
744
798
855
927
989
1031
1066
1160
1219
1273
1394
1507
1632
1742
1849
1959
2053
2134
2223
2306
2362
2427
2480
2483
2480
2443
2368
2265
2140
1989
1811
1664
1473
1295
1169
989
800
614
453
288
133
-37
-218
-371
-530
-660
-844
-986
-1135
-1291
-1367
-1495
-1581
-1630
-1675
-1662
-1659
-1596
-1565
-1508
-1414
-1344
-1240
-1139
-1035
-926
-816
-738
-626
-549
-436
-331
-243
-142
-111
-21
36
103
127
121
128
129
99
86
35
-43
-156
-272
-391
-517
-594
-672
-777
-871
-1012
-1141
-1233
-1334
-1427
-1533
-1605
-1654
-1673
-1697
-1728
-1735
-1734
-1683
-1644
-1578
-1511
-1414
-1310
-1184
-1062
-927
-773
-674
-538
-426
-342
-233
-149
-66
46
110
190
259
318
400
476
519
589
629
695
745
752
784
813
864
892
947
1044
1124
1197
1273
1353
1438
1544
1669
1784
1869
1970
2031
2133
2228
2279
2328
2344
2317
2304
2264
2194
2156
2078
1977
1822
1683
1533
1394
1223
1039
885
685
529
357
206
42
-152
-277
-444
-640
-813
-919
-1043
-1170
-1240
-1313
-1400
-1459
-1487
-1518
-1524
-1508
-1479
-1432
-1359
-1271
-1178
-1098
-1004
-946
-856
-742
-673
-569
-482
-393
-325
-218
-151
-93
-15
69
110
147
140
100
92
44
-12
-72
-138
-245
-318
-447
-530
-567
-663
-742
-843
-939
-1037
-1097
-1159
-1254
-1343
-1426
-1518
-1569
-1575
-1606
-1605
-1577
-1556
-1507
-1422
-1321
-1192
-1049
-918
-819
-714
-596
-467
-330
-240
-109
3
73
127
162
271
322
403
453
506
548
584
638
697
738
773
837
882
929
978
1033
1052
1071
1143
1193
1260
1321
1386
1492
1567
1693
1809
1912
2046
2135
2232
2335
2392
2402
2404
2384
2326
2276
2184
2075
1976
1845
1718
1574
1437
1330
1163
994
794
626
496
367
246
105
-89
-255
-427
-589
-708
-854
-990
-1121
-1227
-1344
-1437
-1513
-1524
-1512
-1497
-1449
-1409
-1345
-1280
-1183
-1091
-1005
-923
-845
-746
-652
-567
-512
-443
-357
-298
-224
-131
-64
-27
37
59
100
94
109
121
79
20
-16
-74
-176
-256
-383
-458
-547
-615
-717
-820
-929
-1028
-1070
-1136
-1197
-1287
-1353
-1418
-1455
-1442
-1458
-1461
-1414
-1407
-1340
-1290
-1212
-1073
-958
-826
-734
-595
-453
-317
-201
-98
3
71
122
191
257
291
315
344
386
399
465
516
550
649
690
740
721
751
793
841
878
943
976
993
1012
1034
1137
1199
1295
1351
1436
1544
1674
1801
1900
2013
2097
2154
2219
2243
2316
2319
2284
2238
2172
2115
1991
1870
1760
1621
1512
1377
1196
1051
916
790
669
529
377
212
38
-114
-252
-385
-524
-685
-831
-954
-1096
-1186
-1279
-1340
-1402
-1453
-1458
-1458
-1384
-1322
-1226
-1189
-1088
-1029
-966
-879
-824
-719
-645
-571
-552
-457
-355
-279
-162
-104
-28
11
51
114
152
175
163
104
61
-2
-78
-97
-140
-204
-302
-401
-532
-597
-658
-752
-823
-926
-1012
-1062
-1123
-1161
-1222
-1274
-1306
-1321
-1342
-1328
-1276
-1231
-1177
-1101
-972
-899
-790
-680
-555
-350
-228
-113
2
85
186
245
298
373
412
452
505
548
600
621
629
662
669
679
688
712
741
761
777
755
734
771
790
821
875
930
956
989
1069
1078
1162
1279
1372
1482
1561
1686
1795
1913
2028
2089
2143
2134
2139
2104
2115
2095
2054
1987
1890
1790
1665
1560
1414
1276
1102
976
840
724
589
476
317
154
-10
-184
-325
-519
-700
-825
-932
-1049
-1159
-1259
-1322
-1343
-1341
-1343
-1348
-1358
-1332
-1307
-1258
-1187
-1110
-1014
-947
-861
-793
-703
-616
-527
-452
-366
-295
-199
-100
-53
10
52
61
67
84
37
29
-11
-48
-107
-164
-197
-284
-338
-389
-463
-551
-623
-712
-788
-874
-914
-960
-1019
-1092
-1138
-1156
-1143
-1148
-1174
-1123
-1086
-1063
-1031
-935
-859
-774
-666
-563
-488
-370
-250
-166
-28
70
142
168
250
294
326
361
411
440
478
520
518
528
541
559
532
508
494
493
485
501
496
468
475
498
518
516
574
616
670
731
766
818
899
999
1090
1202
1292
1387
1470
1572
1644
1731
1779
1829
1821
1805
1827
1801
1769
1722
1667
1572
1478
1417
1354
1261
1166
1041
859
695
524
327
181
90
-31
-184
-341
-499
-628
-747
-847
-919
-1035
-1134
-1207
-1237
-1235
-1272
-1283
-1258
-1242
-1208
-1147
-1076
-1011
-971
-903
-853
-799
-754
-642
-565
-515
-427
-344
-289
-230
-139
-111
-72
-73
-77
-78
-71
-67
-91
-130
-187
-220
-286
-347
-387
-449
-509
-502
-583
-595
-635
-730
-755
-818
-843
-878
-945
-972
-968
-985
-954
-928
-881
-824
-808
-724
-699
-637
-534
-392
-303
-225
-165
-113
-103
-21
70
96
140
156
175
175
214
271
304
335
304
285
277
274
262
247
209
187
138
98
101
107
96
83
69
63
81
106
189
267
363
456
522
600
662
793
911
968
1021
1055
1119
1201
1290
1379
1432
1472
1503
1535
1582
1584
1608
1624
1610
1539
1453
1389
1305
1212
1103
1001
887
756
636
518
379
247
150
79
-37
-183
-349
-486
-567
-635
-729
-790
-884
-968
-987
-1030
-1058
-1088
-1073
-1042
-1006
-996
-967
-938
-892
-844
-799
-730
-655
-579
-513
-467
-436
-383
-361
-292
-256
-245
-260
-241
-219
-228
-216
-204
-214
-212
-232
-256
-276
-311
-345
-345
-344
-402
-420
-488
-544
-588
-593
-565
-584
-586
-605
-657
-646
-629
-600
-563
-560
-529
-531
-488
-403
-336
-273
-239
-202
-143
-100
-53
-79
-75
-27
16
56
47
54
45
47
77
66
68
71
105
119
74
86
46
47
30
-15
-26
-65
-102
-133
-146
-91
-73
-46
-4
66
126
178
243
292
338
405
495
546
606
692
762
866
937
1009
1060
1099
1155
1196
1243
1274
1296
1329
1349
1357
1387
1363
1340
1335
1308
1278
1246
1180
1091
1011
920
822
754
683
572
473
386
310
203
110
1
-107
-192
-279
-359
-412
-501
-529
-557
-608
-647
-730
-709
-739
-752
-761
-768
-775
-781
-755
-738
-699
-693
-661
-614
-560
-502
-443
-410
-375
-357
-348
-311
-277
-263
-275
-272
-259
-243
-233
-251
-263
-260
-285
-257
-293
-286
-324
-374
-404
-417
-450
-461
-463
-493
-470
-491
-448
-445
-475
-499
-530
-524
-507
-504
-505
-482
-459
-451
-427
-386
-367
-350
-306
-293
-253
-250
-227
-232
-249
-217
-210
-190
-182
-178
-135
-146
-149
-134
-123
-113
-107
-108
-130
-138
-180
-175
-166
-163
-165
-162
-173
-186
-161
-124
-114
-61
-40
-3
45
82
108
144
177
235
304
325
356
402
409
461
538
608
661
731
799
807
891
924
981
985
986
1002
1010
1013
997
1011
996
987
956
919
879
859
837
797
751
704
620
575
511
467
413
327
279
189
143
80
25
-61
-117
-177
-273
-312
-324
-372
-402
-408
-452
-452
-480
-513
-531
-528
-533
-554
-549
-531
-523
-478
-452
-435
-413
-413
-396
-379
-365
-360
-350
-320
-326
-316
-306
-283
-286
-292
-308
-329
-339
-340
-379
-421
-447
-469
-441
-464
-479
-523
-492
-523
-521
-533
-567
-594
-599
-576
-593
-536
-541
-535
-496
-469
-497
-498
-434
-439
-450
-407
-326
-298
-293
-258
-225
-167
-160
-158
-168
-167
-196
-194
-182
-203
-188
-171
-141
-137
-123
-107
-96
-91
-91
-88
-96
-143
-135
-120
-143
-138
-144
-145
-105
-99
-85
-60
-23
3
47
97
124
150
222
262
287
316
329
362
394
431
468
523
516
531
587
616
633
683
698
725
742
753
797
806
785
764
726
735
750
767
753
675
654
643
652
674
640
661
617
598
561
498
478
440
431
360
340
293
299
261
245
198
164
136
100
59
-6
-12
-85
-120
-140
-170
-194
-207
-207
-268
-307
-346
-393
-395
-430
-473
-484
-492
-502
-508
-507
-496
-500
-538
-580
-586
-598
-612
-618
-626
-618
-649
-638
-606
-604
-573
-574
-566
-559
-536
-533
-535
-504
-487
-487
-489
-477
-494
-457
-463
-408
-414
-363
-314
-337
-315
-311
-303
-272
-251
-249
-235
-254
-228
-248
-262
-287
-265
-244
-238
-218
-207
-205
-228
-208
-195
-178
-135
-102
-80
-93
-61
-36
-42
-55
-47
-34
-4
1
8
25
33
73
70
95
113
158
196
221
214
219
241
240
252
266
241
262
252
262
238
264
287
286
364
392
418
433
465
475
460
421
427
420
378
371
372
371
389
396
400
410
407
444
441
424
447
445
460
435
415
410
362
340
347
317
303
279
286
311
274
306
276
265
266
240
255
253
256
206
183
119
102
80
59
20
-20
-74
-127
-170
-164
-170
-193
-223
-217
-242
-227
-248
-295
-291
-332
-364
-411
-435
-467
-488
-515
-483
-493
-519
-509
-499
-487
-440
-435
-440
-444
-453
-446
-414
-402
-419
-400
-389
-383
-404
-427
-417
-354
-333
-331
-321
-315
-314
-276
-229
-190
-177
-174
-140
-144
-128
-108
-129
-139
-126
-113
-122
-120
-130
-135
-90
-58
-32
1
-4
47
47
88
106
98
96
55
28
19
-3
-40
-26
-9
12
54
84
128
155
143
180
181
204
160
148
139
111
116
102
69
37
20
-11
-2
-10
7
-34
-12
21
55
95
113
159
156
127
135
145
145
146
111
112
76
98
38
55
113
116
165
194
214
239
253
263
283
254
259
239
222
172
131
109
103
95
107
114
104
115
111
143
120
83
61
39
4
-47
-53
-51
-47
-19
-30
-20
0
-4
38
21
-2
-9
-38
-36
-35
-11
-22
-63
-107
-99
-100
-95
-93
-106
-104
-104
-121
-106
-100
-119
-132
-150
-136
-142
-150
-180
-141
-152
-164
-135
-180
-192
-183
-139
-131
-107
-110
-121
-136
-149
-124
-135
-100
-106
-84
-93
-112
-121
-111
-102
-85
-85
-74
-48
-67
-51
-73
-62
-61
-82
-53
-27
-36
-52
-50
-44
-76
-61
-24
-10
-16
-7
-20
24
40
46
86
46
26
-10
-43
-48
-33
-57
-76
-84
-88
-60
-20
-15
-5
52
57
44
40
23
17
17
32
30
16
10
-14
-41
-29
-44
-65
-39
-49
-55
-24
-21
11
39
49
38
-8
-6
-13
12
-6
-27
-61
-86
-92
-108
-94
-100
-87
-79
-39
-33
-13
9
-22
1
-19
-77
-107
-118
-122
-108
-102
-77
-55
-54
-40
-9
2
18
21
27
29
1
-25
7
46
38
26
-28
-34
-58
-12
48
60
58
43
45
33
44
61
52
5
-36
-51
-68
-83
-115
-122
-106
-113
-127
-95
-63
-77
-110
-104
-61
-68
-56
-45
-77
-69
-83
-95
-111
-83
-101
-114
-121
-111
-92
-82
-81
-97
-53
-50
-63
-58
-67
-71
-87
-85
-57
-52
-27
-45
-91
-109
-88
-75
-72
-46
-79
-71
-64
-40
-29
-44
-1
33
24
-19
-41
-51
-105
-104
-82
-79
-83
-78
-48
-21
-30
-43
-8
-51
-41
-49
-84
-114
-147
-144
-158
-172
-161
-166
-163
-173
-134
-143
-158
-135
-111
-104
-134
-136
-152
-142
-102
-99
-113
-139
-125
-132
-130
-78
-54
-57
-59
-88
-80
-64
-33
-34
-57
-77
-107
-112
-113
-99
-67
-110
-110
-82
-65
-45
-32
4
-20
-32
-29
-40
-46
-61
-90
-102
-119
-135
-158
-111
-112
-80
-34
-28
-9
-14
-22
-32
-35
-61
-79
-124
-120
-123
-110
-85
-66
-31
-50
-49
-56
-65
-63
-49
-25
-17
-64
-126
-129
-165
-160
-156
-152
-141
-126
-123
-93
-58
-78
-95
-113
-106
-128
-152
-136
-168
-176
-156
-147
-106
-56
-88
-73
-79
-65
-32
-56
-33
-52
-83
-57
-54
-35
-28
-78
-101
-121
-142
-134
-134
-134
-131
-119
-110
-128
-135
-125
-127
-128
-141
-137
-142
-146
-128
-100
-91
-58
-67
-62
-68
-97
-96
-88
-92
-102
-113
-94
-73
-63
-36
-91
-101
-108
-153
-131
-164
-177
-163
-127
-106
-109
-77
-69
-82
-93
-112
-112
-99
-133
-107
-107
-133
-140
-153
-150
-137
-110
-88
-123
-152
-137
-100
-87
-85
-94
-108
-122
-134
-109
-114
-125
-115
-103
-98
-80
-65
-84
-87
-108
-102
-78
-60
13
3
7
-20
-48
-88
-124
-125
-107
-108
-130
-93
-102
-88
-106
-124
-118
-120
-73
-97
-109
-88
-67
-25
-23
-30
-55
-91
-91
-82
-60
-57
-80
-47
-15
-11
-12
-6
-36
-60
-83
-64
-68
-71
-44
-99
-113
-109
-118
-76
-20
-17
-32
-36
-71
-91
-59
-31
-15
-55
-97
-94
-82
-74
-67
-69
-65
-114
-98
-88
-103
-121
-111
-110
-117
-61
-50
-82
-67
-61
-93
-104
-89
-41
-39
-51
-93
-120
-140
-115
-79
-73
-57
-50
-65
-72
-68
-64
-84
-66
-65
-61
-44
-81
-85
-107
-128
-124
-124
-149
-141
-118
-110
-82
-102
-108
-94
-52
-66
-53
-77
-119
-115
-155
-99
-86
-64
-78
-52
-49
-70
-52
-69
-84
-73
-68
-93
-96
-97
-94
-70
-67
-55
-36
-80
-67
-70
-98
-68
-102
-90
-70
-78
-65
-88
-79
-68
-64
-48
-42
-35
-82
-79
-75
-87
-61
-55
-43
-60
-93
-96
-97
-111
-100
-85
-82
-69
-71
-75
-104
-67
-52
-52
-30
-29
0
-25
-54
-52
-35
-53
-64
-40
-45
-15
-24
-7
3
-5
-11
13
-7
-9
9
-5
-21
-32
-53
-40
-36
-63
-59
-54
-41
-36
-15
-16
4
48
24
32
52
34
29
1
12
48
93
70
60
58
64
56
46
58
43
20
2
35
4
10
6
-30
-16
-28
-32
-37
8
18
17
22
7
7
-7
-40
-52
-28
-35
-16
1
9
-9
-7
33
47
69
64
21
12
23
-5
8
-12
-8
-24
-48
-56
-55
-20
0
14
-20
3
-5
-35
-35
-13
-33
-10
4
-5
-27
-26
-34
-31
4
-14
-16
-16
-29
-66
-55
-76
-52
-34
-26
-21
-24
-26
-17
10
6
-16
-3
8
-9
-45
-11
5
-10
10
17
26
39
33
45
40
34
39
15
-2
-1
21
13
-11
-12
-1
6
15
29
12
1
22
2
-23
-9
-9
-8
-6
-33
-25
-2
-10
6
12
30
48
67
56
47
78
58
82
66
63
82
79
96
80
110
98
104
114
83
91
80
64
29
17
33
47
68
70
83
82
63
96
87
96
99
81
59
13
-16
-1
40
55
35
34
10
-32
-15
-30
-7
3
-6
0
-37
-30
-9
-9
22
31
56
83
43
30
45
26
36
31
18
4
11
50
45
47
-3
-25
-9
-12
-4
-14
-30
-31
-43
-31
-35
-39
-41
-15
-3
-8
32
57
73
65
55
77
84
64
47
33
28
28
13
35
71
70
97
81
50
47
57
68
86
94
41
15
3
-7
14
6
4
6
16
31
50
49
57
63
75
75
75
112
95
65
68
72
81
72
82
93
68
40
47
33
49
87
83
97
108
89
96
99
128
131
150
155
110
135
139
140
181
179
162
165
156
160
165
133
116
111
108
92
108
104
74
80
80
68
101
129
134
153
131
151
102
90
86
85
128
114
117
103
60
44
69
51
35
44
50
51
50
45
52
66
85
51
10
-20
0
15
-17
4
10
-5
7
8
33
25
-9
-26
-13
22
-4
6
-4
15
45
34
51
55
57
78
73
84
64
49
52
71
81
43
31
31
46
41
70
64
59
53
52
59
59
74
61
50
72
99
81
78
71
65
90
104
78
67
54
48
46
28
23
12
25
24
32
52
37
34
35
41
64
67
57
57
60
77
83
93
97
90
110
71
67
53
50
59
34
52
50
72
92
68
49
34
27
47
35
23
30
52
37
25
18
52
53
49
49
28
23
17
34
54
78
54
40
50
39
38
24
27
9
29
0
-22
-37
-25
24
26
13
10
20
37
25
20
18
16
-10
-31
-40
-28
-27
-36
-8
-20
-29
-41
17
12
-17
-43
-51
-79
-85
-47
-39
-50
-77
-79
-27
-7
-6
-20
-19
-9
8
-9
-41
2
26
19
32
37
28
20
43
26
11
20
20
35
20
-8
-3
-12
-49
-51
-45
-1
5
-41
-59
-43
-34
2
0
-14
-18
-11
1
20
16
21
6
29
63
56
31
37
39
51
49
65
82
42
64
66
64
44
27
49
50
12
16
18
18
61
49
16
19
26
40
47
38
46
29
46
38
-2
-3
-11
3
9
15
11
-2
-7
-28
16
20
19
57
43
29
58
1
11
24
0
16
-30
-5
12
-8
-16
7
-19
-38
-17
-7
-2
-22
17
-15
-11
52
65
60
59
48
41
31
20
-15
-21
-20
-53
-43
-49
-26
14
37
71
100
69
13
5
33
33
22
-17
-8
6
7
11
-2
-22
-37
-36
-31
-24
8
9
56
68
70
85
63
84
73
67
37
35
20
46
83
79
86
76
55
49
76
103
83
65
36
46
51
69
101
91
81
90
46
23
48
24
22
49
88
71
79
81
111
90
87
107
87
98
119
126
89
86
83
64
50
69
69
80
83
86
71
55
51
58
65
38
69
108
82
73
75
24
0
-15
12
17
50
41
44
71
78
96
56
67
54
61
65
63
46
34
38
42
50
9
22
28
41
49
25
38
34
47
47
10
16
33
38
63
71
58
67
57
75
47
28
35
4
-9
8
31
63
58
44
42
36
36
33
31
25
25
32
45
68
66
76
98
84
93
65
72
64
47
25
18
54
42
91
85
77
91
110
89
58
73
104
116
90
81
81
86
53
29
60
100
105
115
128
91
83
67
47
62
76
55
31
57
41
33
64
65
50
64
91
72
72
82
84
35
5
-10
-13
-13
-20
5
18
34
20
24
35
18
44
21
17
15
27
47
13
37
36
8
7
44
66
113
108
133
145
124
87
80
86
77
80
45
49
44
72
55
82
77
81
107
132
101
77
62
17
28
18
65
25
18
37
52
63
56
64
63
85
56
-8
17
49
76
58
51
58
26
49
61
47
-8
-27
-9
0
4
33
49
49
11
30
38
44
46
30
45
48
72
113
119
106
86
80
88
87
80
62
72
76
67
70
75
82
92
82
34
53
59
59
49
44
57
60
41
49
62
50
44
20
25
0
42
70
81
55
90
91
74
66
65
84
88
79
20
37
10
37
38
24
16
44
61
69
67
87
92
59
59
53
20
22
58
11
28
46
48
27
13
21
32
51
83
77
43
48
36
49
21
36
40
14
21
46
47
47
60
32
62
22
13
30
-9
3
-3
2
-5
-6
39
51
25
27
22
6
-6
-30
-37
-18
-43
-44
-37
-27
-34
-43
-21
-1
1
20
57
47
49
-4
-31
-33
-20
2
-7
0
-28
-26
-24
-15
-20
-22
-14
-10
3
-42
2
-21
-41
-32
-51
-40
-41
15
34
13
18
9
29
41
14
20
10
-9
26
12
4
12
32
28
1
46
44
55
36
24
-23
-21
-4
-62
-63
-92
-69
-56
-57
-59
-38
-8
2
-2
20
13
14
-22
-40
-42
-38
-11
1
-8
-28
-36
-46
-51
-80
-66
-71
-85
-85
-48
-16
-11
-1
-2
-5
5
-2
7
-32
-63
-45
-66
-62
-63
-45
-24
-4
-8
14
43
31
12
-20
-24
-54
-78
-48
-21
-23
-23
-41
-48
-59
-35
-52
-27
-13
-27
32
28
-2
21
-11
-36
-20
-43
-15
-29
-40
-43
-27
-13
-3
19
6
8
4
29
65
56
72
66
22
40
41
41
40
35
40
58
23
17
17
20
32
14
5
-3
-9
-8
-9
-25
-33
-7
-17
-10
-44
-52
-14
-29
-16
-2
-2
-5
1
37
70
67
51
41
40
31
12
14
20
41
44
22
-9
-27
5
27
18
11
24
18
4
6
-3
-34
-7
-25
-37
-20
10
11
23
42
-13
-21
-54
-54
-31
-1
33
24
27
42
30
0
-10
-24
3
7
-3
-19
-19
-17
-45
-10
-10
-19
-29
-1
33
70
62
48
28
28
13
20
22
1
8
29
58
40
61
53
29
14
-11
-6
-17
1
-18
-47
-36
-22
20
22
-8
17
22
18
27
34
37
33
38
36
23
6
52
48
33
38
32
29
33
75
85
64
29
22
-19
-14
-41
-36
-16
-20
-28
-49
-8
-4
3
33
36
35
57
45
60
51
36
50
16
-10
-2
5
20
43
28
2
35
29
9
24
12
28
20
17
51
26
12
57
49
49
51
15
26
26
53
43
27
36
25
28
28
26
6
-8
-2
19
8
10
13
1
1
-18
-17
-22
-25
1
-22
-11
0
10
25
24
21
-1
5
7
-37
-53
-20
-20
-10
1
20
69
64
78
101
98
102
98
96
103
51
67
15
18
14
-15
20
11
28
42
47
41
42
58
76
64
33
60
58
25
29
19
-1
-18
14
28
30
42
60
50
67
56
37
41
42
68
86
75
91
68
100
96
71
80
62
64
84
74
85
66
55
41
27
47
24
23
49
62
46
67
80
71
88
60
56
36
49
55
42
44
45
55
67
74
39
39
56
52
51
55
46
85
121
132
94
132
113
81
86
82
73
41
45
40
28
40
58
38
52
81
103
83
85
127
105
107
127
116
114
87
90
100
125
112
155
127
115
146
140
112
88
117
123
158
171
146
146
125
103
102
82
77
76
70
44
60
89
95
114
89
119
125
129
136
108
106
93
78
63
45
72
80
60
65
40
30
72
80
95
128
137
103
84
88
117
133
162
165
123
86
66
91
96
110
88
111
120
104
119
117
104
78
104
81
57
42
66
96
116
122
124
107
109
79
78
88
55
38
50
43
31
36
61
76
43
39
38
57
53
102
103
97
78
77
96
86
74
56
99
74
90
100
107
100
80
62
44
46
39
31
30
45
67
66
70
91
104
96
101
109
65
52
54
34
27
29
56
77
102
93
123
120
115
119
70
91
79
71
92
86
90
65
75
84
99
101
91
78
87
104
79
76
77
23
42
25
7
33
24
52
42
32
26
23
30
27
8
8
12
23
8
17
13
9
29
21
22
18
32
22
37
43
60
52
32
37
6
1
1
60
52
59
55
60
50
31
23
17
6
-19
-4
1
19
21
31
3
23
24
19
14
27
12
11
41
38
41
7
5
26
23
13
7
-6
6
33
5
-1
20
-5
-31
-13
14
34
24
48
40
66
62
19
37
45
45
41
33
60
75
80
102
75
63
45
32
22
7
41
53
34
4
18
21
1
-6
1
-34
-62
-56
3
10
23
37
21
43
30
54
21
3
16
3
11
34
70
44
54
48
85
74
68
66
47
51
40
37
33
22
23
38
18
3
-17
-2
-11
-16
10
7
-15
8
45
14
1
33
11
22
36
17
23
35
16
28
55
43
27
-28
-21
-43
-44
-18
-28
12
19
10
32
27
-31
-13
-20
-12
0
19
38
59
69
39
44
7
0
-15
3
8
-3
4
19
3
-38
-52
-37
-24
-51
-34
-7
13
11
28
30
7
3
-23
-9
0
-35
-58
-29
-16
-12
-23
-21
-12
-7
3
17
41
67
60
66
70
34
18
14
-1
-25
-3
-12
23
11
15
8
-2
18
10
13
30
23
30
1
3
15
5
30
29
47
62
77
75
89
31
5
-29
-9
2
-10
30
21
48
48
59
68
43
41
23
-26
4
9
34
63
67
73
30
32
16
37
37
16
9
-15
-20
-44
-11
-13
12
28
14
16
-4
-7
2
17
2
-9
2
-31
-5
-16
-4
35
25
16
-21
-5
5
12
11
-9
-6
40
19
3
4
15
16
8
9
1
9
30
48
32
46
27
11
5
-5
-27
-10
-24
-33
16
30
41
21
16
2
6
18
47
40
47
38
55
50
32
52
32
59
43
31
15
-2
4
-18
-21
-34
5
12
8
15
-5
2
-15
1
0
-21
-10
-33
-17
-1
-17
5
-1
38
25
26
30
-9
-6
10
38
13
-2
-16
-5
2
30
28
16
41
21
51
40
28
11
14
46
35
43
9
-13
-25
-22
-30
-20
-7
2
8
-44
-29
-46
-29
-20
-29
14
21
39
-3
-18
-1
-7
30
47
34
24
21
-3
-10
-35
-50
-8
9
41
62
55
76
76
98
70
80
53
36
22
1
15
11
10
20
34
13
8
10
23
22
22
-7
13
26
33
44
36
38
29
14
-16
-4
6
14
50
99
110
114
92
61
41
25
68
84
78
46
90
97
63
36
26
43
10
19
-2
7
32
40
14
47
31
75
100
72
95
37
42
39
42
56
39
54
30
18
24
43
45
34
36
23
26
63
78
77
92
82
42
47
24
17
28
54
62
81
85
83
75
50
42
-22
-2
-9
12
12
6
7
-46
-24
-9
10
51
17
27
25
27
56
19
34
36
34
53
31
1
8
42
37
59
43
78
79
68
49
33
38
34
47
55
48
45
79
95
99
76
77
75
37
30
-10
-24
-19
-15
15
22
28
10
19
6
-4
-16
-7
3
-5
-2
-30
-25
-27
-33
-4
29
29
39
-14
-24
-24
-13
11
10
0
16
44
22
32
9
36
47
60
33
11
9
-14
2
16
19
47
34
28
28
6
-2
14
32
39
46
31
2
-8
-54
-54
-3
0
8
-22
-49
-62
-58
-27
-10
23
66
74
73
55
40
47
29
33
53
26
33
12
-38
-37
-25
5
-34
2
4
-2
11
14
7
24
8
1
-23
-74
-51
-33
-23
-25
-29
-5
-4
-31
-30
-42
-17
-55
-58
-61
-47
-7
15
29
-6
6
-5
-5
10
-14
-4
4
10
24
16
25
5
-12
-23
3
-20
-46
-41
-28
-52
-68
-42
-51
-65
-91
-60
-28
-35
-37
-33
-39
-25
-57
-54
-35
-36
-40
-35
-2
-42
-39
-50
-71
-56
-63
-12
-8
-55
-14
-26
-19
-62
-54
-55
-56
-49
-44
-23
-39
-42
-53
-44
-41
-77
-94
-122
-117
-104
-99
-90
-94
-95
-101
-87
-42
-40
-55
-54
-113
-128
-135
-150
-97
-94
-114
-109
-124
-113
-105
-103
-105
-74
-80
-74
-90
-99
-75
-52
-47
-78
-60
-48
-65
-72
-102
-120
-109
-131
-128
-130
-127
-119
-142
-138
-136
-128
-106
-103
-102
-79
-90
-100
-111
-106
-111
-127
-125
-108
-75
-93
-101
-124
-139
-124
-84
-51
-16
-5
-31
-55
-74
-104
-116
-88
-76
-48
-55
-47
-44
-31
-50
-79
-84
-99
-108
-99
-140
-128
-110
-116
-130
-114
-112
-87
-79
-110
-73
-53
-53
-120
-122
-92
-90
-102
-117
-68
-56
-37
-59
-102
-82
-80
-109
-91
-56
-67
-103
-92
-80
-90
-32
-37
-38
-51
-51
-83
-61
-61
-92
-70
-100
-99
-110
-114
-114
-114
-128
-144
-118
-91
-111
-92
-104
-85
-112
-80
-100
-144
-127
-182
-156
-128
-138
-125
-102
-141
-111
-96
-140
-111
-83
-105
-92
-117
-129
-133
-141
-123
-114
-80
-76
-105
-99
-119
-114
-108
-113
-138
-152
-136
-117
-89
-121
-112
-130
-128
-79
-77
-91
-125
-125
-118
-89
-68
-87
-56
-96
-118
-84
-85
-59
-69
-67
-80
-96
-125
-131
-118
-147
-134
-119
-148
-96
-94
-106
-78
-55
-61
-37
-76
-113
-92
-130
-113
-112
-108
-84
-108
-75
-96
-114
-78
-70
-60
-43
-51
-51
-101
-109
-135
-146
-124
-138
-118
-145
-118
-122
-106
-88
-61
-85
-112
-112
-120
-133
-148
-134
-108
-119
-114
-96
-96
-99
-103
-110
-134
-129
-138
-131
-120
-144
-149
-147
-116
-110
-127
-105
-70
-78
-145
-153
-146
-151
-138
-148
-148
-141
-181
-191
-182
-185
-183
-165
-144
-146
-157
-158
-167
-128
-120
-149
-117
-140
-133
-145
-157
-142
-119
-102
-124
-104
-107
-111
-151
-192
-182
-196
-171
-127
-138
-136
-143
-151
-166
-198
-185
-194
-179
-184
-197
-178
-200
-213
-214
-202
-192
-160
-160
-161
-153
-142
-132
-208
-186
-186
-183
-165
-156
-114
-125
-123
-117
-128
-135
-132
-185
-206
-187
-188
-191
-224
-211
-207
-201
-187
-198
-175
-174
-163
-143
-165
-139
-188
-215
-216
-222
-181
-179
-206
-206
-203
-173
-151
-135
-103
-91
-95
-95
-117
-99
-111
-107
-111
-147
-168
-153
-142
-165
-143
-149
-139
-159
-119
-139
-160
-161
-213
-188
-173
-130
-95
-122
-164
-165
-197
-188
-168
-179
-174
-175
-167
-168
-156
-157
-174
-154
-158
-160
-169
-180
-191
-201
-192
-175
-191
-191
-160
-143
-145
-163
-111
-107
-131
-136
-144
-154
-141
-145
-151
-149
-160
-137
-158
-204
-232
-187
-180
-125
-111
-112
-106
-111
-138
-143
-122
-180
-200
-188
-178
-181
-197
-219
-193
-171
-144
-170
-164
-163
-202
-185
-218
-222
-219
-181
-205
-217
-200
-231
-224
-224
-203
-206
-192
-193
-181
-195
-240
-228
-202
-197
-182
-217
-236
-225
-236
-206
-193
-213
-224
-210
-168
-180
-198
-209
-211
-218
-202
-215
-205
-206
-221
-206
-205
-181
-167
-174
-194
-191
-189
-225
-221
-197
-189
-164
-160
-137
-169
-160
-190
-172
-170
-188
-188
-213
-200
-230
-226
-249
-237
-222
-216
-184
-190
-184
-212
-216
-204
-216
-192
-172
-163
-161
-164
-197
-204
-205
-223
-168
-145
-143
-151
-138
-158
-179
-160
-138
-119
-117
-107
-81
-112
-138
-151
-148
-156
-168
-133
-144
-149
-152
-161
-168
-167
-157
-173
-174
-192
-214
-201
-214
-231
-217
-214
-206
-214
-227
-215
-224
-191
-171
-148
-180
-195
-190
-189
-170
-155
-161
-163
-154
-192
-204
-204
-164
-155
-148
-170
-171
-146
-136
-133
-119
-166
-173
-190
-212
-211
-219
-174
-175
-177
-182
-168
-164
-143
-174
-181
-189
-190
-151
-158
-153
-152
-181
-173
-165
-143
-145
-162
-140
-174
-173
-159
-157
-133
-109
-95
-115
-173
-148
-116
-125
-127
-143
-175
-194
-217
-172
-179
-153
-135
-122
-77
-85
-122
-126
-108
-129
-127
-127
-145
-137
-156
-174
-175
-172
-160
-137
-145
-107
-103
-124
-98
-121
-126
-147
-130
-141
-157
-184
-183
-206
-206
-175
-171
-159
-162
-159
-150
-134
-117
-111
-98
-131
-160
-149
-134
-120
-140
-142
-164
-176
-191
-178
-169
-140
-139
-129
-126
-144
-160
-160
-196
-191
-177
-190
-148
-156
-145
-157
-157
-149
-169
-172
-191
-205
-202
-203
-190
-158
-160
-147
-116
-135
-154
-170
-191
-197
-191
-167
-201
-202
-192
-185
-165
-147
-143
-137
-149
-180
-190
-188
-205
-186
-168
-183
-146
-168
-195
-192
-187
-163
-137
-116
-89
-116
-115
-120
-111
-116
-110
-89
-76
-98
-120
-131
-169
-137
-142
-125
-113
-113
-101
-108
-98
-105
-98
-96
-113
-91
-89
-90
-97
-95
-80
-77
-119
-131
-133
-143
-157
-156
-168
-158
-131
-114
-90
-107
-46
-41
-31
-2
-51
-83
-97
-107
-115
-83
-83
-96
-86
-59
-40
-41
-63
-80
-46
-86
-96
-77
-80
-74
-98
-75
-66
-79
-78
-82
-67
-75
-61
-80
-98
-131
-118
-100
-89
-97
-101
-82
-97
-60
-113
-76
-75
-81
-62
-65
-33
-33
-46
-76
-82
-87
-65
-48
-40
-70
-57
-82
-81
-92
-94
-105
-106
-96
-107
-79
-78
-71
-76
-61
-58
-50
-43
-60
-66
-53
-60
-71
-53
-62
-89
-119
-84
-88
-84
-42
-34
-23
-19
-32
-68
-71
-52
-48
-59
-66
-82
-81
-55
-56
-62
-51
-48
-76
-103
-115
-124
-79
-64
-64
-60
-61
-68
-50
-42
-45
-64
-57
-63
-82
-68
-104
-102
-81
-90
-108
-129
-103
-84
-72
-92
-68
-72
-71
-45
-26
-67
-97
-104
-109
-91
-83
-110
-139
-109
-95
-38
-12
-18
-14
-32
-33
-65
-45
-53
-61
-55
-81
-73
-39
-53
-59
-78
-72
-30
-19
-21
-35
-28
-44
-58
-48
-38
-41
-63
-61
-78
-96
-72
-74
-57
-47
-98
-71
-64
-48
-52
-17
-43
-37
-11
-50
-25
-64
-51
-41
-31
-32
-38
-31
-51
-36
-56
-30
-22
-16
-7
-20
-36
-40
-3
-19
-11
-3
8
-53
-59
-104
-111
-77
-77
-63
-56
-51
-46
-36
-35
-30
-25
-47
-38
-56
-90
-101
-90
-44
-52
-28
-4
-28
-48
-71
-78
-59
-35
-41
-32
-23
-28
-70
-67
-67
-47
-11
-24
-51
-92
-122
-126
-104
-83
-78
-40
-39
-35
-23
-35
-29
-47
-63
-57
-57
-92
-77
-92
-98
-108
-118
-103
-98
-86
-89
-105
-96
-77
-83
-95
-59
-49
-53
-48
-64
-73
-66
-94
-102
-116
-135
-139
-128
-161
-121
-126
-134
-112
-106
-87
-80
-86
-91
-92
-89
-106
-116
-106
-145
-161
-130
-107
-88
-86
-83
-88
-80
-106
-109
-100
-112
-92
-92
-105
-99
-115
-127
-105
-118
-149
-169
-141
-139
-111
-96
-91
-90
-144
-113
-126
-136
-138
-153
-142
-185
-190
-182
-190
-176
-162
-155
-119
-125
-139
-122
-113
-135
-118
-112
-143
-141
-140
-146
-153
-152
-112
-81
-87
-116
-140
-99
-100
-87
-85
-62
-53
-79
-132
-138
-162
-182
-167
-163
-171
-166
-149
-169
-172
-176
-152
-136
-139
-193
-211
-195
-191
-166
-150
-161
-174
-169
-183
-150
-145
-165
-143
-164
-184
-159
-157
-123
-92
-100
-85
-75
-70
-84
-97
-87
-101
-124
-139
-153
-170
-164
-137
-148
-158
-132
-150
-148
-126
-141
-153
-139
-141
-149
-161
-156
-204
-174
-183
-186
-132
-97
-76
-88
-93
-111
-121
-111
-108
-78
-121
-139
-115
-104
-116
-123
-120
-137
-112
-98
-138
-137
-109
-141
-124
-137
-138
-95
-86
-92
-131
-143
-128
-145
-137
-130
-145
-135
-166
-143
-171
-150
-105
-92
-74
-66
-70
-61
-29
-40
-52
-84
-63
-84
-96
-90
-125
-141
-148
-137
-108
-91
-85
-78
-76
-87
-112
-78
-111
-115
-109
-113
-114
-106
-76
-75
-54
-70
-61
-68
-110
-133
-140
-132
-141
-121
-120
-100
-87
-84
-58
-57
-9
-26
-60
-68
-83
-92
-73
-83
-57
-72
-83
-72
-95
-48
-39
-48
-40
-46
-77
-58
-65
-75
-66
-76
-57
-66
-67
-50
-42
-62
-81
-91
-83
-84
-127
-112
-92
-98
-99
-113
-101
-122
-123
-116
-83
-71
-74
-72
-96
-77
-69
-87
-84
-82
-60
-41
-31
-30
-11
16
22
2
-3
-15
-1
-16
-30
-25
-35
-31
-33
1
2
-8
-60
-49
-36
-33
-21
-38
-22
-36
-6
-45
-93
-96
-100
-97
-126
-110
-105
-103
-84
-102
-90
-49
-61
-39
-58
-46
-51
-63
-78
-96
-94
-106
-85
-96
-83
-25
16
-1
-28
-48
-66
-66
-76
-49
6
-33
-65
-67
-85
-54
-44
-41
-39
-52
-58
-54
-85
-98
-89
-67
-50
-93
-88
-76
-60
-68
-92
-91
-59
-36
-35
-48
-74
-63
-54
-63
-38
-15
-10
-16
-30
-35
-31
-38
-62
-53
-56
-61
-47
-70
-59
-77
-62
-68
-66
-48
-70
-71
-75
-42
-45
-20
-54
-78
-41
-54
-13
4
7
6
19
15
9
6
21
6
-15
-39
-33
-9
-2
26
16
25
28
37
11
1
-15
-21
-34
-36
-29
-27
-45
-61
-72
-60
-40
-55
-56
-28
-24
-43
-53
-49
-51
-70
-73
-64
-49
-44
-58
-45
-60
-26
31
5
33
6
-28
-6
-1
44
54
21
5
2
-7
11
41
16
9
-10
-2
9
9
18
36
41
26
33
30
3
14
24
20
-6
-41
-24
17
17
17
14
0
-11
-29
-44
-25
33
33
30
19
-7
17
9
-22
-16
-17
-35
-29
-18
-32
-30
-11
-11
17
11
9
13
-4
-26
-39
-37
-43
-47
-30
-19
9
-2
29
38
33
41
7
20
-1
6
2
-1
5
-2
20
32
52
82
53
62
61
57
42
44
46
34
39
20
33
31
47
48
56
40
39
17
20
38
32
57
41
-11
-25
-46
-25
-12
-1
22
27
-3
-18
-9
-7
-7
-4
3
-3
3
-24
-10
-18
8
33
39
60
65
66
42
18
4
15
-9
-22
-11
22
32
15
40
38
43
56
72
71
55
22
19
5
-14
13
34
43
39
6
12
-12
-13
17
29
25
16
15
21
5
-4
-7
-10
-4
13
23
-11
34
38
-8
-29
-15
13
0
16
6
43
39
35
42
40
71
80
36
45
37
4
-13
-3
1
-9
-9
-7
9
38
57
46
57
39
47
54
31
44
21
-7
-6
3
24
26
12
21
22
22
33
25
54
52
32
32
19
9
18
57
41
37
44
39
24
18
25
43
45
25
31
51
46
13
-9
3
26
50
71
52
46
31
27
26
25
34
48
76
54
35
19
26
34
46
20
63
54
33
58
30
28
32
18
32
34
69
64
63
107
59
55
61
27
25
30
13
13
5
13
6
9
38
21
33
19
17
24
22
0
17
-2
-5
8
1
0
14
41
-17
14
47
41
71
57
47
44
22
43
60
65
53
38
31
55
63
51
73
41
50
77
40
37
34
58
101
86
90
83
74
101
104
80
49
37
26
3
11
25
16
23
32
33
21
8
3
-1
30
37
53
52
39
41
21
11
52
28
21
41
6
13
32
39
33
66
75
47
25
31
18
24
27
42
49
26
19
24
35
24
48
66
73
63
61
37
22
14
19
36
50
61
63
54
57
33
43
63
62
78
69
64
53
72
77
76
77
76
97
97
67
71
50
57
58
97
89
45
16
21
50
56
86
55
64
49
57
44
48
64
48
61
50
53
19
9
30
-1
18
72
50
97
96
101
91
78
102
95
100
85
85
70
97
82
76
97
108
130
111
123
118
96
103
71
120
92
75
85
42
16
35
44
49
67
59
96
93
98
122
105
104
86
99
107
128
125
109
111
100
141
152
151
127
113
105
107
96
118
129
151
174
177
177
183
155
112
110
126
149
138
146
138
116
113
83
96
128
120
137
117
61
70
107
121
124
140
151
129
138
111
108
132
108
121
115
148
171
157
140
121
116
