-18
-9
-13
-8
-3
-1
-7
1
6
8
5
7
6
-1
3
0
9
0
-4
-1
3
1
-1
-9
-2
2
2
0
-4
6
7
3
2
6
-2
2
0
5
2
2
7
9
16
17
23
23
18
22
22
19
15
1
10
12
21
16
19
27
29
26
18
18
15
23
10
16
16
13
17
10
4
2
-3
-10
-8
-7
-3
6
2
6
3
-2
2
2
1
-8
-2
-5
6
8
7
9
2
-1
-8
-11
-12
-12
-6
-8
-6
-4
-8
-5
-9
-13
-22
-15
-18
-25
-9
-2
-7
-10
-10
-12
-14
-19
-14
-12
-13
-10
-11
-19
-16
-12
-14
-19
-16
-10
-7
-11
-14
2
-2
-1
-10
-8
-5
-17
-10
-13
-20
-19
-13
-5
-3
-1
0
-4
-6
-7
-9
-12
-2
1
-7
-2
0
0
3
-3
-6
-3
3
11
6
3
4
3
1
-1
5
7
7
16
21
17
21
22
24
20
19
16
18
20
19
28
33
30
28
27
22
22
22
16
7
11
13
12
9
21
26
16
22
20
20
23
18
6
6
3
7
16
11
10
12
11
13
19
14
6
1
9
1
-3
-4
-8
0
4
4
3
3
2
7
-4
-7
-1
-6
-10
-17
-10
-3
-9
-4
-4
-13
2
-8
-9
-6
-23
-17
-13
-15
-5
-3
0
10
-1
-1
-2
-5
-4
-3
-4
-2
-9
-5
5
5
15
5
3
2
-1
3
2
0
-5
-1
0
1
-1
-8
1
7
7
10
7
7
6
-2
-13
-13
-5
-4
1
7
7
11
11
13
10
0
-4
-7
-6
-9
-2
8
11
16
15
21
25
16
9
10
2
-4
-3
0
-4
-3
9
6
7
7
12
2
3
-2
-6
-13
-12
-5
-17
-9
-6
1
2
1
1
-6
-7
-16
-18
-17
-12
-9
-13
-10
-5
-7
-10
-3
-3
-10
-8
-10
-10
-15
-22
-22
-23
-15
-7
-3
-3
-6
-7
-8
-16
-22
-24
-31
-27
-28
-24
-15
-19
-10
-9
-6
-9
-8
-14
-21
-26
-25
-21
-23
-10
-16
-17
-12
-13
-9
-14
-14
-13
-27
-22
-22
-25
-15
-9
-3
1
2
-2
-4
0
-3
-15
-6
-14
-21
-20
-23
-21
-11
-9
-13
-4
-4
-8
-14
-13
-20
-11
-11
-6
-3
-7
-4
-2
-5
-3
2
-5
0
-5
-10
-9
-9
-12
-2
0
6
15
16
15
10
0
4
2
-6
-4
-8
6
2
2
0
-1
8
6
6
2
4
-1
2
-2
-3
0
-8
-9
-14
-14
-13
-9
-11
-12
-5
-4
-3
-10
-9
-2
-9
-3
6
0
7
6
0
-3
-3
-7
-7
-3
-1
6
7
14
7
8
7
3
3
-1
3
10
13
9
13
7
7
7
9
13
9
16
13
7
7
6
7
4
0
4
6
7
15
15
8
6
1
-4
-6
-1
-1
-3
1
-2
4
10
3
4
0
-2
1
-1
13
4
0
1
-2
-7
-6
-8
-5
6
2
-7
-12
-11
-16
-11
-9
-4
1
8
9
10
4
5
-3
-13
-17
-22
-14
-12
10
4
4
8
4
1
-3
-1
-3
-5
2
10
10
13
10
10
3
-6
-8
-4
-5
-5
0
0
-4
-10
-9
-4
-3
2
6
12
16
13
15
5
-2
-9
-13
-10
-9
0
8
9
15
10
1
-3
-2
2
-1
-9
-3
0
-11
1
1
-3
0
-8
-6
-11
-23
-9
-14
-20
-29
-29
-24
-29
-11
-10
5
3
6
-6
-15
-16
-19
-14
-13
-1
0
13
10
15
16
9
14
10
10
12
19
17
20
28
27
21
21
23
23
33
35
31
33
26
16
3
-3
-2
8
10
21
24
13
9
0
-6
-26
-34
-47
-51
-45
-44
-30
-32
-40
-45
-63
-70
-68
-57
-45
-53
-60
-69
-64
-53
-44
-37
-32
-23
-21
-31
-43
-35
-36
-46
-60
-74
-76
-59
-19
12
17
8
-14
-27
-17
0
11
17
15
19
28
44
84
115
126
121
98
81
91
118
152
157
143
109
76
78
102
137
158
153
130
100
72
66
85
93
84
64
47
50
83
124
149
154
104
60
20
-3
12
30
31
10
-26
-73
-79
-71
-58
-64
-102
-159
-204
-231
-232
-221
-226
-232
-251
-272
-276
-228
-164
-126
-113
-139
-193
-223
-205
-161
-113
-82
-76
-73
-55
-25
5
37
34
-17
-58
-98
-81
-35
24
64
47
19
-3
27
98
177
216
208
164
144
167
221
288
328
350
332
315
336
392
453
468
436
347
269
227
228
269
294
298
262
214
180
163
164
162
132
64
0
-35
-32
-1
38
52
25
-14
-38
-41
-33
-28
-51
-112
-187
-259
-318
-345
-337
-330
-342
-374
-411
-446
-473
-501
-534
-561
-589
-584
-567
-532
-471
-395
-323
-280
-269
-278
-264
-212
-157
-123
-109
-103
-73
-29
17
48
85
104
104
103
97
99
94
78
60
26
14
56
123
199
259
298
313
326
336
350
356
367
399
425
464
503
557
598
618
608
565
525
477
433
391
338
284
242
204
179
150
126
106
76
55
22
-4
-38
-91
-146
-194
-203
-173
-123
-81
-67
-85
-113
-131
-150
-193
-247
-306
-367
-404
-435
-442
-429
-407
-417
-462
-534
-582
-588
-590
-576
-587
-593
-597
-581
-527
-446
-339
-236
-154
-102
-85
-60
-6
51
96
119
113
113
157
212
292
344
351
328
253
162
113
98
92
92
64
34
13
32
83
140
170
165
138
110
102
147
202
252
276
270
296
349
442
500
543
547
520
480
412
364
327
316
308
278
240
208
215
241
228
161
54
-38
-88
-112
-130
-143
-152
-159
-160
-177
-173
-159
-159
-158
-170
-224
-278
-319
-338
-347
-376
-384
-383
-392
-402
-426
-423
-397
-382
-433
-535
-615
-641
-588
-521
-475
-443
-395
-332
-277
-274
-288
-241
-119
-8
15
-48
-66
52
228
369
378
331
328
391
465
480
427
389
399
399
339
220
144
166
258
295
217
67
-26
-30
16
-2
-100
-192
-218
-167
-117
-100
-71
-14
56
101
76
71
105
211
319
355
329
316
356
420
486
517
534
513
461
408
380
376
374
304
199
93
29
38
63
48
-8
-81
-135
-156
-201
-253
-300
-279
-225
-221
-306
-388
-360
-219
-107
-158
-317
-414
-338
-217
-190
-296
-414
-448
-408
-395
-462
-526
-476
-375
-351
-451
-585
-607
-511
-391
-366
-397
-419
-373
-289
-169
-54
58
126
116
97
135
255
373
439
428
429
427
422
404
384
413
452
440
326
174
88
109
134
82
-46
-170
-215
-176
-126
-114
-138
-165
-174
-162
-139
-124
-78
-17
66
148
178
192
207
306
436
511
491
410
387
449
531
544
496
411
367
360
367
348
313
295
285
235
117
13
-47
-11
35
21
-78
-172
-191
-134
-66
-55
-93
-149
-200
-256
-262
-217
-137
-120
-199
-337
-408
-357
-266
-238
-301
-380
-414
-409
-455
-522
-514
-405
-332
-411
-538
-529
-362
-209
-206
-283
-300
-220
-141
-122
-83
21
161
211
164
152
256
385
422
372
357
418
450
395
336
348
383
368
265
165
150
208
256
183
45
-48
-62
-75
-139
-158
-105
-63
-140
-255
-235
-89
24
8
-61
-81
-38
32
102
171
231
260
257
229
225
278
372
433
384
281
234
230
209
173
128
99
66
10
-81
-159
-115
0
-27
-257
-471
-401
-169
-114
-312
-491
-410
-206
-83
-98
-182
-250
-197
-54
38
2
-57
-1
81
52
-37
-3
142
202
103
17
48
104
89
22
-37
-55
-52
-35
-31
-60
-86
-89
-22
53
79
11
-88
-96
43
188
132
-16
10
214
287
168
108
223
275
140
103
306
435
179
-177
-189
132
358
239
-33
-215
-178
12
142
40
-175
-220
-111
-108
-244
-244
-62
34
-86
-174
-46
87
-18
-174
-81
183
260
2
-245
-134
219
357
114
-184
-129
188
284
63
-135
-64
61
-51
-258
-211
66
136
-164
-465
-364
-2
152
-59
-336
-371
-260
-227
-233
-139
11
0
-212
-373
-251
58
191
-2
-258
-212
64
136
-178
-422
-151
337
334
-225
-528
-123
409
285
-270
-406
-3
229
-35
-297
-155
99
113
10
17
60
23
-14
27
48
21
68
111
13
-111
-23
173
135
-89
-152
-22
34
-63
-127
-110
-186
-319
-306
-131
-9
-63
-214
-322
-274
-73
108
45
-149
-173
-12
80
34
91
317
449
358
272
345
465
517
559
670
705
586
503
568
731
883
937
873
698
591
721
960
1014
818
637
617
673
715
777
813
726
554
506
591
626
556
453
351
212
157
220
233
80
-70
-41
-25
-192
-381
-379
-354
-499
-641
-630
-651
-863
-1017
-926
-849
-1018
-1216
-1182
-1106
-1232
-1395
-1429
-1492
-1637
-1652
-1498
-1527
-1795
-1958
-1828
-1686
-1728
-1726
-1614
-1601
-1791
-1867
-1656
-1335
-1100
-945
-876
-937
-910
-538
82
462
445
374
572
936
1202
1397
1652
1841
1903
1910
2001
2178
2302
2348
2303
2177
2011
1903
1822
1694
1475
1269
1123
958
710
438
246
92
-73
-268
-430
-535
-653
-792
-900
-916
-803
-707
-726
-793
-739
-556
-402
-297
-145
27
67
0
54
336
670
853
808
637
531
669
1034
1319
1194
789
571
740
978
1005
875
799
829
767
611
543
673
857
905
744
505
350
392
635
822
746
433
208
288
505
547
377
158
3
-51
-80
-158
-325
-530
-686
-845
-1017
-1048
-954
-1120
-1772
-2319
-2096
-1485
-1531
-2395
-3066
-2937
-2517
-2452
-2630
-2684
-2764
-3026
-3149
-2849
-2471
-2427
-2518
-2395
-2216
-2234
-2174
-1716
-1061
-736
-763
-775
-572
-182
347
881
1104
965
900
1267
1795
2020
1956
2039
2328
2476
2308
2069
2051
2203
2266
2107
1787
1460
1273
1219
1191
1083
860
590
386
298
250
109
-52
-92
-24
0
-80
-145
-102
58
289
523
645
598
544
676
973
1241
1381
1399
1297
1173
1265
1656
1972
1842
1435
1220
1332
1504
1510
1361
1132
873
723
785
864
729
528
482
528
392
148
100
206
231
114
28
-38
-165
-234
-83
111
40
-242
-405
-319
-249
-358
-572
-750
-819
-801
-851
-1119
-1459
-1571
-1446
-1462
-1785
-2131
-2229
-2265
-2488
-2769
-2859
-2782
-2819
-3019
-3208
-3276
-3247
-3135
-2980
-2916
-2975
-3020
-2927
-2731
-2501
-2246
-1951
-1688
-1473
-1226
-890
-544
-234
125
575
936
1084
1156
1361
1750
2127
2409
2600
2670
2620
2566
2647
2844
2966
2818
2474
2187
2050
1954
1795
1607
1463
1260
892
512
356
360
283
38
-205
-344
-442
-505
-474
-399
-379
-346
-192
-11
-1
-60
92
455
738
768
707
777
974
1179
1315
1390
1458
1559
1611
1502
1347
1397
1656
1751
1479
1116
1074
1295
1423
1287
1089
1044
1072
1057
958
856
841
879
877
759
576
526
641
735
635
430
285
247
233
153
26
-144
-373
-586
-682
-715
-784
-977
-1271
-1576
-1777
-1776
-1676
-1798
-2264
-2762
-2897
-2674
-2566
-2866
-3255
-3298
-3125
-3217
-3563
-3647
-3310
-3087
-3375
-3792
-3752
-3307
-3007
-3025
-3118
-3082
-2883
-2483
-1997
-1763
-1834
-1799
-1293
-647
-333
-233
57
551
894
1049
1327
1835
2324
2527
2516
2513
2683
3025
3334
3401
3162
2880
2820
2963
3035
2867
2530
2203
1995
1849
1662
1398
1116
880
714
535
362
210
81
6
-29
-56
-102
-123
-38
75
96
63
183
497
791
853
740
778
1054
1429
1604
1491
1312
1369
1656
1835
1699
1479
1504
1679
1690
1439
1233
1287
1424
1358
1092
800
691
784
922
875
573
288
300
468
469
271
106
85
34
-83
-183
-203
-252
-365
-486
-593
-714
-843
-901
-890
-948
-1181
-1474
-1637
-1591
-1511
-1598
-1888
-2169
-2288
-2226
-2139
-2197
-2474
-2829
-2945
-2739
-2594
-2870
-3292
-3428
-3213
-3071
-3221
-3458
-3535
-3448
-3378
-3373
-3407
-3400
-3251
-3054
-2937
-2909
-2771
-2393
-1990
-1717
-1479
-1095
-699
-409
-104
361
932
1417
1760
2038
2267
2515
2942
3488
3859
3875
3805
3912
4086
4097
3959
3884
3906
3790
3487
3132
2825
2553
2341
2181
1957
1581
1129
796
535
313
170
142
105
-72
-356
-554
-516
-235
110
232
84
-70
116
577
907
904
856
1087
1548
1800
1602
1287
1428
2029
2431
2121
1501
1321
1644
1925
1778
1457
1264
1185
1066
939
859
797
696
534
298
73
30
143
181
-37
-314
-392
-325
-307
-344
-429
-562
-740
-810
-724
-692
-865
-1099
-1213
-1256
-1316
-1346
-1303
-1438
-1808
-2095
-2003
-1781
-1878
-2286
-2593
-2591
-2559
-2706
-2927
-3034
-3005
-3012
-3179
-3514
-3789
-3745
-3489
-3397
-3661
-4002
-4106
-3962
-3792
-3679
-3617
-3606
-3635
-3550
-3260
-2895
-2638
-2528
-2358
-1984
-1383
-739
-323
-190
-71
371
1188
2042
2572
2656
2614
2859
3448
4062
4398
4497
4555
4656
4640
4531
4423
4427
4471
4398
4100
3585
3066
2767
2667
2522
2180
1693
1260
930
685
443
199
-14
-139
-165
-200
-365
-576
-588
-305
92
259
169
86
277
720
1138
1325
1308
1264
1426
1825
2217
2263
1945
1691
1868
2287
2364
1943
1527
1542
1758
1652
1174
819
867
1043
936
530
133
-18
19
57
-47
-252
-419
-498
-529
-569
-632
-714
-789
-830
-782
-765
-888
-1088
-1204
-1168
-1113
-1156
-1274
-1391
-1460
-1504
-1635
-1855
-2016
-1988
-1926
-2111
-2485
-2677
-2662
-2767
-3054
-3173
-3054
-3110
-3474
-3740
-3672
-3676
-3929
-4038
-3793
-3610
-3881
-4231
-4205
-3966
-3818
-3667
-3326
-3092
-3264
-3502
-3233
-2495
-1823
-1480
-1336
-1138
-771
-206
410
884
1251
1726
2391
2928
3119
3189
3482
4039
4582
4882
4918
4875
4911
5025
5045
4856
4655
4659
4690
4358
3736
3233
3069
2974
2658
2204
1781
1448
1133
818
522
244
54
-18
-107
-310
-539
-570
-411
-265
-233
-180
-19
151
245
352
597
887
1148
1288
1283
1217
1332
1726
2045
1901
1419
1251
1654
2033
1772
1146
917
1166
1293
956
525
454
617
589
231
-160
-301
-203
-128
-240
-471
-670
-765
-816
-832
-792
-802
-986
-1196
-1198
-1053
-1035
-1240
-1434
-1454
-1409
-1406
-1444
-1537
-1673
-1785
-1814
-1827
-1947
-2095
-2138
-2142
-2276
-2510
-2663
-2677
-2650
-2694
-2860
-3129
-3298
-3221
-3055
-3140
-3471
-3622
-3470
-3398
-3572
-3650
-3476
-3408
-3648
-3733
-3328
-2860
-2845
-3038
-2895
-2430
-1976
-1586
-1132
-681
-386
-148
280
859
1465
2100
2721
3095
3194
3377
3886
4492
4887
5100
5277
5375
5315
5243
5278
5275
5107
4903
4757
4537
4097
3579
3193
2901
2568
2204
1877
1520
1057
535
118
-102
-138
-142
-272
-569
-929
-1118
-1008
-630
-246
-142
-285
-406
-265
78
460
783
1035
1116
948
816
1033
1506
1764
1580
1241
1094
1184
1324
1332
1141
826
580
493
473
366
230
133
-17
-338
-682
-728
-512
-392
-579
-854
-1036
-1101
-1055
-879
-688
-774
-1109
-1305
-1129
-826
-744
-895
-1075
-1176
-1169
-1058
-911
-931
-1194
-1475
-1497
-1382
-1438
-1704
-1912
-1945
-2003
-2206
-2466
-2614
-2661
-2709
-2870
-3111
-3266
-3252
-3230
-3397
-3717
-3875
-3669
-3387
-3436
-3848
-4167
-4036
-3538
-3087
-2963
-3099
-3193
-3018
-2588
-2042
-1523
-1060
-652
-315
-32
273
719
1424
2254
2914
3197
3257
3477
3964
4515
4902
5156
5412
5619
5630
5427
5215
5167
5245
5306
5172
4771
4191
3666
3350
3164
2917
2524
2068
1610
1110
617
236
81
33
-132
-458
-821
-1057
-1142
-1099
-948
-750
-606
-576
-621
-610
-447
-117
235
488
595
605
646
701
789
965
1242
1367
1135
760
689
998
1217
985
522
274
305
370
284
127
-37
-222
-456
-660
-697
-553
-423
-540
-864
-1094
-1027
-822
-745
-815
-907
-933
-893
-844
-818
-848
-834
-770
-761
-869
-971
-958
-924
-966
-1048
-1115
-1244
-1496
-1709
-1669
-1507
-1577
-1988
-2403
-2534
-2401
-2228
-2296
-2713
-3174
-3208
-2919
-2899
-3284
-3471
-3225
-3164
-3642
-3987
-3609
-2997
-2984
-3387
-3486
-3139
-2744
-2531
-2352
-2100
-1709
-1111
-487
-204
-246
-35
765
1753
2382
2678
2925
3164
3387
3771
4422
5023
5285
5294
5283
5212
5079
5108
5339
5465
5165
4624
4153
3860
3626
3322
2892
2396
1979
1648
1197
576
70
-115
-192
-463
-853
-1169
-1350
-1466
-1483
-1393
-1319
-1296
-1212
-1034
-914
-894
-775
-453
-69
184
298
387
450
524
653
867
1029
1065
1045
1059
1025
870
752
797
909
842
609
382
322
376
375
159
-182
-353
-169
131
106
-250
-559
-528
-296
-193
-309
-427
-368
-244
-288
-456
-531
-470
-409
-381
-410
-578
-845
-950
-740
-584
-863
-1368
-1572
-1399
-1321
-1600
-1963
-2075
-1951
-1965
-2332
-2828
-2936
-2529
-2207
-2598
-3370
-3544
-3014
-2692
-3100
-3541
-3350
-2974
-3123
-3529
-3452
-2876
-2469
-2479
-2568
-2506
-2291
-1939
-1363
-545
244
537
152
-364
58
1719
3538
4059
3250
2415
2605
3659
4745
5344
5445
5265
4998
4766
4608
4677
5034
5418
5241
4359
3424
3094
3212
3156
2712
2163
1712
1259
748
280
-97
-382
-504
-535
-717
-1211
-1729
-1917
-1715
-1362
-1137
-1157
-1397
-1613
-1542
-1107
-600
-331
-334
-399
-364
-184
127
457
606
483
290
319
615
891
852
547
335
404
489
266
-97
-104
358
625
156
-673
-1060
-706
-57
282
10
-689
-1252
-1155
-477
93
18
-500
-893
-827
-473
-189
-126
-262
-412
-465
-436
-376
-350
-312
-275
-401
-759
-1015
-807
-429
-585
-1299
-1710
-1364
-913
-1131
-1747
-2025
-1900
-1899
-2131
-2225
-2101
-2110
-2421
-2777
-2913
-2854
-2734
-2608
-2723
-3150
-3480
-3200
-2542
-2289
-2613
-2921
-2709
-2166
-1710
-1426
-1161
-838
-399
109
497
695
1036
1764
2570
3005
3107
3270
3641
4049
4362
4693
5041
5205
5100
4922
4826
4786
4706
4623
4532
4228
3642
3035
2712
2585
2332
1784
1088
485
130
-13
-178
-578
-1100
-1459
-1560
-1577
-1715
-1925
-2030
-1945
-1747
-1592
-1555
-1551
-1445
-1176
-797
-473
-348
-341
-215
111
462
736
913
884
607
411
743
1436
1700
1141
350
133
544
952
954
644
272
-43
-251
-233
-81
6
-78
-274
-493
-645
-609
-404
-212
-237
-425
-582
-544
-312
-88
-13
-108
-186
-167
-126
-113
-89
-23
-51
-227
-375
-414
-448
-570
-764
-878
-900
-964
-1176
-1489
-1704
-1695
-1609
-1681
-1968
-2334
-2572
-2593
-2472
-2435
-2643
-2974
-3149
-3086
-2983
-3045
-3209
-3231
-3000
-2728
-2701
-2855
-2829
-2414
-1843
-1458
-1270
-991
-486
44
335
485
871
1647
2509
2972
3018
3035
3354
3937
4472
4728
4741
4705
4798
4963
4979
4779
4467
4220
4087
3966
3730
3304
2782
2281
1834
1475
1219
950
500
-113
-656
-971
-1106
-1211
-1370
-1644
-1987
-2193
-2103
-1792
-1646
-1824
-2038
-1895
-1463
-1115
-1010
-973
-793
-483
-185
-26
37
187
511
765
598
198
294
960
1380
957
262
164
560
734
523
345
359
336
97
-137
-192
-55
120
150
-31
-286
-323
-94
155
209
113
-6
-12
111
322
437
350
207
203
333
396
320
231
199
118
-46
-205
-336
-505
-654
-723
-807
-1040
-1322
-1410
-1381
-1473
-1709
-1935
-2069
-2180
-2256
-2256
-2317
-2568
-2822
-2841
-2694
-2681
-2882
-3097
-3155
-3006
-2794
-2703
-2870
-3137
-3111
-2627
-2001
-1667
-1741
-1891
-1636
-914
-27
531
618
585
867
1505
2223
2802
3159
3332
3417
3562
3888
4306
4630
4784
4733
4509
4206
4011
4025
4103
3955
3547
3089
2739
2414
2029
1649
1327
1002
582
151
-251
-634
-1006
-1218
-1239
-1305
-1570
-1857
-1914
-1778
-1676
-1687
-1657
-1504
-1304
-1140
-976
-798
-622
-397
-93
157
307
472
719
774
489
357
885
1639
1581
645
-36
392
1300
1547
983
401
349
580
638
477
357
383
420
316
92
19
252
593
687
424
94
59
352
657
751
563
254
66
180
518
722
523
82
-170
-104
18
-101
-380
-630
-753
-882
-1069
-1232
-1321
-1404
-1592
-1837
-1983
-1972
-1991
-2167
-2470
-2678
-2698
-2699
-2847
-3079
-3157
-3061
-3071
-3271
-3445
-3374
-3174
-3116
-3176
-3208
-3132
-2975
-2700
-2362
-2107
-1912
-1569
-946
-307
-15
24
239
829
1571
2171
2516
2688
2850
3082
3444
3872
4204
4381
4488
4508
4358
4083
3929
4058
4203
4011
3474
2905
2567
2408
2214
1887
1432
922
456
54
-284
-561
-834
-1148
-1510
-1819
-1936
-1846
-1747
-1831
-2017
-2038
-1799
-1505
-1370
-1307
-1155
-958
-759
-507
-137
196
312
288
364
558
736
844
924
938
781
598
594
813
972
863
617
450
416
478
578
616
507
273
120
170
346
476
511
474
388
307
366
582
768
771
686
643
611
575
578
684
747
641
457
395
449
390
142
-142
-308
-400
-469
-608
-879
-1192
-1332
-1279
-1359
-1752
-2111
-2040
-1810
-2010
-2614
-2987
-2847
-2631
-2730
-3030
-3259
-3362
-3370
-3250
-3109
-3164
-3388
-3441
-3185
-2868
-2718
-2616
-2416
-2145
-1859
-1461
-907
-417
-123
101
501
1064
1599
2029
2360
2627
2838
3097
3486
3906
4204
4304
4264
4171
4147
4252
4337
4169
3733
3332
3180
3159
2937
2432
1868
1453
1204
946
581
138
-306
-705
-1030
-1269
-1418
-1533
-1671
-1792
-1852
-1881
-1879
-1777
-1578
-1391
-1275
-1137
-917
-689
-563
-406
-3
493
674
452
323
692
1266
1469
1253
1017
989
1056
1084
1184
1309
1277
1050
812
780
894
1031
1014
800
531
446
589
719
711
636
606
564
502
533
703
800
655
452
402
468
453
392
386
339
160
-10
25
81
-120
-466
-614
-582
-708
-1043
-1292
-1282
-1230
-1397
-1778
-2147
-2251
-2041
-1812
-2026
-2685
-3167
-3041
-2667
-2730
-3234
-3580
-3512
-3378
-3484
-3644
-3636
-3540
-3531
-3510
-3391
-3287
-3268
-3114
-2687
-2245
-1970
-1700
-1240
-743
-387
-62
403
928
1394
1836
2287
2610
2747
2949
3397
3920
4227
4312
4330
4343
4290
4218
4202
4205
4086
3791
3431
3078
2768
2491
2178
1791
1338
925
606
286
-95
-528
-923
-1232
-1435
-1548
-1611
-1688
-1792
-1842
-1821
-1746
-1593
-1360
-1135
-1019
-1005
-912
-636
-181
286
523
450
287
449
971
1452
1513
1253
1044
1125
1321
1410
1343
1243
1246
1268
1170
942
837
952
1070
942
638
479
578
692
616
474
436
465
468
499
602
642
541
468
521
532
382
271
361
462
345
120
10
4
-72
-192
-300
-503
-804
-998
-992
-1045
-1318
-1571
-1635
-1760
-2080
-2262
-2099
-2046
-2522
-3112
-3115
-2756
-2813
-3356
-3711
-3593
-3480
-3681
-3896
-3821
-3627
-3562
-3604
-3596
-3515
-3264
-2813
-2411
-2259
-2180
-1756
-1060
-520
-246
79
641
1206
1596
1934
2365
2807
3112
3347
3562
3772
4012
4293
4519
4476
4201
3993
4022
4088
3950
3635
3283
2960
2631
2288
1911
1530
1178
860
535
139
-197
-445
-705
-996
-1226
-1340
-1424
-1531
-1590
-1552
-1524
-1489
-1331
-1049
-835
-800
-758
-532
-201
87
341
516
521
453
615
1032
1381
1416
1309
1297
1293
1211
1174
1325
1508
1475
1246
1036
926
907
990
1062
972
740
606
638
656
592
574
593
463
214
156
363
544
474
280
165
160
211
255
223
26
-208
-287
-234
-291
-541
-711
-720
-765
-964
-1208
-1375
-1461
-1513
-1587
-1800
-2209
-2504
-2406
-2145
-2252
-2745
-3081
-3019
-2928
-3142
-3437
-3494
-3442
-3552
-3762
-3858
-3818
-3745
-3654
-3592
-3575
-3474
-3130
-2628
-2259
-2086
-1823
-1315
-772
-384
-18
526
1138
1646
2059
2494
2946
3296
3568
3828
4070
4290
4515
4686
4652
4426
4219
4224
4301
4228
3976
3547
3038
2581
2317
2142
1796
1237
680
307
19
-290
-591
-840
-1135
-1467
-1702
-1748
-1671
-1635
-1672
-1748
-1805
-1728
-1468
-1120
-869
-747
-630
-463
-226
106
535
793
633
333
482
1137
1618
1482
1100
1081
1384
1514
1366
1270
1416
1521
1321
936
729
879
1116
1130
847
536
458
557
626
578
510
426
296
195
266
466
524
359
184
192
329
411
364
246
105
-10
-51
-65
-146
-345
-545
-695
-840
-959
-1012
-1030
-1186
-1452
-1669
-1767
-1871
-2047
-2200
-2258
-2339
-2560
-2774
-2885
-2956
-3061
-3177
-3282
-3490
-3761
-3843
-3676
-3500
-3594
-3796
-3795
-3540
-3179
-2850
-2555
-2309
-2049
-1666
-1168
-722
-389
57
723
1337
1640
1799
2207
2893
3469
3666
3650
3799
4183
4572
4674
4441
4153
4106
4271
4319
4058
3615
3241
3007
2788
2456
2008
1509
1041
653
322
21
-277
-560
-864
-1223
-1527
-1619
-1519
-1465
-1573
-1771
-1863
-1764
-1507
-1174
-925
-857
-843
-642
-310
-57
136
467
864
901
520
327
807
1594
1872
1463
936
824
1122
1501
1682
1556
1195
851
774
879
955
882
749
653
541
412
372
465
582
598
445
195
56
196
493
610
388
85
54
323
540
459
177
-36
-52
8
-4
-177
-466
-730
-834
-823
-862
-1062
-1292
-1381
-1399
-1567
-1957
-2259
-2201
-1991
-2107
-2637
-3104
-3101
-2852
-2837
-3142
-3423
-3496
-3550
-3682
-3733
-3594
-3487
-3618
-3809
-3774
-3436
-2967
-2577
-2324
-2182
-1976
-1509
-840
-282
35
338
792
1331
1805
2206
2639
3069
3398
3654
3913
4193
4415
4544
4559
4448
4283
4198
4202
4125
3888
3547
3218
2900
2605
2302
1934
1463
959
555
243
-41
-401
-755
-1053
-1324
-1515
-1592
-1563
-1571
-1657
-1748
-1763
-1684
-1530
-1283
-1030
-885
-785
-596
-304
-53
140
435
815
982
802
614
786
1242
1568
1510
1181
884
889
1210
1530
1490
1103
773
754
872
837
709
644
598
485
339
328
427
502
515
480
350
189
193
407
586
463
154
4
167
406
429
225
35
-12
6
-34
-210
-414
-555
-639
-717
-859
-1058
-1264
-1354
-1248
-1173
-1404
-1898
-2190
-2040
-1775
-1861
-2315
-2705
-2802
-2750
-2731
-2744
-2826
-3071
-3379
-3443
-3220
-3025
-3122
-3388
-3532
-3374
-2976
-2515
-2200
-2175
-2185
-1838
-1075
-344
2
134
391
855
1387
1917
2423
2827
3055
3202
3410
3746
4157
4482
4565
4351
4087
4058
4212
4227
3948
3552
3247
3060
2825
2487
2067
1632
1261
922
533
69
-350
-663
-924
-1232
-1531
-1722
-1785
-1820
-1881
-1919
-1936
-1933
-1851
-1639
-1375
-1190
-1077
-903
-688
-468
-231
74
381
565
637
662
665
685
863
1170
1285
974
559
588
1016
1224
924
525
522
774
834
580
328
305
444
524
431
281
224
357
535
521
285
145
307
593
642
352
54
65
332
519
413
149
-26
-18
67
51
-93
-294
-465
-575
-650
-770
-958
-1119
-1150
-1108
-1173
-1439
-1751
-1885
-1818
-1770
-1945
-2232
-2451
-2560
-2670
-2823
-2899
-2852
-2871
-3082
-3365
-3435
-3228
-2992
-2990
-3208
-3323
-3076
-2511
-2010
-1858
-1943
-1790
-1137
-307
197
310
448
881
1458
1936
2294
2668
3087
3386
3530
3653
3912
4304
4662
4730
4482
4153
4053
4205
4299
4086
3597
3136
2858
2674
2421
2030
1529
1019
564
187
-144
-472
-815
-1166
-1507
-1793
-1944
-1943
-1871
-1883
-2024
-2159
-2093
-1813
-1488
-1317
-1267
-1197
-996
-712
-423
-165
52
244
378
460
470
452
534
765
954
903
632
440
519
728
835
771
664
590
513
437
452
538
600
554
436
353
389
537
723
763
617
429
405
585
733
670
441
258
220
315
405
374
197
6
-28
62
33
-206
-444
-507
-457
-537
-770
-995
-1073
-1020
-953
-1000
-1274
-1655
-1834
-1721
-1614
-1835
-2209
-2409
-2473
-2684
-2968
-2942
-2680
-2697
-3175
-3547
-3383
-2988
-2886
-3088
-3196
-3067
-2828
-2508
-2136
-1833
-1653
-1397
-904
-406
-134
106
619
1227
1537
1610
1912
2541
3135
3353
3369
3534
3900
4290
4552
4602
4432
4163
4005
4071
4141
3963
3525
3039
2688
2442
2131
1743
1294
822
301
-208
-561
-796
-1056
-1466
-1839
-2023
-2034
-2039
-2054
-2057
-2061
-2084
-2028
-1755
-1437
-1297
-1296
-1155
-819
-484
-288
-125
69
242
388
565
731
718
538
508
813
1151
1107
741
518
696
1053
1202
1091
884
792
823
891
945
971
967
893
792
774
889
1011
964
793
666
644
669
619
505
390
282
174
138
157
151
54
-57
-85
-100
-200
-362
-460
-499
-584
-723
-833
-920
-1018
-1115
-1151
-1182
-1366
-1698
-1897
-1840
-1827
-2125
-2566
-2749
-2679
-2706
-2926
-3122
-3170
-3211
-3323
-3340
-3200
-3103
-3240
-3395
-3317
-3024
-2734
-2476
-2177
-1920
-1711
-1415
-908
-408
-96
145
583
1116
1469
1716
2143
2730
3161
3311
3450
3833
4245
4502
4659
4791
4747
4482
4223
4200
4295
4179
3789
3335
2930
2530
2112
1727
1380
940
390
-165
-605
-947
-1223
-1492
-1770
-1992
-2100
-2108
-2126
-2225
-2301
-2222
-1965
-1666
-1541
-1569
-1563
-1275
-768
-364
-263
-269
-125
161
452
678
872
855
545
340
749
1505
1748
1148
478
587
1311
1741
1483
1047
929
1126
1206
1052
919
992
1166
1132
866
658
721
923
979
809
544
394
419
510
510
334
142
151
323
373
198
28
46
117
32
-170
-300
-365
-480
-617
-706
-810
-964
-1111
-1197
-1306
-1572
-1856
-1963
-1998
-2199
-2547
-2759
-2759
-2822
-3123
-3485
-3550
-3315
-3158
-3331
-3705
-3899
-3753
-3440
-3255
-3302
-3414
-3341
-2996
-2512
-2091
-1809
-1526
-1176
-844
-563
-166
475
1160
1585
1761
2022
2501
3010
3396
3714
4026
4264
4422
4618
4818
4738
4333
3973
3975
4160
4081
3587
2926
2357
1960
1735
1537
1166
512
-228
-751
-979
-1106
-1315
-1628
-1991
-2276
-2406
-2323
-2152
-2070
-2099
-2096
-1957
-1738
-1551
-1398
-1171
-849
-531
-316
-202
-55
214
541
915
1241
1227
787
461
939
1980
2454
1776
784
715
1583
2282
2142
1594
1319
1376
1444
1391
1359
1422
1434
1215
843
625
744
1056
1158
848
371
127
243
530
652
419
-3
-225
-46
292
377
114
-201
-266
-160
-100
-209
-452
-669
-776
-772
-825
-1008
-1216
-1284
-1299
-1490
-1802
-2036
-2050
-2002
-2109
-2402
-2729
-2965
-3059
-3031
-3009
-3131
-3378
-3574
-3626
-3576
-3535
-3472
-3417
-3489
-3676
-3681
-3215
-2500
-2029
-1991
-2039
-1716
-1052
-412
56
510
1036
1497
1870
2247
2731
3242
3642
3981
4245
4437
4590
4804
5039
5000
4595
4131
3982
4099
4066
3632
2980
2416
2054
1796
1491
1080
537
-59
-554
-835
-977
-1146
-1477
-1903
-2197
-2248
-2121
-1994
-1978
-2064
-2089
-1973
-1741
-1490
-1295
-1132
-959
-769
-550
-250
99
364
494
667
944
1138
1033
859
1108
1726
2067
1731
1196
1166
1650
2042
1965
1650
1449
1412
1417
1396
1352
1277
1166
1025
867
731
691
746
783
670
453
317
352
465
450
280
91
54
211
379
332
76
-117
-104
-10
-58
-313
-569
-690
-705
-771
-983
-1223
-1406
-1473
-1520
-1650
-1838
-2061
-2289
-2470
-2512
-2470
-2578
-2972
-3402
-3497
-3301
-3264
-3562
-3882
-3896
-3750
-3749
-3880
-3932
-3873
-3800
-3642
-3280
-2812
-2496
-2295
-1988
-1497
-975
-533
-54
527
1108
1590
2034
2519
2991
3364
3671
4041
4447
4770
4926
4910
4817
4746
4685
4532
4275
3960
3670
3364
2950
2464
1990
1581
1205
803
362
-126
-616
-999
-1235
-1385
-1610
-1894
-2137
-2245
-2222
-2137
-2057
-2013
-1960
-1828
-1629
-1437
-1217
-905
-547
-327
-213
3
404
771
999
1227
1458
1510
1353
1406
1872
2319
2235
1783
1584
1830
2094
2077
1935
1867
1819
1639
1381
1237
1293
1429
1390
1053
588
376
552
760
693
369
79
0
84
178
148
-1
-139
-126
-51
-94
-246
-275
-176
-182
-408
-670
-762
-769
-840
-998
-1167
-1324
-1477
-1623
-1769
-1897
-1998
-2080
-2248
-2547
-2801
-2810
-2709
-2856
-3244
-3564
-3640
-3650
-3722
-3792
-3867
-4023
-4222
-4222
-3958
-3710
-3707
-3771
-3592
-3127
-2555
-2065
-1748
-1503
-1155
-557
134
694
1133
1639
2265
2772
3056
3316
3765
4308
4734
4932
4982
4947
4917
4923
4855
4637
4381
4195
3958
3521
2909
2371
2001
1711
1354
921
396
-189
-699
-1022
-1185
-1368
-1626
-1898
-2141
-2345
-2383
-2209
-1967
-1926
-2042
-2037
-1783
-1391
-1066
-832
-609
-402
-184
138
588
1059
1300
1218
1085
1317
1951
2427
2269
1769
1593
1944
2285
2166
1846
1812
2017
2017
1670
1324
1325
1559
1645
1368
957
735
825
989
923
642
398
365
413
364
248
214
256
209
71
-25
-9
19
-13
-53
-132
-273
-427
-449
-418
-548
-862
-1114
-1120
-1086
-1267
-1564
-1682
-1651
-1738
-2057
-2371
-2418
-2300
-2369
-2739
-3178
-3362
-3302
-3314
-3616
-4050
-4232
-4069
-3853
-3976
-4394
-4662
-4412
-3780
-3244
-3142
-3264
-3121
-2489
-1673
-1065
-702
-335
215
794
1312
1823
2437
3054
3486
3683
3820
4120
4616
5114
5324
5121
4702
4427
4467
4617
4545
4130
3472
2875
2472
2216
1890
1393
829
331
-66
-481
-900
-1252
-1489
-1701
-1960
-2254
-2457
-2500
-2409
-2280
-2229
-2267
-2254
-2057
-1740
-1451
-1213
-916
-584
-314
-110
164
609
1138
1505
1548
1366
1329
1789
2545
2892
2418
1681
1575
2149
2645
2500
1989
1702
1701
1719
1644
1592
1555
1420
1153
892
743
755
869
893
689
310
53
125
388
468
278
-11
-143
-60
76
120
15
-190
-359
-365
-268
-273
-513
-821
-938
-877
-893
-1137
-1431
-1524
-1482
-1530
-1750
-1990
-2149
-2218
-2238
-2297
-2472
-2793
-3096
-3230
-3259
-3364
-3538
-3675
-3799
-4032
-4245
-4180
-3882
-3728
-3919
-4064
-3790
-3199
-2676
-2343
-2012
-1623
-1274
-907
-317
520
1303
1793
2087
2398
2834
3340
3855
4308
4659
4899
5045
5119
5098
4991
4858
4753
4636
4438
4132
3685
3123
2539
2081
1796
1536
1070
362
-344
-803
-976
-1097
-1384
-1845
-2288
-2519
-2509
-2396
-2358
-2449
-2530
-2413
-2155
-1948
-1811
-1595
-1242
-873
-636
-480
-245
95
462
830
1166
1359
1315
1201
1317
1777
2254
2317
1929
1491
1468
1824
2146
2101
1771
1492
1417
1428
1388
1340
1378
1373
1154
825
668
774
886
806
602
466
411
353
314
354
386
271
82
-42
18
114
77
-78
-294
-464
-534
-508
-535
-727
-983
-1152
-1207
-1262
-1386
-1497
-1618
-1836
-2097
-2203
-2111
-2137
-2480
-2874
-2935
-2783
-2896
-3374
-3773
-3723
-3506
-3566
-3910
-4149
-4096
-3979
-3985
-4056
-3950
-3603
-3123
-2697
-2458
-2294
-1983
-1381
-668
-108
275
735
1395
2031
2478
2784
3155
3636
4147
4567
4870
5042
5066
5069
5073
5073
4948
4687
4413
4173
3904
3503
2998
2453
1979
1584
1192
727
194
-308
-728
-1062
-1384
-1692
-1954
-2191
-2396
-2520
-2475
-2346
-2298
-2361
-2371
-2160
-1782
-1420
-1227
-1132
-949
-596
-146
236
426
509
694
1020
1355
1564
1618
1614
1619
1698
1890
2049
1993
1752
1595
1679
1804
1711
1504
1440
1534
1490
1243
1054
1100
1216
1126
862
645
606
668
720
698
541
316
186
260
379
282
44
-78
-21
-16
-183
-352
-408
-476
-661
-810
-821
-815
-1002
-1275
-1369
-1311
-1333
-1494
-1616
-1659
-1822
-2095
-2210
-2067
-1982
-2282
-2757
-3004
-2961
-2958
-3151
-3362
-3448
-3527
-3713
-3911
-3964
-3853
-3730
-3663
-3634
-3563
-3326
-2852
-2265
-1823
-1632
-1445
-978
-263
410
917
1353
1818
2310
2741
3115
3455
3827
4242
4651
4928
4962
4826
4719
4725
4729
4583
4274
3936
3663
3417
3045
2493
1899
1451
1177
895
393
-247
-803
-1122
-1302
-1504
-1786
-2121
-2403
-2556
-2541
-2443
-2359
-2340
-2325
-2241
-2050
-1761
-1431
-1150
-961
-807
-549
-214
18
205
515
964
1220
1001
653
800
1467
1971
1762
1201
989
1259
1551
1539
1406
1384
1415
1286
1068
1020
1181
1336
1287
1065
870
836
932
1021
999
873
748
683
696
708
685
620
529
476
456
433
336
202
98
41
-26
-120
-244
-370
-507
-675
-857
-989
-1066
-1155
-1274
-1434
-1606
-1789
-1916
-1982
-2065
-2226
-2425
-2630
-2865
-3100
-3214
-3148
-3080
-3267
-3660
-3926
-3821
-3520
-3391
-3516
-3692
-3620
-3300
-2848
-2383
-1937
-1540
-1258
-1037
-717
-163
521
1158
1659
2097
2519
2870
3116
3349
3693
4133
4507
4719
4767
4711
4557
4320
4149
4121
4153
4004
3550
2912
2348
1953
1706
1486
1201
717
10
-707
-1138
-1210
-1213
-1455
-1962
-2422
-2629
-2578
-2420
-2283
-2263
-2323
-2330
-2157
-1855
-1566
-1321
-1064
-728
-420
-191
8
287
582
765
832
988
1308
1561
1475
1160
1135
1542
1919
1736
1170
930
1247
1620
1529
1147
1014
1222
1385
1224
938
842
961
1052
963
772
644
700
807
795
621
456
413
393
310
216
228
282
221
69
-34
-41
-75
-227
-428
-579
-644
-680
-744
-865
-1060
-1236
-1302
-1361
-1518
-1746
-1865
-1852
-1900
-2162
-2452
-2487
-2354
-2392
-2822
-3333
-3489
-3256
-3018
-3158
-3580
-3844
-3725
-3383
-3139
-3151
-3297
-3290
-2940
-2296
-1577
-1090
-929
-919
-703
-90
802
1609
2060
2191
2262
2564
3080
3648
4096
4367
4503
4546
4545
4533
4516
4495
4411
4220
3923
3594
3329
3075
2654
2056
1501
1124
834
440
-103
-659
-1097
-1401
-1617
-1820
-2123
-2487
-2738
-2768
-2664
-2627
-2661
-2604
-2404
-2182
-2007
-1843
-1634
-1378
-1071
-708
-369
-105
95
320
579
831
1065
1263
1307
1143
1020
1255
1736
1909
1586
1193
1211
1538
1717
1575
1355
1315
1373
1387
1348
1321
1319
1296
1192
1028
893
821
847
888
830
673
492
375
350
382
383
298
145
24
11
55
49
-52
-237
-407
-522
-608
-710
-866
-986
-1081
-1216
-1413
-1561
-1562
-1570
-1760
-2075
-2280
-2302
-2308
-2457
-2684
-2832
-2907
-3072
-3327
-3524
-3565
-3537
-3570
-3620
-3622
-3574
-3563
-3572
-3455
-3108
-2622
-2150
-1735
-1399
-1173
-989
-629
57
910
1607
1982
2136
2278
2576
3119
3780
4266
4429
4445
4575
4791
4867
4769
4662
4606
4476
4188
3864
3572
3246
2841
2403
1983
1511
1016
590
214
-239
-739
-1144
-1371
-1517
-1740
-2024
-2297
-2444
-2421
-2264
-2116
-2119
-2171
-2067
-1744
-1404
-1192
-1053
-864
-607
-326
-23
293
582
763
806
795
897
1178
1467
1476
1207
1025
1189
1479
1527
1347
1292
1425
1422
1153
914
1076
1487
1641
1294
816
693
951
1230
1182
838
526
499
673
786
661
401
217
227
310
276
154
59
9
-46
-116
-138
-160
-339
-612
-791
-828
-892
-1055
-1201
-1321
-1499
-1674
-1674
-1598
-1751
-2174
-2473
-2408
-2270
-2380
-2647
-2810
-2898
-3088
-3331
-3476
-3541
-3597
-3566
-3429
-3452
-3772
-4000
-3689
-3048
-2705
-2824
-2880
-2404
-1605
-1012
-816
-715
-323
401
1140
1645
1962
2313
2757
3111
3315
3549
3995
4553
4901
4896
4665
4444
4406
4511
4535
4289
3821
3396
3130
2858
2415
1856
1379
1019
614
81
-462
-854
-1087
-1288
-1517
-1779
-2038
-2231
-2341
-2369
-2335
-2232
-2058
-1857
-1728
-1676
-1564
-1266
-860
-563
-457
-372
-157
151
445
671
792
769
762
989
1360
1388
901
512
820
1494
1659
1152
756
999
1414
1327
892
749
1062
1381
1317
1009
835
940
1170
1245
1016
637
460
627
856
813
536
341
382
519
526
345
129
23
68
167
145
-22
-219
-332
-376
-468
-646
-846
-1008
-1138
-1269
-1410
-1505
-1504
-1562
-1834
-2189
-2351
-2282
-2307
-2583
-2861
-2939
-2967
-3179
-3413
-3399
-3252
-3348
-3679
-3860
-3768
-3605
-3497
-3314
-3030
-2865
-2817
-2533
-1815
-1081
-803
-870
-767
-189
663
1482
2064
2370
2500
2636
2977
3486
3958
4270
4494
4679
4715
4548
4358
4368
4535
4505
4069
3440
2966
2772
2611
2258
1741
1197
736
342
-41
-483
-970
-1382
-1593
-1675
-1798
-2020
-2222
-2241
-2121
-2015
-1993
-1992
-1912
-1693
-1432
-1195
-944
-646
-315
-82
19
97
293
597
876
1004
992
996
1188
1526
1657
1365
991
1038
1455
1678
1440
1133
1186
1390
1354
1156
1116
1237
1192
952
785
832
920
920
897
826
660
478
473
605
562
265
1
41
244
313
202
31
-96
-196
-259
-262
-305
-464
-673
-765
-774
-863
-1022
-1098
-1109
-1250
-1588
-1832
-1738
-1599
-1798
-2190
-2316
-2161
-2197
-2617
-2971
-2946
-2873
-3132
-3506
-3566
-3426
-3472
-3660
-3665
-3511
-3518
-3632
-3531
-3190
-2924
-2749
-2326
-1646
-1095
-960
-908
-492
221
925
1437
1848
2193
2469
2768
3179
3659
4049
4319
4489
4578
4548
4403
4291
4321
4398
4298
3973
3503
3088
2783
2478
2067
1585
1116
674
296
-33
-339
-672
-1072
-1438
-1657
-1758
-1842
-1963
-2060
-2055
-1926
-1795
-1699
-1609
-1476
-1297
-1144
-956
-715
-427
-175
3
183
392
604
790
912
980
1018
1131
1329
1406
1263
1116
1302
1676
1778
1470
1148
1167
1372
1435
1349
1296
1310
1268
1188
1182
1182
1126
1033
973
885
752
693
797
903
756
447
276
342
424
332
155
50
-14
-100
-200
-230
-251
-371
-587
-749
-803
-851
-968
-1111
-1191
-1259
-1356
-1407
-1385
-1486
-1814
-2173
-2228
-2055
-2069
-2415
-2769
-2774
-2671
-2886
-3341
-3591
-3455
-3299
-3470
-3800
-3917
-3738
-3436
-3238
-3198
-3192
-3084
-2726
-2176
-1695
-1400
-1193
-879
-408
146
703
1245
1719
2049
2300
2606
3002
3405
3748
4052
4318
4457
4407
4256
4164
4136
4069
3898
3638
3393
3145
2791
2318
1850
1514
1265
953
480
-40
-424
-627
-754
-935
-1204
-1493
-1697
-1756
-1701
-1630
-1637
-1710
-1712
-1544
-1261
-1030
-925
-820
-577
-272
-60
17
109
318
581
793
930
1023
1042
1000
1018
1210
1391
1334
1124
1080
1315
1539
1466
1178
1034
1135
1285
1250
1068
963
1005
1075
1007
849
774
778
707
548
481
588
638
444
179
139
285
338
211
67
25
-31
-136
-222
-263
-344
-498
-560
-530
-577
-806
-1049
-1143
-1180
-1321
-1452
-1425
-1413
-1638
-2015
-2147
-2006
-2010
-2358
-2700
-2702
-2585
-2749
-3092
-3197
-3100
-3219
-3581
-3713
-3495
-3344
-3541
-3716
-3497
-3135
-3030
-3120
-2994
-2544
-2024
-1563
-1129
-849
-749
-538
78
952
1620
1934
2129
2449
2780
3021
3294
3679
4100
4343
4390
4277
4084
3932
3894
3935
3877
3647
3285
2896
2507
2149
1835
1551
1267
896
473
54
-282
-527
-776
-1057
-1289
-1391
-1441
-1555
-1706
-1777
-1723
-1612
-1506
-1411
-1318
-1211
-1034
-749
-468
-336
-265
-81
191
399
521
734
1021
1122
1014
1036
1428
1855
1744
1229
1084
1584
2111
1979
1447
1279
1565
1730
1466
1201
1324
1559
1403
966
773
920
1069
954
740
657
650
587
493
442
402
313
212
191
240
259
187
20
-147
-218
-220
-215
-284
-375
-472
-598
-759
-903
-971
-1057
-1206
-1391
-1526
-1643
-1787
-1944
-2059
-2150
-2312
-2516
-2693
-2798
-2875
-2961
-3120
-3323
-3478
-3523
-3518
-3591
-3706
-3755
-3679
-3544
-3411
-3338
-3329
-3303
-3103
-2598
-1960
-1488
-1299
-1223
-1028
-567
123
840
1387
1690
1930
2278
2687
2968
3141
3427
3888
4286
4332
4049
3765
3775
3970
3992
3702
3310
3060
2917
2621
2122
1618
1307
1168
993
661
194
-247
-527
-645
-748
-962
-1217
-1390
-1438
-1466
-1486
-1425
-1328
-1273
-1310
-1268
-1103
-894
-671
-468
-255
-108
-9
85
244
510
802
1010
1049
995
1087
1376
1600
1548
1400
1498
1776
1871
1670
1455
1486
1660
1653
1434
1262
1284
1360
1284
1068
866
821
865
854
742
616
591
616
586
464
355
329
359
354
276
204
159
121
39
-66
-150
-201
-271
-392
-517
-622
-752
-908
-1037
-1151
-1296
-1498
-1653
-1672
-1689
-1898
-2254
-2516
-2523
-2420
-2453
-2702
-3021
-3174
-3143
-3132
-3320
-3573
-3647
-3556
-3564
-3742
-3788
-3541
-3260
-3285
-3487
-3403
-2908
-2303
-1935
-1734
-1480
-1130
-731
-292
240
745
1160
1565
2041
2481
2696
2768
2993
3470
3955
4177
4132
3999
3886
3806
3732
3648
3530
3389
3177
2845
2378
1880
1553
1417
1256
896
411
7
-248
-438
-654
-900
-1092
-1234
-1330
-1438
-1540
-1555
-1442
-1294
-1236
-1233
-1164
-955
-684
-448
-282
-130
37
239
493
702
783
905
1205
1534
1602
1425
1415
1714
1988
1936
1767
1821
2031
2032
1753
1584
1698
1825
1691
1411
1266
1267
1255
1157
1047
961
858
738
667
676
672
603
521
488
471
414
321
285
292
283
240
171
67
-76
-185
-236
-251
-343
-533
-747
-904
-1004
-1154
-1379
-1645
-1798
-1785
-1780
-2016
-2458
-2758
-2688
-2506
-2624
-2990
-3232
-3181
-3140
-3338
-3617
-3685
-3541
-3509
-3683
-3942
-4034
-3848
-3523
-3320
-3392
-3541
-3440
-2985
-2478
-2184
-1968
-1563
-1036
-695
-581
-326
340
1190
1790
2014
2098
2310
2689
3115
3489
3799
4039
4150
4097
3918
3771
3723
3756
3773
3640
3317
2881
2461
2137
1896
1663
1386
1057
686
294
-76
-403
-642
-773
-844
-976
-1245
-1551
-1672
-1519
-1282
-1189
-1259
-1305
-1192
-968
-686
-407
-197
-59
15
174
440
696
874
1004
1161
1287
1331
1364
1570
1884
2021
1798
1464
1479
1884
2242
2081
1580
1314
1485
1732
1621
1293
1159
1320
1403
1143
794
727
942
1059
869
557
463
619
771
706
477
295
291
409
502
490
369
209
64
-21
-63
-120
-231
-368
-534
-727
-967
-1215
-1410
-1530
-1609
-1751
-2005
-2336
-2570
-2586
-2500
-2608
-2978
-3303
-3287
-3087
-3085
-3378
-3654
-3647
-3506
-3517
-3695
-3831
-3761
-3540
-3393
-3376
-3416
-3362
-3154
-2855
-2561
-2267
-1885
-1482
-1216
-1091
-877
-368
370
991
1298
1389
1583
2027
2563
2951
3103
3218
3446
3697
3819
3742
3613
3543
3520
3455
3275
3048
2819
2614
2330
1941
1527
1247
1130
991
649
181
-188
-391
-483
-596
-730
-881
-1037
-1152
-1139
-995
-875
-835
-809
-704
-503
-311
-135
72
291
461
570
715
925
1120
1241
1366
1509
1573
1542
1640
1964
2156
1879
1425
1471
2034
2347
1931
1324
1292
1649
1686
1274
980
1128
1320
1122
692
498
627
796
741
494
302
305
451
508
351
146
132
278
320
182
79
123
149
0
-200
-284
-294
-411
-607
-742
-860
-1082
-1369
-1527
-1555
-1688
-2008
-2286
-2327
-2281
-2418
-2661
-2808
-2845
-2944
-3109
-3165
-3100
-3111
-3314
-3503
-3567
-3584
-3622
-3589
-3468
-3443
-3592
-3680
-3484
-3161
-3000
-2998
-2863
-2529
-2137
-1813
-1489
-1115
-778
-505
-152
376
923
1334
1617
1893
2216
2554
2851
3119
3377
3603
3741
3744
3695
3697
3719
3635
3408
3199
3115
3028
2726
2242
1839
1632
1477
1209
854
522
217
-88
-361
-569
-689
-793
-934
-1105
-1237
-1261
-1148
-945
-819
-825
-853
-741
-489
-221
-28
107
240
399
537
633
730
888
1116
1318
1366
1293
1285
1436
1615
1610
1513
1511
1605
1645
1557
1486
1520
1499
1326
1185
1250
1385
1322
1093
905
888
904
843
797
812
815
697
536
500
564
624
564
395
246
216
306
327
145
-133
-256
-227
-236
-424
-685
-825
-886
-1024
-1283
-1536
-1689
-1820
-1963
-2098
-2244
-2404
-2545
-2607
-2654
-2775
-2957
-3039
-2969
-2917
-3032
-3227
-3332
-3332
-3293
-3282
-3285
-3319
-3339
-3272
-3125
-3028
-3029
-2965
-2718
-2424
-2238
-2103
-1815
-1365
-979
-768
-592
-241
259
790
1231
1568
1827
2060
2348
2657
2953
3229
3495
3687
3742
3664
3559
3508
3512
3479
3370
3168
2858
2501
2171
1919
1690
1439
1172
895
589
259
-57
-272
-365
-411
-537
-759
-980
-1052
-916
-727
-639
-671
-694
-612
-417
-196
-4
173
317
443
544
645
752
898
1113
1339
1390
1185
1030
1290
1820
1970
1495
1022
1199
1805
2020
1586
1122
1143
1401
1400
1136
1018
1156
1227
1019
696
563
684
853
828
581
339
309
454
551
477
320
189
82
45
104
143
56
-181
-357
-385
-435
-626
-816
-844
-853
-1040
-1406
-1662
-1718
-1688
-1754
-1976
-2246
-2444
-2479
-2433
-2451
-2627
-2848
-2961
-2908
-2798
-2798
-2938
-3076
-3089
-3002
-2992
-3161
-3333
-3300
-3081
-2976
-3051
-3147
-3069
-2858
-2712
-2580
-2371
-2096
-1840
-1597
-1312
-1002
-730
-423
8
490
859
1107
1444
1904
2296
2468
2581
2916
3410
3745
3746
3596
3594
3752
3824
3688
3449
3281
3214
3082
2798
2409
2017
1748
1589
1420
1108
652
268
82
10
-138
-380
-566
-651
-698
-759
-760
-696
-651
-629
-589
-461
-301
-124
81
277
407
468
558
705
882
1027
1132
1207
1272
1350
1416
1422
1390
1493
1713
1772
1494
1189
1283
1655
1806
1486
1097
1057
1257
1301
1103
897
840
859
794
642
511
507
613
673
538
316
197
237
283
236
174
113
9
-117
-165
-146
-199
-383
-559
-663
-772
-973
-1123
-1112
-1116
-1321
-1647
-1820
-1808
-1822
-2001
-2208
-2304
-2348
-2439
-2540
-2596
-2601
-2639
-2734
-2810
-2834
-2841
-2914
-3061
-3173
-3176
-3118
-3083
-3125
-3192
-3202
-3134
-3052
-2982
-2879
-2708
-2505
-2331
-2179
-1897
-1448
-1024
-811
-712
-444
50
575
903
1153
1476
1877
2209
2438
2660
2936
3249
3483
3560
3456
3334
3347
3490
3553
3399
3123
2921
2778
2556
2224
1915
1701
1514
1297
1009
685
364
154
58
-25
-202
-435
-589
-659
-706
-718
-618
-465
-397
-430
-438
-310
-68
171
338
397
397
445
644
908
1088
1160
1198
1215
1141
1095
1206
1452
1587
1433
1202
1168
1309
1423
1420
1387
1331
1216
1058
964
975
1040
1084
1062
944
719
558
603
776
805
621
372
250
261
273
241
148
25
-123
-266
-376
-455
-515
-554
-628
-796
-1001
-1143
-1168
-1165
-1265
-1448
-1629
-1771
-1890
-1969
-2008
-2026
-2096
-2231
-2352
-2405
-2392
-2399
-2462
-2559
-2646
-2689
-2686
-2672
-2674
-2731
-2830
-2917
-2879
-2778
-2767
-2871
-2935
-2827
-2680
-2616
-2604
-2467
-2196
-1961
-1849
-1686
-1334
-880
-532
-398
-289
25
572
1107
1425
1565
1779
2153
2519
2731
2899
3168
3492
3643
3555
3446
3478
3602
3648
3536
3293
3065
2897
2763
2539
2217
1921
1763
1657
1403
985
586
392
341
260
45
-226
-439
-537
-518
-465
-447
-456
-483
-471
-416
-334
-223
-71
132
305
373
356
404
605
871
1012
1021
990
999
1029
1099
1268
1426
1405
1182
1025
1110
1318
1422
1343
1173
1013
901
921
1029
1084
988
794
643
559
545
594
638
577
386
219
227
248
148
-13
-104
-128
-254
-459
-581
-583
-603
-756
-950
-1081
-1147
-1217
-1314
-1385
-1482
-1627
-1743
-1778
-1778
-1847
-1980
-2058
-2036
-2004
-2053
-2126
-2137
-2119
-2159
-2267
-2314
-2269
-2241
-2344
-2505
-2598
-2635
-2659
-2667
-2659
-2723
-2905
-3039
-2956
-2768
-2693
-2833
-2933
-2767
-2439
-2170
-2056
-1970
-1757
-1348
-934
-680
-525
-271
228
768
1084
1206
1449
1980
2519
2769
2788
2910
3262
3658
3850
3795
3692
3674
3745
3790
3733
3553
3355
3206
3037
2778
2458
2212
2064
1884
1545
1110
778
610
501
310
16
-272
-446
-485
-497
-541
-622
-718
-750
-691
-553
-419
-376
-348
-267
-102
77
181
265
371
504
631
775
927
1022
1017
999
1082
1219
1289
1240
1191
1230
1284
1223
1122
1109
1168
1153
1011
858
809
835
815
742
656
558
448
348
292
278
251
149
-46
-260
-355
-322
-294
-414
-654
-821
-865
-917
-1041
-1141
-1148
-1169
-1336
-1538
-1599
-1546
-1525
-1602
-1685
-1748
-1804
-1874
-1884
-1817
-1780
-1812
-1887
-1961
-2020
-2054
-2071
-2064
-2106
-2207
-2327
-2412
-2440
-2471
-2541
-2647
-2734
-2738
-2689
-2664
-2690
-2728
-2671
-2537
-2388
-2245
-2085
-1857
-1615
-1379
-1091
-759
-430
-153
137
506
920
1324
1657
1938
2190
2417
2690
3043
3373
3562
3593
3611
3724
3847
3891
3828
3748
3674
3581
3432
3245
3038
2780
2526
2293
2095
1872
1584
1283
999
768
542
316
102
-89
-228
-339
-465
-584
-629
-603
-567
-585
-620
-585
-478
-341
-197
-41
81
106
110
248
564
856
912
771
705
877
1167
1322
1251
1115
1061
1153
1270
1290
1221
1174
1154
1064
902
798
881
1015
979
721
453
368
435
474
374
198
12
-125
-192
-249
-331
-452
-571
-692
-857
-1015
-1077
-1057
-1102
-1292
-1494
-1540
-1505
-1517
-1618
-1700
-1708
-1706
-1745
-1804
-1846
-1891
-1889
-1829
-1804
-1914
-2048
-2049
-1929
-1896
-2095
-2317
-2289
-2123
-2147
-2403
-2629
-2575
-2408
-2440
-2715
-2945
-2901
-2687
-2570
-2661
-2819
-2839
-2639
-2364
-2185
-2128
-2062
-1845
-1454
-1058
-798
-628
-423
-65
392
830
1186
1469
1766
2110
2443
2696
2923
3217
3560
3836
3916
3863
3845
3979
4131
4115
3957
3793
3717
3595
3321
2983
2724
2579
2373
2013
1590
1243
1016
826
572
258
-41
-274
-406
-545
-711
-845
-875
-826
-856
-975
-1020
-869
-644
-522
-539
-516
-334
-67
152
211
183
245
497
836
989
891
774
897
1173
1249
1093
964
1116
1388
1434
1186
916
892
1056
1191
1120
910
725
661
681
673
546
366
244
195
166
64
-88
-224
-313
-354
-452
-627
-782
-847
-843
-878
-1004
-1194
-1312
-1324
-1294
-1328
-1445
-1570
-1654
-1629
-1573
-1597
-1736
-1881
-1892
-1807
-1743
-1779
-1861
-1933
-1981
-2020
-2045
-2039
-2049
-2071
-2137
-2282
-2440
-2483
-2362
-2295
-2415
-2635
-2733
-2609
-2449
-2401
-2452
-2472
-2380
-2228
-2052
-1894
-1736
-1494
-1164
-805
-576
-451
-231
206
726
1118
1384
1682
2050
2348
2547
2765
3131
3552
3852
3934
3873
3837
3928
4104
4227
4152
3915
3713
3592
3454
3199
2899
2674
2484
2204
1797
1363
1053
857
685
424
45
-334
-565
-589
-594
-727
-970
-1139
-1109
-971
-887
-904
-926
-873
-717
-518
-349
-261
-212
-102
71
218
319
433
605
738
743
705
770
941
1059
1033
925
862
920
1039
1085
970
769
644
680
766
762
658
517
408
303
227
171
117
66
-11
-111
-253
-394
-467
-448
-449
-607
-831
-948
-915
-866
-932
-1090
-1236
-1299
-1302
-1312
-1349
-1401
-1469
-1516
-1528
-1543
-1583
-1643
-1697
-1720
-1678
-1611
-1603
-1695
-1870
-1974
-1913
-1801
-1756
-1879
-2084
-2244
-2284
-2199
-2108
-2151
-2363
-2583
-2620
-2468
-2346
-2370
-2430
-2367
-2254
-2190
-2124
-1966
-1675
-1346
-1030
-775
-606
-480
-212
285
819
1186
1433
1739
2136
2431
2610
2864
3276
3723
3967
3992
3925
3929
4053
4220
4273
4132
3891
3732
3665
3475
3097
2712
2507
2391
2136
1657
1142
803
643
502
225
-157
-526
-765
-842
-892
-1021
-1187
-1255
-1199
-1150
-1202
-1270
-1166
-915
-673
-579
-580
-550
-409
-135
165
354
372
332
417
656
906
1034
1033
1001
967
972
1059
1195
1287
1235
1078
930
872
908
976
970
825
604
464
468
504
424
198
-19
-108
-97
-114
-239
-418
-561
-620
-662
-761
-880
-942
-923
-925
-1051
-1245
-1353
-1331
-1252
-1262
-1386
-1540
-1571
-1478
-1422
-1483
-1611
-1666
-1622
-1584
-1603
-1640
-1648
-1656
-1728
-1827
-1859
-1794
-1741
-1825
-2012
-2150
-2142
-2022
-1975
-2101
-2335
-2518
-2491
-2314
-2152
-2186
-2329
-2375
-2254
-2068
-1927
-1779
-1555
-1257
-997
-801
-610
-349
3
416
829
1138
1387
1688
2078
2461
2718
2909
3161
3517
3832
4004
4054
4045
4083
4144
4177
4127
4024
3891
3740
3525
3215
2908
2664
2505
2285
1900
1454
1085
855
675
415
50
-300
-534
-645
-736
-875
-1039
-1146
-1125
-1055
-1031
-1062
-1043
-877
-648
-500
-459
-390
-224
-25
108
201
327
505
674
784
840
851
889
973
1071
1104
1064
995
990
1016
962
811
660
630
661
657
535
330
190
130
91
13
-149
-293
-362
-389
-471
-661
-847
-906
-853
-834
-945
-1144
-1255
-1210
-1100
-1089
-1234
-1419
-1466
-1358
-1283
-1386
-1576
-1640
-1577
-1529
-1604
-1706
-1697
-1665
-1730
-1839
-1863
-1795
-1796
-1931
-2065
-2106
-2093
-2138
-2232
-2287
-2299
-2315
-2343
-2390
-2456
-2531
-2548
-2423
-2249
-2175
-2193
-2206
-2117
-1929
-1708
-1434
-1072
-701
-490
-408
-252
136
724
1284
1659
1877
2051
2301
2668
3058
3397
3680
3910
4068
4130
4140
4187
4301
4394
4358
4204
4010
3820
3597
3357
3116
2848
2555
2248
1935
1594
1221
870
627
460
246
-69
-405
-649
-775
-846
-908
-982
-1070
-1151
-1196
-1137
-999
-883
-819
-731
-565
-375
-257
-165
13
234
370
363
365
547
832
993
935
825
820
914
1000
1046
1089
1111
1037
869
731
682
731
769
714
553
360
226
174
171
127
39
-109
-249
-366
-429
-486
-585
-706
-854
-958
-1027
-1091
-1188
-1311
-1416
-1481
-1520
-1552
-1602
-1650
-1714
-1782
-1814
-1827
-1844
-1855
-1855
-1860
-1956
-2124
-2151
-1989
-1814
-1865
-2122
-2316
-2261
-2079
-2042
-2169
-2305
-2377
-2395
-2416
-2431
-2412
-2398
-2427
-2455
-2410
-2323
-2223
-2092
-1929
-1809
-1732
-1609
-1346
-962
-603
-371
-221
-20
283
685
1143
1564
1878
2108
2356
2652
2973
3269
3547
3796
3960
4016
3980
3968
4023
4096
4083
3929
3713
3493
3315
3127
2863
2558
2262
2040
1798
1417
955
569
394
298
112
-194
-525
-740
-840
-880
-909
-904
-894
-951
-1062
-1094
-945
-665
-485
-554
-693
-623
-273
119
248
134
55
210
517
742
817
826
863
895
869
806
828
971
1141
1131
865
589
559
772
950
870
604
398
336
337
304
268
207
98
-42
-158
-195
-234
-285
-334
-369
-455
-588
-680
-668
-656
-774
-969
-1077
-1061
-1043
-1125
-1265
-1345
-1385
-1428
-1480
-1536
-1602
-1641
-1622
-1607
-1719
-1945
-2055
-1924
-1742
-1822
-2131
-2338
-2285
-2164
-2205
-2332
-2355
-2280
-2300
-2463
-2587
-2586
-2460
-2296
-2154
-2126
-2234
-2275
-2068
-1689
-1406
-1275
-1065
-652
-265
-139
-114
200
874
1524
1816
1842
1900
2183
2615
3040
3369
3571
3673
3741
3837
3897
3929
3983
4072
4085
3906
3607
3342
3186
3005
2734
2446
2238
2043
1686
1222
847
651
551
380
98
-211
-474
-648
-743
-783
-830
-908
-949
-911
-862
-859
-817
-637
-400
-301
-344
-326
-133
104
253
317
375
401
339
353
593
896
956
714
493
556
789
909
860
803
765
657
473
386
493
620
578
359
142
40
35
87
83
-11
-145
-267
-354
-448
-537
-602
-610
-636
-800
-991
-1088
-1068
-1056
-1131
-1186
-1220
-1316
-1455
-1526
-1481
-1461
-1593
-1751
-1784
-1753
-1796
-1934
-2016
-1987
-1969
-2025
-2116
-2136
-2116
-2159
-2247
-2300
-2328
-2352
-2362
-2357
-2371
-2472
-2576
-2554
-2406
-2292
-2295
-2310
-2218
-2007
-1790
-1640
-1525
-1355
-1072
-701
-349
-133
27
293
732
1211
1542
1777
2077
2501
2857
3016
3104
3325
3699
3999
4055
3936
3849
3914
4028
4050
3907
3687
3540
3446
3278
2950
2584
2330
2199
2013
1662
1235
879
649
427
190
-29
-184
-321
-510
-699
-832
-850
-772
-702
-696
-774
-859
-788
-558
-291
-207
-295
-338
-159
176
417
470
404
399
477
594
717
793
835
824
743
617
559
660
866
978
843
527
322
403
634
739
559
273
109
123
170
104
-22
-106
-144
-216
-354
-483
-530
-492
-482
-600
-751
-862
-899
-911
-970
-1083
-1179
-1205
-1214
-1270
-1409
-1523
-1543
-1504
-1497
-1600
-1735
-1810
-1804
-1821
-1938
-2086
-2132
-2052
-1988
-2088
-2290
-2405
-2334
-2200
-2250
-2450
-2573
-2476
-2314
-2383
-2617
-2715
-2517
-2234
-2178
-2282
-2249
-1994
-1743
-1647
-1530
-1230
-766
-373
-171
-73
87
472
997
1525
1843
1957
2079
2332
2729
3088
3333
3508
3655
3744
3754
3749
3772
3803
3776
3675
3523
3363
3176
2978
2763
2525
2284
2060
1871
1644
1316
904
582
408
276
92
-133
-300
-445
-604
-759
-822
-759
-639
-569
-620
-731
-785
-616
-284
-70
-103
-223
-197
87
405
446
370
379
501
644
680
652
709
803
756
572
406
461
643
743
610
344
190
233
400
516
461
279
122
80
125
135
83
23
11
-43
-144
-243
-281
-222
-188
-284
-494
-651
-679
-636
-685
-888
-1078
-1122
-1129
-1217
-1368
-1450
-1436
-1468
-1596
-1718
-1749
-1731
-1748
-1878
-2018
-2069
-2035
-2013
-2102
-2252
-2372
-2397
-2303
-2228
-2288
-2461
-2576
-2502
-2364
-2350
-2494
-2599
-2519
-2301
-2155
-2159
-2183
-2088
-1841
-1539
-1275
-1074
-812
-475
-191
-1
186
566
1075
1472
1686
1821
2060
2399
2750
3007
3213
3391
3543
3669
3684
3635
3600
3654
3696
3596
3357
3113
2944
2807
2581
2279
1997
1762
1586
1365
1073
753
490
305
164
21
-150
-303
-419
-513
-594
-636
-637
-569
-435
-342
-339
-419
-415
-192
157
388
294
48
11
401
862
946
670
461
619
923
1026
896
804
860
906
825
708
691
787
823
705
492
343
373
500
517
328
92
17
100
165
107
-27
-107
-128
-127
-148
-225
-335
-388
-382
-391
-460
-586
-740
-822
-837
-857
-911
-1067
-1223
-1315
-1346
-1409
-1477
-1522
-1605
-1715
-1844
-1891
-1887
-1929
-2047
-2130
-2164
-2204
-2242
-2271
-2331
-2454
-2522
-2484
-2433
-2519
-2696
-2739
-2654
-2613
-2671
-2645
-2425
-2203
-2169
-2209
-2101
-1773
-1379
-1065
-825
-614
-383
-189
98
541
1024
1407
1637
1800
2022
2320
2589
2821
3070
3296
3416
3439
3388
3346
3333
3349
3377
3323
3130
2863
2669
2520
2359
2153
1942
1738
1487
1176
912
735
549
355
173
13
-161
-316
-388
-348
-295
-345
-430
-486
-439
-296
-175
-127
-104
-4
119
132
50
67
357
750
835
533
191
214
652
1063
1021
611
284
319
621
774
673
540
501
474
358
264
331
537
586
383
107
-25
55
234
286
95
-144
-251
-180
-68
-121
-297
-362
-339
-331
-405
-557
-638
-628
-636
-742
-910
-1062
-1115
-1068
-1057
-1162
-1358
-1537
-1587
-1523
-1511
-1637
-1809
-1906
-1913
-1926
-2023
-2130
-2173
-2205
-2250
-2279
-2292
-2317
-2357
-2459
-2576
-2596
-2499
-2349
-2302
-2457
-2622
-2517
-2231
-1998
-1913
-1896
-1756
-1450
-1110
-742
-433
-281
-164
149
685
1194
1493
1599
1765
2066
2346
2557
2779
3052
3319
3397
3261
3107
3148
3343
3469
3363
3053
2784
2623
2524
2396
2217
1988
1765
1520
1237
1017
870
779
637
408
147
25
15
-33
-135
-221
-218
-155
-124
-156
-156
-79
76
235
299
292
371
576
689
614
505
644
1017
1127
855
581
638
916
1052
907
683
668
760
788
693
537
477
533
566
496
381
286
254
276
268
240
204
122
55
82
123
79
-24
-142
-165
-123
-132
-242
-364
-435
-449
-486
-616
-742
-789
-811
-892
-1005
-1126
-1211
-1312
-1421
-1485
-1522
-1645
-1785
-1824
-1855
-1957
-2099
-2142
-2082
-2077
-2229
-2383
-2436
-2441
-2465
-2490
-2507
-2555
-2685
-2812
-2807
-2693
-2597
-2557
-2521
-2507
-2481
-2403
-2205
-1913
-1662
-1497
-1302
-1030
-770
-557
-296
92
551
936
1160
1330
1584
1912
2238
2506
2707
2905
3085
3201
3203
3149
3145
3255
3354
3265
3053
2831
2673
2554
2395
2224
2076
1872
1550
1222
1020
926
850
656
387
183
89
54
17
-27
-70
-67
-44
-28
-18
6
88
235
349
379
383
471
597
642
578
603
844
1040
955
671
555
763
1027
976
674
466
526
676
663
461
273
273
335
294
171
95
102
129
75
-28
-65
-41
-28
-7
-1
-15
-46
-91
-103
-95
-79
-53
-56
-132
-228
-269
-297
-386
-506
-578
-571
-646
-839
-1029
-1111
-1162
-1268
-1373
-1434
-1510
-1662
-1790
-1819
-1824
-1931
-2083
-2120
-2074
-2129
-2291
-2447
-2465
-2408
-2407
-2456
-2560
-2685
-2722
-2598
-2433
-2415
-2573
-2650
-2477
-2207
-2061
-2036
-1953
-1721
-1472
-1264
-1030
-734
-474
-294
-68
281
690
958
1146
1382
1673
1882
2003
2237
2583
2816
2815
2712
2728
2875
2980
3000
2949
2816
2606
2433
2346
2256
2068
1820
1652
1502
1256
955
787
774
682
454
243
185
205
160
84
74
111
121
145
189
229
265
374
541
608
506
471
689
946
906
654
620
912
1162
1020
688
583
766
928
885
733
636
605
564
519
490
467
422
398
360
260
113
51
119
194
167
42
-63
-72
-28
36
85
41
-77
-138
-66
36
0
-141
-209
-180
-180
-331
-512
-573
-530
-520
-653
-865
-1056
-1152
-1152
-1126
-1182
-1376
-1560
-1598
-1568
-1623
-1776
-1865
-1845
-1819
-1872
-2001
-2118
-2150
-2135
-2112
-2128
-2224
-2340
-2425
-2415
-2361
-2359
-2380
-2357
-2312
-2269
-2183
-2039
-1859
-1700
-1555
-1336
-1052
-799
-613
-408
-88
285
644
903
1074
1248
1519
1867
2178
2356
2435
2525
2648
2746
2766
2773
2800
2790
2700
2543
2400
2257
2079
1910
1758
1635
1431
1156
921
752
642
533
418
278
111
-45
-111
-47
33
11
-71
-139
-85
37
145
237
297
351
392
398
385
460
686
887
845
566
379
552
898
1007
764
493
490
657
679
526
452
543
595
417
127
56
267
492
453
126
-152
-155
85
279
218
43
-60
-51
-3
32
77
117
87
-17
-88
-64
-20
-41
-130
-213
-291
-384
-481
-535
-557
-632
-803
-995
-1106
-1123
-1106
-1172
-1336
-1515
-1578
-1523
-1473
-1561
-1732
-1782
-1707
-1668
-1766
-1912
-1940
-1864
-1826
-1923
-2069
-2110
-2058
-2001
-2039
-2102
-2077
-1983
-1944
-2029
-2084
-1828
-1349
-1032
-1128
-1427
-1382
-830
-107
297
287
156
225
543
1005
1422
1667
1749
1762
1831
1932
2037
2190
2357
2429
2313
2090
1964
1993
2059
1957
1758
1575
1432
1300
1129
979
859
755
653
544
408
245
139
167
244
237
110
24
72
192
269
307
363
388
405
477
625
733
724
676
728
857
890
825
806
884
960
895
741
658
669
713
743
717
629
499
350
297
334
397
432
387
229
7
-111
2
221
260
41
-202
-238
-94
4
-25
-109
-167
-179
-197
-205
-193
-192
-233
-294
-367
-404
-435
-459
-475
-525
-641
-793
-867
-866
-852
-940
-1091
-1215
-1269
-1258
-1253
-1342
-1465
-1555
-1565
-1551
-1599
-1664
-1690
-1664
-1694
-1792
-1866
-1820
-1717
-1716
-1813
-1820
-1710
-1619
-1698
-1795
-1628
-1223
-895
-951
-1191
-1216
-855
-329
45
121
77
117
324
645
948
1165
1299
1381
1404
1433
1479
1631
1833
1910
1803
1595
1467
1513
1611
1593
1424
1216
1081
1018
960
840
704
632
611
561
414
223
161
256
373
363
230
135
177
301
420
469
470
484
541
647
740
799
797
814
900
987
1025
1009
976
958
944
946
1030
1099
966
676
495
610
880
901
569
210
136
314
448
360
142
5
-6
19
9
-62
-133
-127
-111
-110
-151
-230
-264
-238
-168
-128
-140
-212
-277
-254
-171
-98
-155
-286
-355
-332
-283
-310
-392
-468
-506
-547
-634
-717
-766
-790
-804
-857
-972
-1121
-1222
-1216
-1141
-1119
-1227
-1404
-1489
-1463
-1386
-1364
-1405
-1435
-1482
-1521
-1536
-1488
-1383
-1295
-1301
-1382
-1428
-1366
-1179
-948
-780
-740
-825
-904
-749
-386
-25
111
14
-72
41
314
549
665
726
793
869
893
870
875
936
1047
1135
1103
929
771
720
785
850
810
685
540
420
331
323
375
407
347
212
107
104
158
244
316
328
279
253
302
401
498
562
652
741
739
681
696
837
999
1030
955
904
894
894
919
943
936
866
749
682
679
639
550
488
460
408
291
190
174
202
170
89
3
-64
-71
-28
-1
-57
-170
-210
-117
-4
-32
-174
-240
-164
-14
24
-52
-132
-130
-60
-3
-22
-126
-168
-136
-54
-76
-244
-378
-360
-259
-264
-402
-568
-631
-603
-622
-679
-745
-799
-829
-858
-919
-978
-964
-901
-840
-906
-1054
-1110
-984
-794
-710
-782
-904
-907
-813
-701
-630
-581
-530
-483
-484
-516
-493
-342
-127
-12
-40
-129
-102
69
277
399
395
351
356
445
556
638
645
594
569
563
571
563
535
514
461
365
277
236
239
235
158
36
-48
-50
-14
12
-3
-65
-124
-107
-22
67
97
74
68
105
186
271
333
364
385
408
440
473
476
489
535
598
616
572
485
439
495
573
607
535
387
289
292
368
389
313
174
92
90
95
85
46
16
-22
-83
-120
-108
-59
-37
-78
-130
-145
-98
-57
-33
-55
-57
-10
35
68
39
38
74
120
108
33
-2
31
87
76
-8
-94
-122
-111
-105
-132
-199
-293
-349
-365
-367
-394
-455
-508
-542
-560
-559
-565
-581
-620
-643
-617
-567
-535
-568
-588
-557
-497
-462
-455
-453
-419
-382
-363
-329
-290
-266
-255
-246
-239
-180
-121
-61
-48
-70
-83
-28
73
136
129
74
106
169
199
199
196
218
250
243
203
186
176
195
208
199
170
115
107
138
158
171
157
140
139
142
177
218
244
252
249
268
286
301
307
338
384
379
335
303
308
333
351
339
329
303
256
225
218
221
217
195
136
79
58
74
96
95
38
-15
-35
-31
-35
-56
-44
-51
-88
-149
-182
-131
-58
-31
-75
-139
-151
-92
-9
20
-7
-41
-57
-29
30
61
88
102
93
57
44
97
149
161
90
18
7
34
45
5
-32
-54
-70
-105
-149
-200
-237
-243
-234
-270
-333
-356
-358
-341
-358
-379
-365
-325
-300
-316
-316
-288
-222
-169
-143
-138
-119
-61
17
66
65
49
50
125
181
192
170
149
181
216
238
219
167
123
131
168
190
155
69
13
21
38
21
-16
-45
-56
-66
-104
-149
-181
-193
-181
-202
-243
-290
-312
-291
-266
-264
-278
-293
-293
-282
-259
-211
-170
-154
-154
-139
-88
-33
17
49
63
82
93
142
198
224
235
227
246
267
310
315
283
274
277
308
331
323
273
240
251
286
273
193
146
149
178
174
114
59
50
73
77
51
-2
-24
-10
-1
-11
-50
-61
-21
29
30
-11
-27
10
67
99
92
71
87
118
155
182
177
172
177
183
175
155
152
168
178
147
92
63
75
86
88
61
12
-26
-29
-9
-1
-23
-52
-60
-56
-51
-79
-87
-63
-36
-40
-68
-76
-69
-56
-59
-64
-88
-104
-111
-108
-106
-124
-139
-142
-137
-149
-180
-205
-205
-205
-209
-208
-211
-233
-236
-227
-218
-221
-245
-257
-240
-230
-227
-253
-280
-271
-244
-221
-232
-256
-278
-265
-244
-224
-230
-238
-237
-214
-187
-192
-182
-166
-130
-100
-88
-83
-66
-42
-8
22
47
77
61
68
104
130
167
179
173
161
174
185
199
206
183
181
189
199
192
179
168
175
179
170
151
141
142
137
133
139
146
146
140
134
128
115
132
148
158
160
158
164
173
164
182
215
236
240
212
210
227
269
287
288
259
229
214
227
231
229
217
177
167
140
126
107
94
81
58
31
0
-22
-19
-15
-5
-14
-42
-60
-67
-44
-38
-40
-58
-61
-61
-49
-44
-47
-53
-75
-94
-91
-84
-97
-108
-151
-165
-164
-169
-183
-203
-221
-238
-245
-254
-270
-271
-279
-275
-283
-326
-335
-327
-299
-287
-294
-321
-337
-325
-300
-267
-251
-270
-295
-293
-272
-243
-215
-200
-194
-193
-179
-140
-139
-111
-81
-63
-47
-28
-5
13
54
99
123
128
131
140
160
194
223
224
228
234
249
263
274
258
250
245
253
265
250
228
217
213
206
211
204
179
147
138
130
132
119
119
101
84
75
57
61
58
67
68
84
68
57
65
86
119
128
123
117
136
160
177
195
193
203
204
199
211
196
184
174
165
147
130
96
89
77
62
40
2
-20
-41
-61
-74
-92
-120
-140
-155
-133
-145
-148
-175
-191
-192
-185
-172
-181
-187
-205
-203
-205
-190
-200
-219
-225
-216
-210
-209
-216
-223
-231
-227
-225
-234
-224
-221
-212
-205
-200
-220
-211
-196
-181
-171
-177
-170
-162
-154
-137
-128
-108
-95
-100
-102
-76
-51
-49
-42
-59
-41
-29
-4
6
16
29
41
67
83
93
92
100
121
154
175
193
194
216
227
254
261
263
265
272
294
301
301
289
282
287
302
290
273
248
235
235
241
231
209
162
138
124
125
121
90
74
41
35
26
25
15
15
10
10
17
16
17
12
15
32
29
24
25
25
33
37
45
26
20
7
8
-4
-11
-30
-55
-63
-69
-75
-103
-125
-148
-154
-149
-152
-163
-169
-195
-188
-185
-181
-193
-195
-195
-205
-183
-189
-181
-177
-175
-177
-172
-193
-206
-197
-196
-192
-200
-217
-220
-214
-207
-203
-201
-214
-225
-224
-211
-193
-192
-177
-183
-159
-140
-138
-134
-123
-122
-110
-75
-61
-63
-54
-43
-35
-13
-9
-8
-3
9
5
12
3
14
26
47
70
55
58
69
95
123
151
167
170
176
192
209
243
247
257
273
287
316
339
357
359
367
363
367
365
361
347
344
335
326
304
278
259
248
234
208
189
160
140
124
120
91
68
40
34
51
47
38
26
11
3
10
26
24
23
15
13
19
14
19
5
9
-5
-25
-29
-36
-46
-55
-66
-82
-94
-116
-133
-138
-126
-126
-149
-170
-171
-177
-170
-172
-174
-191
-190
-189
-197
-180
-191
-194
-202
-200
-196
-192
-198
-204
-205
-210
-199
-198
-203
-202
-202
-190
-189
-192
-186
-190
-178
-167
-162
-159
-143
-130
-111
-93
-77
-77
-73
-53
-44
-27
-19
-22
-9
8
22
36
35
43
43
56
60
62
60
56
66
72
83
86
81
85
111
126
127
137
139
133
149
173
192
193
206
215
226
253
256
259
266
278
275
277
279
280
281
287
302
295
281
274
249
242
237
214
200
176
168
163
148
127
108
78
65
65
47
29
4
-8
-12
-23
-30
-50
-73
-86
-95
-96
-102
-103
-122
-126
-127
-132
-134
-146
-154
-153
-152
-162
-166
-167
-173
-178
-183
-189
-193
-204
-199
-203
-204
-208
-220
-222
-230
-227
-224
-232
-238
-237
-250
-247
-239
-233
-240
-234
-217
-215
-215
-212
-221
-208
-193
-189
-174
-172
-161
-165
-150
-148
-141
-127
-119
-114
-104
-86
-81
-77
-76
-57
-54
-35
-23
-29
-19
-7
8
20
35
37
57
66
66
85
82
99
115
130
153
155
161
164
178
193
196
200
205
215
233
231
237
253
249
262
272
264
269
278
289
300
300
301
300
307
304
303
311
305
302
288
284
279
269
269
254
241
234
221
203
194
177
165
164
157
139
121
100
86
73
55
41
22
4
-11
-27
-44
-55
-67
-85
-101
-111
-127
-152
-159
-165
-167
-170
-191
-194
-207
-229
-230
-238
-246
-254
-269
-264
-266
-273
-278
-284
-284
-279
-278
-279
-292
-288
-294
-294
-289
-293
-291
-297
-284
-278
-263
-257
-248
-237
-233
-231
-222
-207
-202
-187
-185
-167
-168
-159
-152
-147
-137
-126
-121
-115
-96
-100
-82
-73
-75
-66
-60
-56
-35
-32
-19
-1
0
21
29
39
55
66
68
84
96
100
113
126
141
160
170
176
180
183
196
208
221
241
252
257
262
272
274
279
284
288
301
300
307
315
329
333
334
325
332
333
319
332
328
326
322
315
308
308
291
286
273
262
261
247
242
231
227
203
187
171
155
141
130
109
96
92
70
67
40
25
1
-20
-25
-49
-54
-58
-74
-76
-98
-116
-125
-145
-155
-162
-168
-187
-189
-198
-202
-209
-233
-233
-245
-255
-260
-267
-260
-269
-273
-266
-281
-285
-293
-299
-296
-300
-299
-289
-281
-288
-284
-278
-275
-284
-278
-273
-272
-259
-243
-241
-234
-218
-239
-230
-216
-223
-213
-202
-203
-186
-179
-173
-161
-159
-141
-148
-139
-124
-107
-94
-79
-66
-61
-53
-48
-35
-31
-9
3
18
32
43
54
72
72
88
99
107
125
139
158
171
198
202
214
224
236
240
245
246
261
284
297
312
320
319
309
313
304
325
317
329
353
347
347
335
338
333
318
318
316
313
320
313
308
297
288
270
263
246
233
221
209
209
196
184
163
151
134
114
88
86
73
60
38
29
17
-13
-47
-75
-89
-104
-111
-122
-115
-129
-127
-147
-159
-171
-185
-203
-205
-202
-218
-211
-218
-215
-225
-229
-249
-251
-259
-269
-263
-245
-240
-244
-245
-243
-246
-255
-247
-256
-237
-240
-230
-227
-218
-213
-229
-222
-217
-221
-223
-204
-192
-181
-180
-176
-174
-171
-176
-168
-161
-156
-139
-120
-113
-97
-91
-101
-93
-93
-89
-86
-63
-59
-41
-18
-11
-9
-4
-7
-8
1
6
24
41
60
67
75
79
95
101
100
108
114
138
147
156
161
167
174
170
162
177
186
189
214
218
227
236
239
243
240
234
229
225
236
231
231
243
230
230
216
211
199
190
185
183
194
190
174
162
170
143
127
118
104
97
102
93
90
84
71
57
38
33
12
10
1
-7
-6
-9
-24
-39
-60
-69
-76
-79
-84
-88
-84
-90
-90
-97
-109
-118
-123
-154
-148
-130
-118
-123
-130
-136
-130
-124
-140
-141
-146
-135
-138
-142
-130
-133
-142
-134
-139
-145
-149
-139
-137
-120
-107
-111
-98
-111
-108
-111
-117
-114
-99
-101
-92
-89
-84
-89
-84
-83
-87
-76
-90
-74
-75
-62
-62
-55
-52
-54
-61
-50
-44
-41
-20
-24
-3
0
8
4
-3
-6
-2
-5
9
14
18
32
36
58
45
47
52
54
51
53
61
69
89
94
88
95
93
92
88
87
98
103
110
111
117
123
116
124
124
112
121
121
124
127
120
120
119
114
107
102
104
110
98
105
107
103
94
84
79
66
66
56
55
56
58
58
51
45
42
40
32
22
25
28
19
25
27
20
6
2
-1
-12
-11
-11
-12
-25
-16
-19
-23
-35
-38
-31
-33
-32
-30
-22
-31
-18
-34
-41
-52
-57
-52
-65
-63
-66
-66
-68
-70
-73
-84
-87
-85
-103
-102
-108
-105
-111
-113
-119
-125
-127
-138
-130
-140
-128
-136
-134
-138
-137
