-4
5
3
0
0
9
0
-3
-11
-6
-8
-12
-5
-3
-4
3
0
-4
-3
0
1
-3
0
1
5
-1
-1
-4
-3
-5
-6
-9
-16
-9
-11
-6
-8
-10
-10
-7
-3
-3
-6
1
3
1
9
7
9
4
-6
-4
-6
-3
-9
-13
-10
-11
-2
-3
-9
1
-4
-9
-4
-6
-6
-7
-5
-13
-14
-10
-17
-16
-22
-19
-12
-6
-10
-1
12
7
7
8
11
4
1
3
-6
-9
-5
3
9
1
9
1
-1
6
0
1
0
5
0
3
5
1
-7
-10
-11
-15
-6
-3
-9
-7
3
0
3
2
5
4
10
12
-1
-2
-3
-2
-10
-13
-13
-7
-9
-16
-6
-3
-6
-13
-9
-16
-13
-6
-15
-16
-15
-8
-16
-21
-24
-19
-14
-16
-11
-17
-10
-13
-11
-9
-6
-10
-8
3
0
-5
-9
0
-3
-9
-6
-7
-6
-15
-7
7
6
-1
0
8
1
0
0
0
-7
-9
-4
-12
-15
-15
-6
-12
-9
-8
-10
0
5
3
1
7
-3
0
3
8
6
3
7
3
10
17
23
21
25
19
15
18
6
15
15
8
10
9
9
0
6
12
3
0
2
4
6
4
10
3
0
-3
3
0
-6
4
-6
-1
-3
1
0
-6
-6
4
1
-6
-4
-3
3
-7
-10
-11
-12
-6
-11
-10
0
-9
-3
1
2
2
3
6
5
10
10
15
10
9
-1
5
10
0
-2
1
9
8
3
6
6
7
3
-2
3
2
6
4
0
-1
-4
-1
5
4
2
1
8
6
4
12
17
21
23
21
11
23
22
19
12
9
13
6
17
4
4
4
6
3
-12
-3
-5
-2
7
2
-1
2
-2
-4
-3
-2
1
0
0
-1
1
-6
-6
-8
-12
-18
-18
-9
-11
-5
-4
-1
-2
-4
0
3
-2
-1
-4
-12
-6
-10
-5
-10
-3
-2
3
1
3
4
1
4
3
14
6
10
5
8
2
6
7
4
3
-8
0
0
7
9
6
6
5
0
0
-3
3
2
-1
3
4
4
-4
-3
-4
2
6
3
10
9
3
5
2
9
15
6
3
13
5
-3
1
-2
1
-4
-4
0
-3
0
0
1
1
-3
3
-4
-7
-2
-10
-13
-9
-6
-6
-9
-8
-6
-1
7
0
4
10
9
10
13
3
-1
4
4
6
6
5
1
8
0
2
10
5
0
0
-1
6
6
3
12
9
6
10
10
10
9
-1
3
10
5
3
4
2
-4
-7
-8
4
9
3
8
6
3
13
4
-3
3
9
6
3
2
-3
0
0
-4
-7
2
-2
-10
1
-1
-5
0
3
8
10
7
7
10
8
5
2
9
4
-3
0
-3
-2
3
0
-6
2
-7
6
3
-6
-1
-2
-1
-8
2
5
7
3
9
6
13
7
6
4
-6
1
-1
2
-3
14
9
9
9
11
7
12
16
9
7
-1
1
-4
3
3
4
-2
-1
0
-4
-10
-9
-7
-3
-1
-6
-5
-1
-5
-5
-3
0
2
-7
8
1
3
0
-11
-4
3
9
1
4
2
-3
-3
-1
1
-2
-2
0
-10
-8
-10
-6
-14
-9
-10
-13
-11
-21
-10
-12
-1
-13
-11
-6
-12
-4
-13
-15
-18
-21
-16
-18
-15
-12
-16
-13
-13
-12
-9
-10
-9
-9
-15
-19
-13
-13
-16
-6
-6
-15
-17
-2
-3
-3
7
6
2
-6
7
2
-2
2
8
9
13
15
11
12
14
16
15
15
7
10
14
15
10
19
10
12
15
11
17
17
17
12
11
-4
4
1
-9
-11
-12
-9
-12
-9
-11
-13
-10
-5
-2
-14
-13
-12
-13
-10
-13
-11
-13
-4
-3
-4
-13
-4
-2
-6
2
3
-5
-17
-9
-6
-7
-15
-14
-13
-12
-7
-1
-3
-7
-9
-10
-7
-4
4
-7
-3
3
-7
-9
-3
-2
6
3
0
-6
-3
6
-6
4
4
2
7
3
-2
6
3
-6
-9
0
-3
-6
-9
-15
-14
-19
-7
-1
-5
-7
-1
2
0
7
4
6
12
10
17
12
17
15
9
3
2
8
12
13
14
19
13
15
9
7
6
16
19
10
7
8
16
15
8
8
9
4
3
3
4
1
-3
-6
-4
3
2
-1
-1
0
3
3
6
8
14
14
10
13
9
15
14
13
10
13
13
6
7
8
11
0
-6
-5
-2
-8
-7
-12
-15
-13
-12
-14
-23
-13
-19
-7
-8
-16
-3
-6
-6
-6
3
-2
-8
2
-6
-4
1
6
8
13
3
4
12
11
13
13
18
14
12
6
9
4
12
12
1
16
6
4
9
12
7
7
4
3
2
-4
-4
-7
5
-3
-11
-10
-18
-19
-18
-13
-12
-22
-31
-26
-24
-27
-31
-25
-27
-21
-17
-20
-21
-16
-17
-16
-10
-16
-10
-16
-17
-12
-11
-14
-17
-16
-18
-11
-20
-19
-15
-15
-1
-9
-16
-10
-3
-1
-2
7
4
11
10
15
13
10
12
10
15
9
18
19
22
21
17
12
22
25
20
16
9
13
13
10
10
15
2
5
4
2
6
4
1
0
-2
0
-4
-3
-13
-12
2
-10
-13
-9
-9
-16
-9
-17
-20
-21
-13
-13
-15
-12
-15
-13
-15
-7
-13
-10
-6
-10
-6
0
-12
-7
5
-2
4
4
2
6
4
-1
0
5
3
-1
-5
-5
15
5
7
5
7
17
15
16
17
23
24
22
14
19
23
25
24
27
20
22
16
15
17
22
26
21
21
17
22
23
20
12
13
-3
5
4
3
7
3
9
2
6
-4
3
-5
-11
-5
-7
-7
-11
-4
-9
-19
-12
-11
-12
-9
-9
-6
-6
2
-2
-4
-4
-11
-8
1
5
9
-4
-4
-3
-6
-12
-7
-8
-9
2
-2
2
0
3
-2
3
6
2
3
5
8
7
9
3
8
12
10
16
13
11
18
20
20
26
28
16
27
28
28
39
36
35
42
40
25
28
19
28
28
24
31
19
13
14
18
9
5
10
8
4
-4
-7
-6
-10
-13
-14
-18
-14
-17
-22
-19
-15
-6
-4
-9
-6
3
1
9
5
7
8
6
14
12
15
13
19
9
19
8
3
5
0
3
-4
-1
-8
-4
-9
-4
-8
-6
-8
-10
-6
-12
-13
-15
-21
-19
-16
-16
-11
-22
-4
-3
-5
0
1
-7
-6
-3
-6
-7
2
8
5
6
1
3
6
8
1
6
-6
-10
-6
-5
-17
-23
-22
-25
-11
-23
-19
-23
-33
-28
-22
-29
-20
-20
-22
-19
-7
-4
-15
-12
-15
-11
-8
-4
-10
3
6
9
5
-3
4
2
-4
1
-3
-2
6
-2
-4
-1
-2
-10
0
-9
-9
-10
-20
-15
-13
-15
-16
-20
-18
-17
-13
-4
-11
0
0
-5
-9
0
-1
-7
1
-4
1
-3
-3
4
1
0
-3
2
0
-7
-1
0
0
-6
0
-12
-7
-6
-10
-7
-13
-3
-7
0
-8
-11
-9
-9
-12
-13
-9
-12
-15
-12
-10
-12
-6
-9
-5
0
5
7
6
1
0
-6
-3
1
1
3
5
6
0
6
8
11
6
3
3
-3
1
1
0
3
0
5
-1
-14
-9
-3
-8
-13
-6
-8
-9
-7
-7
5
1
1
0
-5
0
4
4
-1
0
-3
5
-7
-5
3
5
7
7
18
9
17
16
13
16
9
3
12
10
4
0
4
10
2
0
-9
-6
-7
-3
-10
-12
-9
-9
-4
-9
-6
-6
-3
4
-1
-2
6
5
2
0
12
8
2
5
5
14
7
9
7
12
7
3
7
3
-1
-5
-7
-6
-10
-14
-11
-12
-22
-20
-7
-10
-19
-13
-11
-20
-27
-28
-23
-23
-25
-10
-6
-9
0
-3
-3
0
-1
-9
-7
-3
0
3
4
0
-4
3
1
10
1
0
1
-2
2
6
-1
-11
-6
-6
-6
-12
-11
-6
-7
-9
-10
-10
-10
-12
-10
-16
-12
-9
-7
-11
-6
3
-6
3
1
0
-4
-2
0
-3
-1
-1
1
8
0
6
11
13
14
7
12
-1
4
-4
-2
-3
-10
-11
-10
-15
-15
-12
-10
-10
-21
-12
-19
-11
-18
-20
-17
-17
-13
-16
3
3
0
6
4
5
5
0
3
4
10
7
4
2
2
3
4
7
7
9
9
9
10
6
10
13
4
3
-1
-4
-6
-12
-8
-4
-12
-10
-12
-16
-11
-5
-9
-17
-11
-8
-2
-8
-6
-2
-3
1
8
13
20
13
16
17
19
25
20
32
26
18
17
21
23
23
20
18
12
11
15
11
9
11
10
6
4
-6
0
1
3
1
1
9
7
1
6
2
-2
11
11
8
6
11
11
19
17
13
9
6
11
8
12
10
9
7
3
6
9
10
5
4
10
7
6
-6
-9
-14
-11
-11
-9
-5
-15
-3
-11
-13
-13
-9
-4
-1
5
12
15
13
12
14
16
21
25
21
28
25
31
30
29
32
28
24
19
24
23
19
18
24
26
17
20
16
12
15
18
23
13
13
7
7
7
9
7
4
18
18
17
18
17
26
28
22
16
17
23
21
26
20
22
25
27
22
15
15
6
10
1
3
3
16
0
-3
4
-6
1
-5
-3
-9
-10
-8
-3
-13
-4
-8
-10
1
-7
1
-1
-3
-3
-4
-1
-6
-7
3
4
-1
-3
-1
1
6
6
12
6
3
7
8
9
13
15
8
5
-2
-5
-11
-12
-9
-13
-15
-8
-15
-4
-9
-13
-10
-6
-10
-19
-16
-20
-8
-19
-13
-21
-23
-18
-18
-19
-23
-12
-9
-6
-6
-13
-6
-7
-16
-7
-10
-9
-21
-14
-6
-7
-17
-19
-18
-27
-23
-28
-24
-21
-16
-14
-21
-22
-17
-15
-18
-20
-14
-16
-12
-1
-10
-13
-7
-9
-6
-5
-12
-3
-5
3
-3
-4
3
-1
4
3
6
2
0
-1
3
2
6
10
0
-6
-5
-7
-2
-6
-15
-16
-16
-23
-19
-18
-16
-9
-13
-6
-5
-7
-4
-1
-13
-1
-3
-7
-7
-7
-5
-9
-10
-12
-6
-6
-8
-17
-10
-10
-3
-7
-4
-1
-3
-1
-7
-7
-11
-4
-6
-5
-4
-13
-9
-6
-13
-10
-9
-2
-3
-6
-7
-4
-7
-7
2
-1
1
-2
3
10
5
0
2
8
8
6
6
9
16
3
3
-3
1
11
-2
7
4
3
-1
5
-1
-1
-2
-2
0
0
-2
0
6
-2
1
1
0
1
10
10
12
12
14
11
16
13
9
20
9
15
18
22
21
21
25
13
9
16
19
26
22
10
8
11
13
10
6
3
8
12
10
10
9
6
7
5
2
-2
5
4
7
1
1
9
1
3
2
7
0
4
4
2
1
1
12
8
17
21
18
25
18
12
4
7
4
4
0
9
13
1
5
-2
3
3
6
3
0
9
8
12
4
10
10
8
19
12
7
5
-1
9
13
10
6
0
6
8
14
15
12
13
10
16
19
13
17
19
22
19
13
16
14
6
8
6
-5
-1
-9
-3
-3
-10
-5
-4
-10
-13
-10
-21
-16
-19
-19
-9
-12
-8
-13
-15
-8
-9
-15
-9
-16
-10
-5
-19
-7
-7
-9
-13
-15
-13
-14
-7
-16
-9
-4
-2
-9
-13
-16
-19
-9
-15
-17
-17
-14
-13
-16
-15
-17
-16
-13
-16
-5
5
0
-7
-6
-1
-3
7
-4
-4
1
-1
-1
1
1
-7
-3
-9
-7
-7
-2
-10
-18
-6
-9
-7
-6
-1
-1
-3
1
2
-4
-8
-12
-15
-7
-13
-14
-12
-5
5
-12
-3
-4
-2
5
0
-2
1
-3
-15
-6
-9
-2
-7
-9
-4
-16
-8
-14
-13
-12
-16
-7
-8
-9
-5
-3
-13
-15
-12
-2
-3
-4
0
-3
-2
4
9
-2
9
15
13
10
4
3
4
5
7
5
1
0
2
4
2
1
3
0
-6
-1
-3
-3
3
-6
1
-4
-1
3
0
-4
-7
-4
0
-2
-3
4
0
4
0
6
7
5
5
1
8
14
13
5
9
16
11
4
4
9
13
12
3
0
6
9
10
6
3
13
4
-3
3
1
1
-9
4
7
-6
-4
2
7
7
6
2
-1
0
0
1
-2
-10
-6
-5
-4
3
-10
-7
-6
-8
-1
0
-2
6
3
-7
0
8
8
4
3
10
8
13
14
10
15
7
10
4
9
13
7
19
17
19
16
13
14
16
14
13
13
9
9
6
14
14
6
5
-1
7
0
-6
8
7
0
5
5
0
-1
9
10
0
7
3
0
8
4
7
13
3
6
8
3
8
11
4
1
-2
-7
-7
-10
-10
-8
-6
-11
-9
-11
-16
-15
-6
-8
-4
1
-8
-3
-7
2
2
10
7
1
3
-1
4
3
0
7
12
8
12
14
9
6
13
10
13
12
14
-1
-3
3
-2
2
-5
-7
-13
-8
-6
-4
0
-4
-4
-4
-6
4
-7
-5
2
-4
-4
-12
-7
-2
-1
4
7
3
6
1
3
6
-4
1
0
2
3
-1
-1
-9
-9
-12
-12
-6
-11
-12
-14
-18
-18
-12
-19
-12
-13
-21
-11
-21
-22
-24
-23
-24
-29
-28
-27
-22
-21
-25
-19
-20
-19
-19
-11
-3
-2
0
-10
-7
2
1
-4
-3
0
0
1
7
7
5
3
7
0
2
13
-3
4
-2
-9
-3
-3
1
-11
-10
-11
-9
10
5
2
3
-6
0
3
-1
1
-1
0
2
9
11
7
1
2
4
1
1
-3
-2
-4
0
-7
-13
-4
-9
-10
-9
-11
-11
-7
-5
4
-1
0
-6
-3
-3
-6
0
-5
-3
-6
-3
-8
-3
-10
-7
-6
-3
0
-9
2
-4
-4
0
0
0
-6
-5
1
0
-1
-9
-7
6
0
-3
3
0
3
6
-1
2
0
-1
6
6
8
6
-2
1
0
6
16
10
6
12
10
4
10
6
13
9
4
15
15
7
6
10
7
4
-1
1
0
5
14
9
11
5
8
-3
-1
4
-2
7
-2
1
0
0
-6
-3
1
-6
-6
-13
-5
-5
-9
-9
-12
-9
-11
-6
-12
-21
-20
-30
-17
-21
-19
-13
-7
-15
-19
-3
-7
-1
-8
-7
-2
-3
-1
4
-6
-9
-6
-2
-1
-3
0
2
0
-7
-6
-4
2
-4
-1
-8
-1
7
4
12
9
3
1
7
4
2
1
0
-3
-2
-3
-7
-5
-1
2
7
1
3
-3
-3
3
3
7
-13
-7
-1
0
-3
-6
1
-6
-7
-3
0
4
2
1
0
3
1
1
3
-1
-4
-5
4
-2
-1
0
3
-3
-9
-4
-5
-10
-12
-6
-9
-13
-10
-10
-13
-12
-16
-22
-19
-15
-16
-13
-14
-11
-8
-10
-12
-20
-9
-5
-6
-7
-2
-10
-7
0
-6
6
0
9
12
7
13
12
13
13
13
9
15
14
13
11
7
18
19
14
14
3
7
2
-2
6
-7
0
4
-4
-1
-3
11
7
13
16
7
10
9
10
8
10
3
-3
6
12
9
11
11
9
10
9
15
20
26
18
14
9
20
15
1
12
3
1
3
-5
-5
-10
-10
1
-3
-2
0
6
-5
-19
-4
-6
-6
-11
-12
-16
-2
9
-3
-3
-1
9
4
7
8
8
13
10
8
7
14
12
19
16
14
16
20
28
19
22
21
20
16
17
13
9
9
7
6
2
6
10
1
-1
4
9
16
12
4
7
22
10
4
-4
-1
17
20
11
3
12
10
9
-2
0
9
9
-6
-9
0
15
18
6
1
-2
9
14
6
-16
-13
4
-1
-19
-16
4
17
-2
-26
-20
-1
13
-6
-27
-33
-13
4
-19
-37
-26
-13
0
-11
-28
-20
5
17
-6
-34
-31
13
25
-4
-36
-25
13
29
2
-28
-16
13
22
12
-6
-7
21
31
9
-13
-4
38
58
16
-23
-8
53
73
25
-16
13
53
47
9
-9
29
61
47
0
-8
33
71
43
-16
-23
32
66
38
-17
-7
44
43
14
-7
25
63
50
-15
-26
25
63
40
-16
-31
-4
26
20
2
-13
-15
-25
-18
-15
-14
-22
-45
-49
-62
-57
-43
-28
-40
-72
-107
-91
-39
-18
-47
-112
-141
-105
-38
-38
-89
-124
-101
-51
-60
-90
-76
-17
-18
-76
-107
-53
44
55
-19
-85
-53
31
82
56
0
-18
24
81
78
57
51
73
92
79
62
79
140
159
105
41
61
151
212
166
70
50
130
202
193
111
58
114
173
157
88
79
148
181
110
25
63
168
190
80
-6
45
143
158
76
25
49
108
130
91
53
55
109
132
92
34
50
99
112
82
31
35
67
86
51
-3
-25
3
25
-11
-83
-132
-95
-55
-103
-232
-304
-252
-177
-244
-423
-484
-408
-344
-433
-588
-632
-559
-529
-630
-753
-756
-661
-645
-755
-852
-819
-693
-645
-748
-852
-799
-651
-556
-614
-695
-642
-505
-408
-420
-419
-326
-215
-170
-171
-101
33
140
173
180
220
335
474
557
562
540
587
725
848
869
838
852
926
990
1011
1023
1041
1058
1051
1034
1041
1058
1074
1045
993
936
910
942
954
892
789
718
704
715
675
619
561
487
424
392
404
396
310
198
176
209
213
146
87
82
73
31
-22
9
58
39
-44
-101
-65
-6
25
-22
-94
-117
-64
2
-13
-83
-129
-89
-62
-126
-190
-187
-156
-210
-339
-413
-383
-370
-458
-603
-694
-715
-742
-791
-889
-1028
-1143
-1178
-1186
-1257
-1416
-1523
-1527
-1542
-1650
-1777
-1776
-1722
-1768
-1903
-1944
-1849
-1746
-1737
-1788
-1783
-1690
-1532
-1402
-1322
-1286
-1189
-998
-810
-688
-569
-362
-151
-18
88
297
575
786
879
977
1174
1383
1523
1632
1789
1915
1963
2003
2122
2257
2282
2223
2200
2230
2226
2175
2118
2074
1972
1823
1718
1654
1541
1376
1221
1088
945
781
633
496
367
220
85
-40
-202
-297
-302
-355
-540
-719
-658
-501
-541
-802
-892
-599
-347
-488
-769
-652
-218
-22
-237
-395
-124
288
387
200
168
468
800
835
672
644
906
1194
1189
964
888
1121
1350
1245
966
913
1109
1188
950
691
670
734
629
373
173
88
2
-164
-371
-587
-781
-908
-1016
-1254
-1597
-1810
-1786
-1823
-2196
-2622
-2681
-2515
-2622
-3056
-3331
-3212
-3085
-3296
-3594
-3607
-3382
-3295
-3463
-3589
-3483
-3219
-3003
-2944
-2962
-2879
-2586
-2191
-1945
-1887
-1746
-1368
-943
-712
-544
-212
227
542
718
970
1366
1741
2007
2210
2426
2654
2874
3139
3372
3476
3508
3606
3785
3893
3868
3821
3823
3808
3701
3597
3535
3425
3220
3006
2860
2690
2447
2207
2032
1824
1524
1239
1081
941
694
392
171
38
-130
-295
-385
-484
-713
-934
-894
-713
-778
-1091
-1220
-971
-724
-862
-1077
-930
-587
-490
-674
-683
-381
-108
-97
-177
-114
50
242
379
397
287
260
492
739
639
363
382
654
709
416
196
294
427
290
16
-132
-178
-228
-297
-468
-781
-1018
-966
-891
-1232
-1754
-1836
-1531
-1633
-2267
-2629
-2350
-2155
-2617
-3138
-3040
-2712
-2883
-3358
-3439
-3137
-3048
-3262
-3377
-3247
-3128
-3067
-2903
-2731
-2728
-2718
-2384
-1953
-1840
-1858
-1543
-1015
-737
-716
-482
57
480
619
772
1167
1558
1802
2042
2374
2628
2728
2914
3243
3479
3493
3540
3749
3890
3824
3731
3807
3918
3831
3603
3475
3433
3318
3138
2966
2778
2522
2254
2088
1965
1707
1373
1135
996
811
548
311
144
1
-165
-299
-429
-606
-719
-693
-645
-781
-1020
-1015
-739
-585
-790
-1024
-867
-428
-268
-526
-690
-394
56
133
-125
-193
151
468
413
202
233
505
665
543
362
372
502
569
495
326
159
116
181
164
-50
-293
-388
-418
-558
-752
-846
-917
-1151
-1432
-1498
-1497
-1712
-2026
-2125
-2076
-2288
-2696
-2789
-2583
-2647
-3123
-3375
-3156
-3029
-3335
-3625
-3456
-3232
-3390
-3638
-3487
-3151
-3107
-3230
-3110
-2792
-2618
-2533
-2289
-1972
-1784
-1596
-1214
-812
-629
-455
1
515
745
868
1261
1801
2077
2181
2499
2991
3231
3241
3427
3815
4045
4021
4077
4286
4378
4268
4232
4362
4361
4142
3942
3906
3834
3571
3328
3209
3033
2690
2359
2200
2052
1733
1366
1132
959
687
361
148
41
-135
-427
-686
-778
-772
-862
-1102
-1303
-1236
-1066
-1113
-1361
-1435
-1133
-858
-954
-1189
-1078
-655
-431
-551
-637
-412
-84
11
-72
-32
193
399
418
339
360
509
640
629
497
422
474
554
491
331
228
226
209
55
-134
-258
-269
-300
-493
-791
-962
-904
-869
-1146
-1561
-1710
-1574
-1577
-1955
-2330
-2346
-2226
-2390
-2754
-2965
-2914
-2901
-3099
-3310
-3388
-3399
-3439
-3459
-3480
-3572
-3601
-3461
-3286
-3307
-3398
-3180
-2782
-2609
-2705
-2599
-2105
-1644
-1536
-1489
-1091
-557
-248
-93
248
743
1135
1388
1669
2026
2376
2718
3070
3349
3469
3656
4015
4330
4400
4368
4527
4764
4795
4687
4684
4769
4710
4521
4394
4322
4130
3872
3715
3587
3294
2886
2642
2513
2261
1863
1532
1321
1059
729
440
234
-4
-279
-486
-676
-911
-1094
-1122
-1144
-1368
-1612
-1564
-1377
-1417
-1651
-1642
-1360
-1232
-1404
-1457
-1136
-834
-892
-1063
-892
-528
-402
-508
-477
-259
-146
-190
-167
18
96
-19
-115
-15
107
46
-95
-143
-121
-176
-310
-385
-386
-463
-597
-727
-849
-968
-1043
-1079
-1181
-1410
-1632
-1707
-1706
-1793
-1996
-2172
-2284
-2364
-2465
-2597
-2722
-2773
-2801
-2897
-3078
-3199
-3104
-2943
-2984
-3213
-3274
-3032
-2797
-2821
-2903
-2716
-2356
-2189
-2228
-2101
-1661
-1235
-1059
-998
-747
-309
90
385
623
925
1290
1636
1931
2189
2472
2829
3168
3382
3508
3679
3933
4186
4346
4402
4432
4487
4547
4577
4556
4509
4450
4335
4150
3957
3812
3685
3507
3212
2910
2671
2420
2114
1818
1597
1363
1036
638
337
178
35
-212
-527
-766
-875
-995
-1204
-1363
-1349
-1279
-1422
-1687
-1727
-1467
-1231
-1320
-1510
-1432
-1151
-998
-1046
-990
-730
-522
-557
-638
-504
-179
62
23
-138
-183
19
291
346
155
-3
60
211
182
-11
-68
3
-73
-339
-512
-455
-372
-556
-866
-1038
-1062
-1114
-1224
-1312
-1486
-1784
-1975
-1899
-1836
-2098
-2493
-2562
-2397
-2494
-2873
-3012
-2792
-2723
-3095
-3415
-3215
-2882
-2971
-3307
-3353
-3106
-2948
-2949
-2886
-2739
-2638
-2522
-2242
-1960
-1871
-1769
-1394
-923
-731
-699
-362
255
629
686
873
1410
1927
2121
2239
2588
3024
3287
3470
3706
3959
4136
4292
4508
4655
4645
4661
4799
4876
4747
4595
4621
4656
4449
4101
3919
3904
3767
3399
3018
2790
2597
2309
1989
1694
1398
1084
809
553
246
-50
-234
-389
-650
-986
-1189
-1194
-1232
-1412
-1622
-1701
-1672
-1668
-1714
-1718
-1673
-1627
-1581
-1529
-1476
-1384
-1236
-1090
-1038
-1049
-970
-781
-602
-559
-563
-509
-405
-347
-334
-272
-196
-184
-252
-300
-295
-273
-284
-323
-398
-511
-613
-638
-617
-675
-825
-977
-1040
-1075
-1165
-1270
-1346
-1415
-1538
-1710
-1818
-1828
-1827
-1944
-2141
-2276
-2312
-2316
-2375
-2478
-2562
-2651
-2721
-2721
-2688
-2667
-2725
-2782
-2751
-2637
-2549
-2515
-2443
-2315
-2152
-2009
-1877
-1704
-1445
-1175
-956
-761
-514
-146
217
464
681
1012
1454
1820
2021
2234
2607
3037
3321
3482
3691
3982
4233
4394
4554
4727
4829
4847
4876
4953
4995
4923
4802
4701
4581
4391
4204
4068
3870
3548
3184
2907
2688
2413
2077
1738
1390
1009
676
451
205
-139
-508
-790
-1000
-1236
-1419
-1498
-1660
-1986
-2247
-2161
-1959
-2077
-2414
-2482
-2188
-1998
-2172
-2309
-2023
-1659
-1684
-1897
-1754
-1280
-1015
-1161
-1278
-1004
-614
-493
-605
-579
-344
-167
-206
-262
-155
12
31
-119
-217
-132
9
-49
-259
-397
-367
-351
-463
-612
-691
-745
-890
-1042
-1100
-1125
-1248
-1422
-1533
-1647
-1814
-1889
-1815
-1829
-2166
-2518
-2426
-2070
-2114
-2625
-2895
-2582
-2248
-2470
-2865
-2778
-2348
-2225
-2519
-2650
-2294
-1861
-1770
-1890
-1824
-1494
-1100
-847
-716
-579
-313
120
494
684
835
1199
1685
2009
2108
2289
2727
3175
3356
3394
3606
3992
4277
4315
4318
4471
4701
4786
4742
4662
4632
4642
4629
4523
4299
4084
3941
3830
3610
3281
2991
2798
2553
2200
1812
1555
1342
1045
660
301
53
-168
-395
-660
-973
-1311
-1489
-1460
-1512
-1917
-2344
-2293
-1920
-1927
-2481
-2791
-2368
-1880
-2113
-2666
-2545
-1821
-1582
-2101
-2389
-1809
-1115
-1202
-1722
-1703
-1067
-639
-799
-1047
-911
-550
-374
-427
-497
-424
-215
-94
-171
-337
-302
-19
133
-117
-444
-382
-52
24
-278
-528
-452
-336
-446
-614
-642
-618
-765
-958
-988
-955
-1062
-1258
-1348
-1357
-1485
-1678
-1712
-1622
-1713
-2014
-2175
-2038
-1887
-2041
-2290
-2311
-2127
-2064
-2183
-2203
-1999
-1835
-1874
-1891
-1662
-1287
-1120
-1148
-1055
-691
-277
-50
69
305
659
1025
1296
1530
1838
2179
2471
2702
2916
3172
3492
3774
3927
3964
4099
4354
4549
4545
4498
4529
4570
4525
4403
4349
4274
4070
3790
3612
3510
3297
2921
2569
2366
2171
1816
1395
1091
901
622
194
-151
-337
-540
-884
-1212
-1391
-1511
-1746
-2006
-2130
-2190
-2358
-2510
-2488
-2421
-2543
-2754
-2683
-2409
-2308
-2477
-2524
-2287
-2056
-2053
-2032
-1790
-1572
-1598
-1620
-1322
-966
-947
-1101
-959
-578
-450
-606
-589
-275
-93
-265
-374
-152
102
34
-158
-127
9
-13
-108
-64
-18
-141
-309
-256
-141
-244
-463
-525
-474
-537
-692
-717
-697
-856
-1070
-1082
-977
-1100
-1359
-1407
-1289
-1374
-1654
-1732
-1514
-1456
-1761
-2007
-1828
-1533
-1590
-1833
-1827
-1564
-1427
-1480
-1416
-1150
-979
-990
-906
-588
-272
-134
-25
236
539
752
973
1285
1605
1795
1976
2270
2568
2738
2914
3203
3458
3497
3502
3729
4026
4090
3945
3913
4052
4115
3976
3834
3799
3703
3467
3258
3174
3030
2689
2365
2210
2051
1694
1290
1089
958
616
149
-115
-167
-363
-814
-1170
-1249
-1277
-1538
-1861
-1990
-2013
-2137
-2332
-2375
-2327
-2379
-2512
-2528
-2393
-2308
-2344
-2323
-2193
-2074
-2047
-1982
-1781
-1583
-1511
-1521
-1402
-1141
-953
-913
-873
-708
-536
-466
-429
-328
-146
-64
-88
-99
-15
111
207
208
123
66
129
290
294
121
-25
70
220
127
-91
-142
3
17
-200
-374
-306
-214
-354
-608
-679
-624
-642
-784
-928
-1003
-1077
-1126
-1138
-1192
-1349
-1469
-1451
-1387
-1476
-1633
-1618
-1462
-1429
-1596
-1641
-1400
-1136
-1141
-1281
-1192
-848
-575
-508
-463
-256
34
263
447
666
923
1185
1399
1592
1799
2037
2323
2585
2723
2777
2930
3214
3449
3478
3425
3502
3671
3710
3592
3519
3560
3525
3323
3117
3059
2986
2734
2425
2259
2145
1875
1505
1244
1113
862
482
164
-1
-178
-470
-762
-995
-1192
-1361
-1485
-1646
-1918
-2152
-2153
-2068
-2188
-2485
-2571
-2367
-2244
-2430
-2598
-2380
-2064
-2096
-2345
-2267
-1852
-1600
-1738
-1848
-1579
-1200
-1097
-1199
-1098
-774
-552
-585
-604
-417
-158
-47
-83
-69
77
234
299
304
333
424
502
502
480
512
576
575
517
473
504
524
435
345
339
385
289
82
-13
82
77
-217
-509
-461
-253
-404
-881
-1121
-866
-692
-1043
-1517
-1513
-1206
-1249
-1673
-1885
-1628
-1421
-1638
-1930
-1832
-1517
-1423
-1577
-1612
-1387
-1173
-1126
-1060
-841
-594
-452
-330
-101
188
438
655
873
1069
1290
1555
1840
2046
2192
2369
2597
2784
2896
3016
3163
3254
3258
3280
3357
3398
3317
3189
3137
3104
2974
2782
2637
2519
2305
2017
1807
1692
1481
1121
781
604
449
156
-132
-322
-510
-854
-1158
-1187
-1141
-1410
-1887
-2075
-1873
-1775
-2119
-2441
-2296
-1996
-2107
-2472
-2464
-2024
-1763
-2001
-2282
-2065
-1574
-1375
-1530
-1608
-1364
-1044
-897
-879
-805
-609
-411
-322
-279
-180
25
211
243
195
260
500
694
669
572
620
769
858
839
843
884
831
757
807
927
900
707
604
677
708
557
422
452
455
237
-38
-57
95
32
-320
-617
-606
-478
-591
-899
-1107
-1096
-1099
-1268
-1458
-1523
-1506
-1582
-1711
-1795
-1803
-1788
-1751
-1726
-1781
-1863
-1766
-1486
-1284
-1366
-1540
-1363
-854
-500
-579
-728
-455
107
416
349
383
808
1253
1350
1245
1456
1966
2292
2209
2067
2278
2662
2863
2778
2673
2728
2852
2865
2780
2678
2648
2613
2459
2238
2072
2028
1949
1709
1359
1129
1047
919
646
339
138
-10
-223
-436
-591
-768
-1008
-1195
-1223
-1274
-1499
-1719
-1703
-1582
-1675
-1921
-1921
-1667
-1569
-1800
-1922
-1619
-1261
-1336
-1589
-1445
-1007
-819
-972
-971
-638
-352
-385
-439
-212
112
191
110
172
418
613
623
595
649
777
889
932
879
861
945
1049
1023
888
840
960
1005
832
650
676
803
720
468
322
380
401
232
16
-73
-107
-200
-352
-485
-578
-697
-821
-933
-1038
-1161
-1247
-1291
-1407
-1615
-1724
-1675
-1642
-1779
-1984
-2018
-1896
-1840
-1936
-2030
-1986
-1850
-1764
-1753
-1749
-1660
-1465
-1293
-1236
-1193
-1029
-752
-542
-451
-370
-163
138
364
478
588
779
1012
1238
1374
1467
1579
1737
1906
2037
2103
2111
2170
2269
2335
2296
2252
2294
2314
2213
2049
1997
2019
1938
1729
1527
1441
1362
1204
1002
839
727
564
364
194
83
-45
-200
-351
-514
-625
-696
-773
-879
-978
-1040
-1066
-1097
-1151
-1153
-1128
-1116
-1119
-1110
-1034
-946
-913
-872
-768
-645
-575
-531
-411
-230
-132
-133
-56
143
317
325
310
458
667
730
665
707
888
1011
966
904
976
1105
1138
1063
1005
1026
1060
1018
945
932
917
823
697
633
651
617
446
234
156
198
132
-120
-337
-349
-316
-478
-791
-970
-899
-844
-1085
-1451
-1558
-1405
-1387
-1654
-1930
-1962
-1826
-1847
-2071
-2209
-2129
-2058
-2140
-2245
-2216
-2088
-2044
-2087
-2091
-1963
-1767
-1672
-1682
-1629
-1409
-1160
-1029
-991
-873
-593
-329
-222
-143
72
405
615
674
774
1014
1319
1483
1536
1618
1779
1959
2097
2184
2216
2220
2283
2421
2479
2405
2304
2327
2385
2304
2133
2045
2045
1965
1790
1622
1523
1429
1268
1100
961
784
617
522
435
246
2
-109
-84
-153
-391
-566
-524
-464
-620
-837
-794
-611
-652
-879
-935
-692
-510
-616
-780
-699
-421
-322
-416
-446
-273
-94
-89
-124
-31
146
239
223
186
261
407
484
452
396
433
543
579
522
474
495
545
493
392
383
434
385
248
171
191
187
93
-51
-132
-124
-177
-319
-439
-473
-500
-618
-795
-895
-891
-901
-1054
-1269
-1346
-1304
-1321
-1491
-1659
-1700
-1685
-1734
-1871
-1962
-1968
-1977
-2042
-2096
-2088
-2082
-2124
-2129
-2067
-2016
-2016
-2000
-1897
-1756
-1679
-1666
-1581
-1375
-1175
-1081
-1027
-882
-634
-411
-266
-166
-9
260
498
631
725
925
1198
1380
1441
1530
1755
1983
2070
2054
2126
2319
2438
2412
2374
2419
2487
2488
2416
2343
2325
2311
2251
2128
1993
1900
1829
1766
1631
1429
1283
1224
1137
975
797
692
620
516
382
245
183
150
63
-72
-158
-168
-161
-199
-266
-318
-319
-280
-284
-313
-296
-248
-231
-250
-234
-164
-97
-80
-99
-90
-15
51
65
66
71
105
141
173
165
140
182
222
183
124
153
215
191
83
21
69
120
32
-122
-152
-57
-85
-260
-376
-338
-292
-421
-605
-673
-624
-635
-808
-990
-1010
-989
-1058
-1194
-1329
-1407
-1419
-1452
-1584
-1733
-1785
-1770
-1835
-1970
-2048
-2021
-2013
-2110
-2214
-2203
-2091
-2071
-2189
-2193
-2046
-1938
-1948
-1928
-1781
-1617
-1533
-1523
-1398
-1128
-913
-863
-793
-556
-246
-73
22
192
438
692
850
960
1161
1453
1614
1671
1774
2004
2232
2309
2320
2385
2559
2706
2694
2626
2687
2792
2785
2677
2617
2639
2620
2520
2364
2269
2235
2151
1970
1794
1716
1628
1473
1290
1142
1045
934
787
601
485
426
300
135
25
-6
-59
-186
-319
-373
-345
-357
-477
-570
-523
-470
-556
-642
-580
-481
-492
-593
-625
-502
-376
-413
-540
-499
-339
-290
-369
-375
-253
-183
-221
-273
-232
-130
-94
-177
-224
-152
-112
-157
-185
-165
-174
-214
-250
-269
-264
-283
-356
-426
-439
-453
-517
-577
-634
-702
-759
-784
-857
-970
-1058
-1073
-1110
-1261
-1377
-1410
-1388
-1473
-1656
-1741
-1695
-1693
-1859
-2000
-1955
-1882
-1962
-2091
-2104
-2001
-1940
-1979
-2044
-1981
-1828
-1763
-1770
-1713
-1555
-1403
-1304
-1224
-1103
-901
-685
-548
-452
-270
-18
177
331
506
709
931
1125
1264
1422
1649
1836
1947
2061
2227
2378
2470
2544
2626
2709
2774
2794
2801
2826
2838
2788
2731
2701
2649
2557
2462
2377
2251
2134
2029
1884
1712
1569
1454
1327
1173
981
822
722
621
455
287
187
117
1
-136
-236
-302
-329
-392
-501
-579
-561
-540
-598
-666
-673
-632
-611
-619
-631
-598
-554
-540
-529
-471
-389
-377
-384
-332
-265
-244
-237
-209
-161
-130
-152
-164
-96
-22
-66
-154
-140
-51
-51
-149
-201
-161
-151
-232
-318
-331
-310
-383
-491
-555
-575
-630
-716
-758
-828
-955
-1049
-1047
-1093
-1260
-1387
-1398
-1400
-1506
-1697
-1760
-1688
-1728
-1925
-2051
-1978
-1920
-2014
-2168
-2183
-2049
-1995
-2117
-2191
-2045
-1868
-1877
-1967
-1863
-1624
-1492
-1513
-1454
-1210
-967
-867
-796
-599
-336
-129
0
167
404
646
835
1002
1202
1415
1622
1777
1924
2092
2274
2401
2500
2627
2731
2810
2860
2921
2945
2954
2955
2930
2913
2863
2793
2714
2645
2526
2399
2302
2180
2009
1858
1752
1607
1390
1202
1098
990
803
570
434
377
259
44
-133
-169
-194
-351
-539
-591
-528
-544
-710
-823
-752
-641
-703
-851
-831
-667
-626
-732
-762
-622
-499
-523
-572
-513
-393
-313
-325
-338
-284
-190
-117
-149
-177
-131
-26
-10
-101
-121
-14
43
-50
-148
-110
-27
-78
-205
-251
-204
-205
-304
-412
-419
-427
-496
-603
-682
-686
-718
-836
-961
-988
-1001
-1091
-1226
-1269
-1265
-1362
-1521
-1572
-1529
-1573
-1732
-1821
-1783
-1777
-1856
-1945
-1938
-1899
-1916
-1940
-1932
-1907
-1855
-1789
-1742
-1735
-1680
-1521
-1354
-1316
-1315
-1151
-901
-739
-708
-601
-345
-86
53
141
323
607
836
950
1049
1258
1532
1710
1772
1860
2072
2276
2360
2382
2469
2604
2695
2692
2675
2719
2769
2749
2669
2608
2567
2524
2440
2323
2203
2082
1957
1836
1704
1546
1382
1242
1123
963
755
620
557
422
191
11
-1
-18
-206
-433
-480
-409
-464
-657
-740
-647
-610
-726
-834
-767
-642
-640
-734
-755
-655
-533
-524
-566
-533
-427
-354
-372
-345
-265
-214
-214
-202
-140
-107
-102
-68
-11
-41
-114
-80
21
22
-110
-161
-91
-89
-187
-237
-215
-265
-385
-411
-372
-435
-582
-652
-593
-629
-835
-937
-840
-823
-1021
-1219
-1215
-1112
-1139
-1337
-1508
-1487
-1401
-1436
-1617
-1733
-1646
-1526
-1631
-1874
-1861
-1617
-1543
-1767
-1936
-1760
-1486
-1473
-1657
-1651
-1400
-1211
-1243
-1278
-1092
-835
-713
-722
-655
-399
-113
-4
8
154
428
661
769
864
1057
1295
1436
1509
1680
1896
2031
2095
2184
2318
2444
2538
2582
2618
2649
2675
2725
2751
2725
2662
2640
2607
2514
2431
2380
2298
2146
1990
1891
1803
1657
1482
1354
1237
1038
851
771
706
519
287
137
111
65
-117
-320
-383
-367
-445
-604
-709
-673
-617
-699
-902
-938
-756
-633
-773
-985
-911
-644
-577
-771
-866
-645
-427
-541
-718
-596
-307
-252
-452
-528
-330
-117
-165
-332
-316
-164
-117
-193
-230
-180
-126
-156
-259
-283
-213
-183
-278
-386
-406
-385
-412
-485
-551
-578
-604
-697
-782
-810
-817
-868
-983
-1125
-1166
-1084
-1110
-1313
-1470
-1449
-1354
-1446
-1682
-1744
-1583
-1538
-1789
-1990
-1849
-1611
-1682
-1981
-2061
-1779
-1571
-1713
-1922
-1827
-1526
-1409
-1549
-1593
-1346
-1052
-1018
-1125
-1019
-670
-398
-379
-392
-211
123
346
400
491
742
996
1131
1236
1407
1629
1814
1921
1987
2123
2296
2441
2515
2562
2608
2693
2779
2788
2771
2766
2766
2726
2671
2631
2593
2495
2367
2239
2165
2096
1960
1797
1650
1520
1375
1212
1058
948
847
682
450
311
272
216
45
-158
-259
-252
-290
-457
-580
-563
-539
-644
-772
-780
-672
-645
-758
-843
-767
-644
-648
-699
-683
-611
-570
-578
-542
-451
-400
-427
-449
-363
-271
-280
-321
-280
-215
-231
-295
-286
-167
-133
-272
-377
-303
-191
-217
-373
-467
-402
-337
-428
-580
-609
-540
-545
-694
-854
-863
-754
-775
-996
-1185
-1145
-1008
-1054
-1292
-1460
-1375
-1248
-1374
-1643
-1672
-1486
-1457
-1686
-1902
-1798
-1549
-1569
-1856
-1980
-1732
-1504
-1614
-1814
-1744
-1463
-1335
-1463
-1525
-1266
-946
-937
-1056
-936
-582
-325
-310
-317
-94
236
404
468
627
898
1113
1231
1332
1531
1786
1966
2035
2119
2287
2453
2582
2655
2712
2781
2851
2877
2889
2936
2936
2882
2822
2779
2766
2712
2588
2452
2353
2271
2127
1969
1830
1715
1565
1369
1178
1027
951
847
623
371
240
211
153
-47
-286
-366
-320
-387
-607
-734
-674
-608
-735
-952
-972
-776
-667
-845
-1035
-946
-709
-634
-790
-866
-708
-528
-561
-673
-609
-423
-337
-430
-506
-405
-222
-184
-274
-322
-263
-183
-151
-165
-194
-203
-200
-204
-228
-238
-248
-273
-323
-376
-412
-430
-451
-512
-577
-649
-744
-806
-792
-819
-977
-1137
-1188
-1158
-1172
-1312
-1485
-1542
-1514
-1593
-1747
-1829
-1805
-1793
-1927
-2112
-2134
-1971
-1918
-2110
-2275
-2185
-1977
-1946
-2073
-2099
-1909
-1736
-1767
-1805
-1622
-1342
-1229
-1283
-1214
-889
-580
-486
-470
-259
67
283
406
579
868
1107
1221
1326
1582
1891
2046
2112
2236
2443
2633
2744
2817
2923
3039
3066
3058
3133
3227
3233
3143
3071
3036
3022
2996
2867
2712
2582
2471
2369
2238
2052
1859
1709
1552
1348
1140
1001
914
755
448
174
129
172
25
-309
-540
-509
-438
-613
-910
-984
-825
-817
-1093
-1285
-1130
-882
-953
-1290
-1381
-1076
-837
-982
-1211
-1145
-875
-769
-913
-968
-777
-586
-642
-769
-689
-493
-383
-440
-529
-493
-386
-321
-304
-304
-342
-383
-342
-261
-275
-350
-385
-379
-371
-432
-511
-493
-471
-568
-696
-755
-750
-736
-788
-938
-1090
-1129
-1120
-1142
-1231
-1384
-1503
-1487
-1471
-1561
-1665
-1692
-1685
-1724
-1820
-1909
-1834
-1716
-1752
-1908
-1944
-1799
-1662
-1619
-1674
-1688
-1556
-1362
-1274
-1248
-1138
-954
-790
-703
-597
-384
-108
54
117
274
527
797
996
1142
1297
1479
1681
1893
2114
2267
2347
2478
2678
2839
2928
2991
3104
3223
3237
3180
3210
3360
3401
3238
3087
3083
3139
3079
2893
2709
2599
2537
2393
2204
2042
1883
1709
1534
1336
1110
949
857
725
444
147
28
89
32
-305
-631
-632
-484
-592
-911
-1056
-918
-832
-1037
-1283
-1210
-949
-908
-1182
-1347
-1147
-853
-867
-1090
-1132
-930
-740
-793
-890
-818
-631
-570
-651
-691
-579
-416
-385
-487
-559
-488
-366
-316
-382
-458
-483
-445
-409
-443
-525
-570
-537
-555
-676
-763
-724
-696
-822
-999
-1064
-1013
-1012
-1128
-1266
-1337
-1340
-1387
-1466
-1538
-1568
-1611
-1715
-1802
-1812
-1782
-1824
-1923
-1994
-1972
-1940
-1957
-1973
-1947
-1896
-1892
-1908
-1847
-1692
-1580
-1575
-1581
-1451
-1205
-1055
-1027
-918
-672
-466
-362
-235
8
295
465
557
738
1015
1273
1457
1618
1779
1958
2168
2374
2549
2670
2756
2870
3044
3167
3186
3233
3366
3421
3321
3236
3303
3402
3295
3074
2954
2972
2934
2718
2499
2400
2286
2061
1830
1678
1571
1384
1112
876
745
608
392
180
38
-110
-324
-509
-580
-616
-773
-996
-1107
-1086
-1087
-1181
-1297
-1315
-1255
-1261
-1349
-1381
-1250
-1125
-1186
-1319
-1261
-1034
-904
-967
-1045
-933
-734
-696
-750
-696
-547
-483
-525
-548
-456
-309
-286
-376
-399
-328
-289
-297
-279
-282
-355
-416
-398
-350
-382
-484
-573
-569
-570
-658
-750
-765
-765
-860
-1000
-1100
-1083
-1059
-1155
-1337
-1438
-1420
-1407
-1475
-1608
-1691
-1679
-1682
-1753
-1821
-1828
-1789
-1799
-1861
-1912
-1840
-1720
-1686
-1707
-1693
-1614
-1480
-1327
-1241
-1189
-1095
-919
-729
-575
-448
-279
-37
173
297
444
712
1001
1184
1285
1425
1687
1992
2154
2209
2359
2605
2781
2855
2935
3074
3208
3267
3258
3262
3334
3367
3328
3262
3184
3132
3076
3000
2862
2700
2541
2401
2283
2100
1893
1710
1562
1353
1116
938
800
638
408
176
44
-63
-258
-450
-536
-600
-786
-960
-982
-921
-993
-1218
-1318
-1181
-1059
-1197
-1369
-1272
-1050
-1047
-1235
-1268
-1000
-773
-885
-1077
-967
-659
-552
-694
-762
-598
-397
-378
-477
-473
-326
-223
-265
-344
-353
-263
-173
-201
-346
-406
-310
-225
-302
-489
-547
-458
-427
-584
-752
-759
-703
-777
-971
-1071
-1038
-1046
-1181
-1326
-1385
-1395
-1458
-1533
-1592
-1713
-1806
-1795
-1773
-1855
-1990
-2024
-1932
-1882
-1997
-2125
-2041
-1859
-1862
-1988
-1978
-1750
-1568
-1591
-1664
-1515
-1208
-1073
-1085
-1001
-720
-464
-356
-262
-57
222
445
599
777
998
1223
1450
1647
1811
1978
2197
2412
2573
2665
2779
2962
3123
3172
3183
3293
3396
3401
3351
3336
3370
3360
3230
3112
3078
3016
2816
2626
2554
2434
2203
1957
1814
1685
1463
1189
998
889
698
414
214
126
-39
-292
-472
-532
-628
-858
-1025
-1017
-1010
-1184
-1387
-1354
-1230
-1295
-1506
-1517
-1271
-1166
-1370
-1494
-1254
-963
-1041
-1278
-1172
-790
-633
-861
-977
-661
-314
-395
-649
-536
-155
-21
-258
-386
-143
139
67
-183
-161
88
175
-12
-146
-33
80
-9
-170
-203
-157
-168
-256
-366
-416
-456
-516
-581
-653
-761
-879
-918
-943
-1059
-1223
-1287
-1273
-1342
-1501
-1654
-1667
-1602
-1669
-1896
-2003
-1896
-1842
-1956
-2099
-2084
-1962
-1908
-1996
-2070
-1944
-1764
-1730
-1794
-1732
-1497
-1288
-1227
-1226
-1073
-750
-525
-468
-382
-95
225
391
497
710
1033
1297
1419
1542
1807
2097
2276
2366
2517
2741
2909
2985
3075
3220
3325
3357
3362
3399
3452
3457
3386
3316
3277
3199
3073
2968
2848
2692
2528
2377
2210
2008
1810
1610
1422
1227
996
772
623
480
233
-27
-155
-228
-375
-621
-822
-850
-862
-1020
-1235
-1275
-1182
-1216
-1406
-1498
-1373
-1244
-1319
-1461
-1408
-1214
-1134
-1217
-1234
-1069
-912
-913
-946
-834
-683
-642
-641
-580
-474
-407
-383
-348
-272
-239
-245
-196
-111
-116
-182
-150
-75
-87
-173
-186
-141
-141
-238
-332
-304
-259
-356
-507
-527
-471
-549
-745
-803
-745
-787
-968
-1112
-1088
-1065
-1192
-1367
-1413
-1372
-1418
-1581
-1685
-1662
-1665
-1751
-1816
-1826
-1851
-1862
-1846
-1846
-1859
-1859
-1799
-1701
-1641
-1662
-1632
-1421
-1225
-1227
-1247
-1040
-742
-592
-583
-496
-197
139
268
280
477
847
1110
1192
1280
1497
1803
2044
2116
2158
2346
2621
2768
2761
2761
2904
3113
3171
3053
2977
3090
3225
3117
2879
2806
2893
2854
2610
2367
2294
2295
2120
1806
1584
1552
1444
1143
874
778
680
436
187
45
-32
-187
-434
-608
-594
-641
-885
-1081
-1036
-972
-1121
-1298
-1312
-1168
-1137
-1311
-1420
-1255
-1049
-1109
-1267
-1196
-952
-847
-936
-976
-829
-633
-592
-668
-617
-437
-324
-354
-374
-277
-165
-129
-131
-121
-90
-30
0
-30
-47
-19
2
-39
-85
-111
-127
-116
-176
-289
-303
-260
-370
-517
-509
-497
-622
-764
-805
-808
-861
-1015
-1154
-1145
-1110
-1281
-1460
-1413
-1372
-1540
-1692
-1665
-1613
-1675
-1841
-1882
-1773
-1747
-1898
-1962
-1790
-1679
-1799
-1883
-1672
-1442
-1479
-1568
-1427
-1120
-977
-1015
-946
-642
-343
-294
-270
-18
346
516
559
736
1030
1290
1457
1590
1743
1988
2220
2329
2440
2610
2756
2854
2985
3059
3060
3167
3280
3256
3190
3208
3215
3176
3125
2999
2861
2819
2746
2548
2377
2271
2116
1920
1759
1591
1394
1213
1038
827
656
484
253
98
54
-110
-428
-566
-491
-524
-800
-1065
-1063
-884
-907
-1245
-1434
-1159
-922
-1172
-1500
-1334
-931
-909
-1229
-1360
-1027
-670
-772
-1094
-1002
-582
-447
-677
-759
-519
-295
-307
-434
-437
-260
-94
-154
-280
-253
-124
-86
-111
-147
-218
-205
-125
-171
-309
-322
-258
-318
-433
-471
-496
-540
-583
-669
-765
-793
-853
-965
-974
-957
-1161
-1350
-1262
-1196
-1369
-1565
-1602
-1558
-1535
-1674
-1885
-1860
-1663
-1730
-2010
-2048
-1837
-1745
-1856
-1989
-1975
-1755
-1608
-1721
-1810
-1606
-1369
-1344
-1344
-1207
-1005
-822
-709
-646
-486
-207
19
132
262
482
713
930
1137
1277
1413
1644
1880
1996
2092
2290
2494
2595
2669
2736
2835
2996
3072
3002
2972
3095
3124
3021
2971
2946
2853
2747
2644
2502
2403
2345
2146
1911
1809
1680
1464
1296
1157
920
727
609
439
241
88
-45
-215
-348
-475
-623
-685
-721
-887
-1062
-1032
-958
-1060
-1179
-1179
-1133
-1110
-1124
-1182
-1153
-985
-949
-1072
-1021
-809
-728
-762
-730
-665
-587
-462
-411
-440
-383
-278
-283
-246
-160
-176
-172
-69
-52
-134
-116
-26
-9
-75
-162
-199
-125
-104
-217
-329
-301
-285
-396
-510
-528
-507
-594
-735
-792
-778
-855
-966
-1029
-1097
-1178
-1244
-1325
-1369
-1360
-1478
-1653
-1625
-1557
-1683
-1796
-1786
-1802
-1811
-1808
-1931
-1939
-1758
-1764
-1919
-1840
-1651
-1612
-1593
-1526
-1482
-1347
-1151
-1109
-1047
-805
-625
-577
-380
-151
-31
172
407
542
713
972
1167
1347
1570
1716
1834
2068
2283
2385
2489
2656
2804
2922
2993
3035
3149
3255
3252
3201
3215
3256
3237
3129
3018
2962
2894
2751
2621
2518
2365
2191
2044
1872
1672
1523
1351
1121
917
743
540
387
238
14
-180
-282
-412
-598
-695
-771
-906
-1021
-1104
-1179
-1202
-1225
-1303
-1359
-1318
-1301
-1347
-1316
-1230
-1221
-1233
-1160
-1072
-998
-939
-914
-847
-724
-675
-692
-588
-425
-401
-441
-370
-239
-178
-164
-176
-155
-43
0
-76
-78
3
-6
-72
-99
-124
-130
-89
-155
-279
-296
-248
-296
-382
-444
-546
-553
-544
-683
-820
-812
-836
-939
-1024
-1131
-1197
-1116
-1158
-1425
-1518
-1420
-1413
-1540
-1679
-1740
-1659
-1597
-1774
-1919
-1789
-1677
-1760
-1851
-1821
-1732
-1595
-1549
-1640
-1583
-1376
-1246
-1212
-1137
-1031
-861
-655
-563
-493
-252
-8
144
304
474
651
917
1182
1268
1378
1600
1839
2035
2178
2247
2394
2651
2768
2760
2877
3066
3132
3144
3137
3144
3206
3252
3146
3024
2987
2928
2839
2744
2588
2409
2308
2171
1947
1751
1619
1438
1212
992
792
625
452
223
26
-109
-293
-503
-623
-693
-834
-1031
-1173
-1198
-1206
-1304
-1438
-1484
-1445
-1430
-1498
-1558
-1504
-1380
-1342
-1423
-1430
-1249
-1048
-1027
-1128
-1071
-825
-674
-711
-758
-625
-422
-363
-442
-408
-213
-83
-118
-185
-153
-22
98
53
-92
-94
50
51
-69
-126
-111
-90
-129
-262
-338
-279
-284
-425
-521
-562
-659
-648
-620
-821
-1023
-951
-931
-1097
-1208
-1261
-1271
-1280
-1410
-1576
-1508
-1422
-1577
-1703
-1695
-1703
-1666
-1638
-1761
-1827
-1692
-1622
-1693
-1663
-1558
-1488
-1400
-1367
-1358
-1192
-973
-914
-894
-736
-546
-350
-183
-102
66
345
487
597
864
1105
1220
1413
1634
1765
1947
2153
2332
2475
2581
2647
2836
3049
3077
3076
3176
3256
3290
3319
3271
3253
3308
3255
3042
2959
2994
2905
2690
2482
2358
2294
2133
1846
1678
1577
1340
1076
922
746
527
336
132
-104
-253
-376
-538
-687
-880
-1027
-1063
-1146
-1320
-1391
-1362
-1436
-1583
-1599
-1530
-1478
-1524
-1615
-1566
-1423
-1365
-1404
-1365
-1241
-1137
-1093
-1084
-992
-811
-721
-731
-710
-613
-462
-352
-370
-399
-285
-160
-161
-164
-125
-79
-25
-38
-149
-116
36
-31
-189
-180
-146
-210
-230
-288
-382
-378
-412
-554
-578
-548
-683
-792
-826
-916
-975
-962
-1116
-1251
-1179
-1251
-1438
-1448
-1406
-1495
-1578
-1629
-1680
-1649
-1672
-1776
-1761
-1739
-1811
-1763
-1636
-1716
-1772
-1567
-1438
-1523
-1486
-1275
-1121
-1067
-1036
-915
-663
-489
-464
-281
-24
79
237
538
708
799
1044
1303
1456
1613
1802
1997
2222
2342
2415
2601
2800
2881
2952
3041
3080
3185
3291
3249
3177
3221
3234
3150
3053
2964
2875
2782
2630
2442
2311
2153
1961
1803
1603
1344
1169
1053
802
520
360
196
-28
-250
-430
-565
-714
-926
-1100
-1142
-1221
-1394
-1512
-1541
-1564
-1609
-1676
-1722
-1666
-1624
-1696
-1733
-1597
-1463
-1460
-1502
-1419
-1214
-1125
-1145
-1066
-883
-818
-819
-721
-584
-509
-478
-434
-346
-263
-247
-194
-102
-85
-123
-85
-41
-42
5
-13
-142
-149
-34
-75
-237
-278
-212
-227
-353
-490
-452
-329
-465
-737
-722
-578
-695
-856
-875
-918
-1015
-1035
-1063
-1145
-1161
-1211
-1280
-1291
-1352
-1410
-1336
-1327
-1489
-1502
-1410
-1446
-1453
-1365
-1383
-1456
-1352
-1210
-1199
-1179
-1082
-950
-850
-823
-712
-464
-294
-295
-167
103
247
375
621
825
933
1118
1342
1560
1776
1921
2053
2239
2414
2550
2724
2877
2962
3059
3139
3176
3293
3411
3382
3322
3344
3328
3256
3221
3170
3034
2872
2738
2613
2486
2305
2092
1925
1729
1468
1262
1135
917
637
407
186
4
-163
-358
-568
-740
-919
-1103
-1224
-1300
-1380
-1520
-1661
-1736
-1730
-1728
-1797
-1853
-1843
-1795
-1779
-1807
-1745
-1599
-1505
-1543
-1559
-1378
-1153
-1075
-1130
-1089
-882
-724
-703
-694
-576
-411
-342
-375
-356
-177
-2
-31
-133
-88
61
130
83
19
35
92
73
13
-7
7
-12
-65
-157
-242
-190
-149
-301
-467
-467
-440
-545
-680
-741
-747
-802
-979
-1090
-1049
-1034
-1187
-1336
-1379
-1390
-1383
-1450
-1593
-1664
-1592
-1579
-1718
-1809
-1715
-1564
-1611
-1802
-1807
-1505
-1301
-1467
-1591
-1367
-1046
-971
-1042
-964
-666
-395
-346
-346
-131
224
492
566
581
820
1229
1500
1492
1525
1835
2180
2300
2293
2419
2700
2905
2889
2872
3020
3187
3245
3196
3114
3129
3211
3196
3037
2917
2877
2774
2625
2513
2384
2186
1998
1829
1657
1467
1241
1038
886
676
403
196
72
-94
-296
-504
-740
-889
-907
-980
-1213
-1403
-1433
-1427
-1502
-1631
-1710
-1668
-1615
-1680
-1792
-1764
-1595
-1483
-1520
-1624
-1563
-1301
-1111
-1179
-1281
-1108
-849
-789
-859
-825
-595
-402
-449
-547
-413
-155
-87
-182
-225
-120
42
66
-35
-29
73
82
-2
-20
31
64
5
-127
-161
-83
-99
-247
-332
-312
-330
-437
-561
-611
-554
-594
-820
-984
-886
-799
-958
-1173
-1229
-1171
-1158
-1260
-1429
-1448
-1375
-1383
-1495
-1584
-1580
-1473
-1376
-1485
-1655
-1546
-1229
-1168
-1360
-1366
-1098
-890
-878
-924
-798
-512
-314
-298
-243
7
281
465
567
664
875
1184
1395
1468
1581
1809
2028
2197
2323
2429
2567
2751
2889
2916
2949
3066
3202
3224
3150
3120
3196
3221
3118
2990
2927
2863
2761
2630
2474
2333
2187
2009
1822
1647
1438
1252
1108
883
609
437
294
125
-82
-306
-493
-588
-688
-902
-1053
-1083
-1171
-1340
-1435
-1444
-1453
-1489
-1566
-1640
-1588
-1496
-1517
-1565
-1479
-1395
-1369
-1308
-1243
-1174
-1064
-973
-971
-931
-790
-668
-608
-570
-547
-456
-316
-264
-301
-254
-136
-132
-169
-116
-47
-47
-86
-109
-88
-69
-119
-177
-151
-172
-274
-337
-302
-290
-413
-557
-601
-528
-568
-776
-884
-822
-828
-966
-1122
-1157
-1094
-1114
-1308
-1444
-1355
-1330
-1459
-1537
-1542
-1575
-1574
-1553
-1623
-1675
-1591
-1542
-1565
-1575
-1530
-1406
-1273
-1278
-1333
-1155
-897
-850
-866
-700
-486
-326
-171
-71
56
326
578
657
768
1036
1291
1440
1544
1697
1930
2146
2241
2326
2512
2679
2767
2835
2912
2965
3045
3112
3114
3059
3042
3052
3013
2916
2796
2706
2585
2480
2368
2189
1945
1786
1682
1483
1229
1021
859
679
477
229
14
-123
-242
-450
-696
-872
-945
-1004
-1157
-1380
-1497
-1464
-1484
-1621
-1759
-1763
-1659
-1606
-1725
-1849
-1738
-1454
-1390
-1597
-1669
-1380
-1056
-1092
-1270
-1194
-873
-663
-753
-862
-670
-356
-317
-480
-459
-190
-3
-81
-203
-166
49
146
28
-32
52
92
69
62
15
-48
-28
9
-110
-236
-233
-197
-243
-383
-515
-517
-497
-620
-756
-760
-806
-967
-1018
-1003
-1090
-1204
-1280
-1352
-1379
-1391
-1464
-1533
-1574
-1629
-1622
-1572
-1633
-1714
-1638
-1543
-1612
-1642
-1512
-1392
-1348
-1342
-1288
-1106
-916
-843
-828
-654
-394
-219
-117
-30
186
490
695
738
908
1214
1456
1587
1717
1906
2114
2323
2445
2568
2727
2869
2960
3078
3171
3212
3264
3303
3308
3316
3302
3220
3173
3147
3047
2883
2781
2696
2534
2351
2173
2010
1854
1643
1394
1189
1009
822
620
391
149
-26
-142
-318
-569
-772
-869
-939
-1092
-1268
-1387
-1434
-1472
-1551
-1618
-1650
-1651
-1640
-1641
-1650
-1627
-1566
-1495
-1463
-1444
-1353
-1214
-1125
-1096
-1023
-908
-785
-682
-632
-597
-485
-332
-278
-290
-237
-112
-10
-24
-80
-11
112
111
36
50
88
50
21
42
-10
-97
-123
-133
-183
-265
-348
-395
-418
-515
-661
-724
-727
-780
-911
-1056
-1126
-1098
-1117
-1311
-1477
-1436
-1388
-1492
-1623
-1701
-1694
-1634
-1673
-1800
-1827
-1729
-1675
-1721
-1780
-1728
-1586
-1489
-1527
-1509
-1337
-1207
-1122
-996
-888
-810
-633
-377
-228
-174
-17
281
536
629
701
976
1315
1467
1511
1688
1966
2177
2315
2381
2490
2707
2891
2947
2976
3069
3161
3212
3224
3205
3189
3206
3171
3067
2967
2883
2825
2710
2511
2315
2197
2093
1882
1625
1435
1287
1094
837
600
430
282
79
-183
-367
-488
-624
-820
-1006
-1125
-1213
-1289
-1411
-1542
-1609
-1594
-1588
-1688
-1772
-1703
-1596
-1613
-1700
-1659
-1486
-1361
-1365
-1389
-1277
-1097
-986
-947
-926
-833
-658
-541
-540
-522
-357
-217
-209
-209
-138
-38
0
12
16
28
37
58
88
56
-28
-37
21
-21
-133
-190
-195
-228
-315
-421
-481
-497
-575
-710
-776
-787
-876
-1019
-1096
-1090
-1132
-1321
-1464
-1389
-1316
-1514
-1721
-1646
-1511
-1612
-1801
-1798
-1688
-1665
-1730
-1758
-1723
-1659
-1575
-1502
-1501
-1501
-1337
-1096
-1027
-1080
-944
-648
-461
-405
-319
-99
171
351
481
641
852
1098
1328
1487
1600
1788
2052
2264
2379
2469
2610
2822
3006
3046
3041
3158
3321
3376
3311
3260
3325
3394
3319
3155
3061
3051
2987
2823
2637
2478
2371
2250
2026
1782
1625
1472
1249
1006
796
631
422
194
17
-143
-354
-570
-657
-743
-970
-1169
-1227
-1237
-1362
-1539
-1602
-1564
-1558
-1665
-1730
-1649
-1581
-1603
-1619
-1577
-1468
-1369
-1344
-1337
-1240
-1093
-1008
-995
-930
-778
-664
-633
-617
-476
-328
-312
-338
-243
-102
-78
-117
-77
31
63
1
-43
36
105
38
-86
-85
-30
-55
-168
-281
-260
-243
-348
-507
-539
-499
-591
-752
-837
-828
-874
-1014
-1132
-1152
-1185
-1306
-1388
-1403
-1457
-1565
-1616
-1607
-1624
-1702
-1767
-1730
-1673
-1719
-1792
-1736
-1585
-1545
-1614
-1589
-1425
-1272
-1241
-1225
-1084
-860
-740
-678
-513
-305
-135
2
164
347
541
753
955
1107
1251
1451
1679
1849
1951
2109
2303
2421
2525
2663
2769
2831
2905
3002
3034
3006
3019
3076
3059
2940
2846
2848
2807
2645
2490
2378
2254
2117
1951
1746
1565
1432
1275
1034
811
652
510
326
91
-109
-227
-349
-526
-690
-827
-956
-1052
-1106
-1193
-1335
-1420
-1395
-1390
-1483
-1573
-1534
-1407
-1394
-1497
-1512
-1328
-1176
-1223
-1299
-1174
-942
-861
-935
-894
-688
-543
-548
-558
-446
-293
-227
-249
-215
-111
-15
-2
-32
-17
45
86
45
0
43
88
4
-104
-76
-13
-92
-245
-282
-233
-287
-446
-537
-520
-553
-679
-803
-852
-866
-926
-1045
-1142
-1188
-1218
-1268
-1361
-1438
-1482
-1489
-1505
-1577
-1626
-1600
-1579
-1612
-1628
-1599
-1565
-1526
-1480
-1423
-1372
-1333
-1223
-1069
-988
-959
-823
-604
-456
-407
-268
-31
166
262
393
634
846
1006
1138
1334
1520
1669
1847
2023
2149
2258
2398
2554
2663
2724
2798
2877
2964
2996
2984
2972
3000
3027
2971
2851
2763
2738
2693
2521
2326
2233
2146
1989
1768
1561
1436
1310
1092
850
673
553
360
140
-38
-177
-339
-522
-652
-739
-873
-1068
-1166
-1153
-1191
-1356
-1491
-1470
-1369
-1401
-1543
-1581
-1437
-1308
-1363
-1467
-1390
-1154
-1041
-1135
-1195
-999
-752
-705
-797
-761
-560
-403
-391
-403
-319
-203
-124
-94
-82
-83
-23
76
124
52
-37
22
163
149
-37
-142
-47
62
-48
-250
-315
-224
-212
-395
-585
-584
-506
-595
-823
-943
-896
-889
-1058
-1233
-1256
-1217
-1309
-1490
-1526
-1472
-1533
-1690
-1745
-1685
-1669
-1763
-1846
-1821
-1744
-1721
-1761
-1782
-1710
-1571
-1498
-1518
-1500
-1321
-1110
-1036
-1036
-910
-657
-452
-358
-265
-86
161
376
524
651
828
1093
1330
1456
1556
1757
2013
2188
2268
2363
2525
2705
2813
2867
2916
2991
3088
3123
3099
3072
3087
3081
3009
2907
2837
2758
2660
2531
2386
2229
2056
1923
1785
1588
1361
1190
1032
835
607
423
264
83
-116
-298
-446
-588
-711
-850
-1024
-1159
-1185
-1221
-1355
-1510
-1505
-1419
-1470
-1621
-1642
-1469
-1370
-1489
-1591
-1447
-1202
-1143
-1269
-1277
-1046
-814
-825
-931
-826
-553
-426
-529
-579
-379
-146
-133
-249
-221
-35
76
6
-45
22
92
76
34
47
51
43
10
-25
-86
-127
-132
-144
-231
-360
-405
-398
-447
-592
-682
-689
-727
-876
-999
-1012
-1010
-1104
-1284
-1360
-1313
-1330
-1485
-1593
-1567
-1546
-1637
-1728
-1706
-1652
-1675
-1718
-1714
-1664
-1621
-1559
-1485
-1469
-1449
-1302
-1102
-1037
-1037
-899
-643
-486
-454
-336
-38
207
296
369
584
890
1107
1202
1296
1517
1802
1994
2041
2142
2372
2585
2635
2633
2769
2968
3031
2977
2974
3036
3084
3063
3022
2939
2837
2795
2754
2624
2443
2300
2208
2069
1848
1657
1520
1378
1170
922
730
577
431
243
23
-171
-329
-446
-590
-737
-844
-960
-1109
-1230
-1235
-1236
-1341
-1484
-1476
-1369
-1369
-1475
-1509
-1352
-1221
-1284
-1369
-1247
-983
-895
-996
-1030
-835
-590
-529
-592
-566
-374
-228
-206
-212
-126
4
57
60
75
114
161
225
249
202
107
120
243
285
131
-38
1
122
58
-142
-228
-196
-195
-323
-466
-524
-518
-575
-751
-884
-894
-907
-1000
-1117
-1201
-1274
-1352
-1387
-1416
-1485
-1590
-1656
-1669
-1663
-1702
-1734
-1735
-1762
-1799
-1750
-1643
-1643
-1682
-1605
-1413
-1369
-1425
-1295
-1033
-884
-912
-880
-629
-313
-179
-152
-13
236
476
656
804
948
1144
1412
1602
1671
1800
2062
2298
2390
2407
2507
2718
2908
2944
2875
2921
3067
3129
3067
2996
2991
2997
2923
2791
2679
2609
2529
2362
2175
2004
1855
1698
1547
1347
1092
882
755
591
356
154
-26
-177
-350
-549
-720
-821
-916
-1076
-1240
-1332
-1361
-1422
-1506
-1579
-1621
-1609
-1596
-1621
-1618
-1559
-1503
-1518
-1504
-1401
-1277
-1210
-1197
-1141
-1010
-879
-828
-774
-665
-547
-487
-449
-357
-245
-154
-124
-104
-60
26
98
100
105
132
133
113
158
188
116
53
95
115
3
-116
-95
-10
-108
-354
-439
-288
-256
-534
-786
-692
-562
-747
-1034
-1067
-918
-968
-1250
-1431
-1316
-1204
-1365
-1612
-1624
-1495
-1512
-1656
-1718
-1672
-1643
-1657
-1708
-1682
-1577
-1497
-1511
-1526
-1419
-1268
-1151
-1100
-1028
-871
-694
-578
-467
-250
-40
48
174
408
645
802
962
1160
1320
1470
1654
1865
2045
2171
2280
2434
2606
2706
2760
2847
2968
3015
2983
2990
3053
3101
3044
2896
2812
2848
2819
2625
2431
2379
2320
2118
1874
1727
1628
1449
1218
1005
846
695
514
332
144
-63
-239
-323
-421
-642
-854
-916
-912
-1027
-1228
-1333
-1298
-1257
-1367
-1520
-1482
-1336
-1340
-1474
-1496
-1338
-1209
-1232
-1288
-1234
-1069
-961
-970
-969
-850
-721
-685
-687
-611
-486
-409
-405
-432
-380
-253
-193
-238
-249
-171
-117
-156
-178
-156
-125
-158
-220
-241
-216
-218
-277
-351
-396
-401
-421
-469
-551
-619
-647
-674
-783
-851
-845
-886
-992
-1094
-1109
-1110
-1146
-1233
-1305
-1340
-1378
-1418
-1419
-1447
-1516
-1528
-1515
-1522
-1539
-1492
-1429
-1464
-1501
-1399
-1257
-1239
-1224
-1112
-977
-896
-837
-679
-493
-376
-296
-141
76
246
385
570
759
882
1040
1283
1500
1607
1726
1925
2112
2228
2345
2491
2625
2705
2749
2827
2923
2986
2986
2964
2960
2967
2935
2893
2818
2720
2610
2481
2385
2292
2153
1937
1744
1621
1485
1280
1077
914
729
520
329
167
7
-130
-291
-493
-684
-791
-812
-881
-1076
-1283
-1317
-1228
-1254
-1447
-1552
-1438
-1351
-1452
-1580
-1507
-1285
-1219
-1381
-1478
-1280
-990
-965
-1125
-1103
-866
-694
-723
-762
-649
-446
-389
-474
-461
-294
-138
-159
-222
-201
-108
-23
-13
-55
-68
-41
-24
-34
-31
-34
-96
-126
-118
-148
-218
-244
-259
-304
-370
-454
-506
-511
-524
-622
-757
-823
-805
-808
-902
-1050
-1125
-1101
-1076
-1190
-1356
-1342
-1268
-1331
-1473
-1493
-1413
-1378
-1438
-1532
-1518
-1397
-1304
-1310
-1334
-1286
-1184
-1053
-935
-889
-825
-658
-494
-406
-284
-77
102
221
367
558
731
912
1135
1331
1449
1549
1731
1997
2202
2243
2278
2471
2677
2744
2759
2842
2949
3002
2976
2942
2958
3016
3009
2848
2696
2670
2655
2539
2371
2198
2048
1912
1770
1589
1394
1236
1051
847
656
475
295
141
-25
-250
-453
-566
-645
-759
-911
-1096
-1225
-1229
-1229
-1363
-1521
-1530
-1454
-1460
-1561
-1600
-1497
-1375
-1401
-1518
-1477
-1232
-1077
-1180
-1286
-1137
-875
-790
-889
-903
-692
-499
-541
-638
-503
-265
-220
-342
-368
-203
-53
-70
-182
-177
-54
5
-76
-124
-63
-48
-114
-187
-195
-166
-158
-252
-378
-421
-381
-386
-498
-599
-630
-651
-739
-834
-871
-869
-945
-1093
-1175
-1153
-1157
-1247
-1334
-1368
-1390
-1432
-1474
-1479
-1447
-1479
-1551
-1551
-1423
-1350
-1425
-1447
-1297
-1157
-1157
-1135
-951
-749
-719
-715
-567
-287
-94
-44
61
278
499
663
808
980
1182
1378
1523
1631
1813
2065
2224
2250
2314
2501
2675
2733
2757
2817
2883
2902
2898
2895
2891
2857
2775
2678
2579
2506
2444
2330
2128
1936
1837
1720
1509
1306
1149
991
770
534
379
262
115
-130
-356
-460
-533
-680
-880
-1016
-1081
-1135
-1232
-1356
-1412
-1380
-1381
-1482
-1554
-1486
-1377
-1368
-1427
-1423
-1295
-1163
-1143
-1161
-1080
-910
-837
-841
-782
-629
-505
-463
-448
-404
-266
-144
-144
-157
-84
-6
10
22
66
77
63
67
107
118
54
19
53
65
-45
-167
-149
-88
-165
-348
-467
-436
-388
-467
-677
-836
-757
-670
-870
-1161
-1157
-991
-1053
-1342
-1514
-1401
-1265
-1403
-1665
-1729
-1567
-1505
-1678
-1808
-1751
-1622
-1603
-1687
-1722
-1615
-1442
-1401
-1456
-1400
-1209
-1031
-935
-898
-812
-587
-326
-206
-183
3
332
555
604
699
988
1302
1467
1503
1637
1930
2185
2247
2285
2453
2664
2788
2829
2860
2940
3080
3136
3071
3018
3065
3105
3043
2934
2835
2740
2688
2592
2395
2211
2100
2000
1815
1584
1379
1253
1128
912
626
439
379
237
-44
-256
-335
-426
-603
-799
-898
-940
-1019
-1194
-1311
-1293
-1274
-1355
-1459
-1453
-1402
-1388
-1391
-1382
-1340
-1265
-1229
-1210
-1156
-1037
-964
-951
-904
-810
-711
-633
-572
-527
-458
-389
-342
-298
-212
-143
-151
-149
-97
-31
-6
-21
-29
-7
36
-7
-62
-38
-9
-58
-163
-181
-169
-200
-276
-347
-403
-469
-506
-546
-611
-705
-813
-869
-873
-922
-1056
-1157
-1164
-1172
-1268
-1413
-1465
-1403
-1364
-1512
-1698
-1658
-1445
-1426
-1679
-1794
-1572
-1346
-1435
-1618
-1521
-1209
-1077
-1208
-1233
-954
-657
-602
-652
-528
-228
17
107
163
358
622
815
930
1094
1306
1476
1624
1808
1969
2072
2204
2396
2537
2550
2574
2708
2879
2894
2799
2800
2897
2920
2805
2693
2677
2671
2558
2373
2245
2192
2106
1906
1674
1524
1444
1292
1053
843
692
553
390
190
0
-146
-260
-388
-573
-765
-864
-869
-937
-1142
-1313
-1288
-1205
-1286
-1465
-1514
-1387
-1311
-1412
-1507
-1421
-1243
-1205
-1306
-1314
-1130
-964
-996
-1046
-936
-751
-690
-728
-673
-540
-445
-449
-439
-346
-257
-233
-224
-184
-149
-118
-89
-80
-108
-107
-70
-66
-118
-150
-134
-143
-182
-231
-275
-314
-340
-378
-439
-515
-547
-585
-666
-728
-766
-811
-913
-1005
-1001
-1017
-1159
-1274
-1252
-1208
-1319
-1467
-1460
-1392
-1425
-1532
-1561
-1526
-1485
-1477
-1493
-1488
-1451
-1361
-1262
-1232
-1221
-1126
-967
-831
-752
-670
-541
-363
-156
-9
56
192
472
721
774
825
1093
1414
1527
1543
1709
1997
2180
2206
2273
2462
2625
2668
2680
2759
2873
2908
2893
2869
2873
2889
2837
2730
2647
2604
2512
2364
2225
2126
1995
1802
1646
1518
1319
1120
968
822
630
405
238
130
-26
-241
-408
-528
-634
-764
-894
-1008
-1107
-1186
-1244
-1307
-1386
-1414
-1426
-1441
-1450
-1455
-1462
-1436
-1354
-1312
-1340
-1315
-1177
-1057
-1061
-1088
-968
-778
-718
-765
-708
-517
-402
-444
-429
-285
-156
-140
-168
-112
3
78
51
19
95
194
182
82
91
200
221
107
29
83
120
38
-81
-105
-80
-152
-257
-311
-354
-415
-486
-556
-636
-703
-761
-840
-918
-964
-1036
-1141
-1214
-1231
-1268
-1385
-1468
-1454
-1435
-1506
-1600
-1593
-1533
-1525
-1568
-1559
-1485
-1424
-1385
-1330
-1254
-1163
-1043
-932
-840
-718
-567
-404
-258
-113
47
210
388
588
769
909
1070
1288
1481
1620
1755
1916
2103
2245
2314
2411
2550
2664
2722
2760
2797
2835
2870
2864
2812
2767
2756
2703
2579
2470
2389
2296
2153
2001
1868
1709
1543
1378
1212
1032
842
667
507
334
149
-4
-161
-333
-473
-593
-717
-876
-989
-1045
-1122
-1230
-1310
-1331
-1356
-1387
-1435
-1467
-1447
-1402
-1381
-1404
-1391
-1309
-1219
-1188
-1187
-1119
-992
-918
-910
-865
-749
-649
-619
-598
-506
-401
-353
-342
-308
-224
-153
-145
-168
-116
-7
9
-69
-82
27
78
-9
-88
-46
29
-10
-117
-150
-113
-114
-199
-285
-293
-293
-348
-443
-493
-495
-537
-640
-725
-732
-753
-864
-976
-977
-964
-1056
-1195
-1217
-1182
-1214
-1311
-1378
-1350
-1320
-1333
-1391
-1405
-1369
-1307
-1262
-1274
-1250
-1155
-1042
-973
-929
-840
-700
-572
-439
-319
-194
-47
137
306
425
565
748
963
1116
1239
1404
1589
1741
1864
2004
2143
2253
2342
2439
2534
2592
2635
2692
2726
2728
2710
2686
2650
2608
2536
2425
2335
2260
2153
2002
1832
1717
1605
1415
1201
1050
942
762
519
323
231
111
-109
-316
-444
-516
-632
-808
-971
-1036
-1050
-1135
-1289
-1388
-1358
-1312
-1400
-1505
-1488
-1381
-1349
-1416
-1430
-1338
-1225
-1196
-1202
-1152
-1040
-932
-890
-879
-802
-658
-564
-563
-547
-434
-317
-287
-284
-219
-120
-86
-94
-57
16
63
62
62
76
101
133
115
90
100
116
103
43
10
29
22
-40
-102
-112
-119
-187
-266
-309
-338
-377
-456
-536
-578
-610
-670
-763
-840
-860
-865
-956
-1078
-1115
-1092
-1109
-1223
-1304
-1278
-1238
-1272
-1353
-1351
-1271
-1214
-1224
-1239
-1176
-1039
-954
-938
-887
-749
-574
-467
-405
-281
-82
78
188
323
505
689
840
992
1154
1321
1481
1634
1777
1912
2036
2156
2265
2358
2453
2513
2551
2595
2632
2659
2650
2621
2591
2544
2478
2396
2298
2197
2086
1962
1822
1655
1520
1379
1224
1031
843
712
554
367
183
40
-91
-265
-439
-573
-680
-778
-927
-1060
-1140
-1188
-1252
-1346
-1412
-1429
-1428
-1465
-1505
-1504
-1452
-1439
-1450
-1434
-1366
-1299
-1267
-1232
-1192
-1116
-1047
-985
-937
-889
-816
-743
-682
-616
-547
-487
-434
-371
-318
-281
-240
-194
-131
-94
-88
-74
-29
22
34
20
31
49
73
60
36
25
25
25
-2
-38
-68
-83
-114
-168
-225
-259
-284
-322
-399
-469
-546
-576
-612
-709
-792
-855
-869
-919
-1015
-1092
-1097
-1100
-1160
-1237
-1264
-1225
-1201
-1242
-1297
-1264
-1152
-1107
-1138
-1106
-977
-844
-790
-760
-640
-447
-313
-241
-135
56
259
391
496
654
850
1032
1167
1292
1461
1633
1769
1868
1993
2136
2243
2328
2396
2459
2521
2547
2569
2579
2572
2544
2497
2459
2409
2335
2239
2143
2027
1918
1785
1646
1501
1342
1199
1040
871
699
543
392
244
64
-98
-225
-325
-445
-616
-740
-801
-856
-979
-1102
-1134
-1129
-1169
-1268
-1321
-1281
-1228
-1261
-1337
-1313
-1210
-1151
-1185
-1198
-1111
-1009
-984
-1009
-952
-825
-749
-745
-734
-633
-523
-487
-489
-449
-357
-306
-292
-268
-203
-150
-145
-146
-109
-42
-23
-43
-41
6
34
3
-22
-1
23
-7
-62
-65
-39
-47
-117
-177
-187
-182
-237
-316
-354
-373
-415
-503
-558
-585
-617
-679
-766
-828
-852
-888
-947
-1001
-1045
-1079
-1119
-1135
-1146
-1158
-1164
-1164
-1141
-1127
-1108
-1056
-988
-926
-887
-826
-712
-581
-487
-400
-285
-128
13
124
255
412
594
727
853
1004
1172
1328
1448
1563
1687
1816
1931
2021
2103
2178
2236
2298
2339
2367
2370
2362
2352
2333
2283
2209
2159
2094
1992
1860
1745
1654
1539
1372
1210
1083
960
798
616
464
350
205
13
-142
-244
-334
-476
-648
-757
-802
-876
-1000
-1101
-1130
-1143
-1224
-1306
-1305
-1268
-1271
-1328
-1358
-1291
-1216
-1217
-1242
-1201
-1103
-1053
-1058
-1042
-932
-828
-818
-820
-759
-636
-565
-576
-572
-480
-386
-361
-368
-327
-242
-212
-216
-211
-149
-91
-78
-92
-88
-44
-19
-19
-23
-29
-18
-16
-32
-37
-45
-58
-81
-112
-136
-157
-180
-203
-255
-312
-348
-376
-413
-468
-524
-569
-606
-654
-708
-746
-770
-822
-881
-922
-914
-926
-963
-989
-995
-970
-964
-966
-945
-892
-849
-826
-777
-676
-587
-520
-461
-354
-206
-91
14
133
278
427
540
659
815
972
1122
1219
1333
1479
1611
1717
1795
1899
1988
2061
2111
2159
2209
2240
2258
2247
2243
2222
2198
2156
2086
2015
1928
1839
1755
1647
1515
1387
1267
1139
990
842
711
584
427
270
130
26
-103
-265
-396
-496
-576
-694
-823
-902
-943
-1021
-1112
-1176
-1192
-1208
-1271
-1326
-1331
-1290
-1295
-1338
-1338
-1277
-1234
-1239
-1234
-1182
-1103
-1082
-1085
-1043
-959
-876
-856
-840
-778
-688
-636
-625
-569
-480
-425
-411
-382
-320
-245
-206
-208
-177
-112
-73
-60
-45
2
39
40
41
56
96
112
96
89
97
99
79
52
42
30
-1
-51
-76
-89
-140
-190
-241
-270
-295
-350
-409
-437
-472
-522
-574
-603
-622
-654
-697
-723
-720
-720
-714
-725
-711
-680
-648
-615
-573
-517
-458
-389
-312
-228
-141
-50
42
146
238
328
455
585
695
798
898
1024
1142
1238
1311
1412
1523
1591
1627
1674
1763
1812
1817
1822
1835
1859
1852
1808
1773
1757
1719
1634
1544
1496
1446
1347
1226
1123
1046
958
819
689
588
507
388
238
136
58
-42
-164
-274
-360
-424
-512
-612
-684
-733
-790
-861
-919
-953
-978
-1011
-1050
-1062
-1060
-1078
-1078
-1068
-1065
-1060
-1053
-1014
-982
-977
-961
-925
-875
-840
-822
-804
-746
-697
-680
-638
-594
-532
-497
-484
-441
-381
-342
-332
-313
-270
-218
-209
-211
-194
-149
-117
-124
-126
-107
-76
-88
-100
-98
-78
-80
-115
-131
-130
-134
-175
-213
-229
-225
-258
-313
-351
-357
-377
-436
-476
-481
-483
-524
-557
-578
-561
-566
-599
-606
-585
-561
-554
-553
-525
-465
-436
-408
-358
-284
-221
-181
-120
-37
50
123
183
281
382
468
539
614
719
808
882
948
1031
1108
1175
1223
1287
1341
1378
1410
1445
1484
1492
1488
1489
1501
1480
1447
1406
1378
1348
1281
1217
1167
1118
1045
949
874
808
722
632
529
455
378
286
183
94
28
-61
-165
-255
-317
-386
-468
-551
-603
-650
-716
-779
-826
-853
-887
-933
-967
-976
-977
-1005
-1027
-1018
-996
-996
-1002
-986
-953
-937
-927
-906
-866
-815
-794
-765
-725
-667
-621
-601
-567
-509
-468
-443
-400
-357
-317
-284
-254
-225
-177
-158
-144
-125
-92
-67
-68
-55
-42
-28
-38
-45
-41
-42
-52
-71
-85
-76
-91
-119
-140
-149
-157
-186
-206
-218
-225
-250
-272
-276
-263
-263
-292
-291
-271
-242
-245
-257
-231
-190
-161
-164
-136
-75
-31
-9
8
73
144
185
209
257
338
397
428
473
532
605
647
668
718
781
840
860
891
947
992
1008
1015
1035
1065
1077
1071
1071
1084
1084
1058
1043
1034
1020
989
959
933
904
863
812
772
723
668
612
564
518
455
385
327
288
233
152
85
35
-6
-73
-145
-194
-226
-273
-338
-389
-413
-453
-502
-551
-578
-577
-607
-644
-669
-669
-679
-701
-725
-712
-696
-711
-730
-725
-701
-691
-698
-706
-671
-641
-632
-637
-619
-588
-575
-582
-572
-546
-520
-515
-528
-497
-480
-483
-489
-473
-455
-454
-466
-454
-435
-425
-419
-429
-417
-408
-391
-407
-404
-381
-376
-385
-383
-356
-350
-340
-329
-299
-281
-258
-241
-219
-178
-153
-142
-111
-60
-26
3
31
77
117
156
174
208
263
298
327
347
399
447
467
491
529
573
597
609
629
666
692
695
699
721
746
759
740
742
769
767
755
730
735
742
715
681
679
666
643
609
580
579
557
517
467
450
428
392
344
319
311
282
236
196
177
146
110
58
26
7
-21
-66
-95
-110
-133
-172
-203
-218
-228
-246
-276
-282
-296
-307
-327
-346
-347
-338
-351
-366
-361
-359
-363
-372
-371
-362
-353
-365
-365
-358
-345
-354
-342
-332
-333
-329
-335
-315
-306
-304
-312
-303
-286
-277
-291
-296
-274
-258
-265
-266
-253
-238
-232
-252
-249
-232
-220
-225
-240
-227
-206
-205
-214
-201
-173
-169
-171
-169
-147
-130
-129
-125
-120
-89
-76
-85
-78
-49
-25
-25
-18
8
31
50
50
64
89
108
118
117
144
164
175
181
200
217
234
239
246
265
279
280
281
301
311
324
316
319
333
337
335
323
326
330
323
319
322
323
317
304
304
300
288
281
270
269
258
246
231
228
226
206
196
183
183
164
149
148
142
134
104
89
90
80
59
44
36
31
25
8
-15
-16
-22
-44
-67
-67
-72
-85
-96
-105
-104
-120
-132
-155
-153
-158
-175
-183
-190
-200
-200
-207
-222
-228
-231
-240
-254
-250
-260
-262
-269
-267
-267
-266
-273
-277
-267
-270
-268
-274
-273
-263
-262
-262
-259
-252
-241
-237
-232
-225
-209
-208
-201
-191
-183
-173
-177
-162
-147
-131
-124
-117
-99
-90
-82
-71
-56
-41
-32
-22
-14
-2
13
28
38
45
65
71
76
83
94
99
104
111
124
129
136
137
138
159
150
156
165
163
164
174
171
178
180
174
171
181
184
176
177
171
180
180
181
174
175
168
165
162
162
165
152
146
147
148
139
131
126
128
127
124
114
105
105
97
98
82
82
87
71
61
60
60
50
49
40
38
36
30
20
9
7
-4
3
-2
-7
-24
-31
-38
-41
-48
-53
-49
-61
-55
-70
-72
-70
-69
-82
-89
-82
-95
-107
-111
-110
-111
-121
-126
-130
-132
-133
-142
-142
-145
-142
-145
-141
-142
-146
-147
-148
-148
-151
-158
-155
-149
-154
-155
-157
-159
-153
-147
-144
-137
-138
-134
-123
-126
-121
-111
-117
-111
-109
-104
-93
-95
-82
-80
-77
-71
-55
-57
-50
-43
-41
-30
-26
-23
-6
6
4
13
20
28
39
44
45
53
53
59
72
82
82
83
96
101
101
108
117
123
133
129
136
140
149
148
159
156
165
170
165
179
163
173
174
179
174
178
181
173
182
174
170
171
173
171
158
162
161
153
146
137
132
126
123
111
107
95
92
85
84
85
79
79
66
63
62
53
48
39
25
18
12
13
3
-2
-15
-25
-28
-36
-41
-45
-51
-60
-59
-67
-71
-70
-75
-79
-88
-91
-93
-95
-99
-112
-114
-122
-127
-127
-146
-134
-135
-151
-140
-144
-152
-149
-152
-151
-150
-155
-154
-146
-146
-149
-144
-142
-145
-138
-137
-141
-136
-136
-137
-140
-127
-125
-126
-121
-112
-110
-113
-101
-98
-89
-91
-85
-68
-66
-60
-53
-57
-42
-37
-39
-42
-35
-28
-24
-20
-11
-4
-5
12
4
8
23
29
35
44
44
50
57
57
69
66
75
89
82
81
94
91
88
95
87
92
96
92
102
100
109
117
117
114
116
120
120
119
119
134
133
130
129
130
132
129
126
119
117
121
119
118
117
105
105
101
96
95
90
86
80
78
72
65
63
60
61
54
48
36
33
25
15
9
0
2
-7
7
-7
-3
-10
-25
-21
-31
-18
-27
-32
-35
-42
-44
-45
-55
-57
-68
-70
-63
-66
-71
-72
-77
-81
-76
-84
-87
-91
-94
-97
-91
-95
-101
-101
-101
-105
-110
-111
-101
-96
-93
-96
-101
-95
-93
-87
-89
-83
-85
-83
-86
-80
-70
-66
-61
-63
-53
-44
-42
-44
-31
-28
-17
-16
-10
-2
2
6
15
24
27
28
29
40
46
56
45
51
59
74
76
64
76
75
83
90
92
98
103
98
98
100
97
104
114
118
123
128
121
124
126
125
129
121
125
129
129
121
123
133
131
128
117
114
116
108
110
110
111
103
95
100
86
89
74
69
63
56
64
52
50
39
33
31
25
13
13
1
-13
-20
-25
-19
-27
-30
-42
-45
-51
-56
-58
-66
-68
-72
-78
-83
-84
-95
-94
-99
-105
-110
-117
-116
-114
-115
-120
-118
-123
-127
-124
-127
-120
-121
-117
-127
-135
-124
-141
-140
-135
-135
-129
-127
-114
-120
-123
-114
-110
-106
-103
-93
-91
-94
-91
-84
-82
-75
-69
-70
-67
-65
-64
-65
-53
-44
-34
-31
-30
-18
-16
-8
-4
0
8
14
16
12
19
22
24
31
44
44
48
64
60
73
75
72
78
79
80
90
92
95
95
94
104
101
107
107
117
121
118
121
120
120
124
127
124
127
126
126
119
113
114
115
124
124
115
113
106
104
101
103
113
112
107
99
89
88
83
73
70
68
63
57
51
38
34
32
26
25
18
10
0
-4
-17
-26
-26
-35
-47
-58
-54
-62
-65
-79
-85
-91
-94
-101
-114
-115
-123
-123
-126
-122
-127
-129
-131
-127
-137
-143
-136
-151
-152
-146
-146
-144
-148
-155
-151
-157
-153
-156
-154
-140
-138
-128
-123
-127
-130
-124
-118
-112
-110
-97
-96
-96
-89
-85
-75
-70
-66
-63
-57
-51
-45
-44
-31
-27
-20
-12
-4
0
4
18
18
26
35
32
38
47
49
53
55
63
74
80
86
89
90
98
98
98
107
111
111
116
114
117
108
102
113
117
113
107
120
118
110
114
108
102
107
106
105
99
96
96
86
85
77
81
81
75
67
67
70
69
60
67
65
54
52
46
39
38
39
20
27
23
13
3
0
-7
-10
-12
-14
-19
-31
-29
-33
-36
-45
-57
-60
-57
-66
-62
-77
-82
-84
-90
-83
-101
-98
-97
-101
-97
-107
-114
-108
-111
-116
-117
-113
-112
-110
-105
-114
-116
-102
-98
-102
-98
-94
-88
-90
-89
-83
-82
-89
-80
-83
-76
-82
-72
-59
-72
-60
-63
-61
-51
-52
-50
-32
-28
-24
-19
-23
-16
-7
-3
9
2
11
19
15
28
25
32
40
44
41
54
55
60
63
63
79
78
82
82
82
85
86
94
93
98
104
104
107
99
101
98
89
92
102
95
94
97
96
102
106
101
100
100
100
102
89
95
92
91
88
90
93
73
69
65
51
55
51
35
41
38
32
28
22
16
14
9
15
2
-1
-5
-15
-13
-22
-22
-28
-31
-40
-38
-49
-47
-51
-51
-43
-50
-47
-54
-56
-70
-64
-69
-69
-67
-74
-77
-79
-76
-78
-80
-80
-80
-92
-91
-88
-96
-85
-89
-89
-86
-91
-92
-80
-75
-82
-77
-75
-77
-66
-55
-70
-54
-54
-51
-45
-43
-34
-45
-28
-25
-21
-18
-4
-13
-12
0
3
11
14
15
20
28
22
30
25
41
44
41
38
45
47
52
60
60
63
56
63
65
75
70
72
68
62
66
70
71
69
78
73
75
72
76
68
68
74
75
75
66
67
76
69
66
69
61
63
57
54
51
47
54
51
47
48
42
41
37
31
25
27
22
17
25
26
28
23
29
21
16
16
16
9
-1
-4
-6
2
-3
-12
-11
-9
-10
-11
-19
-28
-29
-23
-28
-31
-29
-32
-32
-31
-39
-44
-34
-41
-39
-45
-46
-41
-48
-43
-47
-44
-41
-41
-41
-35
-41
-47
-41
-41
-42
-39
-38
-41
-38
-51
-47
-44
-50
-46
-51
-40
-41
-45
-33
-31
-35
-35
-28
-22
-29
-25
-22
-22
-20
-19
-19
-12
-1
0
-1
0
-1
-3
9
1
0
6
-4
-6
-1
10
2
0
10
17
13
15
15
13
16
10
4
4
8
0
7
9
16
16
19
19
11
20
9
23
16
8
23
28
24
18
28
26
26
20
16
21
19
19
19
18
15
20
18
15
19
19
16
10
13
11
7
-2
-2
0
-1
-1
-4
1
2
-1
-3
-7
-4
-4
-1
3
-6
-6
-4
-2
-9
-6
-3
-15
-5
-5
-6
-4
-12
-9
-7
-10
-17
-27
-29
-29
-29
-34
-29
-25
-28
-32
-26
-29
-32
-24
-23
-19
-21
-15
-19
-23
-18
-11
-10
-14
-22
-19
-7
-8
-15
-20
-21
-21
-14
-12
-6
-9
-10
-17
-12
-5
-9
-9
-9
-5
-16
-6
0
-6
-7
-12
1
1
1
1
-4
2
2
6
9
6
8
16
19
19
20
17
15
13
14
8
15
9
13
13
10
12
10
22
15
12
7
4
10
5
10
6
3
8
7
9
12
5
-6
-2
4
-1
7
7
7
10
11
16
13
13
8
7
8
1
9
7
7
1
8
9
-1
11
11
9
9
6
0
6
10
9
3
-3
6
6
12
6
-3
1
-8
-5
5
3
-2
-3
0
-10
-6
-10
-6
-7
-19
-9
-8
-13
-10
-9
-8
-7
-2
-1
-6
-1
-3
3
0
-6
-8
-10
-8
-6
-7
-10
-7
-7
-13
-20
-21
-14
-13
-9
-2
-10
-10
-12
-6
-6
-12
-16
-17
-16
-20
-25
-19
-17
-23
-18
-21
-16
-11
-13
-13
-6
-8
-5
-4
-3
-7
-5
-8
-5
3
-4
0
-6
-10
-7
-3
-9
-6
-2
-2
-2
-3
-4
6
16
10
11
-1
12
9
10
10
6
8
-4
5
5
8
9
3
3
1
-2
2
0
-1
-7
-1
-3
5
7
0
1
10
12
7
5
-3
-3
-6
-6
-10
-6
2
-4
-15
-18
-16
-16
-21
-11
-10
-12
-9
-10
-7
-9
-7
-9
-9
-10
-12
-12
-11
-8
-2
-5
-9
-6
-7
-15
-18
-17
-12
-9
-10
-4
-3
-1
-6
5
2
-7
-5
-3
-7
-10
0
7
11
1
9
13
11
3
1
7
9
8
11
14
17
7
10
15
19
18
10
12
7
12
6
15
16
15
15
21
16
12
7
7
13
4
11
6
15
3
4
3
-1
1
-6
2
-1
-9
-7
-9
-15
-8
-10
-4
1
0
0
6
10
0
4
9
9
5
7
22
16
12
13
10
7
8
8
6
6
9
13
9
13
8
8
7
9
8
6
2
4
5
2
9
1
8
0
8
12
9
18
9
11
13
13
22
19
19
19
23
26
23
19
13
13
10
10
11
17
10
9
15
10
10
9
0
1
-4
-7
4
-3
-2
-2
10
1
-1
3
2
4
3
-4
-3
5
4
2
-8
3
9
11
6
7
9
9
4
7
9
7
14
9
18
14
11
17
12
22
22
12
12
3
10
11
11
10
6
3
7
7
1
12
10
12
7
3
4
7
0
2
1
3
6
-1
-5
-5
-8
-6
1
-2
0
-9
-4
-5
-4
3
3
1
-4
-6
-6
-6
1
2
0
-1
1
9
-1
7
4
8
4
6
3
6
9
0
8
-2
7
0
-1
-5
-4
3
0
-1
-1
8
3
-3
-2
5
6
-4
-1
5
-2
3
0
4
11
1
6
9
-7
-7
-2
3
-2
3
5
7
15
12
12
5
3
4
7
0
3
-3
-3
6
-1
1
6
6
12
3
-9
0
-5
-9
-6
-9
-18
-9
-11
-10
-8
-9
-5
-1
0
-3
3
-7
-5
-3
2
1
1
-7
-2
0
-9
-6
-11
-3
-6
-15
-14
-5
-16
-10
-1
-6
-4
-6
2
-4
-2
-3
-9
4
-3
-2
-1
-13
-7
-4
0
-2
-6
-9
-9
-9
-13
-13
-3
-6
-4
-1
-5
0
-6
-13
-23
-13
-12
-17
-11
-7
-6
-4
-1
-3
-3
-3
0
-10
-14
-11
-7
-1
0
1
0
1
7
-1
-9
-11
1
-5
-7
13
-3
0
-1
-16
-11
-8
-1
-1
-4
-1
0
1
3
3
0
-3
-1
3
-2
-2
-2
-4
-9
-11
-13
-19
-8
-10
-2
3
-3
-10
-11
2
-2
0
-3
-1
0
-1
0
4
3
-1
-4
-6
-4
-10
-12
0
3
-2
1
-7
-10
-9
0
-4
-11
-19
-22
-19
-22
-13
-17
-21
-32
-25
-15
-19
-24
-26
-23
-28
-29
-30
-23
-20
-13
-16
-13
-17
-20
-16
-12
0
-4
-3
-13
-9
-1
-13
-10
-13
-6
-1
-2
-2
-6
-1
3
4
-2
-4
-3
0
-4
-1
1
-6
-13
-15
-16
-12
-6
-4
-4
1
8
1
15
10
5
8
4
6
9
16
13
9
3
3
-2
-5
3
-1
-4
-4
-2
-1
-9
-6
-3
-1
5
0
-9
-11
-9
-17
-5
-3
-8
-1
0
-2
-7
-4
-6
-9
-3
0
-9
-3
0
3
4
-8
-9
-8
-3
7
8
0
-4
-10
-8
-3
-5
-7
-3
-8
-7
-6
-13
2
-6
-16
-5
-8
0
3
0
0
-5
-5
-6
-2
9
0
-5
-6
2
0
-1
-3
-10
-5
-4
-9
-9
-5
-6
0
-4
6
12
10
26
29
24
17
17
19
15
12
16
10
13
22
12
14
10
5
12
9
7
9
2
9
6
13
7
9
17
-2
2
0
-3
3
0
-9
-8
-13
-14
-3
0
-2
-6
-5
-6
6
13
-4
-6
-1
0
-1
3
9
12
12
3
5
7
14
16
19
13
13
27
29
23
27
29
18
28
23
24
22
19
14
5
9
