6
10
7
14
13
6
14
6
12
14
10
10
-6
-7
-2
7
10
11
11
9
9
17
21
20
27
26
18
14
20
20
25
16
22
18
18
19
15
15
8
6
7
5
5
8
3
6
2
1
-2
-4
-3
-1
-6
-7
-17
-13
-1
-3
4
0
11
13
20
18
12
19
10
14
25
17
12
16
15
12
15
17
12
15
11
19
27
28
25
22
26
32
27
21
27
28
29
29
26
20
21
19
12
17
18
12
19
18
15
16
15
12
10
8
7
0
0
11
0
6
5
3
1
6
4
8
13
5
6
7
8
2
3
4
0
3
5
-9
7
10
9
13
9
22
16
19
25
23
19
18
4
-4
0
3
14
14
11
11
6
10
8
7
10
6
9
9
6
6
3
2
3
4
8
-1
0
6
-1
5
10
0
6
14
18
15
9
5
5
8
-1
0
5
4
-7
3
5
1
9
13
1
4
14
11
19
18
16
16
21
16
15
11
11
6
6
6
1
4
1
3
0
7
-3
2
-1
-9
-4
-10
-6
-14
-17
-12
-8
-6
-7
-4
-13
-3
-6
-22
-11
-13
-20
-16
-11
-21
-19
-13
-10
-7
-7
-20
-26
-28
-25
-20
-20
-4
-5
-6
-5
3
2
4
1
1
1
-6
-2
-3
-3
-3
-1
-3
3
2
10
7
4
5
0
3
7
10
9
12
-6
-7
-6
-6
-10
-16
-15
-16
-15
3
11
6
7
17
28
20
22
16
16
18
12
7
1
-5
-9
-10
-14
-16
-13
-16
-19
-16
-15
-10
-12
-11
-13
-8
-6
-4
-9
-13
-15
-18
-20
-15
-10
-11
5
6
8
13
13
1
13
6
-3
-3
-15
-16
-17
-5
-6
-11
-9
-10
-3
-2
-9
-13
-16
-12
-22
-28
-26
-36
-37
-31
-26
-23
-17
-12
-9
0
1
3
13
9
8
-4
-2
-15
-25
-20
-33
-25
-29
-38
-32
-34
-25
-6
-6
2
3
7
9
18
20
5
3
3
-4
-10
-9
-10
1
-4
-6
-3
-6
1
7
9
10
3
-6
-16
-13
-13
-19
-9
-13
-7
-5
5
10
11
12
9
6
-12
-15
-18
-29
-28
-39
-41
-34
-24
-13
-19
-11
0
6
18
19
22
21
4
11
3
-7
-10
-25
-35
-40
-30
-37
-33
-29
-21
-11
-3
5
14
24
22
31
36
34
28
14
14
15
7
4
-3
-6
-17
-23
-9
3
6
9
15
8
10
-1
-3
-6
-3
-8
-20
-20
-22
-13
-9
-9
-4
-4
0
6
-3
1
4
-8
-16
-14
-10
-13
-21
-18
-18
-16
-6
-3
8
14
19
22
25
34
32
24
17
-9
-20
-29
-41
-51
-60
-57
-45
-35
-28
-7
8
32
38
47
63
60
59
54
45
31
2
-17
-22
-46
-63
-66
-65
-55
-48
-32
-10
8
21
33
39
36
34
17
4
-9
-33
-33
-42
-42
-35
-29
-10
7
27
37
45
46
43
33
12
0
-10
-33
-47
-46
-52
-44
-32
-19
7
29
45
60
70
75
77
73
49
32
-1
-28
-47
-76
-84
-95
-81
-63
-35
-3
20
40
64
76
73
84
67
50
32
11
-7
-35
-63
-72
-77
-78
-72
-68
-49
-28
-4
18
50
59
64
71
56
44
23
-3
-35
-51
-58
-54
-42
-29
-6
25
52
73
96
95
83
73
47
24
-4
-35
-50
-60
-55
-53
-38
-3
8
35
65
81
98
105
96
82
66
41
18
-13
-37
-60
-81
-92
-87
-81
-63
-23
6
31
50
69
75
76
63
56
32
9
-1
-15
-20
-41
-38
-36
-42
-43
-38
-32
-31
-22
-15
0
17
18
15
15
3
-1
-16
-32
-38
-38
-25
-17
-1
14
32
44
51
56
55
37
29
9
-15
-21
-48
-61
-76
-71
-62
-49
-19
2
37
61
82
97
111
115
108
86
62
31
-7
-30
-55
-78
-97
-82
-81
-67
-32
-3
32
59
77
85
92
81
78
58
43
36
21
17
4
-7
-17
-22
-36
-48
-54
-49
-48
-37
-13
-1
13
22
39
43
46
54
44
45
47
45
47
39
34
19
10
-4
-19
-31
-48
-45
-38
-22
-4
6
9
14
6
3
-4
-19
-13
4
25
38
53
74
82
72
51
19
-7
-41
-69
-76
-84
-73
-57
-49
-35
-8
6
14
24
28
26
16
16
14
13
-2
-13
-10
-16
-18
-9
-7
-11
-1
4
1
3
7
10
9
15
17
17
12
19
18
15
16
20
21
14
13
9
0
-3
-13
-44
-57
-66
-73
-69
-57
-38
-20
13
49
69
79
82
65
38
6
-15
-31
-40
-36
-25
-12
6
16
30
35
32
19
19
23
18
32
31
37
28
13
-6
-41
-63
-98
-136
-152
-158
-149
-117
-79
-40
6
51
92
138
164
173
164
146
110
57
4
-45
-87
-126
-150
-169
-155
-129
-98
-50
-8
30
50
73
84
86
79
67
44
16
-9
-40
-65
-102
-117
-121
-106
-69
-41
5
59
94
116
135
112
68
15
-26
-54
-87
-97
-92
-51
-17
32
78
98
107
91
84
61
30
-1
-44
-66
-108
-130
-149
-171
-173
-188
-174
-154
-111
-45
31
106
166
225
274
291
266
235
181
107
19
-73
-147
-215
-267
-284
-272
-232
-175
-108
-27
47
104
159
181
190
196
184
148
113
78
32
-16
-63
-100
-130
-146
-160
-154
-134
-90
-39
19
83
135
174
186
172
115
67
0
-64
-104
-126
-122
-98
-54
-24
25
53
70
82
76
54
33
14
-9
-11
-28
-35
-43
-54
-59
-66
-77
-78
-71
-48
-14
23
76
113
136
148
142
121
85
23
-44
-106
-159
-203
-227
-228
-214
-162
-114
-51
19
69
125
165
186
200
187
165
142
114
82
37
-5
-44
-82
-136
-169
-196
-196
-173
-151
-97
-30
44
99
150
182
184
141
88
24
-62
-123
-168
-173
-170
-144
-76
-4
76
136
174
207
210
195
163
121
76
39
2
-43
-85
-130
-159
-179
-199
-198
-188
-141
-69
1
66
131
174
200
196
166
113
31
-32
-102
-164
-204
-214
-200
-169
-138
-100
-37
12
66
112
152
170
178
177
158
139
103
60
9
-51
-101
-149
-188
-233
-249
-241
-218
-168
-122
-49
13
70
115
145
157
136
110
60
17
-18
-50
-64
-69
-63
-33
-1
44
77
101
127
144
153
143
128
96
54
16
-27
-76
-118
-155
-179
-183
-164
-137
-91
-33
32
92
146
181
184
180
147
107
56
5
-42
-88
-117
-144
-151
-151
-133
-103
-63
-19
44
89
130
186
202
216
190
139
76
10
-66
-138
-186
-230
-253
-270
-252
-212
-155
-81
2
73
140
199
222
229
205
166
105
32
-48
-111
-157
-184
-196
-183
-146
-111
-48
13
82
150
200
232
238
225
176
116
44
-31
-95
-145
-193
-212
-207
-192
-149
-104
-41
15
69
114
145
172
171
159
133
95
45
-1
-47
-88
-102
-111
-124
-115
-103
-77
-26
10
57
89
120
134
135
122
95
60
19
-23
-65
-92
-129
-133
-113
-95
-62
-23
6
37
76
113
134
132
114
94
58
5
-41
-92
-123
-145
-160
-151
-141
-108
-74
-22
50
109
169
222
259
266
264
228
164
85
3
-74
-152
-207
-232
-233
-219
-171
-125
-77
-26
29
95
153
184
200
185
151
106
48
-8
-70
-118
-146
-160
-161
-138
-110
-64
-20
20
55
69
101
131
137
146
119
77
43
-5
-38
-73
-81
-80
-73
-64
-46
-31
-27
-6
0
0
-10
-9
-10
-16
-13
-16
-15
-19
-30
-31
-35
-22
-12
-13
-1
3
18
26
38
51
67
82
87
86
70
47
15
-20
-35
-47
-63
-70
-72
-60
-50
-25
0
20
38
54
69
76
80
73
62
48
19
-21
-47
-80
-97
-98
-96
-81
-65
-44
-20
15
48
76
101
113
118
118
103
89
59
32
6
-20
-44
-70
-86
-87
-83
-78
-70
-63
-45
-27
-13
13
38
57
70
76
72
46
35
16
-2
-20
-40
-58
-78
-85
-86
-77
-67
-36
-15
4
29
65
108
127
145
139
114
93
61
29
0
-14
-35
-50
-53
-70
-56
-42
-29
2
-4
1
6
5
8
-7
-14
-20
-32
-28
-27
-34
-23
-21
-15
-4
-8
0
6
7
12
29
41
43
44
34
27
20
12
-4
-11
-18
-28
-32
-32
-15
-10
4
8
9
13
4
4
9
12
13
5
-7
-6
-12
-24
-25
-25
-31
-42
-44
-43
-37
-13
22
38
54
76
83
89
89
81
51
28
6
-15
-24
-26
-30
-26
-7
-1
6
22
29
26
36
35
31
22
-3
-12
-25
-29
-35
-47
-50
-55
-46
-41
-42
-30
-13
13
35
53
59
63
59
60
64
44
22
-7
-17
-30
-47
-49
-51
-47
-42
-41
-32
-19
-6
17
27
38
37
44
60
54
47
41
31
35
19
-13
-38
-50
-61
-60
-59
-63
-48
-38
-16
10
30
48
58
56
46
36
26
19
2
2
-6
-15
-27
-31
-17
-12
2
6
-1
8
16
10
11
5
-6
-6
-15
-29
-42
-44
-36
-31
-34
-28
-13
-13
6
18
29
45
31
23
6
-6
-22
-36
-51
-62
-66
-73
-65
-54
-50
-38
-16
-3
15
23
36
32
35
31
21
16
-5
-16
-38
-48
-43
-38
-39
-39
-26
-21
-9
2
5
20
26
28
30
21
16
13
-1
-6
-25
-43
-45
-41
-25
-26
-16
-9
-7
2
19
19
16
17
5
-4
-14
-18
-35
-47
-47
-48
-51
-55
-49
-40
-23
-9
-3
9
18
22
26
24
27
23
25
10
-7
-23
-47
-51
-57
-63
-64
-63
-54
-44
-35
-15
2
18
21
16
15
13
19
11
1
-4
-12
-22
-28
-32
-34
-26
-25
-20
-18
-7
-4
-5
6
9
20
23
16
10
9
0
4
2
0
8
7
14
10
12
10
6
19
19
6
7
-4
-6
-11
2
12
-4
3
6
11
10
7
6
7
4
0
1
-10
-8
-10
-7
3
-6
-11
-22
-20
-16
-9
3
-7
-9
-21
-17
-12
-6
6
1
1
6
21
26
20
19
16
6
-6
0
-3
-20
-23
-35
-24
-23
-22
-9
-3
10
20
35
38
44
57
54
51
51
47
41
26
12
1
-7
-9
-13
-16
-16
-11
-9
3
15
23
34
35
37
28
28
41
34
32
29
24
19
12
15
12
13
6
-1
2
12
27
20
20
13
17
19
10
7
-4
-9
-9
-13
-18
-13
-14
-6
-1
-8
-10
-11
-14
-15
-9
-4
-4
-2
-4
-16
-12
-7
-6
-8
-10
-17
-31
-28
-17
-24
-13
-12
-8
3
-4
13
18
27
34
44
41
38
34
20
16
12
9
-12
-16
-21
-15
-8
-7
3
4
18
32
42
48
53
56
60
54
47
42
35
29
16
4
-13
-12
-12
-8
4
3
3
6
12
20
18
21
21
18
19
17
10
2
7
-6
-22
-22
-21
-14
-22
-13
-16
-15
-6
-3
5
0
-7
2
4
-10
3
2
1
-1
-5
-6
-13
-2
-2
-7
-4
1
6
3
-4
2
-2
-2
-2
-2
-1
-9
3
4
-4
1
3
16
16
26
17
16
19
3
8
3
8
7
6
0
-1
3
6
4
-1
11
2
6
13
12
17
26
26
22
24
9
2
4
-1
3
-1
-6
-12
-10
1
4
12
15
12
4
7
16
10
8
1
8
13
3
-8
-21
-9
-12
-15
-4
-13
-13
-8
1
-8
2
12
2
14
9
4
-6
6
14
1
12
7
3
-4
-7
3
0
0
-13
-12
-12
-23
-29
-28
-20
-20
-12
-7
-12
-10
-15
-16
-1
8
6
-2
4
3
8
10
14
3
-4
0
4
0
-7
-9
-12
-4
-1
13
8
9
13
19
19
16
12
0
9
6
5
0
0
-13
-12
-15
-30
-21
-11
-10
-5
-1
-4
7
13
9
4
3
0
0
-1
0
-6
-18
-28
-25
-25
-29
-22
-34
-39
-35
-26
-21
-12
-6
-1
4
4
0
10
1
-1
2
1
-3
-23
-22
-28
-24
-23
-23
-34
-40
-26
-25
-19
-11
-6
9
12
7
12
4
2
-6
-5
-1
-3
-7
1
-1
-10
4
-1
-1
7
6
16
13
15
25
22
17
10
10
13
16
16
5
-4
7
6
3
1
6
15
18
10
1
7
10
19
12
5
11
22
12
3
-4
-23
-19
-19
-9
-4
-8
-9
-8
2
-4
-7
-3
-7
-8
-13
-7
-15
-22
-22
-23
-34
-37
-40
-40
-28
-26
-16
-21
-17
-13
-12
-13
-18
-7
-2
-7
1
-1
-2
-3
-9
1
-2
-9
-13
-7
1
-6
-7
6
4
8
-7
-11
2
7
3
-2
-2
-11
7
7
13
15
11
0
-15
-13
-2
7
-12
-32
-26
2
9
5
-6
-5
10
21
8
15
21
9
3
2
13
10
-4
-22
-12
-3
-6
-19
-20
-10
3
3
-12
-3
25
25
18
7
-3
9
14
8
-6
1
1
-4
-7
-12
-26
-19
-12
-17
4
3
9
0
-1
9
9
4
4
19
26
13
-3
11
28
16
-8
-23
-8
4
3
0
-13
-7
19
25
20
19
19
9
18
18
14
28
28
38
32
35
24
25
31
30
22
9
6
4
31
35
21
-6
-6
12
34
15
-18
-16
6
31
36
31
21
34
24
4
-12
-16
-11
-21
-27
-34
-41
-23
-12
-12
-19
-34
-24
-12
1
14
-3
-11
10
22
23
0
-22
-33
-19
-14
-23
-31
-34
-21
-18
-21
-19
-1
7
8
-16
2
28
55
55
29
32
31
42
40
38
15
-6
8
9
29
41
31
23
35
60
59
55
45
58
64
77
73
65
78
64
38
2
-7
-2
6
-3
-14
-28
-5
12
6
-12
-32
-29
-44
-35
-44
-42
-46
-69
-78
-80
-95
-108
-123
-145
-145
-148
-161
-156
-134
-110
-114
-148
-168
-140
-117
-142
-162
-178
-165
-154
-154
-168
-180
-190
-180
-184
-201
-193
-177
-149
-163
-151
-111
-61
-51
-57
-48
-32
-23
-22
18
38
29
18
46
66
78
101
83
82
100
136
183
188
193
231
289
299
309
341
359
340
322
335
369
401
367
369
376
377
357
370
387
373
391
383
403
427
452
457
415
387
429
518
483
313
288
387
316
295
272
241
287
200
194
147
168
170
141
139
70
106
93
81
5
-11
-34
-64
-121
-168
-153
-196
-233
-296
-304
-344
-368
-392
-416
-477
-515
-523
-535
-556
-610
-603
-645
-696
-754
-778
-767
-822
-878
-916
-922
-904
-909
-907
-941
-952
-934
-913
-917
-904
-858
-830
-840
-866
-809
-716
-661
-700
-712
-685
-589
-481
-426
-414
-403
-295
-152
-29
4
41
117
222
329
409
479
543
631
688
744
787
857
964
1004
1000
994
1072
1190
1239
1194
1164
1203
1272
1301
1232
1190
1179
1194
1155
1097
1043
1007
985
902
836
788
733
661
616
588
553
462
348
309
332
338
233
82
47
108
144
56
-70
-72
0
28
-34
-107
-82
-29
-38
-59
-101
-56
-1
28
-17
-92
-64
-5
60
45
23
3
13
60
110
121
34
-28
9
79
47
-76
-124
-117
-161
-261
-346
-349
-366
-494
-636
-714
-722
-727
-803
-948
-1092
-1098
-1099
-1188
-1359
-1475
-1467
-1511
-1651
-1779
-1752
-1764
-1897
-2013
-2027
-1951
-1928
-1991
-2036
-2007
-1916
-1805
-1731
-1727
-1684
-1497
-1314
-1236
-1187
-1043
-807
-631
-516
-371
-181
36
209
391
568
733
922
1126
1329
1479
1638
1766
1890
2017
2150
2249
2289
2348
2394
2451
2459
2428
2432
2430
2372
2279
2202
2130
2051
1930
1802
1682
1560
1441
1298
1155
994
857
700
543
397
308
218
74
-39
-126
-177
-279
-330
-330
-351
-426
-500
-462
-396
-380
-411
-399
-341
-285
-249
-189
-152
-121
-44
28
81
118
205
322
347
306
336
474
536
521
494
518
551
505
473
483
529
431
307
248
230
206
102
0
-125
-227
-321
-406
-525
-625
-708
-863
-1081
-1239
-1200
-1192
-1405
-1797
-1975
-1881
-1842
-2045
-2374
-2506
-2503
-2516
-2668
-2813
-2864
-2881
-2895
-2987
-3018
-2995
-2875
-2792
-2813
-2840
-2755
-2501
-2275
-2149
-2098
-1968
-1753
-1456
-1163
-917
-730
-576
-288
71
384
605
869
1164
1454
1675
1904
2249
2534
2725
2821
2991
3208
3420
3590
3626
3635
3627
3679
3742
3772
3696
3544
3404
3271
3185
3088
2953
2707
2436
2212
2093
1954
1696
1420
1193
1043
828
600
396
272
126
-126
-367
-503
-499
-552
-698
-911
-1032
-1007
-940
-933
-1053
-1091
-1045
-974
-953
-926
-802
-688
-671
-730
-671
-507
-351
-331
-375
-370
-282
-145
-60
-35
-89
-78
-7
84
101
69
100
101
69
7
31
61
34
-60
-170
-215
-291
-318
-343
-413
-575
-741
-809
-794
-826
-964
-1104
-1259
-1349
-1431
-1498
-1600
-1744
-1881
-2027
-2126
-2221
-2245
-2299
-2441
-2605
-2668
-2625
-2590
-2605
-2651
-2632
-2631
-2597
-2472
-2271
-2119
-2111
-2083
-1919
-1586
-1305
-1135
-1019
-837
-559
-269
43
319
606
867
1123
1379
1682
2032
2325
2522
2659
2876
3138
3376
3511
3603
3685
3728
3762
3813
3907
3875
3739
3574
3504
3486
3385
3211
2978
2794
2595
2412
2212
1993
1754
1492
1250
983
780
585
383
123
-136
-306
-435
-572
-762
-901
-983
-1042
-1144
-1220
-1197
-1169
-1170
-1236
-1228
-1142
-1021
-954
-947
-908
-840
-701
-599
-536
-505
-411
-292
-199
-180
-159
-29
72
141
126
153
193
243
281
290
286
219
175
173
201
118
0
-88
-125
-182
-301
-404
-471
-529
-638
-787
-966
-1068
-1080
-1112
-1289
-1610
-1787
-1751
-1686
-1860
-2171
-2336
-2342
-2337
-2486
-2614
-2677
-2697
-2783
-2885
-2897
-2847
-2764
-2771
-2802
-2835
-2728
-2522
-2317
-2231
-2188
-2059
-1834
-1527
-1233
-968
-805
-633
-384
62
526
773
883
1125
1558
1860
2172
2423
2716
3008
3137
3334
3542
3861
4036
4116
4116
4148
4290
4359
4396
4252
4117
4000
3959
3853
3691
3477
3222
2974
2733
2539
2301
2060
1708
1395
1098
891
650
353
93
-187
-397
-654
-857
-1032
-1162
-1292
-1467
-1607
-1725
-1732
-1711
-1715
-1790
-1854
-1777
-1644
-1545
-1556
-1530
-1413
-1258
-1164
-1101
-993
-837
-728
-673
-564
-447
-274
-177
-88
-41
19
119
201
302
305
318
307
320
341
353
371
302
221
135
96
79
22
-60
-195
-310
-412
-478
-500
-564
-733
-939
-1063
-1058
-1087
-1256
-1510
-1659
-1705
-1816
-1948
-2108
-2171
-2282
-2447
-2592
-2663
-2625
-2632
-2697
-2854
-2929
-2866
-2696
-2583
-2644
-2733
-2646
-2412
-2178
-2060
-1991
-1841
-1631
-1349
-1097
-823
-590
-341
-35
256
565
879
1275
1634
1877
2071
2362
2800
3154
3353
3463
3643
3902
4142
4301
4364
4390
4416
4487
4518
4476
4369
4263
4185
4069
3862
3656
3476
3256
3007
2723
2468
2201
1900
1594
1296
1010
705
430
170
-119
-393
-629
-805
-989
-1208
-1406
-1541
-1615
-1701
-1792
-1861
-1887
-1909
-1917
-1917
-1874
-1781
-1709
-1697
-1672
-1571
-1392
-1223
-1170
-1146
-1066
-880
-691
-599
-566
-480
-354
-229
-156
-107
-28
54
85
81
117
169
221
210
157
113
102
126
145
99
-1
-85
-124
-130
-164
-224
-338
-464
-544
-598
-648
-786
-938
-1043
-1139
-1273
-1426
-1509
-1578
-1692
-1894
-2020
-2074
-2094
-2190
-2344
-2450
-2533
-2529
-2530
-2553
-2654
-2694
-2646
-2561
-2516
-2478
-2370
-2263
-2146
-2030
-1814
-1586
-1385
-1211
-971
-671
-373
-93
174
481
761
1073
1397
1747
2032
2274
2536
2804
3107
3344
3552
3702
3862
4011
4149
4273
4313
4352
4372
4375
4281
4188
4103
3996
3851
3620
3405
3202
2984
2700
2414
2150
1899
1589
1244
946
676
436
140
-168
-449
-677
-889
-1108
-1300
-1485
-1651
-1842
-1992
-2073
-2089
-2132
-2242
-2324
-2342
-2246
-2165
-2139
-2118
-2032
-1938
-1850
-1726
-1576
-1402
-1320
-1255
-1171
-974
-751
-604
-547
-519
-389
-199
-16
48
81
141
233
313
378
468
516
502
460
506
578
585
517
461
448
380
307
274
282
194
24
-99
-133
-170
-280
-402
-552
-709
-843
-887
-982
-1163
-1365
-1469
-1504
-1665
-1840
-1933
-1930
-2043
-2255
-2352
-2302
-2276
-2386
-2500
-2504
-2424
-2392
-2368
-2313
-2238
-2146
-2006
-1818
-1675
-1556
-1366
-1089
-832
-630
-398
-104
212
466
734
1059
1384
1652
1904
2203
2477
2715
2945
3221
3452
3596
3705
3866
4069
4161
4163
4157
4205
4224
4159
4046
3963
3876
3722
3503
3278
3088
2886
2645
2333
2035
1748
1477
1213
920
620
313
29
-258
-512
-755
-958
-1150
-1401
-1614
-1757
-1846
-1972
-2112
-2206
-2236
-2266
-2320
-2339
-2293
-2212
-2170
-2140
-2079
-1955
-1842
-1730
-1619
-1496
-1370
-1252
-1090
-946
-809
-689
-572
-446
-321
-202
-99
15
110
169
215
293
386
442
467
474
480
500
543
575
541
448
405
431
433
352
246
214
181
68
-70
-132
-155
-253
-416
-554
-644
-745
-873
-955
-1053
-1248
-1445
-1500
-1473
-1578
-1804
-1957
-1943
-1955
-2101
-2218
-2191
-2147
-2212
-2299
-2246
-2125
-2082
-2055
-1954
-1802
-1719
-1613
-1405
-1152
-983
-858
-616
-301
-49
143
379
669
967
1212
1463
1722
1987
2228
2469
2704
2879
3037
3221
3428
3556
3586
3636
3758
3847
3817
3708
3641
3630
3554
3376
3179
3027
2864
2653
2416
2183
1942
1671
1403
1142
863
557
285
70
-163
-477
-774
-964
-1104
-1285
-1526
-1716
-1858
-1957
-2035
-2104
-2179
-2259
-2283
-2238
-2191
-2207
-2205
-2096
-1935
-1864
-1858
-1778
-1530
-1312
-1250
-1221
-1067
-806
-623
-553
-475
-313
-114
40
138
250
363
464
554
674
751
788
841
914
984
981
961
984
1058
1055
962
881
861
883
875
768
613
528
512
458
304
121
13
-37
-147
-348
-524
-622
-726
-880
-1063
-1221
-1363
-1501
-1621
-1730
-1891
-2048
-2129
-2157
-2226
-2368
-2478
-2480
-2449
-2494
-2544
-2511
-2408
-2331
-2272
-2188
-2056
-1916
-1764
-1577
-1378
-1205
-1028
-753
-446
-200
-18
234
585
919
1121
1286
1553
1896
2170
2317
2475
2710
2942
3104
3195
3297
3434
3516
3554
3553
3542
3524
3480
3418
3306
3149
2996
2840
2690
2487
2247
2023
1789
1568
1332
1071
791
526
298
85
-172
-454
-661
-799
-964
-1195
-1404
-1501
-1558
-1678
-1828
-1895
-1883
-1886
-1939
-1963
-1880
-1787
-1742
-1711
-1631
-1508
-1376
-1270
-1163
-1035
-892
-733
-588
-449
-307
-149
-13
109
215
358
513
625
694
743
849
971
1037
1026
1015
1072
1148
1164
1104
1049
1060
1064
1020
920
837
812
756
643
490
391
351
249
108
-39
-170
-310
-470
-571
-689
-882
-1126
-1226
-1217
-1341
-1648
-1891
-1854
-1792
-2010
-2365
-2456
-2296
-2292
-2569
-2768
-2659
-2478
-2546
-2737
-2724
-2515
-2373
-2383
-2359
-2211
-2020
-1848
-1664
-1481
-1339
-1173
-880
-538
-316
-189
58
462
805
976
1118
1419
1783
2019
2136
2293
2560
2802
2955
3056
3158
3252
3324
3415
3436
3360
3274
3278
3308
3189
2944
2778
2740
2630
2352
2038
1856
1731
1501
1159
870
713
528
256
-18
-249
-442
-632
-831
-1005
-1163
-1309
-1424
-1512
-1602
-1688
-1751
-1759
-1756
-1775
-1770
-1727
-1640
-1550
-1462
-1362
-1262
-1160
-1022
-843
-695
-604
-493
-297
-87
45
122
262
457
601
662
710
853
1021
1078
1060
1099
1221
1309
1287
1246
1261
1269
1223
1166
1145
1113
1031
913
866
828
707
521
405
380
248
-3
-212
-225
-232
-481
-824
-975
-929
-995
-1335
-1664
-1729
-1692
-1842
-2158
-2330
-2323
-2382
-2601
-2801
-2851
-2858
-2933
-3023
-3079
-3118
-3129
-3063
-2963
-2952
-3031
-2993
-2747
-2513
-2482
-2497
-2289
-1903
-1650
-1596
-1443
-1082
-685
-483
-354
-63
339
672
900
1147
1427
1721
2008
2295
2506
2633
2798
3069
3345
3435
3409
3500
3708
3806
3714
3610
3620
3647
3559
3368
3234
3173
3038
2801
2558
2355
2174
1945
1676
1402
1136
892
679
470
221
-40
-274
-466
-636
-779
-921
-1090
-1265
-1374
-1374
-1360
-1447
-1555
-1567
-1467
-1397
-1429
-1426
-1285
-1119
-1074
-1054
-924
-687
-515
-471
-433
-288
-76
114
211
277
372
509
679
794
843
847
927
1038
1088
1059
1065
1144
1189
1125
1015
1012
1078
1071
935
797
740
723
657
549
443
329
187
50
-42
-130
-294
-499
-660
-740
-837
-1062
-1265
-1365
-1435
-1640
-1946
-2102
-2066
-2108
-2389
-2702
-2779
-2674
-2721
-2998
-3203
-3158
-3078
-3186
-3371
-3341
-3158
-3095
-3200
-3225
-3031
-2793
-2681
-2650
-2522
-2275
-2020
-1789
-1567
-1311
-1048
-791
-490
-172
128
415
743
1055
1314
1572
1904
2253
2495
2662
2839
3092
3351
3509
3607
3701
3815
3884
3910
3955
3954
3896
3792
3712
3629
3484
3322
3167
2993
2761
2494
2276
2114
1894
1584
1246
1017
864
674
395
103
-105
-261
-405
-582
-777
-920
-1018
-1102
-1206
-1305
-1321
-1292
-1293
-1363
-1396
-1313
-1179
-1099
-1107
-1072
-957
-807
-671
-563
-473
-393
-279
-134
19
122
168
261
411
541
579
612
729
850
881
830
842
964
1043
996
901
879
929
930
868
781
713
652
573
507
444
345
209
65
-53
-134
-225
-377
-588
-752
-850
-942
-1144
-1396
-1525
-1536
-1668
-2014
-2281
-2265
-2184
-2412
-2848
-3035
-2862
-2753
-3038
-3412
-3426
-3201
-3168
-3411
-3558
-3410
-3203
-3198
-3293
-3216
-2992
-2776
-2651
-2541
-2395
-2169
-1859
-1562
-1354
-1204
-938
-526
-142
100
286
591
995
1355
1602
1833
2144
2456
2717
2944
3159
3341
3531
3741
3905
3971
3979
4061
4208
4260
4137
4001
3980
3986
3874
3663
3484
3342
3181
2952
2715
2485
2247
2010
1773
1526
1227
947
750
595
341
3
-244
-349
-426
-647
-922
-1090
-1129
-1171
-1287
-1400
-1454
-1468
-1479
-1483
-1469
-1439
-1386
-1306
-1246
-1212
-1167
-1024
-829
-712
-706
-690
-533
-292
-142
-135
-114
31
222
318
339
419
545
609
608
626
724
790
759
727
735
744
698
652
663
651
528
362
306
343
280
73
-118
-191
-230
-358
-552
-702
-821
-939
-1089
-1286
-1466
-1576
-1644
-1779
-2036
-2285
-2348
-2314
-2401
-2705
-2924
-2909
-2869
-2994
-3192
-3215
-3142
-3180
-3315
-3297
-3120
-3031
-3085
-3068
-2884
-2711
-2642
-2481
-2164
-1930
-1916
-1837
-1406
-879
-649
-667
-493
-18
457
703
881
1187
1530
1810
2075
2385
2660
2878
3103
3340
3496
3573
3749
4039
4193
4075
3949
4108
4357
4340
4065
3876
3929
3929
3717
3478
3361
3234
2965
2668
2484
2336
2088
1783
1527
1294
1011
746
597
447
158
-179
-363
-432
-572
-792
-951
-999
-1106
-1314
-1398
-1289
-1219
-1367
-1566
-1532
-1323
-1232
-1305
-1323
-1188
-1050
-1027
-976
-806
-623
-543
-555
-499
-333
-146
0
76
55
47
174
395
538
473
363
412
572
636
552
513
575
572
449
338
373
438
349
138
-20
-31
-32
-125
-274
-431
-559
-678
-785
-865
-976
-1144
-1342
-1491
-1575
-1666
-1787
-1952
-2124
-2246
-2332
-2416
-2526
-2663
-2746
-2797
-2847
-2948
-3054
-3054
-2990
-2981
-3090
-3170
-3100
-2922
-2801
-2819
-2831
-2706
-2497
-2321
-2199
-2057
-1864
-1655
-1459
-1225
-951
-714
-491
-221
77
344
555
837
1226
1549
1716
1850
2161
2572
2863
2956
3035
3276
3552
3720
3812
3903
3992
4058
4104
4174
4191
4129
4058
4022
3957
3809
3650
3549
3445
3214
2933
2726
2596
2396
2089
1801
1591
1375
1137
885
622
357
120
-41
-205
-464
-737
-879
-921
-1033
-1268
-1440
-1444
-1437
-1558
-1679
-1658
-1580
-1611
-1691
-1634
-1476
-1403
-1435
-1381
-1217
-1092
-1049
-974
-802
-642
-598
-553
-406
-212
-89
-44
11
86
171
295
409
429
378
389
514
596
555
477
491
524
459
380
372
369
266
118
61
59
-27
-209
-339
-374
-464
-630
-792
-874
-945
-1072
-1217
-1382
-1547
-1654
-1666
-1722
-1946
-2207
-2272
-2175
-2215
-2472
-2648
-2605
-2544
-2652
-2791
-2779
-2724
-2749
-2807
-2744
-2640
-2629
-2621
-2478
-2291
-2246
-2242
-2028
-1677
-1489
-1496
-1367
-990
-657
-515
-379
-68
268
490
717
1058
1376
1552
1750
2108
2471
2634
2724
2988
3331
3510
3543
3673
3935
4090
4073
4084
4207
4292
4233
4155
4155
4110
3951
3816
3765
3660
3397
3111
2974
2867
2614
2280
2027
1853
1600
1283
1063
888
610
259
10
-82
-215
-523
-835
-970
-1008
-1125
-1330
-1491
-1541
-1564
-1639
-1725
-1765
-1742
-1694
-1675
-1707
-1711
-1603
-1441
-1363
-1388
-1385
-1231
-998
-900
-929
-899
-712
-513
-451
-460
-377
-211
-113
-121
-113
6
111
116
70
100
168
180
143
133
155
127
29
-22
21
13
-121
-279
-316
-287
-354
-515
-641
-698
-749
-856
-983
-1078
-1183
-1319
-1431
-1490
-1583
-1724
-1848
-1909
-1971
-2086
-2187
-2250
-2332
-2431
-2475
-2471
-2512
-2622
-2661
-2571
-2516
-2592
-2662
-2563
-2372
-2298
-2345
-2300
-2069
-1830
-1729
-1684
-1491
-1192
-952
-801
-620
-341
-64
178
427
697
962
1219
1504
1797
2044
2258
2490
2759
2999
3167
3320
3520
3717
3840
3897
3967
4089
4186
4189
4106
4076
4092
4052
3919
3753
3631
3520
3354
3145
2917
2699
2493
2273
2028
1757
1491
1258
1053
815
508
238
63
-82
-294
-562
-755
-860
-969
-1129
-1281
-1375
-1442
-1518
-1572
-1577
-1583
-1609
-1625
-1568
-1498
-1466
-1429
-1366
-1265
-1181
-1093
-985
-902
-826
-733
-594
-493
-455
-394
-253
-139
-129
-122
-12
119
134
108
130
207
212
164
171
225
193
70
33
79
89
-47
-200
-250
-241
-294
-429
-562
-639
-689
-780
-893
-1021
-1147
-1248
-1324
-1444
-1612
-1725
-1761
-1828
-1997
-2162
-2202
-2207
-2317
-2474
-2532
-2529
-2601
-2702
-2684
-2622
-2664
-2760
-2728
-2553
-2459
-2494
-2486
-2317
-2099
-1972
-1881
-1716
-1496
-1282
-1072
-851
-621
-368
-90
190
461
696
969
1308
1625
1862
2070
2348
2663
2924
3120
3296
3505
3714
3865
3994
4113
4190
4208
4267
4341
4337
4252
4175
4162
4096
3914
3715
3591
3462
3230
2956
2735
2553
2327
2034
1739
1502
1273
1002
718
466
261
20
-231
-444
-613
-765
-957
-1133
-1266
-1361
-1456
-1539
-1593
-1647
-1690
-1675
-1628
-1619
-1639
-1593
-1467
-1366
-1361
-1339
-1198
-1033
-944
-907
-811
-665
-536
-461
-386
-289
-197
-134
-57
24
69
85
111
185
238
209
153
173
227
212
93
12
22
19
-83
-208
-294
-352
-419
-514
-633
-758
-844
-922
-1037
-1213
-1337
-1389
-1461
-1644
-1828
-1897
-1913
-2032
-2229
-2351
-2383
-2433
-2563
-2646
-2692
-2736
-2790
-2822
-2808
-2819
-2857
-2845
-2765
-2689
-2671
-2617
-2457
-2278
-2178
-2091
-1909
-1656
-1436
-1276
-1086
-825
-545
-291
-9
283
534
793
1130
1475
1736
1953
2234
2562
2829
3019
3226
3508
3723
3861
3986
4144
4285
4358
4409
4466
4468
4415
4374
4363
4300
4136
3957
3819
3690
3486
3255
3011
2787
2518
2249
2000
1739
1457
1155
903
655
388
106
-119
-297
-527
-808
-1009
-1112
-1200
-1381
-1566
-1658
-1691
-1730
-1783
-1815
-1848
-1853
-1788
-1700
-1678
-1669
-1583
-1420
-1321
-1302
-1215
-995
-834
-815
-798
-637
-427
-339
-336
-259
-96
-7
-8
33
161
223
185
158
240
292
249
170
176
181
88
-1
-4
4
-151
-301
-368
-371
-466
-655
-781
-843
-946
-1088
-1227
-1321
-1432
-1562
-1663
-1809
-1960
-2052
-2061
-2153
-2377
-2562
-2539
-2465
-2582
-2816
-2892
-2780
-2720
-2835
-2942
-2852
-2715
-2711
-2749
-2646
-2455
-2332
-2288
-2147
-1916
-1728
-1580
-1359
-1069
-847
-683
-413
-38
274
469
709
1080
1426
1666
1891
2214
2532
2779
2971
3205
3454
3670
3851
4004
4121
4213
4336
4457
4524
4463
4398
4412
4430
4321
4139
4005
3929
3777
3510
3270
3121
2942
2636
2323
2094
1894
1610
1306
1046
814
548
274
49
-129
-358
-616
-802
-939
-1090
-1242
-1366
-1475
-1551
-1631
-1672
-1711
-1732
-1717
-1686
-1678
-1682
-1618
-1503
-1418
-1384
-1350
-1242
-1083
-984
-935
-865
-740
-616
-522
-458
-377
-281
-218
-175
-113
-55
-9
28
51
68
42
42
70
79
15
-76
-106
-109
-154
-256
-360
-422
-479
-566
-669
-793
-902
-986
-1062
-1174
-1322
-1456
-1527
-1605
-1746
-1897
-2009
-2051
-2111
-2249
-2402
-2474
-2472
-2508
-2623
-2724
-2722
-2693
-2709
-2758
-2748
-2672
-2611
-2570
-2522
-2406
-2268
-2129
-1999
-1872
-1692
-1463
-1246
-1072
-876
-612
-314
-62
163
425
734
1026
1300
1559
1834
2105
2366
2628
2886
3103
3291
3497
3708
3873
3967
4077
4204
4316
4339
4312
4317
4336
4305
4200
4078
3970
3852
3697
3518
3328
3122
2895
2695
2447
2171
1931
1708
1465
1176
892
673
486
230
-51
-254
-407
-593
-820
-988
-1066
-1188
-1362
-1484
-1499
-1523
-1621
-1696
-1676
-1616
-1621
-1652
-1599
-1500
-1451
-1432
-1359
-1241
-1160
-1096
-1015
-907
-823
-767
-650
-515
-459
-432
-365
-234
-147
-158
-139
-65
-6
-16
-40
-4
38
-10
-83
-94
-85
-148
-248
-297
-316
-380
-494
-583
-630
-692
-819
-946
-1010
-1060
-1165
-1307
-1427
-1505
-1584
-1714
-1832
-1892
-1952
-2065
-2205
-2281
-2277
-2317
-2424
-2516
-2532
-2499
-2507
-2562
-2596
-2540
-2453
-2415
-2389
-2348
-2220
-2049
-1951
-1863
-1729
-1517
-1273
-1095
-951
-763
-485
-196
38
260
496
785
1075
1334
1571
1823
2096
2358
2592
2788
2996
3217
3421
3581
3680
3785
3920
4046
4103
4091
4093
4090
4092
4052
3968
3849
3717
3607
3462
3280
3066
2876
2694
2485
2210
1938
1746
1562
1292
987
739
559
380
127
-134
-309
-451
-639
-832
-995
-1085
-1172
-1281
-1400
-1492
-1512
-1498
-1513
-1580
-1620
-1577
-1489
-1458
-1472
-1436
-1319
-1225
-1199
-1153
-1035
-913
-867
-849
-757
-625
-547
-522
-457
-355
-307
-296
-240
-147
-115
-161
-162
-83
-55
-101
-156
-136
-124
-194
-270
-278
-279
-358
-459
-515
-564
-652
-739
-809
-875
-1003
-1131
-1189
-1235
-1356
-1511
-1588
-1617
-1723
-1896
-1980
-1970
-2029
-2214
-2336
-2315
-2272
-2358
-2492
-2512
-2434
-2405
-2471
-2497
-2395
-2276
-2240
-2227
-2137
-1954
-1783
-1673
-1581
-1395
-1168
-961
-767
-554
-312
-68
171
413
694
968
1232
1487
1742
1993
2225
2465
2729
2953
3119
3258
3453
3656
3805
3907
3979
4043
4092
4146
4170
4150
4079
4023
3961
3857
3711
3574
3455
3292
3073
2820
2631
2476
2257
1960
1681
1464
1256
989
741
528
294
35
-205
-369
-521
-726
-938
-1078
-1186
-1334
-1467
-1504
-1512
-1596
-1745
-1793
-1691
-1603
-1652
-1723
-1676
-1539
-1465
-1446
-1373
-1243
-1141
-1128
-1071
-920
-748
-660
-627
-559
-450
-347
-243
-145
-92
-96
-92
16
134
141
87
84
137
154
90
46
66
62
-34
-161
-219
-192
-205
-333
-491
-591
-626
-700
-784
-878
-1017
-1164
-1277
-1316
-1369
-1508
-1660
-1755
-1796
-1888
-2008
-2070
-2086
-2156
-2289
-2369
-2363
-2298
-2297
-2387
-2448
-2405
-2310
-2241
-2212
-2173
-2086
-1979
-1858
-1736
-1593
-1413
-1243
-1084
-936
-749
-472
-203
-3
143
370
673
961
1189
1403
1625
1856
2103
2332
2550
2737
2925
3104
3248
3356
3483
3629
3738
3764
3748
3784
3839
3830
3759
3666
3578
3500
3362
3233
3095
2921
2708
2517
2356
2142
1875
1627
1464
1259
968
685
500
358
138
-140
-358
-477
-614
-816
-990
-1090
-1182
-1316
-1420
-1463
-1482
-1555
-1614
-1578
-1531
-1559
-1608
-1518
-1350
-1289
-1350
-1339
-1169
-961
-904
-941
-863
-654
-525
-540
-509
-350
-187
-181
-213
-130
12
85
79
66
83
94
114
147
131
68
10
2
-13
-74
-154
-199
-240
-341
-490
-560
-527
-568
-787
-991
-986
-967
-1129
-1335
-1375
-1376
-1545
-1752
-1787
-1727
-1820
-2054
-2169
-2118
-2106
-2247
-2374
-2350
-2289
-2371
-2488
-2446
-2288
-2232
-2333
-2360
-2223
-2046
-1958
-1880
-1776
-1673
-1539
-1305
-1082
-986
-857
-589
-291
-124
6
262
608
880
1015
1169
1457
1789
2036
2167
2309
2551
2795
2975
3114
3261
3376
3447
3552
3689
3733
3704
3711
3762
3736
3609
3531
3518
3443
3246
3042
2922
2817
2645
2405
2168
1974
1784
1564
1313
1087
900
662
400
191
38
-140
-392
-582
-708
-852
-1024
-1137
-1201
-1317
-1428
-1502
-1511
-1514
-1539
-1576
-1590
-1540
-1483
-1451
-1418
-1327
-1236
-1180
-1134
-1012
-848
-777
-736
-639
-497
-414
-344
-230
-139
-76
-18
45
111
182
225
230
228
269
308
305
278
271
265
212
172
150
101
8
-63
-120
-219
-302
-350
-451
-598
-709
-759
-853
-996
-1089
-1201
-1319
-1410
-1494
-1628
-1757
-1762
-1790
-2006
-2201
-2138
-2034
-2188
-2472
-2482
-2294
-2259
-2448
-2578
-2447
-2250
-2231
-2380
-2376
-2098
-1842
-1904
-2000
-1753
-1377
-1247
-1262
-1089
-783
-559
-365
-117
76
242
540
894
1079
1175
1465
1853
2057
2139
2346
2665
2881
2977
3104
3282
3439
3549
3622
3689
3764
3802
3767
3733
3793
3770
3589
3451
3443
3399
3143
2890
2805
2713
2459
2172
1992
1818
1590
1368
1166
900
626
475
351
98
-215
-401
-468
-574
-802
-1058
-1166
-1124
-1153
-1377
-1587
-1557
-1398
-1419
-1616
-1673
-1525
-1392
-1417
-1474
-1420
-1275
-1162
-1119
-1101
-1032
-875
-740
-700
-668
-560
-444
-366
-294
-234
-206
-149
-58
26
23
15
79
115
87
88
129
103
38
6
18
-27
-101
-153
-215
-302
-352
-383
-495
-624
-674
-700
-840
-990
-1047
-1090
-1185
-1339
-1469
-1532
-1549
-1600
-1761
-1917
-1935
-1892
-2004
-2166
-2159
-2118
-2190
-2291
-2266
-2202
-2229
-2228
-2169
-2174
-2160
-2004
-1839
-1833
-1842
-1671
-1421
-1273
-1188
-1059
-879
-630
-379
-218
-100
161
512
712
792
1046
1443
1663
1735
1936
2260
2470
2597
2810
3017
3103
3185
3355
3521
3565
3579
3617
3653
3664
3664
3642
3550
3438
3342
3243
3137
3008
2795
2574
2424
2278
2036
1741
1556
1426
1165
843
628
524
351
56
-208
-377
-493
-631
-796
-986
-1132
-1225
-1303
-1382
-1457
-1510
-1563
-1613
-1614
-1555
-1530
-1541
-1537
-1484
-1381
-1318
-1258
-1173
-1087
-1005
-955
-862
-714
-584
-532
-499
-403
-291
-210
-134
-53
-31
-26
44
153
174
127
135
189
185
145
156
182
143
47
-24
-34
-39
-103
-206
-303
-343
-392
-493
-604
-679
-753
-879
-1001
-1077
-1138
-1264
-1391
-1437
-1522
-1702
-1808
-1756
-1769
-2012
-2196
-2118
-1991
-2137
-2358
-2328
-2191
-2220
-2362
-2317
-2162
-2137
-2200
-2121
-1954
-1858
-1795
-1673
-1508
-1360
-1214
-1042
-847
-625
-396
-222
-39
221
527
753
913
1163
1480
1700
1854
2105
2417
2596
2690
2884
3170
3343
3370
3473
3647
3762
3764
3777
3851
3871
3810
3754
3730
3648
3527
3402
3277
3127
2932
2747
2570
2396
2183
1915
1663
1460
1273
1021
755
539
332
90
-142
-285
-439
-694
-942
-1024
-1048
-1230
-1455
-1517
-1502
-1572
-1713
-1763
-1710
-1671
-1710
-1756
-1720
-1626
-1535
-1497
-1483
-1420
-1297
-1203
-1123
-1029
-941
-859
-786
-675
-570
-474
-401
-338
-285
-216
-118
-60
-41
-25
41
84
73
78
131
141
72
26
38
49
-3
-89
-148
-174
-221
-317
-420
-460
-505
-634
-784
-851
-882
-979
-1126
-1238
-1337
-1428
-1448
-1509
-1700
-1882
-1871
-1839
-1965
-2120
-2142
-2121
-2191
-2231
-2223
-2273
-2311
-2172
-2058
-2188
-2282
-2010
-1691
-1728
-1861
-1664
-1300
-1160
-1113
-929
-705
-533
-275
23
170
291
628
996
1134
1232
1565
1919
2064
2206
2462
2684
2811
3024
3267
3334
3337
3503
3730
3767
3694
3728
3804
3777
3714
3674
3600
3475
3382
3293
3122
2920
2792
2659
2416
2147
1951
1779
1580
1349
1069
825
638
477
265
9
-184
-358
-547
-708
-813
-963
-1155
-1255
-1267
-1353
-1510
-1554
-1490
-1495
-1618
-1688
-1605
-1460
-1427
-1500
-1523
-1387
-1187
-1116
-1179
-1144
-930
-794
-835
-819
-613
-466
-509
-528
-381
-237
-239
-256
-180
-117
-145
-145
-85
-42
-80
-136
-166
-172
-167
-177
-249
-350
-414
-456
-491
-557
-645
-754
-862
-899
-926
-1056
-1204
-1240
-1267
-1414
-1572
-1596
-1589
-1693
-1860
-1953
-1948
-1960
-2030
-2112
-2149
-2172
-2200
-2187
-2159
-2146
-2163
-2137
-2059
-1975
-1940
-1876
-1694
-1544
-1533
-1493
-1201
-875
-813
-825
-570
-199
-12
72
320
656
854
1004
1281
1587
1773
1952
2196
2452
2594
2723
2955
3193
3325
3341
3418
3590
3748
3773
3705
3692
3767
3781
3663
3566
3535
3428
3235
3084
2988
2811
2560
2366
2204
1976
1715
1491
1296
1077
822
543
298
139
-6
-251
-549
-703
-764
-897
-1140
-1313
-1340
-1391
-1539
-1640
-1609
-1620
-1695
-1708
-1644
-1605
-1609
-1555
-1464
-1433
-1403
-1289
-1134
-1056
-1039
-973
-816
-651
-594
-556
-463
-323
-253
-222
-144
-60
-16
13
61
70
81
130
175
126
54
52
108
115
17
-90
-144
-164
-180
-247
-378
-481
-512
-569
-702
-794
-838
-936
-1099
-1183
-1223
-1350
-1486
-1505
-1537
-1732
-1904
-1878
-1834
-1964
-2132
-2180
-2160
-2184
-2213
-2231
-2253
-2271
-2234
-2184
-2156
-2103
-2021
-1924
-1872
-1764
-1615
-1489
-1341
-1156
-1018
-905
-670
-372
-165
-36
181
462
698
926
1196
1423
1613
1849
2111
2309
2465
2684
2908
3032
3118
3275
3453
3553
3590
3623
3638
3668
3732
3730
3626
3516
3479
3427
3288
3126
2988
2809
2615
2479
2280
1997
1776
1662
1448
1109
867
742
575
299
54
-131
-301
-453
-598
-790
-980
-1071
-1137
-1259
-1393
-1444
-1464
-1526
-1589
-1561
-1531
-1567
-1571
-1502
-1423
-1397
-1340
-1277
-1232
-1129
-994
-947
-946
-803
-614
-614
-649
-463
-272
-273
-311
-215
-94
-64
-53
-3
22
16
41
76
43
4
45
33
-87
-166
-109
-95
-228
-373
-421
-439
-491
-552
-687
-848
-875
-862
-1019
-1235
-1258
-1223
-1372
-1597
-1662
-1653
-1736
-1837
-1899
-1992
-2112
-2113
-2062
-2110
-2223
-2272
-2257
-2243
-2177
-2095
-2139
-2222
-2062
-1799
-1755
-1840
-1690
-1380
-1245
-1226
-1062
-803
-610
-399
-157
-16
90
423
833
1013
1040
1255
1639
1924
2080
2235
2448
2636
2836
3041
3192
3284
3407
3546
3603
3639
3708
3753
3721
3694
3682
3612
3486
3423
3376
3210
2996
2832
2706
2532
2313
2101
1867
1628
1426
1233
1011
751
512
298
105
-88
-295
-468
-628
-824
-1010
-1102
-1153
-1272
-1450
-1543
-1507
-1507
-1605
-1666
-1612
-1556
-1569
-1571
-1496
-1422
-1362
-1272
-1192
-1139
-1060
-914
-797
-734
-674
-588
-474
-338
-243
-217
-185
-75
60
92
83
117
195
243
244
221
212
240
227
176
123
114
91
-10
-103
-132
-170
-288
-398
-445
-537
-696
-788
-817
-926
-1100
-1198
-1252
-1400
-1528
-1558
-1638
-1812
-1926
-1931
-1997
-2149
-2210
-2156
-2237
-2378
-2385
-2307
-2299
-2349
-2328
-2297
-2274
-2186
-2036
-1976
-1953
-1824
-1631
-1511
-1401
-1189
-993
-869
-671
-389
-178
-25
222
549
756
898
1151
1487
1742
1911
2095
2323
2534
2747
2962
3110
3210
3357
3526
3613
3667
3726
3794
3807
3790
3746
3705
3689
3639
3495
3293
3187
3105
2924
2690
2504
2316
2075
1840
1645
1420
1152
925
699
452
216
22
-147
-382
-595
-748
-941
-1144
-1242
-1264
-1401
-1647
-1776
-1696
-1627
-1750
-1911
-1883
-1731
-1695
-1794
-1814
-1635
-1457
-1489
-1585
-1460
-1178
-1045
-1099
-1076
-897
-743
-705
-642
-500
-407
-395
-354
-238
-130
-95
-77
-54
-34
-19
9
70
74
23
-46
-53
-33
-59
-113
-196
-249
-298
-367
-437
-458
-511
-661
-802
-842
-849
-945
-1090
-1175
-1232
-1355
-1459
-1443
-1457
-1633
-1786
-1766
-1735
-1878
-1997
-1934
-1877
-2020
-2162
-2070
-1944
-1958
-2007
-1983
-1956
-1890
-1731
-1600
-1602
-1593
-1410
-1172
-1063
-980
-813
-619
-416
-184
8
118
335
703
957
985
1131
1541
1874
1948
2044
2315
2558
2701
2884
3103
3162
3179
3360
3591
3621
3520
3560
3665
3672
3595
3530
3469
3382
3299
3175
2992
2820
2713
2555
2295
2056
1899
1716
1470
1251
1055
832
564
347
203
53
-176
-441
-658
-752
-775
-913
-1169
-1359
-1345
-1274
-1349
-1530
-1603
-1507
-1415
-1457
-1539
-1510
-1356
-1239
-1262
-1307
-1216
-1016
-866
-843
-892
-833
-646
-455
-404
-444
-398
-256
-138
-104
-86
-36
26
54
59
58
66
114
145
97
28
-12
9
25
-6
-98
-209
-271
-278
-288
-384
-497
-577
-642
-743
-826
-876
-937
-1044
-1165
-1299
-1379
-1361
-1378
-1541
-1757
-1781
-1712
-1784
-1970
-2025
-1969
-1974
-2089
-2199
-2164
-2043
-1960
-2039
-2193
-2146
-1859
-1678
-1784
-1872
-1672
-1406
-1304
-1239
-1054
-875
-753
-543
-282
-128
-6
284
612
764
838
1072
1433
1700
1839
1965
2134
2395
2684
2864
2924
3002
3199
3360
3402
3454
3555
3604
3579
3569
3585
3528
3448
3429
3343
3126
2945
2889
2810
2600
2336
2153
1991
1766
1556
1363
1157
913
669
460
247
79
-86
-291
-524
-711
-830
-923
-1033
-1185
-1318
-1411
-1449
-1479
-1533
-1596
-1584
-1544
-1578
-1624
-1556
-1409
-1354
-1389
-1375
-1242
-1100
-1040
-982
-857
-773
-758
-680
-489
-355
-355
-367
-247
-94
-62
-82
-35
85
104
44
16
87
157
122
36
-26
-28
-15
-51
-131
-192
-281
-367
-395
-421
-495
-637
-745
-788
-848
-955
-1056
-1113
-1186
-1312
-1430
-1467
-1491
-1595
-1710
-1765
-1807
-1913
-1998
-1968
-1931
-2051
-2206
-2173
-2041
-2030
-2131
-2133
-2039
-1991
-1978
-1881
-1762
-1714
-1661
-1523
-1355
-1242
-1101
-899
-726
-589
-412
-173
43
238
478
682
813
1035
1369
1619
1723
1866
2127
2380
2540
2690
2866
2996
3103
3238
3362
3410
3462
3540
3555
3490
3461
3512
3493
3358
3209
3108
3012
2896
2764
2578
2352
2159
2002
1822
1599
1409
1217
971
727
541
383
186
-14
-219
-437
-600
-683
-758
-922
-1110
-1213
-1240
-1277
-1347
-1400
-1426
-1451
-1463
-1451
-1428
-1364
-1292
-1262
-1270
-1236
-1100
-954
-882
-854
-818
-755
-630
-468
-383
-386
-373
-269
-140
-94
-96
-65
13
38
-4
-28
44
139
102
-41
-114
-44
16
-44
-150
-213
-259
-349
-413
-394
-414
-582
-757
-780
-765
-837
-977
-1073
-1087
-1164
-1320
-1409
-1367
-1365
-1514
-1684
-1723
-1704
-1713
-1744
-1805
-1883
-1924
-1890
-1851
-1855
-1867
-1859
-1861
-1858
-1765
-1628
-1585
-1593
-1508
-1352
-1264
-1179
-984
-771
-703
-652
-448
-178
7
131
315
483
634
847
1140
1357
1451
1592
1829
2053
2193
2361
2547
2675
2732
2845
2997
3114
3195
3240
3244
3228
3250
3297
3294
3206
3103
2997
2909
2817
2716
2583
2392
2202
2023
1853
1690
1517
1313
1064
828
626
448
281
82
-140
-370
-554
-679
-787
-925
-1090
-1235
-1355
-1408
-1432
-1517
-1601
-1630
-1611
-1641
-1707
-1663
-1539
-1481
-1548
-1557
-1406
-1227
-1181
-1192
-1123
-979
-885
-833
-742
-628
-534
-500
-444
-348
-246
-179
-133
-88
-71
-74
-56
4
61
31
-50
-89
-40
15
-58
-175
-233
-216
-260
-368
-446
-464
-533
-650
-736
-804
-869
-945
-974
-1054
-1220
-1340
-1306
-1291
-1453
-1633
-1628
-1589
-1708
-1823
-1786
-1761
-1850
-1920
-1904
-1870
-1881
-1863
-1828
-1846
-1862
-1764
-1640
-1602
-1567
-1442
-1306
-1240
-1094
-862
-729
-680
-486
-208
-77
6
269
592
730
803
1060
1406
1617
1737
1943
2165
2327
2509
2723
2893
2978
3091
3273
3393
3421
3482
3598
3679
3637
3562
3531
3552
3556
3422
3216
3076
3045
2943
2712
2513
2396
2208
1940
1730
1589
1393
1104
857
669
432
170
-31
-148
-301
-579
-854
-979
-967
-1027
-1262
-1515
-1565
-1475
-1503
-1678
-1747
-1647
-1602
-1688
-1742
-1606
-1447
-1430
-1464
-1413
-1312
-1192
-1070
-959
-913
-913
-834
-649
-446
-370
-383
-352
-204
-65
-29
-21
33
82
69
42
76
119
126
126
84
-25
-97
7
110
-9
-260
-361
-269
-232
-391
-570
-627
-641
-719
-847
-938
-965
-993
-1142
-1355
-1438
-1361
-1390
-1568
-1681
-1681
-1749
-1837
-1775
-1716
-1837
-2030
-2018
-1865
-1841
-1975
-2023
-1934
-1870
-1867
-1825
-1722
-1610
-1501
-1430
-1381
-1245
-988
-780
-709
-610
-399
-174
34
241
431
563
732
1003
1240
1385
1540
1786
2035
2161
2269
2507
2768
2881
2929
3052
3196
3279
3323
3392
3419
3394
3363
3342
3306
3222
3122
3007
2893
2758
2598
2435
2302
2170
1982
1732
1504
1347
1183
939
651
419
218
15
-193
-395
-562
-704
-837
-1017
-1234
-1328
-1287
-1303
-1499
-1711
-1690
-1516
-1476
-1601
-1667
-1562
-1449
-1451
-1461
-1353
-1220
-1201
-1203
-1115
-965
-852
-752
-613
-525
-514
-446
-238
-35
-35
-120
-108
22
159
195
187
125
102
151
199
158
68
71
97
14
-120
-112
-26
-40
-196
-347
-431
-446
-430
-515
-709
-877
-922
-939
-1029
-1126
-1162
-1250
-1445
-1561
-1475
-1425
-1592
-1792
-1791
-1705
-1757
-1839
-1810
-1757
-1803
-1888
-1922
-1893
-1802
-1724
-1769
-1853
-1776
-1545
-1337
-1282
-1262
-1100
-881
-715
-595
-421
-229
-70
120
329
503
689
983
1240
1350
1442
1682
1968
2163
2309
2453
2621
2810
3023
3185
3283
3346
3413
3514
3560
3522
3483
3503
3501
3432
3314
3193
3117
3075
2965
2722
2466
2339
2231
2013
1782
1601
1423
1185
948
757
562
326
44
-198
-397
-607
-820
-985
-1109
-1249
-1391
-1498
-1598
-1656
-1650
-1647
-1772
-1958
-1958
-1770
-1644
-1752
-1888
-1778
-1527
-1432
-1503
-1508
-1316
-1139
-1135
-1160
-1030
-743
-548
-540
-563
-409
-174
-57
-49
-24
15
9
51
195
301
214
116
208
328
271
150
180
240
147
-33
-83
19
66
-67
-260
-343
-335
-358
-503
-682
-806
-883
-1001
-1137
-1167
-1184
-1304
-1446
-1468
-1491
-1618
-1700
-1647
-1672
-1897
-2035
-1925
-1796
-1865
-2024
-2054
-1972
-1918
-1927
-1934
-1902
-1868
-1808
-1697
-1582
-1460
-1305
-1139
-998
-866
-724
-576
-369
-145
-6
52
224
558
838
975
1111
1322
1549
1781
1984
2152
2295
2452
2652
2868
3000
3082
3221
3388
3454
3389
3376
3443
3491
3402
3266
3182
3180
3177
3059
2891
2753
2654
2510
2314
2126
1937
1717
1510
1287
1065
865
680
468
217
-25
-259
-454
-597
-754
-1001
-1192
-1242
-1261
-1377
-1546
-1602
-1580
-1607
-1730
-1808
-1760
-1725
-1775
-1817
-1747
-1660
-1613
-1559
-1496
-1433
-1363
-1267
-1172
-1054
-951
-879
-781
-620
-468
-408
-370
-283
-201
-172
-153
-110
-69
-72
-62
-1
44
38
32
65
86
48
29
23
-7
-44
-73
-139
-241
-276
-268
-339
-511
-648
-682
-699
-794
-945
-1065
-1084
-1091
-1152
-1255
-1337
-1335
-1331
-1422
-1571
-1612
-1554
-1597
-1753
-1821
-1773
-1739
-1780
-1830
-1843
-1801
-1753
-1723
-1677
-1622
-1532
-1385
-1240
-1178
-1065
-819
-598
-554
-505
-293
-38
116
196
347
584
841
1026
1175
1372
1615
1832
2026
2198
2349
2539
2753
2909
2999
3060
3160
3290
3383
3379
3294
3278
3329
3309
3176
3073
3033
2975
2833
2688
2576
2457
2289
2099
1929
1734
1514
1282
1114
927
660
387
180
13
-168
-383
-618
-819
-965
-1069
-1156
-1232
-1364
-1494
-1514
-1464
-1506
-1638
-1672
-1587
-1548
-1646
-1723
-1609
-1428
-1393
-1481
-1452
-1256
-1095
-1035
-976
-866
-759
-636
-497
-388
-304
-237
-162
-73
8
44
76
139
174
144
122
169
261
281
221
166
209
293
266
172
153
155
89
7
-37
-63
-121
-208
-312
-445
-539
-556
-608
-748
-920
-1000
-985
-1001
-1092
-1194
-1259
-1305
-1342
-1409
-1530
-1612
-1608
-1638
-1779
-1879
-1820
-1776
-1859
-1918
-1859
-1839
-1859
-1768
-1606
-1563
-1611
-1509
-1258
-1075
-1040
-970
-785
-597
-461
-304
-127
41
222
411
585
773
1031
1277
1466
1646
1874
2095
2287
2480
2677
2813
2900
3013
3151
3262
3326
3354
3350
3319
3300
3322
3284
3177
3049
2985
2945
2843
2716
2582
2444
2260
2052
1831
1639
1468
1254
971
697
500
319
109
-107
-320
-524
-720
-859
-946
-1055
-1187
-1306
-1379
-1450
-1525
-1545
-1521
-1597
-1731
-1754
-1659
-1612
-1671
-1682
-1628
-1556
-1503
-1436
-1330
-1195
-1091
-1038
-952
-819
-685
-598
-513
-439
-415
-368
-281
-171
-95
-142
-228
-201
-70
-8
-49
-74
-45
12
64
58
39
64
69
-30
-140
-117
-105
-218
-328
-382
-448
-554
-630
-626
-665
-777
-902
-925
-905
-939
-942
-980
-1138
-1258
-1159
-1102
-1307
-1460
-1388
-1406
-1578
-1652
-1565
-1554
-1662
-1724
-1670
-1597
-1551
-1489
-1416
-1362
-1300
-1184
-1103
-1047
-872
-661
-666
-693
-464
-136
-14
-13
140
343
521
765
1008
1126
1282
1592
1869
1945
2029
2302
2561
2632
2636
2750
2930
3040
3090
3138
3118
3082
3129
3190
3142
3075
3043
2967
2854
2818
2793
2611
2380
2249
2131
1905
1704
1558
1369
1085
825
666
493
259
38
-92
-228
-442
-661
-765
-784
-844
-1043
-1325
-1430
-1304
-1249
-1477
-1701
-1643
-1501
-1567
-1714
-1674
-1535
-1492
-1542
-1521
-1397
-1256
-1140
-1064
-1042
-1033
-935
-763
-638
-656
-667
-597
-489
-411
-365
-336
-313
-251
-227
-248
-202
-32
28
-101
-171
-73
22
-13
-84
-113
-154
-197
-206
-207
-267
-352
-379
-412
-535
-631
-548
-483
-625
-809
-807
-770
-818
-856
-946
-1110
-1163
-1094
-1150
-1299
-1326
-1270
-1381
-1560
-1577
-1445
-1416
-1567
-1661
-1573
-1473
-1509
-1478
-1355
-1346
-1397
-1329
-1197
-1100
-1003
-905
-833
-720
-573
-440
-260
-28
107
147
328
673
952
1072
1184
1394
1633
1792
1947
2177
2404
2469
2519
2711
2883
2955
3046
3144
3134
3098
3158
3272
3314
3240
3105
3022
3006
2934
2780
2636
2511
2310
2052
1886
1791
1654
1387
1062
841
699
514
274
110
-52
-322
-588
-685
-694
-824
-1119
-1384
-1443
-1394
-1485
-1693
-1748
-1660
-1701
-1922
-1970
-1751
-1589
-1718
-1889
-1793
-1530
-1406
-1434
-1386
-1267
-1217
-1197
-1052
-867
-785
-780
-740
-656
-544
-411
-316
-305
-322
-271
-161
-74
1
54
22
-10
6
48
58
54
54
2
-118
-135
9
32
-165
-301
-240
-236
-379
-442
-366
-370
-572
-723
-679
-626
-709
-857
-973
-1061
-1055
-1024
-1103
-1271
-1311
-1243
-1328
-1498
-1530
-1401
-1356
-1505
-1650
-1580
-1391
-1357
-1468
-1521
-1432
-1304
-1250
-1211
-1119
-965
-857
-819
-705
-508
-331
-197
-52
91
253
486
749
915
1041
1217
1412
1599
1757
1928
2123
2297
2397
2512
2672
2803
2871
2949
3022
3008
3037
3121
3169
3144
3065
2965
2907
2876
2758
2577
2433
2336
2191
2001
1802
1631
1484
1292
1021
779
642
505
316
105
-117
-299
-402
-527
-755
-962
-1044
-1093
-1220
-1397
-1498
-1466
-1434
-1581
-1771
-1724
-1549
-1546
-1684
-1690
-1496
-1344
-1405
-1479
-1344
-1144
-1113
-1165
-1085
-930
-835
-765
-693
-665
-634
-516
-396
-388
-415
-336
-189
-144
-176
-139
-66
-67
-76
-54
-80
-114
-78
-20
-66
-161
-186
-171
-195
-249
-294
-342
-407
-427
-391
-440
-594
-655
-578
-654
-835
-890
-833
-827
-941
-1084
-1149
-1085
-1053
-1174
-1325
-1376
-1311
-1235
-1292
-1416
-1417
-1268
-1221
-1341
-1387
-1257
-1069
-1027
-1144
-1141
-869
-620
-639
-691
-538
-303
-150
-38
89
236
449
650
802
961
1130
1315
1509
1653
1770
1949
2170
2316
2418
2529
2590
2684
2849
2946
2905
2900
2999
3051
3028
3001
2980
2914
2797
2699
2649
2567
2393
2214
2122
1975
1753
1569
1441
1259
1005
792
622
508
389
165
-121
-286
-351
-465
-643
-837
-972
-1024
-1090
-1224
-1322
-1345
-1378
-1477
-1586
-1606
-1516
-1446
-1511
-1593
-1537
-1413
-1375
-1355
-1309
-1270
-1243
-1181
-1046
-931
-892
-895
-834
-709
-633
-624
-569
-453
-384
-392
-392
-305
-164
-116
-224
-272
-167
-48
-59
-110
-133
-120
-86
-110
-145
-170
-193
-238
-290
-340
-376
-369
-362
-478
-627
-679
-638
-646
-776
-935
-974
-912
-964
-1122
-1214
-1171
-1203
-1346
-1448
-1429
-1372
-1383
-1465
-1535
-1504
-1411
-1382
-1428
-1451
-1375
-1224
-1166
-1176
-1075
-855
-734
-745
-659
-403
-203
-127
-37
162
397
566
730
907
1080
1236
1429
1603
1762
1919
2093
2249
2345
2449
2566
2656
2750
2848
2866
2838
2869
2958
2987
2901
2788
2769
2750
2646
2504
2409
2312
2161
2010
1854
1677
1505
1362
1166
931
724
574
452
289
54
-183
-338
-439
-564
-746
-937
-1056
-1104
-1205
-1359
-1450
-1428
-1430
-1556
-1700
-1703
-1585
-1520
-1600
-1713
-1665
-1497
-1420
-1436
-1446
-1347
-1228
-1180
-1128
-1039
-910
-828
-777
-730
-669
-575
-458
-375
-352
-353
-321
-198
-61
-35
-122
-142
-27
85
48
-47
-20
79
63
-61
-106
-17
0
-144
-278
-276
-243
-267
-375
-524
-587
-574
-622
-764
-855
-874
-909
-1019
-1109
-1134
-1135
-1209
-1336
-1375
-1373
-1400
-1447
-1456
-1473
-1498
-1490
-1446
-1411
-1370
-1330
-1310
-1236
-1082
-954
-893
-817
-674
-511
-404
-285
-103
95
209
305
513
778
919
992
1168
1401
1559
1663
1823
2023
2187
2261
2339
2488
2621
2674
2716
2771
2813
2831
2848
2847
2832
2777
2694
2654
2618
2519
2336
2233
2187
2060
1859
1700
1583
1440
1255
1045
885
737
562
370
199
37
-114
-249
-395
-579
-748
-831
-878
-957
-1090
-1229
-1285
-1247
-1270
-1389
-1434
-1382
-1372
-1435
-1448
-1347
-1264
-1282
-1330
-1276
-1147
-1072
-1036
-969
-893
-860
-788
-658
-560
-516
-499
-438
-351
-281
-234
-197
-130
-99
-123
-122
-57
10
0
-54
-88
-78
-55
-61
-93
-121
-186
-274
-312
-310
-340
-442
-554
-603
-645
-717
-793
-835
-891
-1014
-1129
-1166
-1133
-1182
-1305
-1398
-1400
-1407
-1476
-1518
-1511
-1500
-1568
-1636
-1580
-1472
-1460
-1513
-1500
-1410
-1324
-1227
-1131
-1075
-989
-830
-685
-595
-461
-267
-108
-15
112
318
541
702
838
982
1127
1317
1559
1743
1808
1896
2113
2311
2386
2469
2605
2718
2747
2770
2829
2904
2955
2923
2849
2804
2810
2798
2726
2624
2497
2351
2238
2167
2093
1907
1648
1490
1407
1243
1019
843
705
503
267
94
-37
-148
-284
-494
-738
-885
-874
-868
-1038
-1284
-1395
-1299
-1239
-1372
-1514
-1483
-1376
-1394
-1515
-1525
-1334
-1192
-1282
-1429
-1342
-1060
-926
-1021
-1065
-911
-727
-669
-663
-569
-437
-385
-415
-351
-193
-115
-142
-164
-105
-29
2
-18
-19
22
34
-25
-77
-16
56
0
-177
-251
-155
-98
-232
-432
-473
-402
-446
-651
-779
-737
-698
-869
-1113
-1129
-978
-1003
-1283
-1464
-1376
-1257
-1362
-1577
-1637
-1540
-1508
-1625
-1755
-1694
-1539
-1545
-1726
-1785
-1556
-1331
-1375
-1516
-1407
-1132
-983
-989
-905
-695
-528
-434
-305
-108
89
262
398
556
761
962
1125
1317
1532
1678
1775
1945
2197
2371
2433
2500
2656
2817
2891
2915
2954
3004
3042
3070
3025
2925
2895
2941
2892
2686
2526
2495
2455
2289
2073
1912
1805
1675
1452
1224
1090
977
772
506
301
199
42
-155
-316
-444
-623
-822
-896
-880
-973
-1221
-1345
-1268
-1220
-1352
-1487
-1447
-1334
-1365
-1505
-1490
-1285
-1172
-1289
-1391
-1258
-1018
-956
-1019
-996
-841
-717
-698
-657
-508
-402
-424
-437
-336
-203
-166
-186
-170
-107
-85
-88
-74
-10
19
-55
-107
-88
-28
-8
-79
-205
-266
-227
-194
-273
-405
-494
-515
-503
-584
-759
-842
-776
-789
-1012
-1199
-1113
-978
-1107
-1396
-1499
-1358
-1274
-1402
-1580
-1604
-1558
-1552
-1570
-1610
-1614
-1576
-1553
-1540
-1487
-1420
-1377
-1296
-1164
-1089
-1093
-956
-675
-504
-512
-472
-231
46
216
280
393
607
847
1024
1130
1283
1504
1739
1849
1910
2084
2324
2466
2493
2573
2677
2781
2870
2902
2868
2871
2954
2952
2815
2712
2751
2753
2583
2368
2254
2226
2123
1916
1732
1573
1404
1224
1064
911
714
487
297
156
16
-210
-434
-467
-496
-794
-1153
-1133
-881
-951
-1386
-1648
-1442
-1181
-1317
-1649
-1647
-1359
-1282
-1512
-1617
-1356
-1059
-1124
-1381
-1349
-988
-755
-852
-923
-787
-644
-599
-505
-331
-252
-300
-306
-183
-32
35
16
22
70
82
73
101
182
211
136
2
-53
64
195
120
-108
-234
-205
-138
-154
-275
-433
-509
-499
-550
-691
-751
-719
-769
-986
-1197
-1161
-987
-1021
-1301
-1536
-1498
-1343
-1350
-1515
-1652
-1627
-1580
-1628
-1669
-1585
-1532
-1605
-1631
-1550
-1465
-1436
-1303
-1141
-1148
-1211
-1071
-737
-533
-551
-572
-391
-88
130
237
339
526
750
941
1066
1204
1470
1715
1814
1868
2031
2254
2437
2581
2629
2626
2690
2878
3032
3019
2928
2914
2987
3009
2947
2857
2819
2766
2635
2481
2354
2294
2212
2015
1756
1571
1460
1312
1138
964
737
468
320
248
77
-124
-278
-451
-685
-809
-767
-788
-1064
-1348
-1316
-1159
-1258
-1536
-1542
-1338
-1330
-1574
-1697
-1472
-1186
-1207
-1468
-1555
-1264
-938
-954
-1129
-1108
-885
-733
-730
-724
-604
-463
-422
-465
-446
-275
-113
-80
-165
-228
-149
-6
47
-1
-26
-54
-97
-77
-9
-5
-96
-210
-301
-276
-188
-257
-457
-532
-461
-493
-730
-837
-675
-653
-961
-1242
-1138
-911
-1020
-1350
-1460
-1338
-1312
-1450
-1561
-1546
-1510
-1546
-1662
-1720
-1608
-1485
-1512
-1613
-1637
-1542
-1400
-1309
-1300
-1287
-1201
-1055
-911
-799
-682
-574
-453
-301
-107
32
145
340
582
747
805
946
1240
1500
1590
1630
1764
2003
2235
2366
2361
2387
2585
2792
2813
2720
2753
2907
2966
2858
2768
2801
2840
2758
2617
2509
2434
2355
2235
2058
1897
1778
1635
1434
1236
1089
954
772
537
346
250
125
-124
-376
-455
-408
-572
-913
-1080
-977
-889
-1083
-1386
-1470
-1280
-1187
-1354
-1553
-1514
-1290
-1189
-1357
-1489
-1305
-1026
-1007
-1200
-1182
-905
-714
-759
-793
-673
-544
-491
-458
-369
-281
-240
-221
-169
-67
-15
-24
-13
18
48
48
0
-22
60
128
25
-107
-110
-40
-9
-104
-253
-340
-331
-303
-360
-474
-580
-617
-623
-688
-804
-907
-919
-897
-1020
-1228
-1286
-1146
-1115
-1316
-1489
-1471
-1389
-1415
-1477
-1482
-1523
-1596
-1540
-1390
-1380
-1488
-1435
-1267
-1215
-1275
-1203
-971
-831
-835
-808
-631
-382
-187
-109
-61
115
374
548
673
853
1065
1230
1393
1566
1732
1896
2071
2231
2307
2375
2517
2716
2819
2805
2823
2918
3011
3019
2955
2937
2945
2894
2800
2723
2669
2598
2450
2263
2161
2062
1860
1625
1481
1360
1157
892
723
631
463
182
-63
-143
-231
-462
-739
-834
-827
-964
-1208
-1298
-1275
-1335
-1489
-1561
-1537
-1541
-1586
-1643
-1606
-1546
-1511
-1475
-1432
-1422
-1385
-1251
-1154
-1157
-1145
-1021
-864
-794
-778
-672
-528
-495
-516
-449
-319
-230
-237
-226
-152
-117
-98
-4
64
-30
-123
-34
42
-13
-62
-63
-60
-103
-140
-143
-164
-235
-299
-353
-446
-505
-500
-525
-609
-723
-802
-820
-852
-912
-994
-1110
-1215
-1245
-1226
-1258
-1353
-1426
-1459
-1457
-1491
-1555
-1555
-1516
-1568
-1634
-1552
-1447
-1434
-1444
-1331
-1234
-1267
-1227
-1001
-822
-827
-802
-585
-331
-211
-99
71
248
385
544
745
927
1094
1277
1475
1634
1773
1957
2142
2270
2353
2429
2544
2677
2786
2825
2865
2921
2983
2977
2895
2870
2880
2829
2721
2607
2495
2430
2372
2217
2003
1843
1702
1529
1348
1175
975
772
625
477
280
70
-57
-142
-332
-618
-834
-869
-813
-926
-1230
-1416
-1322
-1219
-1329
-1555
-1618
-1470
-1398
-1563
-1687
-1515
-1279
-1280
-1441
-1436
-1235
-1040
-1019
-1085
-1059
-929
-793
-701
-610
-553
-536
-482
-358
-269
-274
-247
-126
-65
-96
-119
-19
119
160
63
-60
-29
76
102
25
-50
-67
-71
-92
-102
-112
-186
-310
-354
-351
-427
-542
-505
-448
-595
-809
-820
-693
-758
-951
-1057
-1057
-1107
-1192
-1189
-1157
-1218
-1366
-1430
-1359
-1315
-1402
-1514
-1470
-1363
-1408
-1491
-1379
-1153
-1128
-1269
-1255
-1025
-851
-831
-794
-650
-484
-352
-191
-6
160
319
450
566
726
979
1214
1308
1431
1641
1830
1956
2127
2310
2359
2386
2543
2701
2699
2713
2901
3024
2869
2734
2871
3016
2881
2631
2542
2565
2488
2332
2203
2082
1931
1769
1609
1409
1245
1096
914
695
517
369
209
58
-52
-254
-562
-714
-666
-692
-995
-1274
-1252
-1116
-1211
-1454
-1517
-1381
-1356
-1564
-1696
-1547
-1332
-1378
-1547
-1525
-1277
-1121
-1185
-1232
-1103
-953
-955
-949
-785
-591
-575
-623
-524
-333
-237
-274
-269
-173
-98
-114
-97
37
109
58
-6
15
82
109
56
-50
-115
-90
-47
-94
-165
-190
-245
-347
-363
-350
-474
-626
-600
-554
-725
-909
-790
-643
-880
-1199
-1130
-938
-1077
-1305
-1276
-1195
-1353
-1461
-1331
-1264
-1426
-1548
-1486
-1460
-1503
-1476
-1428
-1463
-1449
-1306
-1235
-1300
-1198
-965
-949
-1019
-837
-534
-421
-383
-160
85
151
260
596
873
882
954
1267
1593
1741
1854
2035
2240
2414
2539
2639
2718
2845
2984
3034
3018
3075
3158
3184
3148
3077
2961
2856
2824
2756
2557
2339
2260
2188
1983
1719
1556
1428
1204
916
687
512
356
190
-36
-225
-345
-480
-693
-882
-966
-1055
-1253
-1413
-1426
-1411
-1486
-1568
-1563
-1565
-1638
-1667
-1608
-1574
-1606
-1612
-1526
-1438
-1377
-1314
-1241
-1173
-1108
-1063
-1040
-942
-777
-682
-711
-674
-486
-330
-326
-332
-235
-158
-143
-140
-49
55
80
60
64
117
167
180
111
60
45
14
-7
28
43
-59
-170
-192
-157
-239
-401
-482
-487
-531
-638
-725
-745
-728
-768
-927
-1105
-1113
-1001
-1018
-1246
-1403
-1328
-1191
-1212
-1344
-1417
-1397
-1354
-1354
-1418
-1455
-1334
-1172
-1185
-1303
-1217
-929
-787
-884
-911
-737
-554
-455
-317
-131
-7
97
294
540
701
820
979
1165
1325
1493
1701
1915
2112
2280
2376
2453
2630
2844
2907
2862
2883
2991
3093
3129
3132
3111
3036
2937
2870
2778
2632
2495
2368
2170
1954
1822
1738
1563
1267
1009
815
632
430
247
72
-119
-345
-527
-614
-681
-778
-1014
-1256
-1325
-1253
-1266
-1440
-1553
-1458
-1384
-1477
-1556
-1446
-1304
-1361
-1490
-1466
-1268
-1113
-1078
-1084
-1066
-990
-872
-766
-734
-728
-696
-648
-597
-492
-358
-309
-345
-356
-260
-173
-191
-198
-129
-103
-167
-157
-43
48
7
-90
-100
-64
-79
-97
-88
-94
-179
-262
-225
-165
-176
-317
-455
-492
-487
-503
-579
-676
-767
-822
-847
-885
-958
-1055
-1120
-1168
-1263
-1337
-1344
-1312
-1319
-1394
-1489
-1497
-1401
-1326
-1367
-1470
-1469
-1328
-1198
-1173
-1157
-1051
-898
-810
-746
-622
-462
-333
-225
-82
96
284
486
693
831
953
1115
1324
1530
1684
1796
1934
2128
2293
2420
2527
2620
2705
2769
2825
2867
2869
2898
2934
2918
2837
2769
2780
2731
2572
2398
2296
2203
2037
1844
1691
1548
1344
1147
990
783
547
357
198
9
-217
-403
-541
-658
-787
-940
-1127
-1273
-1289
-1318
-1472
-1628
-1613
-1522
-1578
-1709
-1688
-1536
-1514
-1632
-1631
-1486
-1369
-1352
-1311
-1216
-1147
-1086
-956
-829
-802
-779
-667
-531
-483
-452
-346
-245
-203
-193
-146
-39
24
30
34
27
50
108
173
172
117
91
113
136
113
72
18
-14
-34
-72
-120
-173
-192
-227
-325
-444
-481
-449
-514
-690
-827
-813
-787
-901
-1071
-1142
-1129
-1173
-1287
-1377
-1385
-1380
-1431
-1520
-1597
-1570
-1485
-1492
-1606
-1665
-1525
-1360
-1380
-1461
-1380
-1163
-1049
-1052
-952
-728
-561
-495
-367
-141
81
235
383
594
781
948
1139
1364
1557
1676
1827
2017
2214
2374
2490
2584
2687
2811
2922
2987
3018
3060
3101
3083
3050
3038
3002
2898
2772
2692
2593
2479
2332
2171
1993
1812
1661
1483
1248
1008
847
698
453
178
51
-6
-202
-525
-743
-759
-777
-989
-1267
-1383
-1344
-1325
-1479
-1656
-1669
-1571
-1521
-1627
-1732
-1664
-1502
-1438
-1518
-1561
-1431
-1241
-1170
-1204
-1199
-1064
-908
-841
-812
-745
-670
-602
-507
-414
-375
-386
-325
-204
-126
-161
-194
-86
74
82
-49
-69
58
168
86
-49
-29
88
101
12
-53
-22
2
-75
-151
-185
-202
-259
-317
-363
-424
-498
-533
-537
-607
-740
-841
-846
-867
-964
-1097
-1172
-1173
-1202
-1290
-1375
-1397
-1397
-1420
-1474
-1501
-1468
-1410
-1376
-1385
-1398
-1328
-1195
-1097
-1052
-1009
-876
-704
-554
-430
-298
-154
23
224
395
528
684
916
1133
1283
1391
1572
1815
2003
2083
2140
2281
2456
2588
2649
2674
2711
2803
2880
2876
2807
2777
2769
2727
2625
2501
2417
2321
2187
2035
1878
1697
1555
1438
1284
1035
801
673
565
386
132
-74
-208
-316
-470
-656
-823
-925
-976
-1070
-1217
-1342
-1349
-1352
-1446
-1559
-1593
-1511
-1475
-1514
-1540
-1511
-1431
-1353
-1294
-1286
-1267
-1172
-1069
-1033
-1006
-906
-787
-719
-670
-587
-481
-434
-398
-311
-252
-244
-223
-133
-47
-41
-72
-29
60
104
73
37
49
85
91
37
-23
-24
3
-31
-112
-158
-142
-160
-235
-313
-360
-406
-465
-545
-600
-652
-732
-815
-877
-878
-912
-1022
-1145
-1166
-1121
-1156
-1312
-1427
-1377
-1285
-1338
-1499
-1528
-1384
-1274
-1349
-1435
-1363
-1172
-1062
-1106
-1132
-1002
-778
-626
-605
-558
-348
-92
63
143
277
490
691
831
968
1111
1279
1467
1653
1798
1901
2024
2213
2377
2450
2500
2576
2682
2734
2750
2749
2757
2760
2761
2725
2658
2597
2543
2471
2328
2183
2039
1916
1764
1599
1436
1265
1118
960
810
630
435
276
131
-41
-253
-412
-523
-629
-771
-920
-1006
-1059
-1128
-1240
-1335
-1360
-1358
-1391
-1466
-1501
-1445
-1397
-1407
-1438
-1388
-1275
-1226
-1229
-1188
-1075
-979
-952
-917
-822
-727
-674
-641
-572
-468
-388
-358
-309
-220
-132
-74
-69
-37
32
92
80
65
106
168
188
155
144
197
234
205
146
110
110
93
51
-16
-47
-57
-85
-155
-217
-240
-283
-371
-479
-547
-593
-664
-774
-856
-884
-898
-973
-1072
-1120
-1134
-1160
-1243
-1348
-1377
-1356
-1353
-1418
-1458
-1398
-1299
-1264
-1303
-1272
-1158
-1043
-1009
-986
-896
-748
-608
-509
-393
-226
-44
107
239
388
568
731
884
1052
1215
1362
1512
1672
1843
1967
2061
2163
2283
2396
2460
2496
2542
2611
2658
2648
2606
2598
2586
2548
2457
2360
2294
2216
2114
1982
1841
1704
1568
1409
1248
1061
882
731
581
411
222
64
-56
-199
-390
-571
-692
-790
-913
-1075
-1204
-1249
-1277
-1352
-1455
-1499
-1475
-1476
-1545
-1594
-1585
-1531
-1517
-1533
-1497
-1417
-1344
-1292
-1236
-1176
-1092
-1028
-969
-904
-839
-783
-711
-619
-515
-443
-413
-347
-248
-166
-149
-142
-100
-16
35
32
29
91
165
166
132
130
164
174
147
114
105
109
95
56
26
-12
-64
-118
-145
-193
-277
-347
-392
-417
-483
-569
-648
-701
-732
-826
-927
-991
-1023
-1046
-1111
-1184
-1219
-1217
-1234
-1283
-1323
-1328
-1319
-1302
-1283
-1261
-1227
-1168
-1078
-996
-914
-839
-723
-598
-480
-382
-267
-91
87
233
364
539
724
901
1047
1173
1333
1499
1628
1746
1868
2009
2144
2234
2314
2393
2456
2501
2525
2537
2539
2524
2508
2479
2429
2358
2286
2207
2115
1987
1847
1722
1586
1439
1271
1111
978
840
674
507
357
219
70
-107
-263
-385
-487
-608
-737
-822
-894
-961
-1053
-1137
-1183
-1219
-1278
-1325
-1339
-1337
-1337
-1342
-1308
-1277
-1238
-1228
-1199
-1138
-1093
-1056
-1024
-960
-891
-828
-776
-722
-648
-576
-524
-480
-430
-363
-315
-258
-192
-142
-96
-48
18
63
74
86
123
170
193
179
189
231
262
244
205
197
218
199
139
88
84
88
40
-22
-73
-91
-142
-234
-325
-373
-434
-517
-595
-661
-702
-763
-832
-875
-907
-964
-1039
-1112
-1130
-1146
-1189
-1222
-1209
-1160
-1135
-1141
-1117
-1037
-967
-942
-907
-825
-722
-622
-552
-438
-294
-150
-34
85
227
374
496
610
748
893
1044
1160
1285
1418
1542
1642
1735
1820
1904
1964
2011
2057
2093
2118
2121
2130
2135
2108
2055
2006
1952
1883
1787
1703
1609
1513
1403
1286
1159
1038
907
756
625
486
344
194
69
-50
-171
-299
-420
-524
-617
-733
-857
-942
-1015
-1086
-1144
-1208
-1242
-1246
-1282
-1313
-1338
-1339
-1349
-1370
-1385
-1370
-1336
-1308
-1268
-1226
-1163
-1113
-1072
-1024
-964
-910
-863
-824
-763
-688
-617
-553
-490
-414
-341
-290
-247
-203
-147
-94
-60
-8
34
85
140
173
196
205
221
249
253
240
222
219
216
200
173
149
135
103
41
-14
-47
-99
-165
-237
-288
-341
-389
-449
-516
-564
-625
-680
-736
-781
-825
-861
-897
-913
-915
-920
-926
-927
-909
-878
-856
-812
-767
-691
-615
-552
-467
-369
-257
-168
-75
21
140
257
360
467
607
744
854
954
1064
1202
1298
1370
1437
1530
1618
1672
1713
1772
1829
1866
1887
1895
1909
1904
1874
1827
1796
1758
1706
1642
1584
1530
1455
1366
1284
1195
1096
985
879
770
666
561
456
367
270
163
67
-10
-114
-216
-319
-405
-489
-571
-641
-705
-755
-806
-855
-901
-928
-974
-1016
-1047
-1063
-1085
-1091
-1094
-1093
-1096
-1097
-1068
-1053
-1037
-1033
-999
-955
-934
-904
-857
-808
-755
-717
-677
-616
-570
-537
-483
-423
-384
-338
-286
-237
-197
-175
-151
-125
-101
-91
-88
-55
-33
-28
-33
-29
-12
-22
-42
-63
-78
-111
-154
-177
-209
-231
-259
-296
-306
-328
-360
-408
-436
-463
-505
-534
-541
-550
-575
-575
-568
-540
-530
-534
-504
-470
-448
-427
-391
-334
-281
-232
-166
-96
-19
45
108
193
256
322
409
496
571
636
714
790
873
937
1007
1083
1130
1170
1207
1261
1314
1344
1355
1380
1411
1419
1408
1398
1393
1374
1351
1317
1300
1267
1212
1159
1106
1043
973
896
818
753
664
568
496
426
339
248
163
96
16
-80
-151
-221
-289
-367
-436
-490
-535
-594
-640
-682
-734
-778
-808
-833
-868
-897
-920
-916
-920
-917
-914
-902
-882
-886
-878
-860
-834
-819
-800
-759
-721
-683
-643
-609
-560
-524
-504
-469
-428
-393
-381
-351
-310
-287
-263
-231
-194
-183
-179
-167
-152
-139
-149
-154
-157
-154
-160
-175
-177
-183
-210
-237
-262
-281
-306
-336
-347
-363
-383
-412
-426
-424
-436
-472
-484
-478
-488
-497
-496
-485
-476
-463
-451
-421
-395
-371
-342
-306
-262
-218
-184
-127
-70
-35
16
78
148
204
256
314
382
435
495
560
622
679
719
763
820
878
902
928
977
1025
1043
1073
1113
1128
1141
1156
1168
1176
1164
1150
1143
1144
1122
1083
1070
1058
1031
983
942
905
863
804
755
714
664
616
561
516
462
403
332
274
225
164
107
42
-4
-60
-118
-160
-210
-251
-307
-351
-387
-431
-475
-512
-543
-571
-604
-633
-642
-663
-683
-702
-707
-707
-708
-725
-718
-712
-712
-701
-702
-693
-693
-690
-694
-675
-668
-658
-642
-625
-600
-592
-585
-561
-548
-543
-526
-516
-512
-508
-502
-478
-455
-459
-445
-434
-421
-412
-397
-382
-376
-362
-353
-334
-310
-300
-286
-262
-240
-224
-208
-192
-184
-162
-142
-123
-95
-68
-43
-22
-2
35
58
72
103
130
156
171
200
214
239
271
288
304
317
337
347
376
385
394
411
427
445
455
465
483
490
490
493
493
506
500
492
491
496
493
487
484
472
461
454
444
429
422
409
399
391
380
367
350
343
330
310
292
281
262
240
223
211
199
186
177
166
160
137
113
98
90
76
55
42
41
19
-5
-17
-25
-32
-53
-70
-78
-87
-100
-111
-126
-138
-161
-173
-184
-195
-208
-226
-235
-246
-246
-265
-276
-282
-296
-307
-310
-313
-313
-332
-343
-343
-358
-363
-376
-381
-384
-391
-400
-394
-409
-414
-419
-420
-421
-423
-420
-421
-408
-407
-398
-393
-374
-360
-352
-329
-315
-301
-286
-274
-250
-238
-225
-194
-173
-146
-137
-112
-80
-54
-27
-3
27
51
76
92
123
153
170
190
208
233
246
259
274
292
313
322
338
354
365
378
383
386
394
398
400
396
395
384
376
370
358
360
354
353
354
348
344
327
316
312
303
280
265
257
242
236
227
212
191
183
178
167
148
137
125
111
109
93
88
83
72
64
57
44
43
43
33
18
6
0
-8
-13
-23
-26
-36
-43
-50
-51
-57
-57
-64
-75
-74
-74
-73
-87
-86
-107
-117
-117
-123
-136
-142
-149
-166
-168
-177
-187
-188
-195
-208
-218
-223
-228
-235
-243
-247
-253
-263
-266
-277
-279
-285
-283
-287
-294
-287
-292
-278
-281
-285
-276
-279
-279
-269
-264
-256
-249
-243
-231
-222
-209
-190
-181
-167
-153
-143
-122
-110
-100
-78
-56
-39
-26
-16
-3
6
25
44
64
69
78
95
96
115
123
124
133
144
151
161
170
175
175
175
185
196
193
198
196
193
198
194
202
193
191
186
172
178
183
187
186
183
190
189
178
177
172
170
161
156
152
148
135
135
135
133
124
111
116
111
102
106
110
106
102
102
107
100
103
96
97
76
70
76
67
61
54
57
47
48
41
34
32
24
20
15
3
9
0
-14
-19
-31
-49
-51
-51
-67
-69
-87
-96
-105
-113
-127
-131
-126
-129
-137
-146
-143
-147
-149
-155
-167
-165
-171
-183
-195
-192
-196
-217
-218
-225
-228
-224
-225
-227
-228
-218
-214
-210
-202
-197
-200
-197
-202
-196
-187
-185
-182
-170
-165
-160
-150
-148
-146
-143
-130
-119
-107
-97
-80
-65
-51
-41
-31
-19
-4
7
17
25
31
38
44
53
62
90
108
119
129
127
130
144
146
154
149
154
165
169
174
178
179
181
195
191
192
201
205
201
198
203
206
212
207
202
203
197
193
183
181
172
171
165
146
149
130
128
121
108
105
97
101
104
95
80
75
77
69
61
55
52
51
34
26
16
10
4
-1
-7
-17
-18
-16
-18
-21
-22
-20
-24
-37
-39
-44
-47
-63
-70
-72
-78
-81
-83
-84
-84
-77
-76
-77
-78
-73
-64
-64
-68
-74
-79
-92
-92
-88
-108
-110
-120
-122
-126
-128
-121
-123
-123
-125
-120
-127
-118
-120
-126
-137
-134
-127
-123
-118
-120
-114
-117
-123
-123
-123
-113
-102
-110
-104
-92
-94
-88
-64
-67
-63
-70
-64
-52
-58
-57
-56
-51
-54
-43
-33
-17
-13
-3
12
28
45
57
73
81
89
99
108
115
126
132
135
133
150
152
146
155
164
167
171
187
185
196
208
208
209
214
219
212
203
196
188
177
168
157
150
144
138
133
131
129
136
139
121
118
109
93
98
75
58
52
42
35
20
16
3
-13
-22
-34
-41
-43
-55
-54
-51
-53
-57
-56
-54
-66
-69
-73
-90
-91
-95
-102
-110
-116
-115
-111
-103
-101
-101
-98
-95
-89
-85
-84
-71
-69
-64
-68
-64
-70
-77
-80
-92
-87
-95
-94
-90
-97
-97
-88
-83
-73
-73
-60
-60
-54
-59
-63
-54
-72
-71
-78
-81
-90
-91
-99
-108
-105
-112
-111
-105
-101
-94
-90
-82
-63
-62
-58
-47
-45
-49
-53
-53
-48
-56
-50
-50
-47
-34
-23
-14
-14
1
11
23
31
41
47
61
69
72
81
85
89
97
95
94
102
100
109
117
118
127
136
144
145
148
164
168
166
169
167
168
164
157
161
148
134
130
124
129
114
113
114
110
113
120
118
113
104
103
102
91
82
70
50
38
28
15
9
-19
-19
-32
-34
-44
-44
-47
-50
-38
-47
-41
-47
-39
-48
-52
-67
-61
-67
-80
-81
-86
-92
-101
-94
-96
-97
-103
-98
-93
-86
-88
-83
-85
-76
-69
-75
-79
-82
-76
-75
-81
-94
-88
-94
-100
-89
-85
-98
-86
-85
-86
-76
-76
-75
-65
-56
-58
-62
-60
-62
-61
-61
-75
-71
-75
-77
-74
-78
-66
-63
-66
-57
-59
-48
-46
-42
-37
-35
-27
-32
-26
-29
-29
-21
-24
-32
-24
-19
-17
-9
-2
-13
2
18
17
31
38
50
60
63
60
67
72
82
83
85
80
82
88
95
100
96
104
101
103
101
107
124
129
134
138
132
131
123
123
118
112
104
96
100
88
87
88
82
76
70
73
71
60
64
57
55
45
44
38
26
21
10
13
5
-4
-8
-16
-21
-17
-28
-21
-22
-28
-35
-39
-33
-48
-52
-50
-53
-61
-60
-66
-74
-74
-62
-63
-72
-81
-80
-93
-99
-93
-82
-73
-83
-79
-73
-78
-84
-79
-85
-91
-95
-95
-97
-98
-92
-91
-95
-86
-82
-83
-81
-80
-73
-76
-63
-60
-58
-60
-60
-57
-50
-49
-39
-38
-40
-35
-39
-32
-21
-17
-18
-6
-14
-2
0
8
6
7
7
8
18
18
31
34
48
51
54
53
65
68
69
77
87
92
89
92
94
94
95
102
95
94
95
94
95
95
90
93
95
89
86
85
87
93
87
94
91
88
88
86
93
83
82
79
81
79
79
67
66
55
40
34
34
37
22
29
26
20
20
23
15
13
13
1
-4
-7
-16
-13
-16
-17
-19
-25
-13
-16
-17
-26
-32
-41
-38
-36
-43
-48
-41
-41
-44
-32
-32
-38
-35
-35
-47
-43
-50
-44
-55
-60
-56
-60
-50
-57
-53
-53
-58
-54
-50
-43
-47
-41
-45
-57
-48
-51
-48
-51
-46
-55
-55
-54
-47
-39
-41
-37
-36
-31
-29
-20
-25
-16
-23
-24
-8
-7
-7
-5
-6
5
-2
-1
9
6
13
6
6
8
21
16
24
29
26
28
21
21
17
33
28
25
31
35
40
47
51
47
49
48
48
53
55
57
55
61
53
57
58
60
66
68
69
63
67
64
65
65
63
63
65
68
65
51
56
54
50
54
46
47
36
37
31
25
20
16
10
7
4
-3
0
-7
-19
-14
-23
-37
-29
-33
-35
-38
-29
-41
-50
-46
-53
-56
-59
-63
-69
-63
-76
-76
-72
-72
-70
-76
-84
-79
-74
-81
-83
-83
-84
-86
-83
-92
-94
-87
-91
-87
-83
-82
-84
-88
-82
-82
-77
-73
-70
-51
-48
-50
-46
-51
-47
-45
-52
-45
-37
-32
-26
-25
-24
-14
-9
-3
6
9
20
16
22
23
20
25
30
29
19
28
28
38
38
33
42
31
40
41
38
44
45
53
53
56
57
57
56
60
62
66
69
67
59
65
60
57
52
52
52
51
53
43
51
51
52
50
48
42
43
39
35
27
20
32
25
18
22
28
21
23
16
20
14
11
3
9
15
4
11
0
1
0
1
-3
-13
-24
-23
-19
-17
-13
-20
-16
-25
-21
-28
-33
-22
-31
-39
-42
-42
-36
-41
-48
-40
-37
-37
-34
-32
-26
-31
-29
-30
-30
-36
-47
-42
-41
-41
-40
-39
-47
-39
-37
-39
-19
-23
-25
-23
-24
-26
-19
-23
-29
-28
-28
-26
-37
-37
-32
-27
-21
-14
-9
-3
4
0
3
5
2
13
14
6
9
3
1
8
10
12
19
28
34
34
33
43
38
45
48
52
54
60
59
46
57
54
45
40
53
47
50
47
51
47
40
45
46
76
59
62
57
57
60
45
56
54
49
51
49
50
53
37
40
35
32
41
46
37
32
41
42
45
40
43
44
39
37
31
32
25
22
19
3
10
3
3
6
6
5
-3
-11
-12
-18
-18
-18
-27
-26
-35
-31
-45
-39
-41
-48
-43
-41
-44
-50
-45
-47
-45
-45
-45
-53
-53
-51
-47
-41
-46
-40
-44
-52
-53
-48
-45
-42
-37
-38
-35
-34
-42
-43
-38
-39
-38
-39
-46
-47
-53
-48
-44
-45
-45
-43
-33
-29
-19
-12
-15
-18
-9
-6
-4
7
10
9
13
19
20
19
17
14
10
4
7
9
13
16
17
23
22
32
41
45
34
38
43
36
29
25
27
32
34
29
27
22
32
21
26
34
32
35
36
33
29
37
25
15
16
8
12
18
8
16
9
9
5
-2
-2
-2
7
-3
3
-10
-23
-12
-8
-21
-24
-23
-29
-21
-14
-19
-13
-16
-21
-19
-17
-7
-16
-14
-5
-12
-13
-10
-9
-6
-12
-13
-14
-18
-18
-15
-15
-6
-16
-21
-13
-25
-24
-33
-27
-19
-26
-29
-24
-23
-20
-31
-35
-29
-26
-16
-21
-20
-13
-9
-16
-13
-26
-19
-9
-6
-1
-7
-1
-2
-1
0
3
6
17
17
14
7
11
18
23
28
21
25
22
15
9
9
12
16
12
9
9
10
10
15
17
23
20
23
22
17
16
8
13
11
20
16
8
6
-2
-2
8
16
9
11
13
10
5
10
6
11
23
12
15
15
11
15
3
4
5
1
-4
-2
-12
-17
-7
-13
-13
-9
-13
-11
-12
-17
-4
-5
-1
4
-4
2
3
4
-5
-3
3
-2
-3
-7
-9
0
1
-9
-4
-3
-12
-12
-16
-24
-22
-16
-14
-7
-6
-9
-1
-1
-4
-1
0
-4
-1
4
3
-6
-9
-14
-14
-10
-13
-13
-19
-5
-6
-7
-3
-9
-5
-10
-9
-13
-2
-2
3
6
-6
-3
-8
-5
-3
-12
-6
0
-4
0
-15
-13
0
-2
-4
-12
-13
-12
-15
-24
-24
-21
-16
-21
-28
-31
-28
-26
-21
-12
-14
-9
-5
0
-5
-5
2
8
-3
-9
-4
-7
-6
-11
-10
-16
-18
-16
-20
-12
-12
-15
-8
-9
-4
-6
0
12
3
3
10
12
12
10
6
12
12
15
12
12
16
11
19
16
21
22
19
12
-3
-12
-17
-21
-22
-22
-21
-13
-15
-19
-7
3
-10
-7
-10
-18
-2
-6
-5
-1
-11
-19
-26
-26
-24
-21
-23
-26
-24
-16
-8
-5
-10
-4
-8
-6
5
6
3
7
8
0
6
7
4
16
22
24
28
27
32
27
35
26
20
24
15
20
7
3
0
-2
1
-5
-9
-6
-3
-1
15
19
22
28
22
19
20
28
26
19
18
12
15
10
11
13
4
4
-3
-6
-3
-6
0
3
3
3
4
8
17
12
1
9
5
9
1
-3
0
-8
-11
-11
-9
-10
-10
-15
-15
-9
-15
-17
-14
-19
-18
-11
-10
-14
-6
0
6
4
5
10
20
20
18
22
18
21
19
13
18
15
10
18
12
7
7
9
0
-3
10
10
18
25
23
19
32
35
40
38
26
22
27
22
19
34
23
22
26
27
32
40
39
34
31
28
26
25
16
1
0
0
-6
-13
-13
-13
-13
-18
-18
-8
1
-1
3
0
-4
3
11
3
2
4
0
3
6
3
0
0
-6
-5
-6
-10
-10
-12
-7
3
0
12
14
16
20
14
10
11
14
6
6
-2
0
-1
-5
-6
8
10
0
3
9
6
1
2
-3
-6
-18
-14
-13
-20
-17
-19
-26
-15
-14
-10
-10
-6
-4
-6
1
-1
2
-2
-9
-18
-14
-28
-19
-21
-25
-14
-26
-25
-25
-18
-30
-24
-15
-11
-15
-9
-8
-8
-2
-2
3
-1
3
-2
-6
-6
-1
7
0
-2
-2
-7
1
-5
3
-4
-3
-1
1
-5
-19
-7
-17
-14
-15
-16
-18
-11
-5
-13
-1
-1
4
12
13
7
9
11
3
3
3
9
11
8
13
10
7
15
9
0
10
8
20
18
14
17
9
23
19
12
9
0
0
-1
1
-1
5
3
-5
1
-2
4
3
-9
-5
-4
-3
-9
-17
-20
-24
-24
-34
-32
-32
-37
-36
-35
-23
-25
-16
-5
-12
-12
-7
-10
-8
-6
-3
-1
-7
-4
-13
-7
-15
-16
-14
-11
-1
0
8
7
8
10
26
23
25
29
25
28
28
23
29
26
22
21
20
21
17
25
28
35
23
29
26
23
20
13
16
12
7
-2
-6
-13
0
1
5
7
11
12
16
18
17
20
15
15
6
6
3
0
-7
-11
-15
-21
-19
-15
-19
-9
-12
-8
4
-3
1
8
8
4
13
11
9
12
6
2
3
9
9
12
14
9
15
10
-7
1
0
-13
-9
-7
-13
-20
-18
-15
-14
-17
-9
-3
-1
3
-1
1
7
12
10
8
6
6
0
6
-1
0
0
-10
-6
-6
-9
-10
-3
-18
-17
-12
-15
-9
-4
0
-1
10
7
10
17
19
12
9
8
7
4
4
8
6
9
6
3
10
12
2
-3
-5
-7
-7
-16
-25
-35
-36
-32
-33
-32
-33
-23
-20
-23
-22
-15
-9
-11
4
8
3
1
3
-9
-12
-11
-17
-12
-16
-13
-16
-22
-13
-9
-11
-10
-8
0
9
15
14
16
11
12
8
7
7
9
14
1
3
4
6
9
0
3
7
6
7
0
-6
-6
-19
-18
-18
-6
-7
-9
-5
-11
-7
-6
-7
-10
-4
-7
-3
4
1
1
4
0
-7
-11
-6
-6
-15
-11
-19
-17
-10
-10
-3
-13
-11
-10
-6
-3
3
7
0
4
9
6
9
7
5
0
-4
-3
-11
1
4
6
12
3
9
6
-3
6
-13
-13
-12
-21
-13
-31
-24
-19
-15
-19
-15
-6
-13
-19
-18
-13
-18
-9
-9
-7
-13
-14
-6
-15
-13
-10
-14
-9
-5
-1
-6
-7
0
-11
-3
1
12
14
18
21
20
30
28
31
20
13
12
14
11
14
14
8
14
8
8
13
13
9
4
6
2
4
6
6
3
3
2
1
9
11
13
11
10
7
11
12
16
13
0
12
18
13
7
7
6
6
4
-3
-3
-3
-11
-13
-12
-2
4
-2
2
14
10
3
10
8
13
7
1
6
9
10
13
10
8
0
4
6
0
8
7
5
-3
-7
-2
-1
-9
-7
-8
-8
-9
-16
-10
-7
-6
-8
2
-1
0
5
-1
7
12
7
1
1
9
15
16
6
9
15
10
14
11
17
16
11
20
30
27
28
35
37
28
36
42
27
35
32
19
17
15
11
-2
-2
3
-2
6
1
-6
-5
-7
-6
-8
-6
-13
-2
-6
-9
-5
-10
-7
-6
-8
-12
-15
-18
-17
-14
-14
-16
-5
-5
-15
-13
-13
-13
-15
-15
-18
-28
-24
-19
-15
-20
-12
-12
-10
-8
-7
0
-1
3
1
9
9
16
8
0
-2
-7
-4
-1
-2
-3
1
-6
-1
-1
-2
1
2
3
5
12
8
7
5
-3
-2
-6
-5
-9
-12
0
-14
-23
-25
-30
-20
-19
-31
-30
-26
-15
-19
-24
-29
-25
-22
-21
-4
-19
-23
-23
-19
-26
-19
-9
-13
-10
-16
-16
-13
-1
-7
-13
-13
-19
-8
-11
-18
-9
-8
-12
-15
0
3
-3
-7
-9
-6
-8
-7
1
0
-7
0
-5
0
6
7
5
4
13
15
10
19
15
21
20
6
21
23
32
32
30
13
19
25
19
17
10
21
13
13
-1
9
10
10
9
1
16
8
11
9
13
13
3
1
6
4
2
5
7
11
22
14
10
15
9
9
0
3
3
6
4
6
10
7
8
3
13
2
-7
-8
-12
-13
-3
-3
-19
-12
-5
-2
-7
-8
-3
-7
-3
-5
-7
-7
-10
0
2
2
7
9
1
0
5
12
17
25
19
19
29
26
32
28
24
32
28
31
26
17
13
13
9
3
4
-3
-3
-3
-3
0
-1
6
4
7
12
18
15
10
19
16
21
18
9
5
2
3
-3
-13
-13
-4
-8
-8
-3
-3
1
0
6
0
3
8
12
9
-3
0
-7
-1
-13
-17
-9
-8
-2
-3
3
7
2
1
6
12
13
4
10
10
3
4
-2
4
0
-12
-10
-2
1
3
4
9
7
10
12
9
9
2
1
3
-6
-5
-15
-19
-23
-33
-30
-34
-26
-31
-28
-34
-31
-18
-16
-19
-15
-13
-13
-12
-16
-3
-12
-18
-10
-11
-15
-8
-18
-13
-8
