-20
-104
-94
-63
-53
-28
-40
-60
-35
-16
0
47
54
30
48
61
46
70
63
38
59
71
80
76
14
-7
19
16
37
35
-7
-33
-38
-29
26
33
26
38
-16
-19
16
-12
-16
8
-55
-107
-91
-90
-79
-51
-58
-53
-20
-38
-21
23
38
66
87
42
6
31
27
44
60
8
-26
-48
-36
16
21
-13
-4
-7
-18
14
28
39
49
35
26
48
43
51
51
13
-2
-22
-54
-72
-76
-97
-111
-105
-80
-74
-65
-53
-16
44
62
80
89
86
106
105
73
79
72
20
13
-5
-38
-34
-67
-51
4
-32
-56
-31
-22
23
65
64
104
116
62
63
82
85
101
50
-32
-44
-70
-117
-113
-127
-140
-136
-164
-145
-82
-70
-38
25
58
88
91
58
91
136
100
76
52
4
-16
-60
-83
-35
-57
-113
-94
-63
-35
-21
-7
46
92
83
83
111
129
136
113
88
89
82
23
-56
-68
-64
-94
-136
-157
-133
-116
-131
-105
-16
10
22
54
90
151
147
89
102
130
93
59
12
-9
-12
-69
-102
-64
-67
-88
-79
-64
-6
26
24
82
110
98
113
101
110
133
93
29
33
25
-29
-63
-95
-95
-121
-157
-167
-140
-120
-116
-82
-38
10
32
51
107
144
123
93
83
75
66
26
-32
-35
-62
-98
-94
-88
-63
-50
-61
-40
13
32
63
91
95
121
123
108
114
112
89
60
24
4
-32
-82
-108
-108
-130
-158
-139
-142
-135
-96
-60
-5
37
47
82
114
120
127
106
91
86
50
6
-21
-42
-68
-85
-90
-80
-44
-66
-61
-30
-19
23
47
56
64
95
86
85
105
96
92
44
3
4
-26
-85
-120
-132
-148
-167
-177
-170
-132
-101
-66
-32
4
49
82
90
103
127
101
77
57
29
10
-29
-76
-77
-73
-87
-85
-92
-79
-49
-44
-24
32
55
50
64
83
114
116
94
113
104
53
30
17
-19
-47
-97
-136
-126
-140
-148
-133
-108
-69
-25
0
39
101
126
108
104
119
120
89
44
39
29
-19
-42
-51
-58
-54
-76
-78
-54
-45
-32
-14
19
50
60
43
71
119
110
101
102
77
52
9
-28
-42
-74
-117
-137
-152
-152
-133
-108
-87
-50
0
16
56
92
91
93
73
77
75
28
9
9
-22
-44
-56
-67
-61
-66
-74
-60
-38
-25
-12
10
36
75
72
71
95
108
124
114
96
79
49
-1
-23
-35
-72
-109
-128
-134
-114
-78
-53
-17
3
26
61
85
104
109
84
64
67
36
9
9
-19
-40
-56
-67
-60
-53
-55
-54
-40
-26
-6
1
19
45
77
84
83
98
98
105
96
80
50
19
-22
-55
-64
-92
-104
-118
-109
-88
-65
-32
-12
12
32
44
54
62
61
47
28
11
0
-12
-34
-51
-54
-55
-58
-54
-57
-40
-37
-41
-16
0
6
23
32
41
72
75
75
76
78
63
39
10
-18
-23
-61
-78
-83
-88
-81
-70
-49
-20
6
10
24
43
47
60
61
47
42
23
1
1
-4
-15
-23
-37
-32
-39
-42
-45
-32
-25
-35
-16
-8
12
26
37
50
52
54
53
57
54
46
17
-6
-19
-38
-51
-56
-61
-72
-60
-55
-44
-13
5
10
15
25
25
26
13
17
19
3
-1
-8
-10
-20
-30
-39
-42
-36
-41
-45
-39
-34
-25
-19
-4
8
18
35
49
50
47
47
40
41
25
6
-7
-29
-31
-34
-48
-46
-44
-44
-38
-18
-9
-2
-3
-7
6
9
26
25
21
5
-2
4
-3
-13
-15
-24
-40
-33
-40
-29
-22
-15
-1
8
1
12
28
31
41
41
45
38
35
20
15
11
-6
-22
-35
-43
-41
-39
-45
-42
-43
-40
-22
-14
-9
-2
-7
-1
9
3
3
6
-3
-1
-11
-20
-19
-24
-28
-21
-19
-26
-18
-13
-6
7
10
14
29
28
25
32
43
41
31
28
23
19
11
11
-4
-8
-5
-19
-25
-20
-20
-23
-16
-4
6
13
12
16
32
30
29
35
28
16
-1
-3
7
5
-9
-13
-9
-5
-3
3
14
17
17
9
12
28
31
32
36
40
44
29
25
32
22
3
-9
-22
-34
-32
-45
-41
-36
-42
-45
-31
-15
-12
-4
0
16
7
7
12
8
3
-5
-13
-16
0
-9
-16
-19
-16
-6
-10
-12
4
20
0
7
25
25
39
39
44
53
42
35
34
28
18
10
-3
-15
-12
-22
-27
-22
-23
-22
-25
-13
-5
3
8
17
29
25
29
18
25
28
21
10
8
8
-3
-4
-4
6
-2
4
4
15
26
18
16
28
46
45
45
43
46
38
28
20
23
22
7
-5
1
1
-9
-12
-23
-22
-19
-25
-21
-10
-23
-17
-13
-22
-7
-16
-31
-19
-13
-33
-37
-32
-21
-14
-20
-15
-9
-8
-11
-4
6
12
10
5
16
19
17
10
15
23
25
16
6
18
12
7
13
12
6
7
3
-10
-7
-4
-12
-7
-1
-3
-7
-15
-9
-5
-7
-13
-12
-13
-13
-13
-11
0
-3
-11
-3
5
18
19
14
20
22
25
14
18
23
30
20
16
23
26
18
13
6
6
12
9
6
-2
0
-17
-10
-9
-12
-12
-13
-7
-11
-17
-29
-22
-27
-38
-39
-33
-25
-24
-33
-15
-12
-9
-6
-11
5
0
-1
2
-4
2
2
-8
-7
2
0
-7
13
22
18
14
16
22
23
29
27
20
20
27
22
11
20
19
10
3
0
8
-3
-5
-8
-8
-15
-22
-20
-16
-13
-18
-6
-15
-14
-18
-17
-9
-9
-11
-11
-10
-13
-19
-29
-22
-17
-16
-19
-11
-4
3
6
3
6
7
2
-3
2
5
2
9
9
16
13
0
-1
-5
0
-7
-2
-3
-9
-12
-9
-8
-17
-10
-7
-9
-11
0
-9
-12
-9
-4
-5
-5
-10
-13
-6
-13
-9
-8
-11
-3
4
0
8
15
12
22
15
16
17
10
21
10
17
22
19
18
16
13
11
21
12
11
6
6
3
-3
-7
-5
-5
-2
-1
-10
-9
-10
-10
-8
-4
-17
-18
-22
-20
-26
-19
-7
-14
-13
-7
-3
-16
-9
-8
-4
1
-8
-1
-2
-5
-4
-7
1
-2
-1
6
3
5
10
10
20
23
13
10
6
5
11
19
5
3
-3
-1
7
1
0
6
1
2
-1
-5
4
-1
6
0
0
3
-2
-1
-3
4
9
1
1
-5
-2
-4
-5
3
-9
0
-5
-9
0
-6
-2
-10
-2
-6
-9
0
-5
-6
-3
-9
-13
-5
-6
-4
-1
-7
-6
-11
-13
-12
-7
-6
-6
-11
-3
-6
-2
-4
-18
-9
-9
-13
-15
-9
-10
-3
-3
-6
-3
-10
-7
-10
-16
-15
-13
-17
-9
-7
-10
-6
-6
-2
2
4
3
1
-3
-11
3
7
9
7
8
19
15
16
8
-3
1
6
1
-3
1
4
-3
-1
-2
-4
-1
3
-3
-6
-1
-6
3
-9
-1
1
-6
-6
-6
-4
-6
0
-1
4
11
8
7
3
-3
-4
2
10
-1
2
-5
-7
1
0
0
0
5
5
2
6
3
1
2
0
8
2
8
10
10
4
-3
3
-6
-4
-1
-7
-6
-11
-16
-10
-10
-14
-10
0
-6
-10
-6
-3
0
1
3
-6
-7
-4
12
10
0
2
3
3
3
7
11
14
22
23
23
25
13
13
20
16
18
23
16
13
12
8
16
13
15
17
19
23
14
22
21
32
34
29
31
25
28
19
28
18
12
17
0
-2
-1
0
-1
2
2
2
6
9
11
11
3
7
15
17
19
22
10
6
4
1
5
3
1
-9
6
3
-2
-2
-11
0
4
5
7
11
15
16
11
15
22
14
16
16
11
-2
2
-8
-5
-10
-22
-4
-11
-11
-10
-10
1
2
-6
-4
-4
-7
-7
0
12
16
10
3
0
-10
-9
-16
-16
-13
-17
-19
-12
-9
-8
-3
4
9
9
29
29
35
28
23
24
26
39
20
9
14
3
-11
-16
-11
-18
-38
-29
-21
-17
-20
-12
-15
-13
3
-9
7
6
1
10
22
10
0
-1
-21
-20
-31
-32
-21
-27
-37
-32
-26
-36
-37
-31
-19
-6
5
6
13
11
1
2
-3
-3
-15
-21
-16
-20
-37
-46
-54
-60
-66
-66
-45
-40
-29
-15
2
9
-2
-10
9
19
16
24
19
8
-16
-36
-36
-31
-43
-51
-48
-54
-51
-36
-25
-13
0
-9
-1
22
39
59
63
57
43
25
22
12
10
6
-12
-23
-30
-38
-57
-65
-50
-34
-16
0
17
19
22
25
31
40
41
41
39
25
7
2
4
-26
-49
-64
-85
-80
-70
-42
-21
-20
-39
-38
-13
9
53
91
126
121
105
103
116
122
103
85
84
80
60
73
80
79
59
44
71
98
120
159
199
204
199
205
227
229
216
212
231
230
188
150
122
94
45
0
8
29
20
7
17
24
18
32
64
98
107
106
124
131
115
126
162
134
5
-102
-73
26
64
15
-36
-70
-137
-165
-62
100
152
56
-22
-3
55
83
111
113
41
-59
-100
-70
-66
-110
-164
-220
-336
-445
-442
-375
-360
-396
-421
-410
-448
-539
-532
-427
-362
-424
-510
-533
-528
-569
-623
-620
-644
-733
-799
-790
-730
-712
-732
-730
-731
-727
-687
-579
-477
-437
-384
-295
-238
-239
-236
-143
-38
-11
-6
37
98
113
132
203
275
291
289
358
503
621
695
746
793
819
851
929
1016
1072
1089
1102
1087
1061
1019
990
974
951
942
942
917
860
818
809
823
794
731
676
680
686
667
648
612
533
402
317
316
338
284
161
59
12
-19
-69
-114
-141
-181
-225
-204
-162
-138
-133
-146
-143
-170
-173
-107
-34
-36
-66
-43
-28
-99
-196
-180
-69
-40
-131
-164
-124
-117
-183
-196
-129
-125
-208
-271
-234
-231
-277
-322
-359
-485
-659
-702
-674
-744
-924
-1007
-991
-1088
-1335
-1464
-1383
-1381
-1543
-1630
-1539
-1504
-1660
-1756
-1656
-1566
-1628
-1685
-1574
-1464
-1481
-1478
-1351
-1253
-1302
-1275
-1071
-885
-825
-744
-516
-348
-347
-243
76
337
376
413
656
917
1008
1095
1302
1468
1419
1364
1539
1775
1848
1825
1861
1865
1759
1703
1815
1907
1847
1728
1672
1641
1544
1490
1507
1450
1240
1051
1019
1024
940
797
702
576
383
235
219
251
188
52
-60
-122
-154
-144
-129
-156
-211
-231
-212
-189
-130
-44
6
-44
-96
-35
84
173
222
299
377
386
349
386
497
592
668
720
759
751
747
805
872
898
888
874
840
788
760
777
733
585
445
356
280
158
16
-94
-228
-401
-595
-736
-859
-1053
-1278
-1460
-1583
-1700
-1856
-2053
-2264
-2483
-2651
-2763
-2864
-2944
-3039
-3156
-3293
-3392
-3395
-3365
-3368
-3383
-3368
-3299
-3177
-3023
-2876
-2752
-2648
-2501
-2271
-1999
-1685
-1355
-1097
-976
-826
-467
19
399
606
792
1030
1295
1602
1995
2377
2553
2557
2625
2867
3155
3364
3517
3586
3510
3389
3398
3517
3554
3468
3357
3243
3066
2861
2755
2694
2510
2219
1991
1848
1676
1436
1233
1072
872
639
432
300
178
28
-116
-235
-354
-442
-511
-574
-635
-690
-733
-753
-718
-670
-640
-645
-629
-563
-486
-427
-338
-224
-143
-75
19
120
146
146
251
430
532
527
534
604
623
595
631
751
781
673
591
615
644
587
510
454
369
225
160
155
58
-140
-322
-408
-519
-695
-845
-980
-1187
-1477
-1670
-1705
-1774
-2021
-2329
-2525
-2642
-2768
-2892
-2967
-3052
-3216
-3390
-3485
-3509
-3508
-3505
-3517
-3559
-3556
-3451
-3300
-3205
-3160
-3031
-2801
-2559
-2313
-2042
-1795
-1596
-1398
-1033
-555
-152
130
355
617
932
1328
1773
2143
2373
2530
2724
2961
3196
3502
3796
3906
3833
3794
3912
4062
4115
4062
4001
3888
3695
3515
3445
3402
3209
2860
2540
2314
2146
1944
1672
1391
1110
839
580
391
231
57
-141
-351
-543
-674
-734
-747
-816
-958
-1011
-938
-912
-1020
-1068
-878
-613
-587
-715
-696
-499
-340
-244
-20
246
252
87
145
471
787
877
841
822
780
789
970
1155
1130
955
860
853
790
739
754
700
462
208
148
174
37
-211
-371
-450
-622
-867
-1037
-1156
-1312
-1535
-1743
-1935
-2133
-2304
-2459
-2605
-2758
-2924
-3114
-3316
-3424
-3395
-3369
-3502
-3707
-3798
-3723
-3620
-3585
-3574
-3536
-3503
-3440
-3307
-3122
-2924
-2795
-2685
-2527
-2241
-1884
-1599
-1422
-1237
-894
-461
-78
227
523
837
1169
1520
1887
2251
2572
2816
2983
3170
3436
3725
3929
4024
4096
4180
4232
4217
4251
4355
4377
4239
4037
3922
3855
3759
3613
3433
3172
2830
2537
2358
2193
1922
1564
1192
862
632
471
262
-51
-379
-573
-657
-750
-894
-1036
-1149
-1257
-1292
-1230
-1150
-1181
-1308
-1337
-1190
-977
-871
-893
-910
-826
-644
-430
-257
-168
-123
-40
130
351
544
673
730
740
774
903
1087
1157
1066
956
940
992
953
834
726
630
499
368
267
139
-64
-265
-375
-436
-563
-806
-1094
-1319
-1423
-1482
-1620
-1900
-2192
-2434
-2637
-2772
-2826
-2886
-3139
-3491
-3665
-3621
-3619
-3738
-3806
-3809
-3892
-4012
-3964
-3733
-3596
-3616
-3576
-3449
-3344
-3203
-2881
-2553
-2457
-2421
-2108
-1631
-1325
-1159
-848
-407
-72
214
627
1075
1388
1648
2076
2564
2877
3098
3404
3751
3971
4181
4473
4708
4760
4749
4862
5011
5055
5016
4991
4899
4684
4478
4430
4401
4183
3822
3486
3219
2945
2683
2454
2180
1765
1307
967
752
492
119
-205
-458
-720
-1034
-1290
-1439
-1557
-1687
-1830
-1944
-2068
-2133
-2057
-1949
-1974
-2049
-1978
-1779
-1628
-1561
-1433
-1256
-1145
-1062
-842
-522
-345
-341
-259
8
262
394
481
601
726
807
913
1020
1058
1062
1107
1143
1085
962
897
930
857
674
529
426
265
63
-84
-199
-402
-702
-898
-1026
-1254
-1533
-1693
-1806
-2089
-2490
-2685
-2676
-2808
-3126
-3330
-3406
-3660
-3971
-3903
-3595
-3717
-4265
-4472
-4111
-3845
-3987
-4055
-3819
-3700
-3797
-3591
-3047
-2787
-2896
-2702
-2030
-1557
-1586
-1461
-840
-209
66
326
802
1176
1395
1818
2484
2895
2965
3189
3726
4127
4210
4369
4765
5037
5021
5033
5240
5367
5264
5181
5225
5164
4921
4720
4635
4451
4087
3772
3572
3308
2884
2485
2258
1984
1568
1162
876
590
216
-78
-242
-458
-864
-1252
-1393
-1385
-1462
-1659
-1854
-2036
-2139
-2076
-1878
-1801
-1940
-2047
-1930
-1686
-1545
-1441
-1283
-1155
-1078
-934
-665
-423
-334
-257
-90
79
182
312
522
643
595
565
688
844
894
887
864
767
619
579
698
746
595
341
136
19
-25
-46
-145
-384
-686
-891
-1011
-1104
-1219
-1404
-1707
-2002
-2106
-2098
-2263
-2646
-2879
-2845
-2882
-3180
-3412
-3366
-3334
-3578
-3846
-3767
-3561
-3597
-3744
-3755
-3671
-3607
-3452
-3156
-2959
-3010
-2984
-2551
-1969
-1703
-1701
-1528
-1058
-507
-54
312
574
773
1153
1773
2383
2695
2808
3070
3521
3925
4187
4421
4690
4890
4984
5075
5186
5264
5301
5312
5261
5098
4889
4719
4591
4413
4165
3837
3466
3093
2773
2515
2201
1784
1336
954
622
325
13
-312
-673
-1030
-1306
-1476
-1615
-1839
-2074
-2237
-2275
-2331
-2453
-2496
-2397
-2265
-2250
-2302
-2241
-2009
-1804
-1687
-1555
-1350
-1153
-1022
-892
-665
-380
-124
19
44
88
269
570
793
847
806
800
841
926
1085
1187
1078
828
706
819
929
854
661
443
237
147
217
201
-56
-417
-597
-664
-809
-916
-954
-1183
-1700
-1998
-1804
-1662
-2105
-2662
-2662
-2486
-2769
-3234
-3208
-2969
-3222
-3730
-3746
-3404
-3417
-3749
-3819
-3616
-3576
-3596
-3332
-3068
-3215
-3354
-2858
-2115
-1964
-2201
-1991
-1305
-793
-578
-215
296
562
749
1336
2121
2471
2469
2791
3489
3960
4034
4231
4713
5054
5086
5140
5391
5572
5557
5560
5619
5506
5238
5098
5113
4985
4627
4251
3951
3603
3217
2971
2767
2287
1608
1169
998
730
215
-265
-540
-837
-1249
-1579
-1751
-1945
-2217
-2401
-2469
-2623
-2853
-2866
-2672
-2591
-2731
-2791
-2596
-2374
-2278
-2146
-1908
-1770
-1720
-1527
-1136
-838
-774
-675
-421
-178
-76
82
382
605
623
576
684
880
1037
1105
1087
1022
910
868
936
1001
940
724
485
368
383
379
206
-75
-304
-417
-493
-602
-765
-999
-1257
-1434
-1463
-1507
-1741
-2053
-2232
-2286
-2393
-2586
-2719
-2788
-2940
-3170
-3310
-3269
-3210
-3301
-3458
-3524
-3493
-3410
-3275
-3112
-3035
-3104
-3082
-2753
-2256
-1921
-1863
-1858
-1633
-1128
-525
-48
173
256
475
1011
1734
2261
2452
2563
2882
3359
3794
4147
4447
4689
4804
4908
5135
5408
5546
5517
5487
5452
5314
5112
5045
5070
4887
4391
3891
3673
3581
3321
2867
2351
1890
1504
1200
940
557
28
-442
-710
-908
-1213
-1593
-1898
-2104
-2287
-2449
-2595
-2788
-2987
-3014
-2856
-2768
-2917
-3083
-2961
-2636
-2414
-2362
-2293
-2125
-1935
-1706
-1401
-1089
-916
-822
-651
-380
-105
110
304
418
463
550
755
965
1026
1003
1011
1034
985
986
1119
1162
958
678
617
764
769
553
316
154
46
-55
-155
-290
-518
-793
-974
-1078
-1188
-1336
-1544
-1805
-2060
-2179
-2198
-2310
-2576
-2824
-2912
-2939
-3051
-3163
-3184
-3192
-3337
-3514
-3501
-3297
-3130
-3174
-3275
-3264
-3084
-2802
-2478
-2196
-2081
-2070
-1938
-1438
-730
-260
-146
-99
248
894
1556
2033
2277
2466
2801
3317
3829
4143
4363
4635
4920
5076
5165
5374
5633
5733
5641
5544
5497
5402
5289
5210
5095
4750
4278
3983
3836
3585
3136
2659
2246
1815
1380
1014
654
190
-320
-715
-1030
-1397
-1795
-2090
-2308
-2583
-2889
-3083
-3155
-3280
-3436
-3467
-3395
-3391
-3449
-3394
-3182
-2985
-2899
-2811
-2611
-2359
-2130
-1875
-1602
-1403
-1252
-1013
-658
-341
-161
-38
139
364
590
816
976
1037
1078
1166
1301
1403
1410
1388
1349
1272
1214
1209
1188
1053
853
678
556
473
416
271
-37
-361
-495
-478
-572
-823
-1084
-1316
-1580
-1735
-1655
-1663
-2046
-2566
-2678
-2453
-2485
-2832
-3072
-3022
-3058
-3304
-3371
-3173
-3078
-3218
-3268
-3124
-2991
-2927
-2700
-2353
-2191
-2188
-1979
-1515
-1139
-928
-623
-159
195
408
739
1277
1767
2060
2366
2804
3187
3423
3699
4115
4512
4716
4807
4959
5142
5278
5400
5506
5475
5311
5162
5120
5058
4836
4534
4277
4037
3693
3287
2937
2646
2275
1814
1375
981
569
143
-208
-521
-906
-1377
-1764
-1987
-2180
-2474
-2791
-2998
-3112
-3211
-3354
-3493
-3547
-3494
-3382
-3297
-3308
-3364
-3259
-2895
-2530
-2395
-2418
-2304
-1944
-1542
-1263
-1055
-840
-658
-484
-212
161
431
527
601
779
964
1084
1256
1450
1482
1347
1299
1467
1606
1517
1374
1350
1302
1093
952
1037
1051
754
378
237
233
86
-126
-251
-438
-834
-1152
-1081
-963
-1290
-1883
-2112
-1950
-1943
-2297
-2603
-2641
-2683
-2892
-3014
-2933
-2967
-3211
-3334
-3161
-3020
-3098
-3117
-2892
-2703
-2776
-2785
-2381
-1834
-1660
-1757
-1648
-1170
-641
-267
55
322
495
748
1315
2002
2376
2380
2501
2990
3526
3814
3980
4231
4464
4561
4617
4837
5071
5121
5001
4902
4880
4773
4636
4565
4471
4162
3707
3367
3230
3047
2667
2190
1758
1384
1044
751
418
-58
-566
-878
-1057
-1337
-1783
-2164
-2361
-2497
-2685
-2892
-3064
-3261
-3380
-3332
-3221
-3286
-3441
-3389
-3149
-2963
-2919
-2799
-2574
-2393
-2254
-1998
-1635
-1400
-1303
-1101
-715
-409
-260
-70
224
466
580
740
998
1210
1267
1293
1422
1577
1663
1685
1681
1647
1637
1656
1625
1550
1461
1358
1212
1033
933
894
776
509
231
67
-46
-183
-365
-593
-870
-1112
-1260
-1379
-1577
-1826
-2004
-2154
-2354
-2560
-2629
-2649
-2806
-3019
-3120
-3078
-3076
-3135
-3154
-3109
-3048
-2992
-2864
-2706
-2617
-2502
-2216
-1863
-1665
-1574
-1321
-832
-364
-119
59
380
845
1286
1655
1982
2270
2555
2899
3320
3657
3834
3955
4201
4499
4658
4681
4729
4847
4873
4782
4698
4662
4561
4327
4075
3914
3718
3401
3047
2738
2437
2061
1663
1308
954
535
134
-198
-537
-923
-1292
-1586
-1878
-2172
-2426
-2607
-2778
-2997
-3175
-3282
-3321
-3329
-3280
-3257
-3367
-3422
-3198
-2797
-2621
-2743
-2737
-2332
-1855
-1685
-1641
-1417
-1027
-759
-605
-338
-6
207
361
621
875
990
1113
1404
1641
1606
1493
1654
1973
2046
1857
1753
1836
1864
1792
1745
1729
1533
1255
1159
1214
1155
876
607
436
301
136
-7
-153
-411
-710
-920
-1026
-1188
-1426
-1609
-1770
-1999
-2263
-2412
-2460
-2544
-2723
-2913
-3057
-3208
-3254
-3138
-3064
-3198
-3427
-3416
-3111
-2848
-2823
-2908
-2810
-2492
-2146
-1894
-1742
-1565
-1274
-856
-426
-129
86
397
840
1263
1565
1837
2201
2613
2939
3154
3343
3606
3935
4226
4353
4340
4343
4476
4688
4751
4612
4410
4275
4195
4087
3939
3732
3407
3012
2673
2453
2237
1863
1394
1002
690
351
-4
-330
-652
-1029
-1390
-1635
-1817
-2096
-2427
-2603
-2651
-2745
-2961
-3122
-3118
-3063
-3046
-3022
-2929
-2858
-2858
-2728
-2401
-2098
-2019
-1997
-1742
-1336
-1054
-935
-739
-409
-114
31
159
423
745
951
1021
1089
1276
1527
1681
1684
1649
1698
1824
1915
1881
1815
1768
1719
1646
1595
1538
1426
1277
1143
1043
873
664
535
492
332
16
-274
-379
-427
-616
-866
-1081
-1273
-1504
-1678
-1730
-1816
-2098
-2434
-2556
-2502
-2538
-2784
-3018
-3076
-3064
-3059
-3083
-3126
-3192
-3218
-3080
-2854
-2744
-2796
-2775
-2491
-2079
-1824
-1767
-1678
-1343
-839
-422
-213
-61
237
707
1179
1493
1696
1966
2379
2787
3046
3182
3383
3709
4033
4175
4170
4185
4321
4509
4563
4443
4256
4159
4109
4026
3834
3552
3269
2982
2691
2381
2089
1800
1455
1018
560
216
-26
-274
-627
-1060
-1431
-1690
-1901
-2104
-2304
-2502
-2682
-2870
-3003
-3041
-3000
-2962
-2967
-2997
-2977
-2849
-2657
-2469
-2329
-2176
-1981
-1723
-1488
-1272
-1037
-765
-486
-266
-71
155
455
724
901
1026
1198
1386
1559
1691
1798
1864
1863
1894
2004
2138
2109
1945
1841
1866
1898
1805
1628
1486
1370
1221
1047
909
793
618
399
169
-48
-240
-395
-540
-766
-1081
-1344
-1498
-1598
-1761
-1997
-2192
-2380
-2579
-2726
-2784
-2812
-2956
-3182
-3340
-3332
-3239
-3208
-3271
-3376
-3379
-3248
-3038
-2870
-2806
-2766
-2627
-2356
-2027
-1736
-1555
-1405
-1151
-765
-331
33
269
504
846
1224
1563
1894
2243
2580
2806
2961
3183
3505
3828
4001
4026
4056
4165
4301
4387
4351
4254
4156
4065
3955
3792
3606
3377
3125
2852
2566
2277
2003
1695
1331
927
559
318
76
-266
-703
-1094
-1338
-1498
-1707
-1981
-2228
-2444
-2598
-2684
-2723
-2779
-2870
-2943
-2917
-2811
-2735
-2670
-2565
-2406
-2241
-2071
-1856
-1626
-1412
-1214
-965
-670
-408
-200
1
253
521
763
1003
1194
1331
1460
1639
1836
1980
2064
2102
2129
2139
2175
2247
2276
2200
2039
1936
1905
1851
1709
1514
1352
1212
1043
822
591
381
191
25
-165
-468
-802
-1026
-1150
-1303
-1586
-1884
-2086
-2213
-2397
-2624
-2781
-2898
-3030
-3185
-3290
-3360
-3461
-3535
-3497
-3424
-3459
-3566
-3541
-3313
-3095
-3037
-3040
-2905
-2610
-2289
-2033
-1845
-1676
-1435
-1067
-602
-231
-47
104
439
939
1368
1644
1859
2118
2417
2710
2996
3269
3502
3662
3764
3847
3938
4051
4200
4298
4208
3958
3773
3789
3891
3795
3430
3013
2747
2632
2495
2254
1894
1467
1069
795
608
354
-9
-380
-664
-901
-1158
-1402
-1577
-1751
-1954
-2149
-2244
-2309
-2407
-2454
-2412
-2371
-2428
-2439
-2272
-2030
-1938
-1957
-1835
-1520
-1240
-1112
-987
-758
-489
-281
-53
217
436
561
687
939
1201
1363
1460
1580
1704
1782
1854
1957
2060
2071
2035
2020
2010
1964
1901
1869
1824
1678
1501
1370
1264
1129
968
837
681
424
134
-32
-107
-262
-558
-859
-1045
-1205
-1431
-1645
-1798
-1965
-2219
-2460
-2591
-2687
-2841
-3028
-3151
-3262
-3399
-3482
-3454
-3434
-3556
-3694
-3647
-3445
-3325
-3336
-3319
-3193
-3025
-2803
-2475
-2183
-2104
-2085
-1803
-1230
-749
-576
-471
-172
278
670
1009
1354
1700
1982
2219
2488
2770
3040
3355
3648
3761
3724
3742
3982
4269
4337
4162
3965
3891
3873
3863
3771
3524
3173
2858
2704
2573
2275
1856
1502
1262
985
623
256
-32
-314
-618
-874
-1096
-1340
-1641
-1868
-1981
-2046
-2167
-2300
-2387
-2453
-2479
-2425
-2285
-2184
-2165
-2129
-1985
-1773
-1580
-1396
-1181
-972
-829
-677
-409
-79
145
252
410
676
911
1021
1145
1346
1521
1591
1624
1721
1842
1872
1840
1852
1895
1873
1821
1784
1712
1576
1442
1406
1390
1254
1003
796
686
594
468
326
154
-110
-383
-528
-566
-689
-948
-1211
-1384
-1538
-1738
-1881
-1955
-2102
-2346
-2553
-2665
-2748
-2870
-2970
-3009
-3095
-3258
-3365
-3343
-3290
-3288
-3298
-3240
-3180
-3189
-3146
-2933
-2671
-2525
-2439
-2265
-1989
-1757
-1529
-1202
-820
-538
-364
-84
333
721
992
1288
1671
2018
2237
2433
2760
3116
3357
3500
3659
3825
3927
4015
4136
4230
4197
4080
4035
4011
3885
3680
3517
3380
3156
2848
2544
2293
2014
1706
1427
1159
810
389
52
-160
-359
-645
-954
-1213
-1439
-1653
-1800
-1871
-1969
-2133
-2238
-2225
-2209
-2223
-2190
-2061
-1940
-1886
-1802
-1594
-1369
-1233
-1097
-845
-544
-383
-275
-44
277
512
623
787
1027
1215
1302
1399
1586
1735
1756
1760
1849
1902
1853
1779
1800
1846
1761
1595
1433
1366
1306
1185
1012
828
652
470
313
148
-43
-236
-385
-551
-794
-1047
-1191
-1261
-1388
-1637
-1890
-2026
-2118
-2255
-2415
-2531
-2621
-2747
-2905
-2992
-3016
-3060
-3145
-3184
-3198
-3224
-3262
-3252
-3167
-3087
-3062
-3041
-2916
-2766
-2658
-2556
-2374
-2119
-1891
-1731
-1565
-1325
-1011
-687
-389
-132
88
369
721
1086
1378
1631
1911
2228
2501
2693
2914
3202
3466
3632
3721
3823
3967
4073
4127
4151
4146
4099
3993
3886
3821
3708
3508
3253
3037
2830
2582
2283
1981
1699
1388
1079
769
476
152
-184
-488
-729
-955
-1215
-1473
-1675
-1858
-2055
-2185
-2210
-2216
-2333
-2491
-2510
-2343
-2181
-2149
-2147
-2030
-1818
-1639
-1502
-1293
-1032
-827
-664
-455
-178
72
256
464
735
964
1096
1196
1391
1642
1775
1780
1817
1954
2064
2040
1983
1978
2007
1966
1841
1730
1624
1512
1338
1191
1062
895
667
412
210
49
-109
-313
-556
-818
-1058
-1219
-1343
-1550
-1820
-2031
-2130
-2242
-2443
-2674
-2765
-2767
-2854
-3041
-3174
-3188
-3179
-3195
-3217
-3201
-3205
-3222
-3182
-3038
-2921
-2889
-2839
-2670
-2456
-2331
-2242
-2046
-1746
-1503
-1366
-1212
-957
-652
-367
-136
111
363
622
900
1199
1441
1655
1906
2171
2409
2571
2726
2936
3163
3293
3357
3440
3577
3671
3681
3647
3637
3628
3589
3522
3428
3268
3048
2890
2799
2685
2417
2055
1777
1637
1471
1180
833
567
337
75
-207
-422
-599
-840
-1094
-1298
-1416
-1555
-1719
-1824
-1844
-1901
-2020
-2078
-1996
-1898
-1891
-1893
-1786
-1608
-1487
-1410
-1263
-1024
-833
-691
-529
-278
-55
84
261
527
763
891
989
1178
1394
1505
1573
1694
1858
1894
1846
1857
1954
1994
1904
1789
1744
1703
1556
1395
1296
1208
1024
758
530
372
217
4
-236
-470
-737
-989
-1178
-1328
-1556
-1864
-2121
-2249
-2362
-2585
-2849
-3016
-3060
-3131
-3277
-3419
-3491
-3518
-3535
-3555
-3542
-3528
-3495
-3423
-3341
-3284
-3180
-2963
-2714
-2576
-2563
-2441
-2085
-1645
-1415
-1367
-1224
-829
-392
-105
62
261
582
952
1255
1473
1704
1954
2241
2522
2729
2837
2975
3203
3429
3527
3540
3575
3690
3780
3747
3663
3611
3605
3545
3431
3278
3116
2933
2742
2567
2397
2151
1855
1589
1363
1139
870
607
386
127
-184
-461
-644
-775
-976
-1215
-1388
-1485
-1634
-1800
-1861
-1796
-1789
-1947
-2109
-2065
-1828
-1684
-1723
-1756
-1619
-1389
-1218
-1118
-971
-777
-576
-415
-210
12
167
333
559
819
986
1051
1147
1363
1572
1674
1684
1738
1820
1893
1928
1919
1902
1858
1814
1773
1716
1559
1399
1295
1210
1055
833
617
460
297
60
-206
-426
-591
-814
-1093
-1377
-1622
-1824
-1984
-2148
-2377
-2664
-2910
-3036
-3063
-3150
-3356
-3559
-3651
-3638
-3646
-3688
-3725
-3720
-3690
-3666
-3593
-3468
-3340
-3223
-3094
-2923
-2732
-2508
-2251
-1992
-1765
-1520
-1218
-859
-546
-310
-26
338
711
982
1235
1559
1927
2205
2383
2583
2860
3151
3350
3462
3546
3640
3744
3899
4048
4065
3927
3776
3762
3856
3850
3641
3357
3139
3000
2870
2675
2434
2159
1836
1517
1253
1047
813
541
217
-86
-327
-515
-692
-901
-1109
-1305
-1447
-1559
-1645
-1725
-1811
-1880
-1900
-1853
-1799
-1795
-1807
-1737
-1570
-1389
-1253
-1171
-1068
-887
-668
-450
-240
-44
133
287
464
684
914
1105
1201
1302
1441
1603
1732
1786
1835
1896
1948
1927
1866
1834
1868
1881
1773
1600
1459
1381
1321
1211
1048
810
552
360
262
162
-98
-457
-764
-918
-1045
-1264
-1546
-1816
-2055
-2305
-2488
-2594
-2689
-2884
-3167
-3379
-3429
-3415
-3474
-3583
-3704
-3798
-3822
-3749
-3631
-3560
-3594
-3632
-3524
-3297
-3075
-2947
-2820
-2623
-2365
-2096
-1850
-1597
-1311
-963
-629
-331
-80
192
587
1014
1333
1549
1781
2077
2414
2690
2897
3091
3290
3480
3602
3722
3837
3913
3973
4011
3998
3933
3867
3827
3783
3656
3435
3225
3049
2864
2617
2342
2062
1770
1498
1228
928
611
306
56
-134
-387
-712
-996
-1160
-1268
-1408
-1569
-1717
-1846
-1962
-2014
-1962
-1885
-1935
-2061
-2074
-1864
-1633
-1566
-1567
-1479
-1219
-961
-814
-706
-510
-246
-10
185
335
501
719
975
1186
1308
1371
1473
1652
1809
1881
1886
1900
1933
1974
1969
1918
1874
1851
1812
1703
1549
1414
1343
1281
1112
853
617
449
343
201
-34
-341
-639
-823
-966
-1157
-1445
-1747
-1937
-2062
-2274
-2538
-2705
-2776
-2890
-3124
-3363
-3448
-3436
-3492
-3609
-3688
-3714
-3758
-3786
-3704
-3545
-3480
-3554
-3560
-3343
-3037
-2867
-2782
-2603
-2318
-2075
-1897
-1615
-1201
-828
-619
-475
-184
252
678
988
1202
1424
1688
2024
2374
2654
2828
2962
3148
3376
3568
3668
3732
3816
3913
3953
3926
3854
3788
3780
3746
3602
3347
3101
2961
2867
2696
2394
2041
1770
1575
1390
1129
810
491
229
33
-153
-367
-631
-860
-1049
-1178
-1274
-1379
-1534
-1721
-1808
-1767
-1669
-1704
-1836
-1854
-1682
-1486
-1436
-1450
-1348
-1124
-940
-841
-730
-496
-243
-110
-16
164
417
622
756
872
983
1103
1243
1424
1558
1584
1555
1603
1747
1862
1824
1703
1643
1683
1719
1635
1477
1320
1242
1186
1056
823
585
437
334
154
-124
-418
-615
-748
-942
-1194
-1467
-1684
-1869
-2043
-2229
-2437
-2660
-2847
-2971
-3057
-3183
-3357
-3511
-3582
-3562
-3589
-3665
-3729
-3722
-3643
-3568
-3530
-3461
-3291
-3100
-2992
-2912
-2711
-2331
-1973
-1826
-1781
-1563
-1077
-585
-328
-226
-13
374
810
1143
1395
1630
1889
2172
2438
2679
2880
3087
3300
3473
3571
3625
3728
3894
3974
3914
3778
3725
3758
3747
3604
3357
3145
3009
2886
2690
2412
2105
1857
1647
1422
1133
841
594
370
111
-149
-349
-498
-654
-903
-1151
-1290
-1303
-1306
-1408
-1613
-1765
-1751
-1596
-1468
-1501
-1604
-1587
-1383
-1166
-1040
-958
-822
-652
-505
-354
-120
144
329
406
483
676
934
1137
1255
1302
1320
1362
1485
1656
1752
1715
1595
1546
1612
1692
1657
1522
1361
1250
1207
1137
998
835
674
477
256
54
-64
-147
-373
-720
-1010
-1159
-1249
-1425
-1687
-1926
-2103
-2303
-2515
-2653
-2708
-2806
-3043
-3291
-3362
-3309
-3334
-3479
-3628
-3640
-3620
-3609
-3589
-3531
-3474
-3481
-3459
-3314
-3074
-2902
-2826
-2722
-2497
-2198
-1923
-1744
-1575
-1307
-943
-580
-314
-113
119
464
845
1157
1404
1655
1944
2209
2423
2626
2865
3113
3315
3436
3512
3616
3762
3919
3986
3939
3836
3796
3832
3850
3742
3499
3277
3132
3038
2857
2604
2334
2093
1870
1597
1314
1082
882
633
350
88
-109
-284
-472
-673
-823
-967
-1142
-1263
-1275
-1264
-1388
-1606
-1641
-1411
-1211
-1280
-1486
-1463
-1157
-873
-830
-847
-688
-443
-285
-195
-5
266
428
466
527
733
973
1116
1167
1195
1239
1264
1361
1526
1612
1527
1369
1310
1386
1453
1380
1202
1039
934
860
787
682
525
296
70
-104
-227
-360
-541
-793
-1081
-1322
-1458
-1547
-1684
-1915
-2199
-2429
-2571
-2646
-2718
-2818
-2986
-3188
-3374
-3433
-3369
-3300
-3366
-3562
-3685
-3622
-3431
-3302
-3306
-3364
-3316
-3161
-2957
-2764
-2605
-2432
-2230
-2019
-1823
-1586
-1286
-952
-645
-404
-224
-2
343
774
1131
1328
1465
1691
2064
2418
2617
2713
2856
3108
3359
3486
3512
3566
3676
3802
3849
3783
3699
3666
3666
3603
3435
3225
3072
2966
2807
2570
2297
2062
1881
1685
1436
1139
859
649
478
282
30
-222
-417
-533
-651
-800
-966
-1087
-1143
-1203
-1284
-1356
-1362
-1309
-1244
-1218
-1201
-1158
-1052
-898
-746
-619
-524
-420
-290
-106
108
272
378
456
596
805
977
1056
1101
1188
1289
1353
1384
1450
1507
1496
1427
1397
1448
1447
1325
1177
1127
1074
910
699
600
578
427
99
-187
-259
-269
-443
-798
-1112
-1287
-1378
-1523
-1745
-1966
-2161
-2341
-2509
-2667
-2799
-2877
-2970
-3152
-3378
-3509
-3476
-3395
-3447
-3622
-3727
-3669
-3545
-3473
-3449
-3392
-3334
-3268
-3156
-2945
-2709
-2575
-2464
-2256
-1940
-1668
-1477
-1257
-919
-556
-317
-141
109
451
826
1135
1355
1570
1804
2116
2449
2688
2798
2886
3094
3373
3533
3534
3552
3684
3836
3868
3771
3679
3689
3691
3594
3409
3212
3068
2952
2790
2563
2299
2066
1878
1665
1403
1127
873
651
430
174
-55
-255
-432
-610
-771
-917
-1059
-1192
-1290
-1315
-1354
-1446
-1541
-1538
-1426
-1315
-1302
-1324
-1265
-1080
-890
-771
-697
-606
-449
-262
-78
61
167
288
473
692
845
912
971
1103
1264
1331
1324
1333
1409
1502
1511
1453
1414
1433
1434
1357
1238
1140
1047
941
826
702
556
360
181
72
-33
-218
-483
-715
-851
-986
-1207
-1452
-1621
-1746
-1930
-2196
-2373
-2417
-2474
-2693
-2989
-3120
-3065
-3078
-3282
-3476
-3508
-3457
-3477
-3537
-3504
-3409
-3396
-3452
-3392
-3184
-2997
-2935
-2876
-2696
-2458
-2241
-2038
-1785
-1521
-1287
-1049
-743
-393
-133
87
369
729
1050
1296
1539
1885
2243
2481
2636
2820
3098
3342
3502
3584
3680
3804
3944
4031
4036
4001
3960
3962
3929
3815
3616
3422
3295
3176
2969
2698
2440
2227
2035
1791
1507
1235
983
727
461
204
-26
-230
-427
-621
-809
-992
-1115
-1160
-1204
-1331
-1523
-1638
-1562
-1393
-1373
-1518
-1590
-1426
-1129
-974
-1009
-1006
-815
-549
-414
-352
-206
37
215
278
356
562
815
958
994
1027
1106
1209
1317
1389
1400
1338
1289
1325
1403
1410
1303
1159
1062
995
905
801
667
503
326
152
45
-39
-201
-431
-657
-823
-977
-1170
-1358
-1497
-1662
-1910
-2137
-2248
-2267
-2354
-2607
-2870
-2991
-2978
-2976
-3102
-3298
-3447
-3474
-3414
-3351
-3369
-3423
-3462
-3429
-3316
-3191
-3109
-3072
-2995
-2852
-2661
-2482
-2294
-2047
-1788
-1594
-1436
-1220
-874
-490
-226
-67
121
434
826
1194
1476
1684
1893
2156
2474
2784
3010
3151
3277
3437
3611
3779
3911
3979
4019
4039
4040
4033
4004
3946
3838
3681
3515
3334
3177
3013
2807
2571
2313
2058
1805
1555
1312
1049
746
452
205
13
-180
-420
-664
-861
-970
-1046
-1197
-1410
-1571
-1559
-1475
-1507
-1676
-1782
-1663
-1411
-1261
-1331
-1381
-1230
-949
-755
-705
-650
-473
-235
-71
34
170
372
572
707
768
822
929
1117
1281
1307
1223
1168
1276
1445
1495
1377
1230
1159
1143
1145
1098
959
754
558
448
397
316
149
-73
-262
-442
-613
-755
-903
-1075
-1310
-1549
-1735
-1868
-1960
-2062
-2224
-2477
-2716
-2831
-2812
-2819
-2991
-3249
-3421
-3424
-3351
-3322
-3382
-3481
-3544
-3518
-3392
-3243
-3161
-3165
-3150
-3005
-2805
-2622
-2453
-2235
-1992
-1802
-1638
-1393
-1023
-654
-392
-228
-42
249
654
1094
1427
1581
1698
1988
2438
2826
2996
3072
3242
3514
3724
3834
3942
4068
4147
4131
4116
4141
4183
4169
4053
3879
3673
3515
3415
3316
3095
2747
2446
2273
2149
1902
1563
1243
993
746
487
253
37
-176
-427
-654
-823
-946
-1077
-1206
-1311
-1436
-1559
-1604
-1522
-1449
-1523
-1644
-1604
-1376
-1188
-1158
-1164
-1053
-861
-722
-622
-462
-262
-141
-102
1
240
456
553
590
660
768
875
956
1043
1098
1091
1056
1041
1084
1113
1105
1034
916
802
733
712
659
492
271
91
3
-60
-205
-405
-594
-726
-882
-1088
-1286
-1434
-1571
-1740
-1931
-2115
-2272
-2394
-2482
-2610
-2803
-3011
-3094
-3063
-3079
-3240
-3420
-3439
-3359
-3334
-3414
-3467
-3390
-3271
-3190
-3137
-3027
-2880
-2755
-2628
-2446
-2204
-1967
-1771
-1593
-1353
-1029
-670
-375
-167
29
330
745
1112
1354
1546
1830
2191
2472
2652
2841
3123
3413
3562
3583
3642
3852
4075
4123
4027
3923
3930
4008
4029
3926
3723
3522
3386
3282
3126
2863
2598
2383
2174
1916
1620
1365
1174
956
642
316
58
-108
-253
-433
-679
-926
-1107
-1195
-1231
-1317
-1457
-1584
-1594
-1524
-1495
-1529
-1540
-1476
-1370
-1279
-1195
-1085
-932
-785
-676
-540
-354
-188
-79
26
201
416
551
615
705
853
976
1036
1069
1144
1233
1251
1229
1236
1254
1236
1178
1125
1076
977
840
744
707
612
411
178
35
-41
-166
-397
-652
-807
-918
-1083
-1321
-1556
-1720
-1856
-2036
-2251
-2442
-2555
-2653
-2803
-2988
-3142
-3227
-3276
-3357
-3497
-3590
-3584
-3537
-3545
-3616
-3631
-3543
-3423
-3350
-3313
-3201
-3019
-2843
-2696
-2513
-2259
-1990
-1771
-1589
-1347
-991
-607
-296
-55
178
482
872
1262
1567
1817
2065
2365
2676
2978
3231
3442
3647
3811
3956
4088
4236
4381
4472
4449
4387
4350
4361
4365
4268
4084
3896
3745
3594
3401
3177
2946
2696
2409
2084
1815
1594
1379
1099
756
440
203
29
-166
-430
-712
-913
-1005
-1071
-1247
-1478
-1591
-1534
-1478
-1583
-1767
-1763
-1570
-1409
-1411
-1462
-1368
-1168
-1009
-943
-844
-655
-455
-319
-235
-123
38
246
434
549
579
583
721
960
1140
1115
980
973
1116
1258
1240
1134
1051
1027
989
906
837
770
656
471
278
149
55
-51
-199
-413
-673
-899
-1030
-1099
-1237
-1498
-1787
-1978
-2071
-2193
-2370
-2556
-2729
-2898
-3062
-3147
-3170
-3226
-3393
-3594
-3667
-3612
-3534
-3550
-3634
-3677
-3635
-3496
-3335
-3218
-3167
-3109
-2950
-2698
-2447
-2257
-2056
-1810
-1553
-1324
-1082
-736
-327
-28
148
360
727
1168
1539
1762
1936
2195
2524
2852
3129
3345
3492
3628
3787
3964
4122
4223
4268
4283
4276
4254
4233
4216
4141
3988
3796
3615
3490
3336
3127
2866
2602
2362
2106
1826
1562
1327
1069
785
487
243
44
-161
-394
-645
-825
-941
-1046
-1216
-1412
-1487
-1454
-1416
-1527
-1685
-1681
-1537
-1373
-1339
-1374
-1323
-1177
-1012
-900
-800
-662
-502
-362
-266
-134
23
223
396
464
458
498
695
939
1049
959
869
942
1106
1164
1080
994
973
950
864
785
746
699
547
330
186
121
66
-92
-310
-506
-679
-831
-977
-1131
-1318
-1529
-1750
-1919
-2041
-2171
-2337
-2521
-2726
-2895
-3002
-3046
-3093
-3239
-3427
-3551
-3509
-3428
-3445
-3566
-3664
-3616
-3456
-3323
-3267
-3221
-3110
-2937
-2787
-2626
-2420
-2137
-1859
-1660
-1510
-1274
-887
-450
-142
16
179
515
1015
1445
1705
1868
2111
2443
2770
3030
3249
3463
3678
3839
3960
4092
4251
4409
4441
4393
4316
4302
4340
4344
4243
4042
3835
3672
3554
3382
3144
2877
2624
2381
2112
1827
1562
1306
1038
742
440
194
-12
-220
-449
-672
-850
-1021
-1207
-1355
-1441
-1479
-1532
-1618
-1684
-1694
-1662
-1632
-1584
-1512
-1445
-1394
-1324
-1180
-999
-838
-734
-648
-516
-364
-196
-36
130
291
372
417
520
699
867
912
889
887
979
1074
1094
1065
1019
974
898
861
851
803
677
502
370
297
203
39
-136
-282
-443
-629
-808
-939
-1062
-1247
-1492
-1709
-1854
-1970
-2099
-2280
-2481
-2681
-2798
-2827
-2888
-3071
-3292
-3391
-3369
-3318
-3356
-3460
-3536
-3523
-3453
-3385
-3300
-3218
-3155
-3060
-2909
-2707
-2497
-2289
-2074
-1886
-1711
-1492
-1160
-749
-422
-227
-47
230
650
1059
1367
1597
1817
2086
2412
2758
3036
3229
3370
3527
3727
3922
4048
4148
4241
4270
4242
4208
4216
4220
4163
4001
3811
3661
3523
3366
3156
2929
2672
2391
2130
1894
1673
1410
1127
837
581
342
104
-124
-373
-569
-729
-879
-1062
-1254
-1369
-1391
-1400
-1510
-1669
-1723
-1633
-1523
-1492
-1501
-1460
-1365
-1251
-1157
-1039
-898
-759
-654
-553
-411
-253
-92
42
163
247
316
411
585
752
809
771
762
859
974
1002
948
904
885
869
825
787
739
642
495
364
279
202
49
-142
-291
-408
-556
-751
-915
-1068
-1229
-1439
-1631
-1764
-1908
-2108
-2306
-2436
-2563
-2747
-2915
-2984
-3049
-3215
-3410
-3471
-3410
-3382
-3511
-3661
-3638
-3497
-3402
-3407
-3369
-3256
-3122
-2980
-2808
-2596
-2392
-2211
-1987
-1723
-1455
-1189
-877
-503
-186
34
267
636
1079
1422
1665
1912
2215
2535
2844
3135
3371
3536
3666
3869
4099
4252
4314
4364
4451
4483
4427
4355
4348
4332
4194
3980
3799
3661
3496
3283
3055
2795
2515
2226
1979
1757
1479
1161
877
656
414
123
-132
-307
-491
-730
-963
-1108
-1210
-1352
-1489
-1525
-1528
-1608
-1736
-1763
-1674
-1618
-1610
-1555
-1417
-1329
-1299
-1200
-970
-767
-738
-747
-565
-275
-101
-42
67
265
395
400
452
677
903
941
857
873
984
1072
1086
1083
1064
977
893
890
980
955
732
511
460
477
366
159
1
-106
-285
-551
-731
-773
-881
-1160
-1459
-1633
-1742
-1922
-2174
-2337
-2448
-2649
-2913
-3023
-2966
-3034
-3348
-3644
-3635
-3458
-3454
-3644
-3760
-3681
-3582
-3582
-3563
-3442
-3298
-3235
-3132
-2878
-2583
-2380
-2248
-2033
-1745
-1504
-1225
-818
-388
-108
29
304
814
1302
1580
1770
2074
2462
2779
3053
3352
3643
3808
3886
4056
4322
4498
4522
4503
4528
4532
4476
4466
4472
4385
4135
3896
3777
3676
3456
3149
2906
2718
2464
2125
1829
1589
1334
1013
701
412
158
-63
-275
-512
-801
-1060
-1213
-1314
-1472
-1672
-1763
-1712
-1708
-1823
-1947
-1900
-1750
-1660
-1615
-1564
-1467
-1351
-1192
-971
-810
-772
-718
-524
-263
-110
-75
20
224
359
365
410
612
783
801
728
749
878
949
977
978
959
889
824
852
891
772
558
429
436
412
237
26
-125
-272
-490
-689
-799
-899
-1112
-1380
-1567
-1654
-1771
-1990
-2203
-2351
-2471
-2583
-2667
-2736
-2837
-2976
-3098
-3184
-3215
-3218
-3223
-3265
-3366
-3436
-3377
-3226
-3149
-3166
-3195
-3123
-2930
-2730
-2544
-2390
-2251
-2062
-1798
-1480
-1176
-900
-610
-280
34
315
635
1048
1438
1713
1912
2168
2507
2825
3066
3235
3416
3601
3783
3963
4105
4175
4206
4230
4267
4310
4324
4294
4230
4150
4031
3885
3719
3543
3347
3161
2955
2687
2377
2077
1805
1532
1238
913
590
260
-40
-297
-522
-762
-1012
-1216
-1368
-1540
-1704
-1750
-1741
-1809
-1922
-1927
-1792
-1682
-1694
-1698
-1564
-1407
-1381
-1345
-1111
-815
-756
-845
-733
-383
-124
-117
-114
73
341
474
525
688
898
990
1002
1096
1265
1358
1358
1377
1433
1426
1346
1318
1343
1270
1039
805
725
697
580
330
73
-115
-284
-440
-612
-789
-1021
-1248
-1417
-1567
-1709
-1864
-2000
-2144
-2338
-2544
-2688
-2739
-2801
-2968
-3189
-3332
-3348
-3348
-3439
-3591
-3698
-3702
-3678
-3665
-3607
-3478
-3380
-3382
-3360
-3159
-2821
-2550
-2405
-2248
-1962
-1647
-1370
-1079
-737
-385
-129
93
385
769
1129
1406
1653
1911
2174
2424
2701
2974
3189
3309
3452
3693
3933
4087
4148
4213
4308
4353
4357
4364
4379
4331
4190
4046
3928
3798
3591
3333
3094
2869
2601
2295
1995
1728
1448
1152
870
595
329
39
-218
-427
-614
-787
-928
-1084
-1286
-1457
-1533
-1529
-1590
-1710
-1778
-1748
-1708
-1722
-1728
-1672
-1581
-1558
-1520
-1367
-1173
-1062
-1034
-920
-674
-431
-293
-184
-12
186
335
448
604
807
981
1039
1060
1128
1254
1363
1363
1267
1205
1235
1268
1208
1059
910
812
734
613
473
356
203
-5
-187
-304
-397
-558
-789
-1026
-1207
-1351
-1521
-1706
-1859
-2021
-2265
-2560
-2749
-2746
-2768
-3015
-3382
-3520
-3373
-3278
-3472
-3734
-3711
-3537
-3534
-3644
-3563
-3267
-3088
-3181
-3207
-2916
-2516
-2314
-2250
-2103
-1827
-1575
-1359
-1053
-730
-511
-342
-65
298
583
778
1078
1466
1741
1892
2116
2492
2835
2986
3092
3318
3600
3776
3853
3950
4060
4103
4138
4198
4210
4105
3938
3885
3870
3762
3515
3287
3173
3016
2763
2482
2288
2139
1894
1574
1319
1158
1004
739
438
207
52
-118
-349
-562
-711
-831
-1050
-1264
-1323
-1283
-1364
-1603
-1756
-1650
-1485
-1539
-1704
-1652
-1410
-1311
-1382
-1340
-1025
-754
-785
-868
-650
-237
-50
-126
-105
149
390
424
414
591
816
846
739
761
941
1059
1007
951
984
1027
981
904
927
957
866
678
565
572
519
314
88
-20
-87
-250
-509
-742
-916
-1091
-1302
-1503
-1657
-1882
-2171
-2387
-2507
-2642
-2838
-2997
-3059
-3163
-3410
-3608
-3567
-3414
-3460
-3693
-3815
-3689
-3540
-3538
-3558
-3428
-3267
-3224
-3181
-2959
-2637
-2463
-2390
-2165
-1779
-1488
-1351
-1120
-630
-157
43
158
531
1111
1527
1688
1870
2292
2756
3020
3144
3338
3634
3876
4005
4146
4299
4356
4344
4385
4496
4536
4421
4282
4229
4149
3999
3809
3671
3544
3294
2984
2732
2550
2319
1997
1707
1490
1230
875
533
322
147
-127
-447
-701
-846
-976
-1182
-1432
-1613
-1667
-1637
-1617
-1719
-1891
-1956
-1814
-1588
-1507
-1545
-1523
-1366
-1196
-1133
-1054
-829
-551
-422
-473
-479
-254
78
294
323
298
371
511
649
777
872
939
948
903
923
1014
1082
1057
977
931
930
878
768
673
589
488
358
231
122
-16
-218
-427
-571
-657
-765
-955
-1189
-1416
-1606
-1723
-1782
-1886
-2100
-2356
-2543
-2639
-2689
-2744
-2846
-2978
-3135
-3304
-3386
-3349
-3277
-3286
-3402
-3509
-3518
-3409
-3279
-3220
-3212
-3145
-2961
-2776
-2643
-2507
-2266
-1961
-1741
-1584
-1339
-933
-530
-316
-178
132
629
1087
1356
1515
1739
2091
2497
2867
3144
3324
3473
3669
3895
4100
4261
4417
4560
4599
4527
4449
4507
4637
4649
4484
4233
4040
3920
3801
3626
3392
3134
2855
2585
2302
1973
1640
1376
1170
911
555
152
-164
-364
-544
-787
-1049
-1217
-1353
-1596
-1865
-1969
-1833
-1722
-1900
-2164
-2210
-1995
-1852
-1899
-1880
-1646
-1423
-1468
-1560
-1356
-911
-640
-678
-695
-474
-193
-56
21
214
437
536
572
684
855
932
955
1053
1210
1260
1172
1103
1157
1195
1127
1071
1079
1027
823
580
490
501
398
171
-43
-180
-382
-661
-863
-931
-1020
-1274
-1582
-1792
-1921
-2114
-2324
-2421
-2463
-2640
-2944
-3135
-3123
-3138
-3334
-3517
-3463
-3352
-3487
-3774
-3852
-3612
-3374
-3394
-3509
-3448
-3287
-3208
-3124
-2857
-2487
-2266
-2228
-2110
-1787
-1428
-1133
-803
-377
-38
90
207
623
1236
1672
1852
1981
2272
2648
2930
3144
3397
3709
3918
4010
4091
4211
4340
4450
4574
4653
4610
4471
4373
4367
4353
4239
4068
3908
3736
3452
3124
2889
2735
2548
2232
1850
1500
1185
883
611
389
174
-132
-480
-794
-1012
-1155
-1271
-1415
-1599
-1764
-1876
-1916
-1949
-2002
-2017
-1938
-1824
-1787
-1845
-1825
-1666
-1460
-1286
-1156
-1056
-960
-828
-664
-481
-314
-96
130
280
307
310
465
779
1053
1111
1037
1040
1153
1263
1321
1363
1393
1353
1257
1141
1049
981
939
883
765
561
321
112
-41
-152
-277
-436
-655
-916
-1184
-1375
-1485
-1596
-1768
-1957
-2161
-2369
-2588
-2742
-2779
-2814
-2925
-3122
-3309
-3443
-3513
-3487
-3418
-3442
-3562
-3669
-3630
-3506
-3409
-3383
-3312
-3127
-2967
-2877
-2803
-2582
-2286
-2031
-1817
-1588
-1325
-1065
-812
-531
-168
173
435
711
1036
1344
1573
1800
2149
2554
2841
2957
3047
3287
3600
3833
3961
4077
4194
4259
4295
4343
4430
4465
4409
4328
4279
4200
4014
3807
3686
3605
3415
3106
2812
2579
2336
2053
1763
1535
1307
1012
636
305
82
-123
-320
-528
-732
-1024
-1335
-1475
-1462
-1473
-1633
-1855
-1941
-1882
-1873
-1947
-1940
-1791
-1662
-1686
-1750
-1657
-1418
-1198
-1141
-1126
-972
-726
-556
-468
-367
-202
6
202
346
408
477
585
733
902
1008
1021
1018
1072
1115
1094
1059
1093
1140
1055
858
686
654
667
581
383
149
-19
-142
-284
-445
-633
-854
-1052
-1204
-1358
-1554
-1782
-1985
-2120
-2240
-2403
-2579
-2724
-2860
-3009
-3136
-3211
-3247
-3286
-3369
-3493
-3594
-3597
-3505
-3425
-3379
-3374
-3388
-3324
-3155
-2941
-2756
-2580
-2417
-2262
-2044
-1726
-1415
-1145
-869
-554
-234
75
376
696
1064
1428
1750
2010
2281
2594
2887
3150
3411
3638
3838
4026
4198
4317
4383
4453
4577
4702
4698
4564
4430
4418
4419
4321
4141
3947
3739
3514
3262
3040
2857
2614
2250
1864
1612
1356
1009
671
435
210
-99
-461
-754
-920
-1030
-1222
-1507
-1727
-1801
-1809
-1864
-1948
-2044
-2098
-2027
-1875
-1818
-1858
-1811
-1626
-1444
-1345
-1280
-1132
-879
-683
-639
-587
-349
-47
109
153
235
383
531
626
740
891
991
953
906
990
1128
1166
1093
1025
984
960
897
811
735
661
524
326
184
87
-96
-323
-471
-578
-758
-1020
-1245
-1368
-1446
-1634
-1935
-2143
-2151
-2192
-2454
-2752
-2823
-2743
-2781
-2980
-3162
-3229
-3200
-3199
-3262
-3291
-3280
-3292
-3319
-3274
-3190
-3115
-3044
-2933
-2818
-2750
-2644
-2438
-2168
-1951
-1824
-1654
-1368
-1066
-831
-585
-230
116
356
585
921
1334
1666
1862
2074
2422
2783
3003
3144
3376
3662
3831
3926
4058
4202
4305
4326
4349
4412
4422
4331
4229
4219
4191
4013
3769
3610
3536
3377
3082
2797
2579
2368
2102
1786
1507
1252
953
632
336
86
-176
-455
-689
-914
-1169
-1399
-1559
-1658
-1758
-1911
-2070
-2140
-2126
-2087
-2063
-2074
-2060
-2004
-1853
-1655
-1545
-1498
-1385
-1178
-980
-834
-683
-493
-320
-213
-136
42
300
486
499
466
569
768
930
975
971
964
972
1006
1072
1133
1136
1067
941
839
800
806
780
654
450
228
59
-16
-83
-252
-502
-783
-1022
-1170
-1269
-1418
-1672
-1962
-2177
-2292
-2403
-2570
-2742
-2857
-2978
-3136
-3260
-3248
-3197
-3257
-3396
-3484
-3400
-3263
-3232
-3258
-3214
-3114
-3042
-2971
-2800
-2583
-2472
-2421
-2276
-2011
-1712
-1473
-1305
-1107
-831
-503
-195
138
462
728
1010
1359
1752
2086
2347
2620
2935
3207
3432
3651
3893
4124
4266
4331
4401
4492
4564
4599
4603
4531
4392
4273
4222
4203
4043
3753
3497
3340
3208
2978
2701
2457
2227
1929
1601
1362
1176
916
575
270
20
-208
-478
-738
-891
-1040
-1337
-1698
-1859
-1792
-1773
-2010
-2314
-2395
-2234
-2104
-2156
-2259
-2186
-1972
-1839
-1777
-1654
-1432
-1210
-1045
-916
-774
-575
-333
-97
77
154
207
355
624
828
838
787
837
992
1089
1095
1056
1044
1043
1000
948
943
954
879
713
578
514
474
399
260
69
-145
-311
-411
-500
-651
-891
-1172
-1393
-1556
-1713
-1874
-2046
-2277
-2573
-2795
-2870
-2883
-2983
-3215
-3432
-3499
-3463
-3437
-3499
-3538
-3509
-3477
-3455
-3404
-3270
-3101
-2955
-2889
-2827
-2683
-2437
-2171
-1979
-1839
-1687
-1466
-1169
-854
-606
-398
-140
151
443
749
1058
1354
1645
1932
2210
2505
2806
3101
3348
3555
3751
3954
4198
4395
4478
4504
4559
4668
4724
4679
4575
4459
4364
4260
4116
3921
3699
3430
3157
2933
2730
2469
2143
1839
1565
1268
973
732
520
262
-65
-381
-572
-688
-882
-1139
-1345
-1472
-1641
-1839
-1944
-1922
-1930
-2077
-2250
-2286
-2147
-2042
-2035
-2020
-1927
-1820
-1746
-1612
-1359
-1119
-1008
-940
-761
-486
-236
-60
117
315
457
548
698
951
1128
1143
1100
1157
1294
1368
1344
1284
1239
1189
1110
1049
1008
907
742
585
499
405
253
76
-59
-192
-373
-562
-711
-832
-999
-1219
-1418
-1562
-1719
-1913
-2078
-2213
-2391
-2618
-2793
-2867
-2942
-3100
-3302
-3413
-3416
-3435
-3518
-3576
-3561
-3520
-3515
-3487
-3348
-3177
-3076
-3025
-2901
-2646
-2338
-2138
-2010
-1820
-1512
-1188
-928
-707
-465
-133
179
439
674
952
1299
1638
1899
2095
2324
2659
3018
3267
3391
3547
3820
4108
4292
4347
4412
4558
4737
4793
4740
4682
4670
4672
4588
4429
4223
4039
3879
3688
3426
3103
2811
2558
2295
1980
1601
1264
962
707
433
113
-195
-493
-732
-942
-1129
-1340
-1543
-1706
-1869
-2013
-2095
-2130
-2162
-2240
-2325
-2336
-2282
-2206
-2171
-2118
-2017
-1925
-1873
-1755
-1510
-1291
-1203
-1163
-954
-627
-422
-351
-247
22
281
368
416
594
856
980
944
976
1141
1250
1211
1122
1142
1200
1129
970
879
848
765
588
413
306
164
-24
-210
-338
-477
-679
-885
-1038
-1172
-1362
-1551
-1674
-1777
-1976
-2224
-2373
-2406
-2478
-2662
-2853
-2958
-3002
-3081
-3190
-3227
-3227
-3268
-3357
-3398
-3341
-3257
-3177
-3105
-3038
-3002
-2907
-2684
-2412
-2219
-2147
-2033
-1712
-1340
-1098
-946
-709
-339
0
234
453
784
1151
1425
1617
1871
2197
2501
2743
2933
3132
3352
3579
3784
3954
4065
4147
4232
4340
4433
4459
4422
4377
4346
4302
4221
4087
3933
3761
3584
3375
3132
2866
2611
2374
2101
1778
1446
1153
884
594
284
6
-234
-492
-759
-1006
-1221
-1382
-1513
-1653
-1818
-1995
-2101
-2087
-2021
-2050
-2174
-2214
-2089
-1937
-1903
-1882
-1744
-1542
-1438
-1407
-1272
-996
-746
-676
-629
-460
-191
6
99
249
408
515
579
709
905
1022
1002
957
1031
1147
1177
1119
1068
1034
960
875
818
790
666
449
278
196
119
-66
-295
-442
-539
-721
-956
-1139
-1219
-1313
-1529
-1796
-1942
-1953
-2022
-2213
-2457
-2569
-2573
-2600
-2689
-2819
-2918
-2974
-2985
-2942
-2918
-2974
-3047
-3025
-2903
-2804
-2784
-2751
-2618
-2457
-2368
-2301
-2131
-1861
-1628
-1505
-1383
-1155
-857
-573
-329
-88
143
375
661
1009
1299
1496
1726
2045
2353
2561
2724
2970
3274
3495
3588
3689
3894
4082
4153
4185
4258
4327
4333
4283
4255
4224
4125
3983
3871
3738
3533
3294
3114
2964
2703
2360
2067
1874
1657
1324
950
667
441
203
-105
-434
-688
-868
-1054
-1302
-1563
-1749
-1819
-1878
-2033
-2244
-2311
-2235
-2168
-2242
-2345
-2282
-2120
-2020
-1987
-1891
-1725
-1585
-1494
-1335
-1109
-932
-838
-706
-442
-206
-142
-64
162
428
522
469
562
818
992
932
838
923
1069
1076
969
926
972
932
765
665
655
614
457
249
126
41
-109
-292
-414
-499
-690
-955
-1141
-1194
-1255
-1451
-1689
-1842
-1927
-2050
-2209
-2307
-2360
-2461
-2632
-2762
-2772
-2750
-2780
-2867
-2935
-2955
-2928
-2860
-2785
-2754
-2774
-2728
-2586
-2427
-2337
-2253
-2084
-1873
-1751
-1677
-1471
-1129
-840
-734
-651
-395
-13
300
479
660
929
1219
1472
1733
2019
2272
2459
2663
2916
3154
3327
3472
3660
3830
3916
3967
4070
4197
4249
4200
4131
4102
4081
4018
3902
3749
3562
3373
3218
3063
2813
2509
2256
2063
1832
1515
1197
954
734
443
123
-151
-344
-557
-829
-1063
-1210
-1360
-1580
-1770
-1851
-1904
-2015
-2133
-2176
-2155
-2171
-2188
-2133
-2034
-1969
-1938
-1863
-1689
-1508
-1412
-1322
-1139
-908
-760
-655
-478
-234
-50
39
137
313
499
607
671
753
847
894
930
978
1003
980
945
910
881
805
695
610
540
446
294
158
57
-60
-225
-385
-494
-633
-806
-983
-1120
-1229
-1361
-1518
-1666
-1785
-1915
-2053
-2142
-2187
-2262
-2420
-2563
-2588
-2567
-2592
-2675
-2739
-2731
-2699
-2677
-2637
-2574
-2513
-2466
-2407
-2302
-2153
-2003
-1860
-1720
-1580
-1422
-1233
-991
-744
-555
-401
-210
35
309
575
804
1016
1207
1407
1675
1974
2206
2358
2497
2696
2944
3141
3264
3385
3532
3660
3743
3817
3890
3938
3955
3949
3938
3892
3780
3669
3613
3532
3349
3095
2893
2750
2571
2306
2030
1792
1567
1299
1003
749
522
272
0
-231
-451
-681
-923
-1084
-1176
-1327
-1562
-1769
-1829
-1795
-1799
-1925
-2059
-2085
-2011
-1932
-1882
-1843
-1811
-1763
-1687
-1555
-1392
-1253
-1156
-1081
-962
-791
-613
-479
-363
-221
-86
-10
59
203
392
536
513
454
514
680
787
739
656
624
632
601
547
522
458
306
128
56
60
-41
-259
-443
-505
-572
-735
-938
-1039
-1083
-1206
-1401
-1550
-1592
-1653
-1765
-1902
-1984
-2046
-2133
-2201
-2221
-2245
-2325
-2402
-2395
-2326
-2323
-2408
-2436
-2340
-2229
-2189
-2213
-2150
-2023
-1902
-1799
-1684
-1559
-1441
-1293
-1116
-907
-735
-580
-379
-159
31
233
465
753
978
1115
1286
1566
1874
2061
2181
2349
2599
2811
2923
3034
3219
3380
3442
3458
3536
3656
3727
3689
3637
3616
3589
3544
3455
3374
3249
3084
2908
2770
2631
2427
2164
1930
1746
1550
1284
1001
775
569
341
54
-196
-377
-543
-777
-1031
-1198
-1277
-1359
-1542
-1743
-1848
-1817
-1788
-1868
-1971
-1978
-1895
-1822
-1789
-1764
-1670
-1544
-1466
-1404
-1284
-1106
-933
-824
-771
-685
-533
-325
-147
-64
-45
-6
117
266
391
425
406
410
441
490
540
535
481
403
335
291
247
221
170
79
-85
-244
-325
-340
-376
-531
-752
-906
-979
-1041
-1121
-1213
-1325
-1484
-1648
-1719
-1694
-1706
-1843
-2019
-2075
-2011
-1988
-2078
-2153
-2126
-2069
-2089
-2128
-2101
-1997
-1900
-1899
-1910
-1848
-1705
-1563
-1457
-1382
-1299
-1185
-1028
-855
-705
-562
-404
-243
-74
120
327
544
726
863
1024
1251
1477
1658
1796
1982
2196
2373
2502
2619
2771
2923
3052
3156
3245
3304
3331
3357
3419
3446
3397
3309
3253
3230
3155
3015
2886
2803
2672
2444
2212
2052
1941
1774
1499
1220
1011
848
659
414
161
-40
-211
-395
-604
-783
-918
-1022
-1143
-1325
-1480
-1537
-1505
-1532
-1655
-1759
-1751
-1669
-1609
-1621
-1628
-1552
-1470
-1394
-1299
-1151
-1008
-927
-884
-785
-613
-471
-359
-274
-170
-70
-9
53
146
239
280
281
277
319
367
382
377
353
299
229
182
146
103
3
-123
-204
-267
-379
-543
-675
-737
-796
-913
-1058
-1175
-1233
-1283
-1377
-1510
-1603
-1652
-1692
-1754
-1858
-1925
-1956
-1954
-1969
-2054
-2129
-2138
-2072
-2035
-2051
-2058
-2006
-1893
-1827
-1795
-1748
-1650
-1535
-1434
-1319
-1196
-1068
-947
-838
-734
-567
-379
-201
-48
97
275
497
722
914
1085
1242
1418
1610
1822
1994
2153
2313
2469
2584
2664
2757
2888
3062
3174
3205
3192
3258
3353
3417
3390
3298
3242
3188
3132
3037
2925
2796
2644
2446
2230
2042
1884
1701
1496
1292
1091
896
683
485
272
48
-173
-358
-509
-661
-866
-1094
-1254
-1349
-1459
-1627
-1764
-1795
-1765
-1772
-1815
-1851
-1802
-1700
-1658
-1681
-1679
-1572
-1413
-1272
-1230
-1228
-1170
-1024
-876
-791
-736
-646
-475
-300
-170
-118
-57
49
159
239
250
249
269
328
358
319
223
145
131
104
32
-50
-61
-29
-41
-154
-297
-384
-425
-462
-553
-659
-754
-857
-956
-1059
-1152
-1262
-1367
-1454
-1526
-1556
-1568
-1552
-1545
-1565
-1615
-1652
-1667
-1670
-1642
-1637
-1619
-1629
-1660
-1673
-1653
-1606
-1593
-1581
-1495
-1327
-1189
-1103
-1005
-862
-703
-592
-500
-371
-199
-61
56
184
353
515
591
673
831
1037
1232
1432
1650
1890
2082
2200
2326
2498
2680
2817
2891
2962
3065
3110
3097
3073
3080
3085
3034
2977
2961
2981
2986
2926
2841
2759
2652
2482
2279
2127
2002
1855
1617
1333
1059
819
581
323
111
-39
-142
-288
-483
-642
-712
-746
-845
-1040
-1233
-1312
-1307
-1331
-1443
-1574
-1646
-1691
-1747
-1788
-1762
-1647
-1511
-1398
-1296
-1179
-1068
-950
-825
-705
-600
-526
-454
-341
-239
-222
-279
-323
-243
-130
-76
-63
-7
126
260
318
297
291
323
313
228
154
125
115
6
-209
-420
-559
-607
-680
-754
-787
-788
-809
-894
-951
-930
-904
-989
-1149
-1245
-1233
-1266
-1419
-1576
-1641
-1698
-1837
-1997
-2042
-1907
-1774
-1738
-1738
-1670
-1546
-1484
-1465
-1404
-1292
-1219
-1225
-1227
-1171
-1113
-1109
-1119
-1066
-952
-820
-675
-465
-197
54
244
399
591
806
996
1142
1275
1413
1538
1631
1676
1716
1788
1887
2011
2152
2306
2491
2713
2861
2920
2968
3057
3151
3160
3086
2997
2930
2808
2633
2453
2289
2111
1881
1690
1611
1601
1533
1387
1243
1139
1028
851
639
465
337
148
-133
-430
-700
-891
-1053
-1229
-1416
-1557
-1592
-1546
-1470
-1440
-1417
-1386
-1365
-1356
-1345
-1291
-1243
-1253
-1308
-1358
-1350
-1347
-1380
-1339
-1210
-1058
-940
-794
-591
-362
-171
-66
22
122
192
214
230
243
202
92
-12
-59
-77
-123
-176
-143
-54
28
66
100
142
145
94
12
-43
-106
-220
-397
-591
-763
-915
-1033
-1122
-1242
-1344
-1344
-1248
-1170
-1175
-1184
-1123
-1044
-1081
-1200
-1264
-1240
-1267
-1437
-1650
-1738
-1728
-1763
-1832
-1823
-1700
-1554
-1444
-1332
-1145
-940
-769
-670
-590
-509
-443
-376
-310
-265
-274
-245
-161
-47
69
235
493
794
1069
1294
1532
1820
2086
2260
2377
2494
2602
2635
2632
2648
2687
2680
2630
2630
2685
2762
2832
2933
3040
3114
3125
3108
3094
3038
2898
2680
2475
2280
2014
1681
1372
1144
937
714
475
305
251
192
78
-46
-128
-170
-274
-484
-741
-941
-1070
-1242
-1496
-1763
-1911
-1950
-2018
-2138
-2146
-1962
-1746
-1653
-1623
-1484
-1226
-1015
-967
-974
-924
-841
-837
-896
-903
-853
-812
-808
-775
-664
-503
-343
-151
55
244
376
461
557
612
618
537
423
326
193
38
-111
-205
-266
-311
-355
-373
-322
-257
-184
-127
-110
-132
-193
-301
-442
-606
-760
-917
-1125
-1351
-1547
-1635
-1649
-1688
-1733
-1694
-1554
-1436
-1398
-1353
-1235
-1113
-1120
-1227
-1303
-1305
-1345
-1485
-1609
-1624
-1566
-1549
-1537
-1445
-1241
-989
-747
-520
-279
-34
176
348
456
563
665
738
760
746
756
839
987
1126
1256
1415
1661
1941
2179
2398
2638
2845
2969
3000
2995
2976
2923
2813
2644
2495
2360
2210
2058
1982
1973
1954
1931
1903
1900
1894
1836
1752
1617
1460
1236
933
633
330
57
-224
-499
-730
-905
-1025
-1127
-1176
-1147
-1058
-996
-994
-1014
-989
-964
-1027
-1149
-1275
-1353
-1444
-1599
-1742
-1738
-1650
-1594
-1555
-1438
-1196
-939
-749
-580
-340
-107
-10
-29
-38
-1
3
-104
-248
-322
-359
-407
-441
-389
-268
-127
-35
85
227
360
455
481
464
394
281
118
-72
-272
-461
-597
-707
-846
-945
-976
-920
-853
-799
-723
-616
-511
-501
-557
-609
-647
-763
-948
-1138
-1306
-1466
-1625
-1726
-1735
-1711
-1694
-1629
-1468
-1262
-1097
-956
-796
-616
-548
-602
-638
-601
-590
-691
-838
-874
-818
-766
-700
-557
-281
15
263
510
812
1129
1378
1549
1687
1796
1836
1810
1782
1789
1802
1798
1812
1858
1959
2084
2210
2395
2607
2797
2927
3014
3056
3070
3029
2899
2713
2481
2216
1942
1675
1430
1246
1089
950
821
740
728
732
709
651
599
523
360
119
-148
-366
-585
-884
-1204
-1474
-1641
-1754
-1839
-1855
-1758
-1622
-1511
-1408
-1256
-1066
-932
-876
-875
-872
-899
-999
-1114
-1167
-1152
-1144
-1176
-1179
-1077
-870
-653
-455
-247
18
252
377
452
528
603
591
476
309
170
39
-99
-230
-282
-275
-282
-273
-228
-121
15
123
176
220
228
145
-5
-182
-336
-497
-736
-1012
-1242
-1381
-1460
-1507
-1502
-1431
-1317
-1218
-1142
-1040
-909
-807
-792
-878
-970
-1079
-1213
-1356
-1484
-1561
-1603
-1650
-1682
-1602
-1437
-1224
-982
-746
-518
-304
-134
19
153
273
337
326
274
235
224
237
291
395
550
716
894
1090
1373
1688
1981
2212
2364
2462
2512
2539
2513
2446
2338
2216
2061
1903
1791
1755
1805
1864
1913
1950
2023
2093
2122
2143
2119
2023
1840
1590
1316
1037
746
487
241
10
-206
-402
-506
-526
-483
-448
-418
-378
-371
-425
-480
-522
-589
-714
-916
-1137
-1334
-1473
-1585
-1637
-1641
-1596
-1530
-1428
-1276
-1079
-860
-661
-469
-365
-334
-342
-354
-368
-411
-511
-657
-764
-822
-847
-818
-727
-566
-405
-258
-119
15
154
271
341
335
269
134
-32
-194
-321
-464
-598
-693
-774
-826
-822
-746
-626
-487
-380
-317
-293
-279
-309
-354
-395
-504
-686
-895
-1088
-1229
-1323
-1395
-1426
-1396
-1333
-1264
-1155
-1012
-844
-680
-549
-493
-494
-532
-552
-586
-642
-717
-797
-837
-863
-839
-742
-554
-335
-117
105
340
576
780
967
1151
1287
1341
1320
1281
1290
1304
1306
1311
1354
1438
1529
1634
1799
2010
2216
2364
2475
2547
2601
2601
2545
2466
2352
2187
1961
1732
1530
1382
1252
1150
1069
1005
964
935
910
896
883
822
720
548
333
127
-89
-309
-549
-785
-970
-1144
-1288
-1359
-1327
-1268
-1223
-1157
-1082
-980
-904
-884
-874
-847
-854
-951
-1070
-1137
-1166
-1204
-1238
-1212
-1148
-1070
-983
-845
-655
-446
-291
-183
-60
42
82
53
54
34
-36
-142
-258
-354
-404
-401
-394
-366
-321
-248
-186
-112
-31
30
55
45
-26
-119
-235
-372
-510
-642
-745
-847
-954
-1036
-1040
-983
-901
-832
-772
-695
-608
-559
-556
-556
-562
-611
-698
-803
-894
-946
-1006
-1052
-1018
-961
-920
-851
-727
-546
-382
-255
-144
-21
88
155
162
174
221
235
201
184
213
260
337
438
587
739
903
1057
1210
1380
1527
1620
1662
1709
1715
1685
1632
1574
1517
1482
1469
1454
1421
1438
1504
1565
1615
1658
1694
1697
1691
1634
1536
1432
1305
1138
964
816
661
486
325
224
156
81
19
-38
-63
-45
-89
-166
-221
-272
-354
-479
-611
-717
-838
-952
-1040
-1109
-1142
-1163
-1169
-1130
-1026
-944
-892
-822
-731
-666
-648
-642
-641
-642
-647
-687
-755
-780
-781
-756
-702
-654
-606
-531
-436
-344
-262
-186
-115
-67
-49
-58
-101
-151
-189
-237
-275
-304
-358
-410
-421
-398
-366
-349
-329
-299
-268
-254
-266
-310
-335
-358
-424
-501
-580
-654
-733
-774
-790
-815
-825
-810
-782
-728
-664
-625
-592
-538
-493
-483
-483
-494
-484
-485
-500
-512
-528
-512
-451
-377
-295
-202
-119
-22
99
228
332
436
541
624
677
728
771
805
873
945
1005
1050
1097
1147
1221
1314
1404
1478
1557
1629
1652
1669
1694
1695
1681
1659
1618
1529
1436
1356
1284
1229
1175
1113
1035
990
951
894
828
785
728
636
553
440
321
210
104
-17
-130
-236
-336
-423
-486
-506
-546
-597
-629
-647
-653
-642
-634
-642
-647
-656
-687
-715
-715
-700
-683
-657
-635
-633
-626
-588
-535
-459
-391
-328
-290
-272
-243
-222
-191
-183
-166
-170
-190
-231
-285
-311
-304
-292
-301
-317
-326
-332
-353
-352
-360
-372
-395
-431
-459
-505
-559
-604
-652
-682
-718
-753
-786
-815
-803
-807
-821
-832
-830
-816
-796
-796
-797
-812
-820
-817
-828
-822
-797
-757
-721
-677
-652
-626
-582
-510
-412
-319
-265
-210
-159
-105
-44
5
69
139
214
270
307
323
380
469
555
630
690
755
825
872
920
972
1032
1090
1132
1165
1164
1176
1184
1215
1253
1271
1275
1275
1294
1306
1299
1279
1250
1225
1203
1166
1116
1040
954
892
817
736
679
601
547
490
429
348
272
225
182
142
82
15
-68
-129
-196
-275
-333
-380
-409
-439
-486
-542
-600
-614
-607
-606
-603
-609
-627
-648
-652
-662
-675
-670
-635
-630
-625
-642
-647
-623
-592
-546
-506
-461
-427
-386
-345
-305
-287
-263
-228
-203
-205
-203
-216
-228
-224
-232
-236
-247
-250
-238
-233
-245
-254
-275
-272
-270
-269
-290
-320
-338
-366
-389
-421
-442
-443
-445
-441
-449
-477
-482
-481
-459
-437
-414
-408
-409
-417
-423
-426
-410
-385
-365
-338
-330
-322
-319
-279
-240
-177
-120
-57
-2
53
111
161
234
285
350
411
461
506
549
574
612
672
715
758
800
837
866
891
915
923
943
974
989
992
991
976
955
948
939
940
933
927
911
873
845
818
787
774
748
723
692
631
576
512
462
416
373
321
270
203
145
89
34
-22
-53
-80
-118
-151
-204
-245
-288
-305
-327
-336
-350
-373
-387
-399
-410
-413
-408
-405
-398
-396
-396
-407
-405
-413
-403
-397
-402
-403
-398
-402
-412
-424
-423
-408
-388
-380
-377
-372
-385
-373
-363
-363
-362
-352
-346
-347
-366
-379
-383
-375
-366
-375
-378
-378
-380
-396
-413
-433
-428
-430
-426
-439
-451
-474
-477
-475
-478
-452
-454
-436
-414
-385
-372
-362
-334
-295
-251
-209
-179
-162
-145
-111
-77
-43
-19
6
42
70
101
114
133
174
216
253
282
295
332
351
377
400
415
442
458
482
497
493
494
515
522
550
559
569
579
582
592
585
585
586
580
569
556
535
504
478
461
436
426
402
381
361
346
326
305
291
291
287
266
257
237
231
216
205
174
166
158
132
120
96
80
70
60
53
44
22
-1
-12
-26
-44
-55
-75
-96
-110
-127
-152
-174
-200
-212
-224
-230
-238
-239
-239
-251
-246
-262
-260
-253
-253
-255
-272
-286
-303
-317
-331
-353
-353
-375
-398
-403
-409
-420
-437
-436
-432
-434
-442
-442
-445
-446
-449
-443
-443
-432
-425
-424
-416
-408
-392
-384
-357
-331
-310
-305
-282
-266
-248
-233
-218
-207
-192
-169
-168
-168
-163
-139
-129
-105
-86
-69
-40
-17
8
30
57
85
103
134
161
178
191
201
223
235
245
256
263
269
283
292
300
306
315
325
326
326
325
316
319
319
317
325
314
310
303
296
302
311
304
312
319
324
334
340
338
338
351
343
333
327
320
307
307
291
281
278
271
258
244
231
224
225
219
214
200
194
177
173
162
153
143
131
117
104
106
93
84
72
63
47
31
18
6
-15
-39
-63
-95
-116
-146
-163
-189
-211
-229
-255
-272
-294
-298
-313
-325
-325
-331
-335
-336
-336
-340
-338
-345
-344
-351
-358
-363
-371
-365
-363
-363
-357
-351
-344
-337
-331
-322
-312
-304
-299
-291
-291
-290
-281
-262
-256
-245
-221
-214
-188
-166
-146
-129
-104
-64
-55
-31
-13
-2
18
22
31
33
44
62
65
71
68
69
79
86
92
100
108
119
120
127
129
123
130
142
149
145
150
152
156
164
176
174
170
187
187
184
198
210
212
212
213
211
212
206
202
199
200
200
190
193
193
199
206
218
219
218
238
241
235
237
234
228
228
228
220
211
213
197
196
187
181
175
158
156
138
124
112
94
78
56
36
20
0
-19
-38
-57
-70
-79
-94
-104
-110
-114
-129
-135
-134
-154
-166
-172
-188
-202
-215
-233
-237
-252
-262
-271
-278
-274
-284
-294
-294
-301
-298
-284
-277
-269
-259
-250
-245
-245
-251
-241
-240
-242
-235
-226
-214
-207
-205
-192
-171
-161
-142
-139
-129
-126
-124
-117
-107
-102
-102
-99
-94
-92
-84
-75
-74
-68
-53
-29
-28
-11
3
15
23
38
53
55
62
66
75
79
85
98
103
112
123
133
145
152
164
160
170
182
187
183
189
196
198
204
200
199
207
211
215
218
218
218
218
232
232
243
247
249
254
246
247
237
231
221
218
205
190
182
183
180
172
169
162
154
159
159
149
133
123
117
95
89
75
64
48
37
30
13
12
-2
-10
-12
-27
-29
-36
-34
-33
-50
-60
-79
-79
-88
-100
-118
-129
-132
-141
-144
-154
-161
-158
-166
-174
-170
-174
-171
-173
-174
-177
-180
-188
-202
-203
-206
-212
-215
-211
-214
-216
-211
-206
-193
-183
-179
-167
-164
-161
-162
-159
-158
-158
-159
-153
-157
-150
-142
-137
-124
-119
-104
-98
-87
-80
-67
-57
-44
-40
-42
-28
-24
-15
-10
-10
-1
-1
9
16
20
34
47
70
76
88
98
96
114
120
118
118
125
127
126
123
125
132
136
142
154
165
172
177
176
183
186
187
201
203
189
183
183
181
164
160
168
161
158
158
160
165
164
168
177
181
174
170
163
160
145
135
125
108
101
80
86
83
67
66
63
53
49
48
34
32
32
18
12
-2
-12
-22
-40
-45
-52
-66
-72
-73
-75
-76
-79
-79
-83
-89
-96
-101
-102
-115
-124
-135
-144
-152
-173
-180
-180
-183
-184
-184
-185
-181
-179
-185
-190
-190
-184
-183
-196
-191
-193
-199
-198
-202
-208
-201
-209
-200
-196
-197
-190
-187
-175
-171
-161
-152
-146
-156
-142
-135
-137
-137
-133
-126
-120
-112
-104
-92
-89
-67
-57
-44
-32
-17
-7
0
17
19
24
32
37
32
37
42
53
65
69
85
94
107
115
127
136
138
152
156
165
168
172
173
171
173
174
179
177
176
177
182
185
188
195
200
198
205
200
196
195
193
187
181
188
181
179
173
180
167
161
168
169
169
159
157
153
149
139
128
116
111
103
84
80
71
58
55
42
29
28
23
12
6
-1
-12
-26
-26
-23
-37
-43
-55
-65
-64
-72
-80
-89
-101
-101
-107
-111
-117
-119
-120
-129
-131
-142
-152
-155
-149
-150
-156
-154
-153
-151
-155
-159
-161
-169
-164
-164
-167
-168
-164
-161
-159
-155
-155
-151
-153
-152
-158
-154
-162
-154
-144
-157
-148
-145
-135
-136
-127
-119
-111
-104
-110
-110
-96
-88
-91
-79
-67
-67
-60
-57
-48
-41
-39
-16
-15
-7
12
29
40
42
48
64
72
72
87
98
109
119
126
137
138
138
146
149
154
157
159
169
179
168
167
171
164
161
154
160
159
162
158
142
146
141
132
136
130
121
117
116
105
97
98
96
94
91
90
85
78
73
70
65
67
53
47
42
42
43
39
31
21
25
14
10
4
5
-3
0
0
-12
-15
-16
-20
-31
-33
-47
-47
-58
-65
-76
-89
-87
-104
-106
-105
-111
-117
-129
-129
-126
-135
-146
-146
-148
-156
-155
-160
-164
-164
-160
-169
-169
-169
-161
-160
-157
-148
-146
-135
-136
-124
-129
-114
-102
-107
-98
-97
-87
-76
-74
-69
-61
-54
-39
-33
-25
-12
-6
-7
10
19
26
29
27
39
36
32
42
51
44
40
38
40
46
48
44
46
52
54
52
64
59
49
53
47
50
38
50
61
57
59
60
67
80
81
81
82
86
91
85
97
103
104
114
115
121
116
115
127
122
130
126
123
130
120
113
111
110
106
112
101
86
72
71
62
47
42
28
26
7
-5
-8
-11
-17
-32
-40
-41
-45
-50
-56
-59
-66
-71
-75
-76
-77
-81
-88
-91
-89
-92
-96
-97
-95
-94
-89
-80
-76
-72
-62
-54
-48
-44
-39
-31
-22
-16
-14
-18
-15
-4
-7
-1
-9
-1
4
0
4
-7
3
-3
-6
1
-7
-11
-15
-26
-26
-28
-43
-40
-47
-61
-50
-56
-59
-59
-68
-59
-63
-60
-49
-56
-47
-50
-42
-39
-32
-19
-21
-8
-15
0
6
9
28
35
42
53
70
79
92
101
107
108
113
115
121
118
128
128
121
126
123
125
129
127
120
114
102
98
95
98
91
76
72
57
48
39
32
21
9
4
-3
-13
-17
-16
-28
-38
-42
-40
-48
-52
-51
-58
-48
-51
-47
-47
-47
-45
-41
-32
-29
-23
-22
-20
-15
-5
-6
0
-1
6
13
12
7
12
15
11
10
-3
1
-4
-4
-9
-9
-12
-21
-28
-38
-43
-45
-52
-59
-71
-77
-77
-82
-86
-95
-100
-110
-107
-109
-111
-119
-135
-130
-124
-122
-114
-105
-100
-92
-81
-74
-67
-53
-47
-41
-34
-26
-14
1
13
23
30
38
44
45
44
56
68
67
74
77
79
72
80
77
69
67
63
56
53
52
44
42
39
44
32
41
32
23
21
11
11
0
4
-1
-5
-13
-10
-12
-12
-16
-17
-12
-12
-6
-6
4
13
21
14
31
46
45
56
59
67
69
71
74
75
80
95
95
92
95
96
102
98
106
96
92
85
79
72
66
70
64
51
38
37
26
22
15
6
3
-9
-13
-23
-28
-32
-41
-50
-58
-59
-73
-81
-81
-82
-82
-86
-85
-85
-76
-80
-76
-68
-63
-60
-62
-50
-49
-39
-31
-35
-25
-18
-8
0
1
3
6
7
4
4
6
13
9
2
7
-5
-14
-7
-7
-15
-24
-31
-38
-43
-51
-58
-63
-68
-70
-73
-70
-70
-73
-84
-89
-90
-88
-84
-91
-78
-78
-73
-59
-56
-51
-50
-44
-33
-21
-21
-18
0
9
16
28
39
46
54
62
67
76
85
92
87
97
103
103
101
95
104
105
103
98
92
92
92
92
85
79
77
68
57
45
41
28
23
21
19
15
1
-3
-9
-11
-24
-20
-17
-26
-21
-21
-31
-30
-28
-11
-10
-16
-9
-10
3
1
5
13
20
13
18
23
22
25
28
29
36
47
38
43
39
34
29
25
25
21
13
18
10
-6
-2
-13
-16
-22
-35
-45
-48
-55
-71
-72
-75
-85
-95
-101
-104
-108
-104
-112
-115
-111
-108
-109
-99
-92
-88
-75
-74
-76
-65
-52
-51
-39
-36
-30
-16
-10
-9
-2
9
17
27
19
25
32
29
35
44
51
65
63
67
66
61
58
56
44
33
38
28
30
19
21
19
9
8
3
-6
-14
-15
-18
-26
-38
-39
-42
-41
-46
-43
-43
-38
-37
-38
-33
-34
-27
-22
-14
-16
-4
-1
4
16
18
25
31
43
50
50
58
57
59
63
70
82
78
79
79
74
72
73
70
60
51
51
42
35
38
27
15
4
3
-9
-14
-19
-29
-39
-41
-47
-54
-55
-67
-69
-69
-72
-82
-73
-77
-85
-77
-79
-73
-66
-64
-56
-48
-41
-28
-19
-11
-12
-9
2
6
16
20
34
37
41
44
53
61
55
67
68
71
73
73
75
73
72
62
58
55
48
36
35
27
14
7
2
-4
-19
-22
-23
-34
-35
-38
-52
-56
-60
-61
-60
-70
-72
-67
-57
-55
-66
-71
-64
-59
-58
-46
-35
-25
-21
-17
-9
6
10
17
28
28
50
42
50
65
73
77
85
88
88
100
95
108
95
91
95
93
93
84
80
72
79
63
57
49
25
18
9
2
-5
-19
-22
-27
-37
-38
-39
-48
-57
-61
-69
-69
-64
-64
-59
-63
-63
-67
-70
-53
-58
-53
-54
-54
-41
-33
-34
-33
-19
-13
2
11
19
25
26
37
44
50
57
70
72
70
80
85
91
93
87
79
70
65
64
56
60
42
34
33
9
6
-5
-11
-17
-19
-32
-45
-45
-48
-44
-53
-40
-47
-52
-50
-55
-50
-45
-50
-59
-52
-49
-38
-47
-48
-37
-35
-26
-29
-30
-17
-5
-1
2
6
9
18
18
25
32
35
38
35
37
39
43
44
54
51
47
48
37
37
31
32
24
16
16
8
-4
-10
-9
-12
-22
-25
-20
-29
-35
-36
-41
-50
-57
-51
-48
-56
-46
-52
-56
-44
-45
-42
-42
-49
-48
-42
-34
-25
-30
-28
-21
-20
-22
-16
-8
-3
3
4
7
7
25
22
28
38
35
43
46
47
40
40
36
34
32
39
32
39
36
29
31
18
17
15
11
-5
3
4
-4
-4
-7
-6
-13
-13
-18
-31
-34
-26
-31
-28
-27
-33
-31
-32
-27
-28
-22
-18
-14
-10
-10
-9
-10
1
-3
6
12
10
15
13
13
14
14
27
21
18
28
17
27
26
31
32
25
17
22
23
14
18
19
15
5
8
-1
10
8
2
1
-11
-8
-10
-9
-15
-13
-3
-12
-21
-10
-4
-5
-15
-11
-7
-16
-12
-6
-6
-4
-4
-2
5
11
13
20
20
17
23
25
34
26
22
20
29
31
23
18
20
30
25
31
31
38
35
22
25
34
29
27
25
19
17
13
17
16
19
9
6
6
1
-12
-13
-9
-24
-19
-16
-29
-28
-25
-20
-30
-29
-30
-30
-30
-34
-29
-32
-24
-24
-14
-11
-15
-9
-12
-11
-9
-5
0
0
2
7
3
6
9
7
13
12
16
18
21
22
16
17
19
29
21
26
25
21
17
9
16
9
12
1
2
0
-3
-6
-12
-10
-18
-18
-24
-26
-26
-32
-38
-40
-38
-28
-32
-36
-38
-36
-36
-38
-32
-21
-19
-19
-26
-28
-16
-16
-7
-12
-16
-15
-7
1
0
2
3
4
4
9
20
19
15
16
18
24
26
15
17
19
18
32
26
22
13
17
16
16
16
10
11
-3
-7
-12
-14
-16
-13
-23
-22
-20
-21
-25
-32
-19
-16
-23
-21
-11
-18
-19
-18
-6
-9
-13
-16
-12
-6
-5
3
-6
-9
-10
-10
1
0
-8
-4
-12
-6
6
5
1
0
-1
5
5
5
6
3
13
6
3
-1
-7
-3
2
0
0
1
2
-13
-13
-9
-10
-23
-17
-9
-12
-16
-19
-13
-28
-25
-23
-18
-13
-6
-3
-3
-9
-12
-1
-4
-13
-13
-2
-3
3
3
3
3
7
12
10
8
6
7
12
15
13
9
6
5
5
21
16
10
7
11
9
12
11
10
6
3
2
8
10
-2
3
0
3
-1
-2
-14
-7
3
-8
-9
-6
2
-5
-3
0
-4
-7
1
3
0
0
3
8
9
-2
8
11
9
23
22
16
10
11
16
22
7
9
14
4
7
10
8
10
3
-4
-3
