-94
-133
-113
-131
-165
-144
-45
-107
-16
8
30
111
78
91
7
-100
-37
-52
2
-49
-90
-14
-82
-74
-109
-68
-70
57
52
76
32
-103
-9
-83
-49
-104
-87
-146
-255
-132
-153
-211
-126
-149
-215
-305
-277
-165
-229
-114
-46
-40
-59
-52
-97
-79
18
-7
-1
-50
-33
-106
-156
-38
-10
-29
33
30
27
53
30
33
50
-30
-101
-73
-132
-80
-104
-107
7
-45
-59
0
61
59
62
34
38
90
94
94
47
-20
42
92
17
-25
-13
70
83
110
89
59
130
104
105
167
203
184
211
195
94
51
69
89
44
56
31
12
-35
-73
-4
-3
-22
-2
97
22
67
140
124
158
71
172
128
91
143
146
104
96
131
95
86
32
115
156
179
161
177
232
211
211
132
134
215
166
129
188
216
242
200
119
127
135
107
160
130
153
192
181
181
138
176
95
125
131
40
66
12
18
2
37
67
63
60
31
178
139
124
107
125
230
162
122
93
118
156
167
64
75
30
51
74
-31
68
26
48
46
-4
41
-20
30
56
93
158
139
83
-13
148
123
45
21
-63
-5
25
41
-47
-16
-80
-57
-69
-145
-106
-155
-114
-120
-45
-82
-85
-38
-77
-155
-171
-101
-130
58
10
-18
61
-44
-77
-87
-42
-128
-85
-140
-162
-139
-133
-36
-64
-64
-78
-10
33
99
123
176
114
129
167
104
188
177
117
103
124
43
-16
-62
-86
-161
-206
-195
-153
-87
-19
-69
-105
-74
-142
-73
-79
-109
-144
-134
-176
-165
-152
-154
-109
-144
-106
-130
-113
-101
-74
-73
-121
-118
-69
-53
-72
-116
-120
-57
-17
-7
-88
-64
34
-52
-27
27
-31
-65
-43
-43
-83
20
-117
-136
-160
-219
-132
-87
-100
-156
-24
-62
-39
-55
-48
-6
-42
-11
-3
-38
-24
-18
30
18
-70
22
-60
44
62
-30
37
50
50
127
194
190
193
74
59
74
129
121
133
48
7
91
-18
-90
-32
-37
-59
46
-1
-5
4
24
-12
-64
-53
-120
-146
-195
-146
-135
-126
-131
-106
-135
-159
-53
-137
-92
-33
-29
-69
-114
-66
-93
-25
-22
-58
-51
-68
-143
-138
-65
-72
-39
-28
-117
-179
-137
-112
-7
-53
-62
-3
-72
-43
-61
41
21
9
65
-9
20
18
21
-51
-61
2
-73
-80
-15
-52
-58
-16
-44
-68
-32
44
102
69
-9
33
75
98
136
170
139
142
136
102
148
135
135
68
107
115
135
225
165
142
94
132
226
179
125
182
194
158
178
165
182
244
175
114
125
98
101
137
78
65
47
-29
-39
-83
-24
2
-50
-15
74
-30
-43
47
56
104
51
30
86
167
62
92
152
148
108
-7
22
11
8
-53
-37
2
34
76
41
-3
11
47
25
0
-16
-24
-63
-47
-59
-140
-198
-62
-43
-167
-78
-59
-83
-107
-79
26
22
25
28
60
144
91
27
103
87
60
51
-21
-10
-52
-28
60
92
104
13
-23
17
-31
-25
15
-12
24
60
17
8
28
34
26
6
74
136
137
110
86
78
57
6
80
60
-26
100
34
-19
-46
-15
-25
-68
-26
-136
-119
-112
-109
-143
-174
-148
-196
-208
-208
-241
-173
-154
-197
-158
-192
-171
-181
-176
-184
-143
-125
-113
-15
-80
-60
-60
-70
-78
-83
-67
-77
-47
-25
2
-39
-52
-54
-50
-49
20
-46
-118
-96
-172
-20
-50
-82
-28
-97
-58
-97
-29
-31
-60
-29
-88
-52
-16
32
64
60
9
59
136
22
77
120
79
120
80
67
1
23
-1
-40
-23
-93
-19
-76
-45
-56
-78
-53
-96
-38
-88
-67
-132
-101
-102
-173
-153
-101
-39
-61
-135
-163
-51
-87
-38
-35
-6
-45
-37
8
-15
68
-1
100
109
156
101
66
151
88
68
79
-9
-61
27
30
84
-7
-4
1
25
66
125
159
90
129
35
95
100
94
92
76
60
3
36
61
73
100
107
100
170
159
133
102
109
126
125
84
18
34
41
58
49
68
72
-71
-72
-51
-66
28
-58
19
18
-22
42
-66
52
44
-41
54
59
-50
-89
-64
-86
6
88
0
-13
42
-19
-10
82
68
-24
-1
100
118
101
89
148
157
181
139
60
140
97
28
29
29
6
-20
-26
-13
16
7
-1
-30
-58
14
20
29
127
115
97
97
177
201
174
89
60
76
9
75
47
63
88
122
104
94
188
122
148
130
79
165
202
143
95
150
129
69
15
10
66
24
-1
-90
-61
-36
-115
-123
-156
-166
-159
-80
-98
-142
-154
-218
-160
-101
-138
-75
-35
-41
-103
-106
-108
-153
-61
-99
-71
-75
-85
-134
-172
-150
-147
-91
-135
-107
-152
-102
-60
-53
-9
-51
-20
-22
-73
-127
-110
-104
-73
32
21
-38
11
-53
-65
-43
-61
-54
-71
-9
-69
-118
-98
-63
-41
-20
7
0
60
104
-42
-69
1
-76
37
28
-11
-29
-127
-61
-28
-23
-7
21
13
-58
-76
-8
-36
26
50
37
79
-11
10
32
57
-6
-4
53
8
15
-38
-120
-117
-50
-111
-81
-40
-83
-93
-72
-86
-76
23
-11
9
5
-29
-15
16
12
-35
-68
-163
-122
-151
-177
-85
-101
-80
-104
-142
-81
-41
-126
-180
-160
-137
-64
-103
-78
-12
-59
-91
-98
-60
-112
-139
-63
-83
-76
-67
-51
-30
-20
55
-41
-88
-39
-16
-35
-43
18
-22
-10
3
15
64
122
123
183
170
165
238
184
192
184
183
165
163
86
39
34
52
62
19
39
55
93
118
127
123
237
216
209
185
193
243
177
151
103
100
71
107
18
75
133
88
127
79
79
71
54
19
16
-78
-51
-18
-61
-15
-38
-51
-51
-20
-1
9
25
17
-1
-10
17
29
25
8
-26
-54
-91
-64
-18
-98
-138
-91
-61
-35
-60
-115
-115
-91
-99
-60
-46
-6
8
-45
-27
-29
21
-37
-73
-76
-82
28
4
-49
-52
23
84
56
20
82
161
135
186
194
161
143
114
111
87
91
9
-5
-6
-18
46
-3
8
-4
-22
26
13
15
23
-3
12
-59
-100
-34
-77
-62
-87
-92
-104
-112
-52
-116
-109
-135
-139
-50
-44
-18
-12
11
13
-102
-3
25
-97
-35
-57
-79
-21
-11
-52
-43
-11
-62
-98
-49
-28
-60
-7
-18
-10
36
2
-35
-53
32
49
18
-2
-45
-28
-41
-25
-41
-10
41
-48
13
82
83
64
92
105
94
110
58
63
36
55
78
31
35
34
-92
-73
-62
-94
-48
-97
-80
-33
-6
-27
6
-67
-57
-26
-1
43
-27
2
-11
6
8
-23
12
60
13
41
42
6
-42
-115
-96
-197
-130
-144
-168
-63
-129
-36
-83
-129
-3
-66
-64
-37
-24
15
4
-41
-38
-87
-145
-111
-161
-94
-50
-64
-89
-126
-76
-61
32
47
42
50
88
207
180
150
123
98
76
79
41
1
-20
-81
-29
-72
-85
16
13
-9
58
-21
12
101
51
61
37
85
108
125
68
48
27
-46
-26
-63
-52
-16
27
25
-10
31
39
95
140
61
113
133
115
125
39
9
12
-19
-60
-38
-75
-108
-57
-77
-76
12
31
-43
-71
-46
-27
-61
-24
-12
-63
-37
-115
-132
-122
-135
-81
-58
-67
-64
-71
-13
71
1
-23
-39
60
92
54
65
20
-17
-15
56
15
9
36
58
-26
-13
75
67
78
72
96
103
59
54
80
81
67
67
81
7
73
28
49
46
3
102
37
113
149
145
100
133
102
32
107
82
41
11
34
48
53
108
74
37
39
42
141
127
184
192
157
179
122
136
149
113
-34
-68
-46
-59
-86
-63
-3
-57
-93
-100
-38
3
-79
-144
-126
-109
-171
-129
-85
-106
-29
-50
-72
-46
-84
-154
-167
-116
-104
-131
-105
-110
-68
-55
-95
-31
-72
-58
-140
-139
-64
-104
-13
6
-26
-51
5
58
65
121
153
71
45
88
86
100
80
97
114
97
65
26
-38
-5
47
21
47
25
-9
14
47
11
-22
-20
25
35
33
48
10
11
-29
32
67
63
82
13
-6
39
3
-67
21
-67
-114
-42
-27
22
23
19
-9
-11
-53
-81
16
32
-92
-93
-131
-103
-104
-108
-30
-92
-48
-108
-80
-68
-125
-125
-88
-122
-148
-83
-161
-94
-156
-141
-72
-98
-92
-94
-19
-42
-88
-43
-28
-82
-35
-73
-170
-170
-125
-140
-115
-138
-115
-46
-74
-95
-135
-51
-100
-76
-62
-60
-31
-15
23
-65
-20
5
40
4
-36
-56
-44
-35
-107
-69
21
25
-40
31
15
9
45
-2
15
-65
-120
-31
-79
-63
6
-60
22
45
-2
36
43
-3
-54
-40
41
85
45
0
-14
-32
-57
0
-23
-29
-21
22
79
29
53
76
35
-31
-28
-25
66
133
130
57
15
57
28
88
70
57
52
-30
-41
10
49
25
-27
45
63
43
158
102
100
125
79
71
32
80
61
86
134
114
135
67
117
129
132
156
75
82
16
71
135
100
23
78
147
82
114
73
115
126
115
111
111
158
121
162
170
129
133
128
105
106
110
95
32
5
25
28
12
-32
-3
-10
-38
-45
-38
-87
-76
-61
-101
-20
-44
-30
40
16
67
35
-59
-71
-73
-10
-43
-53
-60
-76
-54
-101
-67
-100
-72
-5
-70
-133
20
121
42
56
144
206
186
164
97
32
64
89
51
52
71
86
44
52
51
58
64
35
101
108
110
123
144
64
79
163
169
202
170
137
109
37
39
48
-13
69
45
-26
4
14
6
25
93
9
-25
-17
-43
7
-8
38
89
20
-54
-15
64
66
97
60
-26
-17
-3
-104
-79
-51
-92
-66
-49
-11
-58
-11
-46
-124
-90
-96
-36
26
-19
-46
-25
-40
-6
19
-4
-69
-115
-89
-24
15
35
24
3
-31
-7
18
-31
18
-14
-96
-89
-31
-21
-9
-7
-16
14
-36
-53
-54
-10
0
-30
-78
-125
-97
-103
-61
-44
-19
-102
-148
-21
-36
-44
-69
-37
67
36
63
69
35
37
50
35
50
91
8
80
86
21
145
145
138
125
22
32
42
68
88
-75
-30
41
-3
57
-8
-23
42
-55
-133
-67
-109
-134
-136
-186
-163
-121
-99
-69
-72
-125
-119
-129
-119
-94
-89
-144
-98
-38
-30
-30
-48
-12
-98
-123
-145
-98
-32
-70
-38
-63
-24
-32
9
25
-41
17
-7
14
-28
39
41
-69
-41
-80
4
-16
-15
-12
13
26
-24
-16
-101
-43
-68
-98
-74
-106
-100
-120
-98
-95
-125
-105
-121
-90
-84
-27
55
-14
-21
14
60
62
103
64
76
139
67
58
109
109
87
112
77
141
152
170
161
46
98
101
28
129
185
78
104
114
142
211
71
16
56
-21
-2
-38
-93
-42
-28
-73
-52
-31
-59
-61
-127
-42
-24
-57
-13
-12
-21
-25
18
-28
-84
-17
27
5
0
-23
15
-25
-69
-79
-132
-86
-22
13
-41
-22
-7
4
7
9
50
10
76
110
107
30
72
150
34
14
24
16
9
-1
-72
-60
-74
-44
32
28
100
70
-11
19
107
148
133
40
64
90
86
127
72
73
122
10
-25
68
69
92
-8
-6
22
2
51
72
111
148
136
92
165
121
122
90
-16
22
-13
0
-19
-60
-81
-139
-69
-104
-50
-59
-139
-58
-109
-43
-97
-111
-80
-170
-64
-34
0
-38
-92
1
-23
-18
21
-28
-57
-15
-15
-56
-10
45
41
12
32
-11
-26
39
105
112
96
93
45
96
100
107
110
40
-36
7
20
-56
-83
-62
-56
-183
-83
-8
-22
39
74
60
-63
-10
-25
-57
-25
-21
7
-44
-22
39
14
-65
-16
-32
-51
-23
-79
-13
57
50
-32
-122
-92
-61
-64
-6
-79
-61
-82
-104
-79
-208
-139
-150
-110
-72
-122
-116
-169
-130
-92
-121
-193
-161
-98
-131
-112
-47
-41
-57
-108
-125
-54
-71
-60
-54
-118
-32
-24
-85
-136
-128
-3
-80
-116
-112
-188
-37
3
-50
-31
6
61
-15
52
119
77
104
150
85
107
144
128
215
108
115
178
130
142
193
101
80
138
73
163
161
30
19
54
-3
19
1
-19
21
-22
-49
10
14
-47
35
-35
-34
6
-41
-22
-112
-146
-136
-133
-132
-134
-87
-25
3
9
57
51
26
-14
-6
2
-46
65
59
-2
-41
-36
11
-92
25
117
6
-44
-36
57
91
48
58
35
80
117
117
165
108
57
45
99
135
185
153
60
108
149
195
136
155
164
145
121
153
199
130
223
207
221
184
171
240
111
79
119
143
213
252
175
237
300
223
217
193
145
159
171
144
77
76
94
74
28
57
82
-12
44
-21
-76
-69
-98
-86
-125
-96
-116
-79
-52
-92
-69
-65
-57
-19
-95
-113
-137
-95
-92
-207
-145
-153
-145
-126
-179
-178
-130
-155
-116
-95
-34
-57
-29
43
-59
5
-18
41
-35
-101
-27
-52
-75
-30
60
-5
-39
8
28
-23
18
-43
-96
-24
27
-1
10
49
1
12
19
29
-31
-34
8
-10
11
46
-12
-36
-9
70
91
90
106
83
90
72
170
134
88
20
-38
39
47
69
17
5
97
46
-24
-68
-23
41
-10
47
-79
-63
3
-43
-6
-121
-76
-60
-95
-67
-74
-70
-179
-195
-78
-114
-68
-38
-96
-47
-51
-29
-87
-107
-107
-195
-178
-132
-51
-121
-72
37
-6
-5
-33
53
-28
9
10
-82
38
-44
-110
-85
-60
-113
-127
-146
-91
-35
-92
-87
-140
-66
6
-52
-108
-138
-168
-63
-52
-85
-23
-25
-28
-35
-36
-130
43
118
48
125
124
92
58
82
64
136
31
-21
54
0
21
95
97
37
13
21
33
7
58
-3
12
0
6
35
48
25
-84
69
19
-42
-15
-3
-15
9
61
50
33
-23
-26
-48
-8
-49
-74
-103
-96
-59
-137
-82
13
-14
-50
-74
-33
-22
-56
-39
17
49
-91
-80
-35
-52
51
87
67
67
56
47
55
124
111
53
77
78
42
47
98
32
37
48
78
85
93
52
77
139
101
170
62
73
68
91
88
76
34
-112
-63
-95
-60
-43
-96
-138
-67
5
-42
-33
42
-27
-103
-133
-102
-17
-21
-1
-24
19
-6
-19
76
100
18
-5
18
-9
-47
-19
-55
-106
-22
-63
-64
-3
-35
-52
29
-34
-77
-30
22
3
7
41
56
166
107
115
15
-66
-87
-57
29
-4
-53
-58
-8
-20
-31
-87
-49
-37
-48
-106
-79
-108
-92
-32
-117
-124
-94
-29
-175
-150
-104
-110
-72
-107
-119
-98
-59
-16
-60
-125
-69
-84
-45
-132
-105
-89
-38
-26
-126
-50
-80
-51
-125
-90
-55
-99
-98
-147
-161
-215
-157
-158
-160
-51
-107
-121
-101
-130
-105
-91
-79
-78
-76
-131
-85
-143
-162
-82
-128
-42
-62
-127
-117
-136
-161
-129
-145
-119
-36
-89
-41
-8
0
44
-13
-24
-43
-30
31
35
-10
-52
5
-6
33
57
32
37
35
56
33
-42
-52
-9
-25
8
-11
-39
-27
39
-16
-38
-14
-66
26
35
72
102
117
172
174
154
150
191
159
174
238
107
165
260
206
201
134
173
126
161
101
7
64
26
86
98
47
45
72
54
70
25
-26
-24
21
76
-19
-91
-90
-59
15
-17
-72
-21
-5
-2
-40
-25
-17
-41
-67
-49
-40
-84
-60
-15
-19
-50
38
11
4
10
32
70
-41
-64
11
36
10
37
19
20
7
13
48
-12
-45
26
39
80
80
60
83
49
94
100
90
93
131
79
47
31
76
49
-19
-8
39
173
36
26
39
43
15
61
110
175
281
216
294
155
153
237
185
114
93
136
136
90
98
142
81
100
41
47
62
45
83
89
75
114
73
7
31
23
115
102
-20
-3
27
43
95
-10
-95
-94
-66
-41
-30
-41
-15
22
-88
-49
2
-58
-45
32
-9
-35
3
-9
-1
-15
-28
-52
2
-32
-45
-9
7
29
-19
0
-118
-79
-7
-70
-38
-13
19
-60
23
53
82
129
95
79
34
80
5
47
-10
-59
-28
0
54
10
46
-70
-31
64
9
0
12
9
-3
11
34
44
35
31
20
7
-57
-73
-62
-108
-122
-97
-85
-159
-130
-75
-85
-48
-117
-51
-12
-7
43
4
-12
-8
-55
-28
50
-37
53
-32
-23
44
-56
-33
-101
-80
-47
-36
-71
-30
-7
-33
-5
92
-26
-100
-20
-76
-97
-168
-87
-126
-104
-9
-80
-41
12
13
90
35
30
68
-32
-1
36
79
57
56
6
-16
13
15
44
-6
5
51
34
77
63
-19
59
101
48
44
156
98
19
34
54
47
38
53
28
53
-11
9
25
20
102
174
31
9
61
-23
33
28
47
8
-11
2
37
64
64
10
-31
35
-20
-14
-24
-9
-82
-168
-88
-25
-23
-66
-37
-32
-51
-41
-23
-18
-16
-38
-11
34
73
72
89
87
-32
48
53
20
48
-4
7
19
146
114
65
118
60
92
77
119
135
82
86
4
4
16
41
63
41
44
88
36
-41
41
-6
-16
100
59
-26
16
90
86
43
34
70
43
-1
17
19
73
89
88
45
-29
-3
-40
42
19
-61
13
61
39
89
166
132
163
124
141
94
123
148
73
96
51
72
57
107
80
58
8
-74
21
35
4
-49
-47
-46
-26
-27
-42
-41
-19
30
-6
-48
-35
77
42
-7
17
43
-6
-53
-19
-64
0
-49
-42
-25
-32
-11
-2
21
-5
15
-50
11
4
28
26
35
49
1
63
64
128
66
26
51
75
47
60
6
-70
-31
-34
4
19
56
32
37
-34
-61
8
1
-51
0
6
-8
-55
-78
50
-21
59
47
7
16
34
18
-69
-13
-109
-56
-21
-76
-11
-55
-71
7
-27
-4
6
-10
-71
-97
-62
-142
-42
-38
-77
-44
-28
-45
-61
-41
-82
-135
-148
-80
-131
-101
-73
-97
-94
-129
-44
-55
-110
-102
-143
-75
-66
-74
13
-62
22
102
57
21
-33
24
-34
-42
3
-19
39
-19
-58
5
-69
-87
-44
-16
10
53
70
6
35
69
109
84
86
81
84
119
74
68
-38
-26
17
-74
-43
-47
-74
32
32
6
-26
-18
10
-30
49
8
-10
42
53
96
68
95
168
69
-63
-54
46
58
12
-33
-52
-48
-59
4
-38
-51
-54
-25
16
-34
-36
-22
-61
-56
-20
-63
-11
-29
-14
4
17
75
21
-6
53
51
-23
46
17
52
20
-38
23
-43
31
-4
70
96
-66
22
79
51
50
151
118
53
68
70
83
63
65
43
66
118
148
158
193
142
140
192
227
273
240
160
96
158
156
152
83
61
40
13
79
39
117
14
-43
55
8
-13
28
32
12
43
17
-2
8
50
3
-45
-6
-38
-78
-20
3
-22
-5
-50
-47
-46
-35
-66
-112
-83
-77
-57
-53
-56
-139
-210
-101
-49
-30
-13
-55
-19
-18
-51
-49
8
-104
-88
-7
-73
33
20
17
28
-29
-4
9
-42
9
18
4
-40
-27
-29
-132
-54
-93
-20
-32
-13
49
41
135
119
139
96
132
96
11
30
9
-41
26
17
-17
66
-8
3
30
9
-41
-29
26
-1
65
64
57
63
-3
-21
0
-54
-52
24
-91
-136
-183
-250
-172
-172
-146
-182
-203
-165
-216
-168
-180
-284
-223
-139
-224
-320
-313
-245
-245
-294
-202
-146
-148
-85
-119
-215
-179
-184
-148
-12
-48
-85
-66
22
7
-15
29
-20
50
96
92
71
114
115
101
164
123
134
119
90
64
94
188
139
105
55
101
74
20
45
18
92
1
-58
-12
-45
-70
-36
-76
-62
5
-46
-17
-47
-106
-43
-62
-158
-132
-138
-92
-74
-82
-74
-96
-167
-225
-122
-155
-125
-127
-99
-120
-167
-124
-168
-129
-167
-130
-136
-106
-51
-92
-142
-129
-54
-73
-43
-155
-157
-22
-42
-66
-74
-76
-38
-9
-61
-104
-111
-63
-48
-85
-74
-123
-114
-56
-63
-16
-42
-47
-20
-9
-11
-46
-4
7
-4
-16
24
-13
-43
-1
-86
-92
-22
-13
-9
12
-9
9
-23
10
91
64
101
136
128
114
117
121
71
33
75
36
40
57
-3
-29
-60
-38
-50
-15
-41
-101
-22
12
52
-20
19
60
-40
22
-37
4
43
-7
9
-25
-70
-59
-54
-122
-58
-112
-64
-26
-105
-83
-129
-172
-189
-104
-67
-116
-87
-90
-97
14
-25
-73
-66
14
67
73
132
82
123
183
253
224
218
234
237
259
257
284
287
338
244
202
202
193
189
201
211
174
192
127
113
74
46
105
91
52
44
51
49
47
26
5
93
83
39
64
-13
6
-16
-22
-53
-155
-89
-18
-25
-64
-2
10
-57
-31
-21
-11
-1
-10
-8
-50
-48
-14
17
-1
25
60
10
37
-12
-43
-60
-80
-155
-162
-80
-104
-64
-57
-13
-48
-101
-7
21
-71
-44
-79
-82
-49
-109
-49
-90
-73
-95
-92
-107
-39
-19
-85
-51
-69
22
18
12
-25
50
53
76
72
10
68
-12
21
-31
75
92
28
95
104
149
80
100
97
88
141
134
117
127
125
120
104
60
51
-25
-3
1
-82
-47
-79
-107
-90
-139
-121
-108
-152
-148
-133
-132
-206
-202
-178
-157
-123
-129
-111
-91
-45
-114
-60
1
-9
14
-18
-27
-54
2
26
16
-54
-49
19
19
37
-11
33
140
28
10
114
99
138
144
137
80
122
134
148
114
67
93
-11
90
95
144
46
-10
35
-25
79
-3
-26
-40
6
19
21
11
-13
8
-14
26
-34
-10
-30
-42
-53
-42
-6
-77
-64
-25
-51
-67
-67
-23
15
-71
-63
-55
-7
-10
-13
37
41
28
-12
38
15
9
32
33
-12
35
54
-3
-44
-49
-51
-90
-32
-123
-115
-87
-129
-162
-185
-174
-212
-205
-265
-231
-200
-221
-198
-148
-164
-170
-162
-120
-68
-50
-23
-52
28
10
16
26
104
183
138
78
64
118
85
142
83
117
153
192
231
212
187
205
296
181
215
225
237
149
175
184
99
195
159
155
147
143
92
103
48
38
12
3
24
16
46
-23
61
64
59
25
53
7
10
8
-93
-13
-52
-12
2
-35
15
49
3
12
21
37
91
105
114
159
169
122
160
178
158
87
137
140
94
48
58
129
67
73
96
103
131
108
63
55
52
50
-1
-3
-47
-38
23
-10
14
35
-17
-45
-18
-93
-59
30
-18
-109
-88
-55
-15
42
32
37
-18
21
79
35
40
78
13
-36
28
28
-14
37
1
-73
-2
25
17
48
28
75
112
72
95
84
123
132
127
127
109
94
28
43
-4
-48
-71
-139
-78
-120
-165
-169
-162
-142
-214
-145
-183
-179
-178
-161
-171
-249
-169
-208
-171
-206
-252
-176
-92
-137
-234
-143
-73
-111
-82
-117
-183
-112
-88
-117
-89
-6
-24
6
-4
-3
9
23
3
-91
11
11
29
37
-52
-23
26
-3
-34
25
-26
-35
73
-32
-129
-108
-108
-149
-160
-108
-63
-95
-146
-55
-84
-89
-12
-74
-169
-111
-77
-98
-58
-88
-69
-142
-59
-69
-167
-33
0
-58
-92
-7
7
71
92
31
56
111
131
43
-26
-46
26
88
133
158
179
246
209
142
110
72
87
33
62
67
57
122
89
81
-32
59
30
-75
-74
-73
-54
-131
-134
-209
-80
-154
-125
-64
-129
-35
-120
-85
-93
-54
-50
-70
-27
-72
-72
-24
38
55
73
63
43
76
29
8
63
93
103
85
103
58
78
100
92
130
76
102
96
27
82
48
29
47
60
78
22
69
35
19
0
13
28
-10
33
53
65
33
7
-56
3
17
-32
-28
-73
-104
-132
-115
-28
-67
-141
-42
-90
31
135
60
6
-46
105
121
101
51
36
38
49
116
35
64
82
115
143
162
144
155
192
150
202
168
167
98
113
77
49
115
19
149
118
64
67
-24
40
38
-25
-6
-44
-47
-30
-34
1
-72
8
-3
-52
29
100
105
56
94
37
80
83
70
74
18
38
55
111
95
24
60
129
118
77
25
18
60
100
87
101
104
139
156
69
90
90
32
-38
44
95
85
29
-36
31
29
83
16
-75
-123
-92
-28
-133
-217
-219
-105
-99
-137
-183
-198
-137
-133
-92
-92
-83
-86
-80
-73
-98
-111
-121
-46
-53
-112
-72
-40
-57
-84
-74
4
22
-12
-23
16
25
1
53
-10
13
13
112
209
36
125
181
195
187
109
175
136
82
68
47
162
177
110
61
43
-25
-126
-29
-53
-95
-120
-60
-149
-209
-88
-148
-191
-324
-251
-185
-115
-118
-161
-109
-94
-4
-50
-89
-116
-55
-22
-49
-53
22
47
-9
-23
-53
-47
9
37
7
39
-69
-61
-111
-157
-62
-96
6
13
-41
-5
25
62
19
-4
8
-16
88
105
47
-47
-120
-54
-47
25
-60
-58
-41
-99
-16
-49
-46
-117
-82
-48
-67
-67
-73
18
-90
-122
-75
-32
77
9
-3
33
-30
-33
-27
-55
-3
83
-5
-39
36
107
167
142
138
114
60
59
104
104
157
94
69
73
65
123
84
78
16
98
45
-12
74
65
98
124
94
63
39
-18
-33
-78
-58
-68
-32
-39
-60
-28
-11
-67
-115
-19
-48
91
64
47
62
-28
19
-22
22
28
106
76
-16
-23
41
149
73
-18
-41
86
177
95
-5
7
73
182
114
-23
-23
14
68
15
0
-59
-54
-20
-56
-77
-61
6
-12
-20
14
75
130
100
20
60
33
40
99
95
153
187
191
156
167
184
184
165
94
69
119
123
149
63
96
125
65
113
93
157
35
-44
-16
33
-1
-25
-21
-25
19
-68
-85
-157
-131
-38
-29
-112
-31
6
-45
-2
-60
-45
-40
2
0
-40
-57
18
105
100
-30
-97
-1
48
-17
-175
-126
61
142
61
18
35
86
86
28
2
26
216
246
32
-68
63
152
179
69
-17
34
109
120
-5
-96
-70
25
18
-28
-139
-103
-49
-46
-77
-173
-100
-11
-34
-163
-92
-34
21
65
-93
-126
-9
-35
-83
-144
-236
-88
-126
-131
-67
-86
20
29
-20
-101
-143
-63
-4
-32
-106
-46
-27
-10
63
-77
-150
-258
-277
-111
-51
-196
-251
-112
-5
-64
-215
-110
-112
-70
-147
-298
-243
-158
43
-46
-175
-170
-52
1
-105
-145
-164
-22
-10
-118
-233
-259
-118
-98
-145
-215
-146
-78
-44
-126
-170
-71
3
33
-61
-85
-173
-42
-5
-63
-63
-70
75
-9
-81
-101
-61
-8
-80
-161
-156
-39
87
29
-51
-67
-114
-24
-85
-205
-175
-114
-76
-118
-221
-267
-159
-102
-118
-209
-272
-128
24
-20
-151
-178
-67
61
-44
-155
-184
-139
-46
-43
-199
-294
-102
20
34
-91
-194
-68
145
59
0
24
17
48
-20
24
-55
68
92
79
64
-50
96
150
86
-14
2
105
140
31
13
20
75
114
-50
-103
-40
-30
-7
-23
-59
-15
103
135
-29
-70
-54
8
-15
-74
-161
-126
108
105
5
-105
-64
26
-2
-72
-90
-35
113
169
23
-67
13
101
149
-16
-197
-12
86
184
23
-158
65
174
163
-21
-90
93
224
208
82
111
178
247
285
43
-54
0
250
303
-8
-9
50
225
164
-2
13
116
301
142
85
152
304
364
195
83
6
141
257
135
51
87
107
193
162
-28
9
88
-41
-109
-96
-73
11
-51
-123
-35
-16
44
91
71
40
-19
52
81
3
-13
31
23
91
43
54
138
99
132
17
28
130
171
179
96
63
181
238
193
106
68
112
114
137
106
75
109
202
142
107
72
109
148
45
-38
-34
138
188
103
5
75
68
111
78
27
-23
-149
-7
-51
-83
-101
-105
-57
-7
-14
-116
-83
-63
-63
-123
-206
-97
11
-9
-80
-148
-70
-8
-135
-268
-324
-275
-152
-358
-521
-528
-402
-208
-328
-485
-537
-271
-205
-319
-480
-546
-246
-199
-390
-553
-476
-252
-133
-361
-597
-444
-211
-278
-480
-617
-590
-321
-370
-535
-484
-307
-252
-382
-419
-304
-80
-102
-251
-339
-316
-112
-60
-212
-349
-345
-164
-27
-88
-214
-125
-95
-195
-146
-141
-81
-38
-58
-71
-9
126
163
107
50
68
136
281
347
350
363
374
532
595
539
603
613
681
711
749
842
847
981
1043
1091
1116
1172
1120
1075
1170
1086
1205
1192
1069
1195
1195
1093
1073
1048
1075
1055
978
951
877
909
919
783
664
618
559
595
521
316
271
255
236
160
41
-73
-202
-299
-335
-462
-524
-598
-667
-744
-934
-853
-897
-1043
-1192
-1265
-1299
-1415
-1330
-1408
-1477
-1490
-1580
-1613
-1611
-1651
-1645
-1716
-1820
-1751
-1677
-1549
-1727
-1767
-1733
-1763
-1683
-1830
-1658
-1592
-1647
-1723
-1644
-1399
-1384
-1317
-1428
-1226
-1027
-961
-797
-810
-728
-565
-218
-64
36
352
606
815
873
973
1338
1630
1653
1646
1888
2154
2287
2263
2271
2539
2619
2624
2655
2601
2592
2624
2588
2536
2459
2456
2496
2315
2050
1927
1938
1804
1666
1363
1265
1241
1032
886
698
609
466
421
379
319
-18
-217
11
-4
-300
-559
-509
-309
-367
-627
-801
-688
-350
-385
-643
-720
-560
-404
-349
-462
-520
-322
-66
-17
-178
-67
163
333
197
62
148
374
462
218
123
291
459
411
344
202
117
223
264
146
-69
-171
-117
-82
-254
-456
-421
-507
-780
-1057
-1115
-1202
-1408
-1549
-1717
-1717
-1985
-2131
-2117
-2213
-2409
-2675
-2657
-2754
-2871
-2948
-3066
-3039
-3042
-2976
-2886
-2879
-2730
-2603
-2430
-2319
-2209
-2061
-1782
-1469
-1634
-1506
-1039
-635
-338
-270
-1
484
730
849
1130
1445
1653
1886
2113
2348
2495
2649
2939
3012
3089
3083
3157
3244
3145
3166
3209
3309
3180
2892
2846
2932
2841
2659
2462
2390
2342
2240
2185
1959
1698
1439
1413
1438
1173
794
671
851
791
412
149
263
296
111
-207
-355
-124
69
-26
-332
-439
-382
-144
-219
-497
-519
-367
-44
-130
-272
-215
22
68
-176
-168
15
157
-11
-168
-182
3
68
-35
42
-56
-176
-243
-285
-219
-327
-540
-640
-740
-767
-771
-850
-1104
-1443
-1498
-1449
-1614
-1869
-1956
-1943
-2132
-2476
-2617
-2470
-2513
-2856
-3050
-3010
-2914
-3018
-3164
-3324
-3313
-3319
-3474
-3290
-3154
-3065
-3085
-3063
-2857
-2674
-2368
-2224
-2105
-1984
-1688
-1157
-971
-826
-607
-193
217
396
773
1068
1389
1631
1837
2231
2513
2659
2816
3119
3364
3416
3481
3636
3694
3724
3700
3735
3882
3779
3662
3612
3509
3464
3326
3220
3150
2950
2739
2662
2597
2264
1912
1726
1711
1671
1345
1067
937
829
719
586
371
187
178
143
17
-210
-336
-215
-82
-291
-524
-550
-327
-118
-364
-417
-327
-133
-1
40
5
-65
115
90
34
-8
74
174
159
49
-61
119
228
104
-170
-289
-151
-212
-351
-488
-546
-550
-868
-1022
-969
-961
-1223
-1442
-1429
-1572
-1849
-2056
-2064
-2072
-2266
-2607
-2657
-2657
-2706
-2921
-3108
-3070
-3101
-3169
-3407
-3445
-3445
-3527
-3542
-3496
-3663
-3791
-3541
-3357
-3321
-3384
-3227
-3011
-2677
-2547
-2376
-1968
-1759
-1398
-1152
-750
-496
-240
173
507
885
1075
1412
1894
2249
2381
2658
3035
3344
3474
3616
3832
3993
4122
4161
4294
4338
4253
4138
4193
4168
4111
4018
3929
3932
3688
3488
3383
3239
2943
2668
2499
2444
2164
1765
1764
1593
1287
977
784
729
416
91
-86
13
17
-271
-496
-469
-351
-524
-776
-778
-724
-703
-723
-825
-735
-647
-578
-583
-594
-518
-505
-349
-338
-366
-313
-273
-275
-253
-184
-165
-220
-309
-212
-175
-241
-306
-312
-346
-458
-447
-506
-526
-692
-860
-778
-967
-1108
-1175
-1297
-1438
-1651
-1735
-1814
-1889
-2067
-2250
-2347
-2471
-2552
-2658
-2821
-2932
-3143
-3262
-3217
-3262
-3402
-3602
-3593
-3599
-3624
-3708
-3805
-3700
-3550
-3404
-3331
-3194
-3044
-2832
-2630
-2394
-2201
-1906
-1568
-1349
-1025
-699
-239
156
505
950
1420
1715
2027
2388
2770
3163
3402
3531
3688
4020
4168
4353
4387
4530
4680
4717
4817
4783
4819
4601
4528
4484
4418
4267
4047
3850
3613
3542
3318
3182
2912
2569
2364
2173
1960
1577
1352
1243
987
675
445
427
308
22
-97
-223
-321
-467
-630
-721
-873
-886
-878
-932
-958
-912
-841
-809
-800
-890
-804
-562
-540
-612
-574
-431
-325
-311
-288
-215
-108
-143
-279
-252
-100
-213
-427
-478
-462
-328
-407
-520
-522
-590
-677
-831
-981
-1127
-1212
-1387
-1476
-1568
-1751
-1873
-2039
-2115
-2345
-2474
-2362
-2394
-2658
-2963
-2902
-2797
-2946
-3182
-3341
-3250
-3220
-3584
-3893
-3771
-3508
-3557
-3857
-3862
-3666
-3372
-3241
-3307
-3147
-2946
-2595
-2347
-2168
-1917
-1646
-1206
-908
-642
-354
114
651
915
1172
1622
2181
2484
2636
2957
3394
3717
3789
3986
4415
4663
4753
4858
5073
5231
5188
5233
5231
5190
5129
5016
4967
4748
4516
4368
4290
4122
3793
3476
3215
3006
2784
2547
2238
1900
1488
1388
1430
1024
442
227
426
345
-109
-552
-603
-379
-583
-1076
-1185
-876
-698
-1001
-1337
-1314
-1096
-946
-1083
-1131
-1117
-1093
-897
-866
-882
-881
-819
-752
-761
-680
-577
-582
-722
-861
-823
-612
-545
-648
-830
-815
-785
-916
-992
-1059
-1041
-1308
-1444
-1359
-1304
-1376
-1668
-1758
-1880
-1945
-2052
-2095
-2085
-2377
-2746
-2787
-2611
-2828
-3066
-3120
-3079
-3121
-3382
-3506
-3360
-3260
-3552
-3869
-3779
-3482
-3413
-3516
-3615
-3544
-3297
-3155
-3035
-2816
-2738
-2554
-2160
-1927
-1745
-1450
-998
-651
-421
-156
380
917
1183
1397
1747
2322
2758
2930
3118
3562
3873
4015
4235
4624
4923
5003
4924
5122
5411
5300
5287
5229
5289
5213
5153
4990
4760
4730
4411
4147
3918
3731
3426
3196
3002
2727
2504
2071
1673
1384
1262
1122
764
345
120
166
-45
-416
-730
-746
-598
-891
-1409
-1475
-1018
-1024
-1382
-1701
-1599
-1215
-1205
-1432
-1488
-1208
-1106
-1158
-1162
-948
-822
-874
-926
-870
-593
-343
-403
-663
-748
-662
-477
-500
-598
-759
-855
-774
-867
-890
-823
-947
-1162
-1234
-1270
-1255
-1238
-1503
-1769
-1848
-1907
-2023
-2113
-2125
-2238
-2414
-2671
-2701
-2653
-2772
-2928
-3104
-3135
-3151
-3176
-3284
-3344
-3408
-3478
-3492
-3473
-3383
-3224
-3223
-3184
-3099
-2929
-2381
-2444
-2818
-2731
-1851
-1090
-1173
-1580
-1457
-381
418
454
145
734
1873
2386
2035
1797
2610
3677
4001
3537
3411
3921
4739
5031
4868
4831
4971
5222
5356
5353
5340
5306
5032
4757
4806
5087
5025
4596
3962
3749
4021
3944
3378
2810
2633
2503
2127
1719
1570
1386
991
503
230
244
174
-105
-480
-815
-916
-991
-1074
-1109
-1311
-1367
-1459
-1458
-1454
-1422
-1201
-1344
-1570
-1636
-1368
-1072
-1217
-1521
-1422
-928
-788
-979
-1014
-828
-736
-818
-831
-677
-614
-875
-947
-765
-729
-835
-1049
-1033
-817
-967
-1092
-1138
-1094
-1025
-1373
-1531
-1462
-1369
-1501
-1713
-1766
-1862
-1928
-2098
-2121
-2064
-2203
-2483
-2576
-2517
-2632
-2773
-2794
-2742
-2796
-2889
-2868
-2908
-2949
-2924
-2995
-3045
-3019
-2901
-2727
-2696
-2805
-2805
-2570
-2300
-2167
-2103
-2033
-1773
-1481
-1338
-1142
-790
-381
-153
80
402
770
1145
1458
1727
2034
2389
2776
3100
3404
3681
3869
4173
4330
4512
4727
4953
5072
5071
5079
5087
5260
5266
5171
5068
4980
4791
4609
4408
4384
4244
3796
3489
3292
3218
2875
2549
2169
1801
1629
1394
1065
681
369
-29
-209
-247
-502
-843
-1144
-1181
-1255
-1568
-1673
-1725
-1739
-1894
-2110
-2150
-2029
-1909
-2072
-2174
-2201
-1992
-1853
-1883
-1882
-1946
-1807
-1661
-1679
-1679
-1607
-1320
-1261
-1469
-1349
-1200
-1039
-1091
-1217
-1193
-1033
-800
-926
-1069
-1040
-889
-969
-1104
-1013
-1003
-930
-976
-1205
-1223
-1097
-1063
-1165
-1480
-1625
-1491
-1361
-1506
-1806
-1757
-1794
-2036
-2162
-2089
-1873
-2055
-2379
-2436
-2273
-1990
-2074
-2418
-2644
-2452
-2288
-2330
-2151
-2152
-2029
-1957
-1849
-1695
-1516
-1140
-1090
-972
-939
-573
-98
136
307
468
944
1309
1619
1766
2179
2666
2846
3031
3240
3646
3945
4050
4088
4235
4578
4747
4802
4879
4827
4879
4902
4935
4920
4729
4659
4527
4419
4280
4062
3830
3564
3222
2955
2832
2604
2205
1726
1491
1230
971
780
500
78
-236
-384
-626
-680
-935
-1184
-1279
-1422
-1660
-1826
-1823
-1823
-1780
-2016
-2146
-2047
-1874
-1962
-2158
-2133
-1905
-1793
-1965
-1784
-1745
-1640
-1612
-1738
-1507
-1283
-1217
-1361
-1348
-1220
-1021
-846
-837
-875
-822
-672
-512
-586
-690
-547
-430
-339
-528
-471
-378
-491
-544
-667
-562
-617
-764
-940
-977
-907
-968
-1180
-1441
-1340
-1317
-1453
-1744
-1798
-1677
-1722
-1848
-2141
-2130
-2083
-1965
-2049
-2294
-2232
-2181
-2189
-2170
-2119
-2098
-1998
-1917
-1710
-1577
-1385
-1280
-1166
-880
-688
-372
-261
20
265
581
929
1016
1293
1663
2028
2231
2474
2734
3090
3436
3637
3909
4078
4202
4321
4536
4750
4706
4709
4699
4728
4763
4682
4605
4464
4358
4159
3967
3781
3616
3309
3031
2858
2543
2295
2004
1802
1535
1141
858
574
315
157
-133
-391
-571
-835
-1126
-1332
-1511
-1655
-1694
-1978
-2210
-2238
-2111
-2125
-2320
-2451
-2529
-2356
-2229
-2359
-2453
-2260
-2064
-2010
-2119
-1974
-1707
-1593
-1555
-1605
-1401
-1231
-1133
-1171
-1197
-1044
-851
-661
-699
-752
-656
-554
-500
-510
-543
-473
-433
-502
-585
-473
-344
-437
-562
-636
-555
-517
-688
-753
-700
-802
-875
-925
-982
-991
-1176
-1327
-1342
-1295
-1340
-1509
-1533
-1604
-1693
-1747
-1767
-1824
-1912
-1878
-1918
-1887
-1994
-1960
-1813
-1689
-1557
-1666
-1516
-1315
-1053
-920
-937
-673
-295
-53
187
490
754
1082
1243
1498
1859
2250
2498
2663
2951
3194
3413
3592
3796
3894
4011
4128
4244
4276
4253
4308
4380
4383
4199
4148
4035
3878
3779
3530
3295
3081
2823
2573
2397
2244
1945
1553
1274
1008
772
518
209
-84
-433
-790
-1020
-1129
-1359
-1596
-1742
-1818
-1963
-2111
-2217
-2349
-2330
-2398
-2503
-2517
-2466
-2383
-2356
-2257
-2244
-2280
-2134
-1984
-1871
-1913
-1854
-1563
-1370
-1376
-1350
-1085
-867
-834
-920
-763
-531
-322
-436
-514
-180
-38
-38
-70
11
87
196
116
45
114
148
45
-25
-11
-81
-8
-117
-235
-407
-463
-365
-467
-667
-797
-813
-1021
-1176
-1127
-1222
-1285
-1471
-1592
-1477
-1591
-1682
-1846
-1897
-1939
-2028
-2129
-2149
-2017
-2069
-2090
-2105
-1925
-1817
-1729
-1653
-1629
-1373
-1064
-794
-724
-492
-89
179
349
543
875
1206
1588
1738
1871
2252
2546
2772
2863
3125
3378
3569
3667
3728
3968
4068
4027
3883
4026
4002
3887
3827
3620
3561
3462
3309
3164
2983
2737
2616
2269
1975
1796
1470
1293
1019
600
346
216
-135
-510
-836
-960
-1123
-1425
-1675
-1796
-1849
-2017
-2119
-2239
-2306
-2364
-2467
-2556
-2473
-2432
-2393
-2393
-2363
-2320
-2287
-2100
-1986
-1817
-1866
-1773
-1548
-1386
-1298
-1233
-1063
-908
-832
-847
-645
-441
-363
-402
-273
-72
110
155
19
171
316
214
158
281
374
322
226
259
250
211
282
180
-81
-184
-38
33
-210
-401
-377
-318
-411
-679
-827
-737
-625
-868
-1360
-1446
-1139
-1132
-1538
-1859
-1808
-1729
-1807
-1988
-2093
-2019
-1888
-1993
-2119
-1940
-1702
-1673
-1818
-1733
-1558
-1192
-975
-916
-851
-570
-204
-102
174
447
880
1201
1287
1372
1739
2158
2345
2343
2544
2900
3063
3145
3160
3363
3425
3553
3427
3398
3520
3556
3509
3349
3390
3257
3218
2960
2714
2552
2383
2169
1931
1764
1586
1426
1020
680
481
347
117
-117
-381
-581
-739
-942
-1071
-1248
-1510
-1702
-1783
-1838
-1830
-2094
-2096
-1993
-2091
-2096
-2180
-2072
-1905
-1848
-1853
-1819
-1722
-1484
-1371
-1359
-1235
-1123
-851
-794
-736
-543
-441
-371
-328
-184
-17
224
307
317
363
529
762
774
812
769
820
879
814
847
799
829
812
616
539
658
705
528
291
265
259
158
139
-15
-201
-372
-462
-566
-714
-746
-983
-1100
-1213
-1344
-1295
-1527
-1675
-1838
-1881
-1785
-2013
-2133
-2152
-2074
-2023
-2195
-2343
-2170
-1913
-1926
-2110
-1988
-1555
-1356
-1319
-1355
-1062
-699
-600
-573
-335
205
560
613
732
1184
1498
1737
1821
1931
2329
2574
2708
2686
2809
3178
3286
3263
3298
3332
3513
3494
3326
3279
3294
3250
3005
2821
2789
2740
2609
2321
2099
2048
1814
1495
1173
999
810
592
321
-28
-138
-209
-326
-609
-838
-984
-1003
-1246
-1535
-1573
-1594
-1487
-1608
-1705
-1750
-1783
-1810
-1787
-1751
-1691
-1615
-1624
-1557
-1444
-1260
-1191
-1151
-1042
-872
-756
-562
-467
-385
-209
-205
-70
103
235
303
350
541
686
703
829
841
876
833
752
801
769
802
730
742
731
771
696
549
499
359
309
186
172
101
-169
-363
-379
-336
-539
-777
-913
-974
-1038
-1249
-1467
-1602
-1515
-1619
-1965
-2138
-2084
-1988
-2166
-2378
-2479
-2411
-2328
-2407
-2539
-2410
-2189
-2067
-2075
-2058
-1764
-1591
-1525
-1545
-1318
-942
-718
-529
-378
-202
111
445
582
839
1229
1474
1559
1764
1954
2148
2356
2383
2497
2796
3045
3086
3086
3098
3114
3179
3153
3044
3041
2954
2825
2756
2655
2559
2436
2182
1911
1850
1787
1572
1294
1042
907
730
448
257
146
-43
-232
-314
-496
-681
-799
-923
-1069
-1200
-1215
-1243
-1303
-1419
-1400
-1390
-1377
-1351
-1371
-1372
-1346
-1207
-1102
-1013
-1042
-924
-790
-712
-591
-487
-270
-177
-129
-70
78
288
403
437
467
587
816
837
880
932
805
949
935
875
922
916
799
657
671
706
646
531
473
377
356
189
7
-145
-95
-219
-607
-628
-742
-809
-948
-1128
-1290
-1463
-1492
-1699
-1813
-1937
-2140
-2167
-2318
-2433
-2552
-2582
-2534
-2725
-2733
-2750
-2674
-2669
-2760
-2621
-2626
-2447
-2264
-2254
-2109
-1980
-1745
-1547
-1463
-1340
-1059
-663
-461
-276
-148
186
547
753
942
1077
1343
1620
1911
1995
2238
2585
2651
2739
2833
2876
2948
3047
3067
3086
3170
3149
3045
2953
2961
2892
2672
2569
2444
2355
2238
2046
1886
1678
1524
1474
1283
965
754
593
503
243
-4
-81
-214
-382
-499
-581
-656
-685
-817
-969
-991
-968
-934
-1018
-1213
-1193
-1030
-1002
-1121
-1148
-995
-856
-817
-825
-740
-528
-430
-417
-405
-331
-133
-88
-52
-45
18
178
227
312
268
293
431
366
284
305
416
445
344
224
169
272
218
107
120
26
-108
-182
-275
-440
-408
-391
-695
-840
-767
-805
-1063
-1242
-1286
-1438
-1474
-1663
-1840
-1868
-1802
-1856
-2192
-2224
-2176
-2181
-2370
-2554
-2610
-2507
-2323
-2536
-2619
-2499
-2430
-2395
-2351
-2196
-2081
-1980
-1853
-1796
-1675
-1444
-1141
-953
-838
-599
-468
-222
113
270
586
914
1054
1184
1413
1652
1878
2163
2259
2437
2583
2764
2919
2903
3083
3163
3157
3167
3167
3076
3075
3017
2944
2894
2807
2742
2604
2432
2325
2237
1996
1850
1600
1434
1246
1182
1090
773
648
503
422
288
78
-90
-95
-186
-314
-448
-478
-392
-512
-793
-945
-623
-602
-911
-825
-755
-738
-665
-717
-706
-557
-361
-407
-408
-326
-354
-340
-228
-229
-198
-90
-93
-42
36
139
84
192
219
191
134
200
304
194
258
211
269
127
32
157
106
23
65
-99
-192
-100
-270
-411
-511
-576
-857
-929
-862
-1065
-1225
-1226
-1366
-1548
-1527
-1685
-1924
-1884
-1831
-2094
-2239
-2137
-2136
-2397
-2372
-2349
-2466
-2416
-2487
-2424
-2456
-2361
-2295
-2296
-2041
-1941
-1963
-1815
-1574
-1515
-1356
-1164
-923
-743
-522
-235
-65
256
438
678
977
1186
1413
1702
1940
2152
2370
2510
2742
2820
2872
3028
3199
3339
3284
3265
3444
3403
3386
3299
3176
3258
3097
3002
2918
2840
2690
2474
2320
2140
2023
1879
1681
1490
1305
1061
898
742
613
431
161
15
-77
-248
-443
-576
-521
-597
-761
-855
-1002
-864
-849
-1000
-1071
-1019
-862
-807
-861
-952
-847
-754
-756
-707
-655
-503
-477
-525
-401
-364
-269
-265
-335
-186
-131
-132
-37
29
-22
-22
5
-13
29
97
234
99
-75
61
75
45
118
2
-216
-189
-235
-334
-320
-377
-559
-676
-609
-780
-1044
-969
-988
-1321
-1425
-1569
-1692
-1576
-1673
-1864
-2168
-2237
-2085
-2242
-2393
-2465
-2503
-2520
-2461
-2669
-2742
-2377
-2386
-2466
-2445
-2040
-1888
-2177
-2002
-2042
-1803
-1249
-1434
-1341
-1030
-701
-357
-377
-178
187
748
798
785
988
1427
1800
1857
2032
2165
2542
2551
2710
2804
3007
3180
3044
3064
3077
3343
3337
3257
3156
3156
3210
3071
2972
2926
2827
2628
2347
2190
2109
2088
1979
1690
1548
1367
1184
1035
900
656
471
318
154
46
-88
-216
-340
-453
-549
-630
-682
-747
-822
-770
-879
-1000
-1114
-1042
-896
-942
-1043
-1052
-913
-787
-771
-846
-797
-754
-630
-601
-547
-477
-347
-281
-340
-141
-129
-120
15
107
84
75
199
223
153
142
203
157
128
66
13
79
17
-72
-180
-84
-157
-410
-399
-534
-547
-569
-809
-999
-957
-1153
-1445
-1502
-1479
-1566
-1808
-1869
-2079
-1909
-1923
-2205
-2296
-2382
-2453
-2568
-2478
-2675
-2666
-2598
-2657
-2619
-2545
-2392
-2243
-2100
-1988
-1864
-1792
-1519
-1390
-1240
-1041
-794
-499
-275
12
143
388
648
861
1098
1385
1641
1871
2171
2360
2433
2701
2974
3001
3161
3285
3297
3408
3479
3387
3447
3566
3464
3338
3224
3172
3158
3034
2860
2670
2540
2387
2257
2140
1927
1758
1522
1306
1143
1071
755
408
325
178
78
-218
-424
-414
-352
-566
-997
-1000
-850
-941
-1156
-1348
-1398
-1211
-1232
-1345
-1383
-1227
-1101
-1167
-1125
-1105
-973
-827
-858
-939
-783
-632
-509
-576
-533
-335
-199
-90
-287
-190
-66
71
76
13
114
248
210
110
190
95
204
243
82
-78
16
0
-69
-32
-147
-337
-315
-212
-526
-545
-640
-791
-821
-973
-1198
-1170
-1018
-1447
-1788
-1755
-1827
-1955
-1981
-2281
-2412
-2191
-2194
-2495
-2617
-2539
-2544
-2597
-2680
-2671
-2643
-2499
-2453
-2555
-2488
-2118
-2052
-2136
-1857
-1641
-1435
-1309
-1114
-877
-569
-295
-284
-58
397
688
801
1011
1343
1728
1968
2071
2169
2456
2751
2900
2984
3157
3347
3389
3450
3406
3566
3613
3521
3467
3443
3484
3417
3296
3077
3024
2937
2709
2401
2252
2139
2026
1757
1517
1416
1112
881
599
471
306
101
-85
-250
-363
-493
-639
-824
-867
-945
-1096
-1144
-1098
-1068
-1075
-1179
-1166
-1120
-967
-1081
-1260
-1097
-1018
-968
-1001
-970
-830
-615
-590
-711
-613
-304
-213
-289
-290
-178
38
32
23
108
154
245
232
118
258
367
338
191
117
216
178
180
60
-96
-36
-33
-191
-217
-207
-427
-518
-434
-757
-904
-922
-1127
-1124
-1342
-1542
-1552
-1476
-1797
-1979
-1867
-2020
-2029
-2151
-2337
-2461
-2263
-2350
-2664
-2504
-2384
-2394
-2412
-2377
-2319
-2143
-2069
-2045
-2053
-1867
-1448
-1375
-1402
-1216
-854
-644
-391
-200
-45
347
643
758
1002
1385
1615
1836
1939
2167
2386
2548
2626
2718
3006
3054
3172
3215
3259
3395
3501
3443
3338
3394
3407
3307
3113
3091
2969
2835
2696
2528
2418
2267
2022
1745
1628
1454
1248
995
767
683
566
343
208
12
-123
-186
-355
-519
-687
-631
-716
-864
-970
-989
-901
-987
-973
-1017
-1042
-1045
-1018
-870
-863
-868
-764
-703
-724
-646
-582
-549
-407
-309
-349
-304
-155
-61
-3
59
76
117
256
285
268
320
376
345
317
355
345
315
383
309
121
182
184
121
71
-93
-224
-235
-258
-450
-624
-780
-958
-1059
-1077
-1232
-1488
-1409
-1522
-1741
-1827
-1930
-1935
-2166
-2342
-2446
-2278
-2355
-2733
-2732
-2651
-2606
-2749
-2913
-2884
-2497
-2398
-2593
-2617
-2459
-2162
-2118
-2131
-1922
-1675
-1500
-1157
-1122
-1130
-674
-309
-214
-103
279
687
874
1077
1312
1501
1801
1950
2007
2231
2447
2629
2718
2741
3032
3236
3176
3136
3244
3425
3403
3245
3206
3335
3227
3146
2988
2818
2768
2612
2538
2292
2123
1988
1861
1673
1456
1242
1068
956
693
596
517
382
83
-95
-169
-288
-443
-559
-576
-726
-758
-866
-915
-912
-941
-932
-1031
-1052
-945
-932
-947
-928
-903
-842
-742
-620
-611
-561
-391
-299
-277
-210
-77
-42
-149
25
107
159
280
298
268
198
327
307
320
254
243
199
32
77
21
-54
-15
-54
-164
-247
-289
-440
-700
-563
-704
-984
-930
-1011
-1270
-1431
-1429
-1647
-1685
-1631
-1989
-2116
-1858
-2110
-2422
-2280
-2318
-2447
-2529
-2660
-2672
-2595
-2544
-2645
-2594
-2561
-2644
-2464
-2371
-2267
-2206
-2141
-1837
-1641
-1458
-1199
-1099
-899
-605
-372
-216
-73
262
530
727
1028
1207
1382
1654
1886
2083
2135
2345
2610
2788
2813
2928
3116
3059
3207
3263
3197
3295
3382
3276
3170
3126
3110
2998
2826
2727
2595
2522
2340
2117
1954
1884
1695
1444
1329
1198
1113
792
563
682
651
406
46
23
-38
-217
-331
-602
-548
-474
-602
-822
-875
-672
-658
-751
-796
-835
-635
-456
-511
-574
-529
-385
-366
-339
-365
-335
-179
-90
-142
-154
9
76
72
131
65
86
326
272
200
238
200
224
165
136
137
65
101
-85
-184
-45
-134
-225
-388
-568
-614
-683
-757
-999
-1073
-965
-1350
-1623
-1511
-1627
-1929
-1942
-2089
-2304
-2191
-2241
-2605
-2804
-2528
-2600
-2765
-2854
-2942
-2880
-2799
-2915
-3148
-3011
-2802
-2850
-3013
-2863
-2598
-2244
-2184
-2276
-2206
-1882
-1585
-1373
-1131
-1143
-780
-442
-131
-117
108
626
854
1012
1091
1430
1710
2022
2161
2309
2536
2790
2965
3034
3169
3230
3364
3408
3450
3448
3481
3477
3353
3282
3253
3199
3084
2934
2901
2903
2789
2548
2369
2322
2093
1883
1735
1533
1456
1347
1044
768
687
528
240
161
-29
-159
-244
-400
-377
-599
-658
-580
-671
-688
-798
-755
-615
-739
-795
-746
-559
-536
-608
-618
-590
-444
-479
-492
-485
-428
-309
-227
-310
-236
-137
-49
-38
-93
17
-32
90
64
-32
-31
27
61
-95
-111
-11
-69
-194
-249
-276
-344
-325
-353
-754
-758
-625
-780
-844
-905
-1170
-1267
-1221
-1431
-1689
-1632
-1643
-2087
-2201
-2120
-2222
-2459
-2418
-2534
-2593
-2544
-2791
-2807
-2848
-2643
-2777
-2850
-2759
-2690
-2520
-2607
-2493
-2417
-2131
-1993
-1978
-1795
-1475
-1339
-1291
-968
-748
-445
-98
40
187
746
896
1099
1406
1609
1880
2053
2331
2440
2687
2755
2991
3165
3317
3395
3455
3595
3492
3626
3589
3570
3568
3568
3516
3435
3380
3297
3085
2980
2968
2685
2423
2251
2193
1959
1798
1702
1510
1364
1172
889
768
694
467
276
95
37
-133
-241
-289
-482
-502
-456
-556
-706
-659
-585
-630
-675
-781
-753
-666
-687
-654
-639
-534
-440
-565
-503
-395
-278
-201
-311
-342
-221
-26
-51
-10
104
155
147
157
109
81
103
109
80
-18
-34
-45
48
-79
-126
-327
-360
-300
-480
-597
-516
-423
-865
-1026
-1023
-977
-1131
-1207
-1592
-1680
-1405
-1815
-1956
-1916
-1846
-2162
-2210
-2345
-2523
-2346
-2436
-2713
-2877
-2716
-2748
-2899
-3037
-2870
-2813
-2771
-2829
-2916
-2705
-2443
-2278
-2462
-2321
-1977
-1797
-1544
-1414
-1334
-916
-625
-349
-176
21
511
808
942
961
1294
1683
2052
2219
2270
2564
2793
3006
3044
3262
3487
3665
3671
3523
3703
3697
3819
3761
3600
3704
3784
3672
3322
3248
3237
3186
2840
2754
2674
2371
2366
2033
1741
1623
1554
1294
1027
877
587
444
317
51
-94
-209
-374
-531
-701
-747
-918
-890
-891
-1114
-1245
-1106
-970
-1150
-1125
-1178
-1001
-868
-946
-984
-1027
-792
-901
-929
-895
-644
-462
-565
-427
-508
-402
-140
-24
-227
-155
-143
-225
-55
-112
-144
-94
51
-162
-197
-76
-74
-125
-257
-310
-399
-468
-485
-553
-814
-760
-811
-1056
-1016
-1040
-1361
-1465
-1411
-1608
-1809
-1861
-1958
-2134
-2055
-2309
-2611
-2484
-2421
-2559
-2719
-2709
-2892
-2863
-2599
-2731
-2959
-2829
-2572
-2543
-2531
-2595
-2361
-2077
-2128
-2024
-1976
-1647
-1181
-1204
-1187
-894
-593
-252
-67
84
330
618
1042
1269
1397
1614
1905
2338
2390
2434
2764
3019
3245
3231
3363
3416
3649
3791
3625
3701
3703
3829
3696
3625
3646
3546
3470
3373
3191
2964
3056
2818
2423
2314
2269
2167
1903
1670
1542
1348
1180
1059
799
642
487
325
272
44
-184
-309
-305
-413
-587
-595
-718
-798
-678
-838
-1108
-962
-836
-871
-1003
-930
-768
-812
-775
-701
-770
-649
-549
-784
-649
-516
-437
-361
-471
-330
-201
-211
-216
-254
-121
-7
-8
-37
42
-61
-187
-49
-221
-215
-236
-187
-322
-552
-414
-529
-636
-733
-786
-1001
-1105
-1130
-1306
-1418
-1377
-1442
-1860
-1877
-1819
-1999
-2014
-2153
-2393
-2470
-2477
-2630
-2846
-2786
-2714
-2864
-2863
-2924
-3004
-2863
-2755
-2854
-2908
-2534
-2499
-2489
-2328
-2173
-2064
-1974
-1683
-1650
-1266
-1144
-928
-667
-625
-277
48
408
526
791
1038
1358
1563
1750
2129
2250
2450
2730
2781
3006
3347
3295
3449
3572
3663
3866
3767
3711
3866
3849
3638
3688
3684
3590
3533
3367
3237
3065
3001
2860
2587
2349
2253
2035
1658
1446
1199
1135
1021
732
435
286
171
-100
-258
-276
-537
-769
-822
-1013
-1053
-1223
-1129
-1166
-1280
-1206
-1305
-1372
-1398
-1268
-1364
-1287
-1349
-1278
-1080
-1096
-1104
-1199
-966
-835
-799
-762
-719
-552
-518
-583
-422
-282
-282
-178
-166
-320
-196
-41
-123
-54
-186
-206
-164
-266
-347
-493
-484
-578
-587
-577
-688
-748
-866
-936
-1160
-1207
-1150
-1252
-1513
-1681
-1545
-1732
-1824
-1850
-2036
-2222
-2157
-2203
-2463
-2403
-2386
-2480
-2618
-2553
-2556
-2614
-2617
-2698
-2804
-2559
-2419
-2575
-2455
-2366
-2206
-2208
-2016
-1700
-1578
-1443
-1378
-1256
-879
-548
-507
-257
121
273
552
823
1035
1583
1821
1828
1829
2291
2726
2772
2913
2994
3168
3269
3487
3517
3599
3758
3863
3808
3676
3793
3853
3764
3654
3710
3621
3470
3250
3204
3030
2852
2809
2513
2298
2126
2026
1735
1523
1414
1182
1102
985
591
197
205
215
-14
-342
-597
-496
-468
-605
-873
-1050
-802
-590
-850
-1340
-1266
-969
-828
-1106
-1397
-1125
-850
-765
-1049
-1183
-906
-656
-756
-996
-811
-443
-279
-430
-683
-465
-47
-101
-304
-392
-252
-38
-98
-210
-212
-48
92
-228
-459
-317
-223
-231
-527
-769
-581
-411
-689
-932
-1040
-958
-818
-1135
-1331
-1384
-1400
-1667
-1792
-1743
-2025
-1898
-1997
-2319
-2245
-2304
-2482
-2435
-2446
-2499
-2541
-2592
-2681
-2640
-2404
-2676
-2801
-2484
-2351
-2259
-2159
-2308
-2061
-1698
-1643
-1651
-1620
-1071
-869
-824
-564
-251
13
269
481
638
998
1268
1627
1758
1979
2130
2282
2681
2899
3025
3125
3407
3464
3568
3708
3727
3849
3923
3838
3824
3998
3937
3812
3613
3591
3642
3428
3243
3056
2907
2757
2624
2370
2128
2016
1790
1546
1385
1110
1006
956
602
339
93
22
-65
-240
-479
-631
-664
-708
-769
-1083
-1135
-1120
-987
-1102
-1290
-1188
-1061
-1024
-1167
-1192
-1263
-891
-814
-1099
-1078
-918
-689
-650
-724
-692
-435
-381
-494
-503
-356
-31
25
-172
-186
-95
42
90
12
-49
-6
57
18
-127
-167
-135
-110
-198
-406
-275
-340
-490
-651
-856
-869
-932
-1075
-1328
-1481
-1436
-1605
-1859
-1879
-2013
-2030
-2083
-2153
-2292
-2338
-2313
-2480
-2592
-2613
-2581
-2719
-2654
-2506
-2626
-2734
-2548
-2621
-2541
-2413
-2376
-2259
-2097
-1823
-1759
-1562
-1420
-1047
-988
-741
-487
-356
9
192
579
751
1094
1327
1567
1777
2040
2354
2516
2784
2961
3304
3456
3430
3528
3791
3891
3819
3864
4083
4190
4223
4225
4119
4065
3903
3919
3783
3556
3444
3236
3123
2902
2683
2381
2182
2118
1833
1469
1268
1113
841
645
461
399
290
59
-219
-369
-465
-590
-749
-973
-1008
-1150
-1125
-1211
-1338
-1299
-1271
-1236
-1324
-1292
-1249
-1209
-1219
-1129
-1056
-1004
-943
-851
-730
-607
-578
-577
-414
-341
-276
-287
-252
-246
-82
-95
-186
-51
52
53
-61
35
30
78
0
-96
-56
-66
-182
-362
-424
-406
-521
-765
-815
-1028
-986
-997
-1204
-1426
-1585
-1597
-1789
-1901
-1920
-2019
-2258
-2314
-2342
-2371
-2604
-2699
-2650
-2723
-2762
-2850
-2827
-2953
-2979
-2950
-3018
-2909
-2677
-2650
-2539
-2516
-2483
-2167
-1885
-1905
-1768
-1314
-1118
-913
-944
-588
-54
263
334
381
805
1170
1574
1641
1892
2298
2561
2731
2857
3168
3370
3565
3580
3574
3888
4039
4018
4046
4066
4200
4263
4181
4015
3932
3908
3731
3568
3468
3375
3268
3052
2737
2477
2363
2111
1851
1567
1330
1243
928
668
409
238
21
-196
-415
-569
-566
-822
-926
-1178
-1470
-1422
-1238
-1305
-1558
-1657
-1610
-1498
-1434
-1546
-1634
-1361
-1219
-1161
-1264
-1218
-909
-750
-803
-937
-801
-638
-466
-505
-556
-439
-233
-139
-222
-168
-66
31
62
1
-72
63
143
52
-99
-128
-35
-44
-118
-413
-601
-604
-624
-677
-834
-1002
-1109
-1046
-1207
-1529
-1460
-1557
-1751
-1741
-1904
-2097
-2181
-2247
-2383
-2592
-2694
-2690
-2762
-2953
-3050
-2997
-3085
-3062
-2921
-2979
-3112
-3003
-2810
-2815
-2754
-2586
-2441
-2284
-1970
-1960
-1858
-1363
-1101
-970
-944
-839
-461
-16
216
276
538
1026
1398
1634
1752
1963
2288
2599
2772
2782
3075
3423
3625
3682
3723
3909
4127
4246
4125
4090
4146
4120
4035
3856
3822
3863
3727
3498
3318
3304
3260
2980
2784
2640
2362
2180
1922
1603
1368
1163
998
795
504
200
101
-132
-409
-487
-735
-907
-1047
-1108
-1109
-1210
-1339
-1413
-1308
-1441
-1420
-1382
-1470
-1325
-1317
-1339
-1345
-1257
-1134
-1151
-1131
-994
-1023
-1028
-800
-628
-588
-589
-465
-353
-262
-213
-216
-113
31
37
-7
35
84
177
76
7
30
-48
26
-179
-346
-308
-344
-380
-571
-718
-733
-748
-923
-909
-1018
-1333
-1333
-1383
-1627
-1716
-1690
-2035
-2228
-2114
-2160
-2352
-2418
-2370
-2525
-2601
-2709
-2756
-2753
-2737
-2583
-2799
-2699
-2550
-2546
-2352
-2340
-2214
-2225
-1934
-1642
-1626
-1507
-1254
-819
-766
-686
-449
-21
247
353
549
720
1261
1517
1802
2023
2176
2575
2674
2858
3108
3320
3537
3594
3514
3808
3995
3998
4051
3996
4098
4018
4039
3929
3888
3935
3722
3601
3413
3259
3256
3134
2811
2591
2438
2263
2103
1811
1611
1413
1124
977
662
490
408
85
-297
-453
-491
-523
-626
-878
-922
-1039
-1049
-1297
-1366
-1294
-1348
-1278
-1499
-1498
-1395
-1176
-1132
-1307
-1412
-1244
-942
-940
-1102
-1084
-822
-692
-606
-588
-519
-370
-322
-327
-304
-187
-50
-167
-227
-113
1
-23
-11
11
-126
-81
-223
-232
-319
-568
-592
-549
-609
-831
-896
-1057
-1140
-1144
-1299
-1536
-1585
-1532
-1817
-2025
-1972
-2060
-2215
-2305
-2468
-2567
-2526
-2645
-2800
-2878
-2734
-2683
-2888
-2865
-2883
-2637
-2579
-2724
-2695
-2531
-2202
-2162
-2170
-2064
-1737
-1623
-1502
-1281
-1150
-916
-780
-593
-358
2
387
523
758
1115
1338
1649
1891
2086
2312
2650
2927
2993
3164
3350
3561
3761
3844
3819
3992
4174
4018
3955
4032
4113
4043
3865
3900
3779
3673
3518
3187
3122
2990
2798
2581
2300
2214
2073
1762
1503
1352
1223
958
630
365
323
127
-127
-330
-558
-518
-809
-888
-881
-1058
-1179
-1439
-1359
-1337
-1433
-1509
-1520
-1365
-1285
-1313
-1426
-1250
-986
-1088
-1220
-1091
-980
-883
-821
-870
-746
-590
-428
-442
-470
-330
-170
-86
-243
-192
13
89
-15
-41
6
54
161
25
-178
-180
-78
-98
-260
-347
-337
-474
-639
-814
-977
-979
-1012
-1228
-1495
-1527
-1519
-1696
-1884
-1919
-2107
-2317
-2313
-2487
-2667
-2639
-2600
-2684
-2784
-2810
-2892
-2885
-2839
-3010
-2974
-2724
-2661
-2648
-2549
-2343
-2179
-2065
-1935
-1708
-1496
-1255
-976
-928
-665
-419
-97
230
389
711
983
1387
1519
1720
2028
2289
2608
2709
2964
3167
3434
3654
3639
3691
3856
4018
4021
4054
4043
4030
4075
3967
3955
4002
3827
3591
3414
3361
3284
3130
2958
2744
2507
2319
2155
1903
1643
1458
1291
954
665
467
305
166
-213
-493
-524
-572
-714
-942
-1064
-1154
-1279
-1336
-1631
-1678
-1455
-1492
-1545
-1619
-1594
-1549
-1430
-1392
-1509
-1414
-1192
-1096
-1169
-1142
-929
-708
-698
-700
-623
-541
-363
-290
-448
-321
-74
-16
-126
-86
127
118
176
80
39
98
118
-57
-310
-292
-180
-185
-477
-496
-416
-502
-647
-817
-1046
-1187
-1174
-1315
-1621
-1747
-1597
-1728
-2064
-2205
-2188
-2193
-2270
-2465
-2720
-2767
-2598
-2751
-3065
-3124
-3020
-2967
-2951
-2931
-2952
-2650
-2531
-2585
-2571
-2388
-2055
-1915
-1809
-1723
-1492
-1189
-922
-725
-465
-177
142
430
587
862
1210
1503
1750
1945
2170
2625
2832
2959
3211
3405
3640
3763
3896
3999
4086
4175
4079
4007
4143
4157
4125
4068
3945
3891
3733
3585
3428
3291
3190
2953
2755
2525
2293
2209
1939
1558
1305
1113
912
733
471
172
-2
-143
-280
-519
-712
-825
-938
-1103
-1303
-1396
-1285
-1290
-1565
-1720
-1634
-1468
-1572
-1732
-1678
-1528
-1312
-1333
-1619
-1482
-1079
-910
-1050
-1212
-986
-643
-596
-773
-750
-546
-241
-265
-436
-293
28
182
-54
-140
117
344
215
40
7
62
164
89
-95
-90
-69
-161
-386
-470
-351
-409
-446
-767
-1066
-920
-732
-1039
-1442
-1450
-1570
-1656
-1792
-2093
-2290
-2183
-2098
-2460
-2708
-2517
-2288
-2541
-2860
-2838
-2775
-2602
-2671
-2854
-2776
-2513
-2371
-2486
-2389
-2183
-1906
-1712
-1706
-1652
-1388
-998
-866
-848
-605
-225
85
307
430
683
1125
1444
1453
1551
2004
2490
2646
2585
2869
3184
3441
3565
3541
3698
3920
4125
3994
3894
4047
4154
4116
3963
3871
3887
3864
3629
3400
3272
3259
3137
2769
2530
2398
2247
1930
1710
1564
1309
1235
896
572
469
340
65
-224
-355
-533
-728
-874
-847
-1037
-1216
-1290
-1275
-1389
-1468
-1376
-1485
-1443
-1441
-1470
-1518
-1315
-1260
-1385
-1340
-1300
-1139
-1052
-1020
-971
-854
-817
-817
-698
-507
-347
-220
-281
-271
-83
-8
-69
-132
-84
-72
73
22
-92
-145
-137
-129
-263
-248
-348
-357
-414
-515
-639
-786
-714
-813
-951
-1081
-1130
-1207
-1266
-1346
-1634
-1683
-1763
-1875
-1951
-2144
-2245
-2273
-2343
-2580
-2677
-2525
-2450
-2591
-2784
-2658
-2595
-2636
-2585
-2508
-2448
-2418
-2346
-2341
-2162
-1986
-1757
-1687
-1595
-1273
-1075
-926
-796
-568
-242
102
240
474
674
1117
1494
1597
1771
1939
2373
2580
2720
2924
3181
3384
3439
3531
3713
3904
3972
3988
3932
3933
4100
4118
3927
3880
3821
3797
3621
3394
3327
3165
2905
2650
2516
2335
2055
1897
1670
1367
1173
930
790
591
361
77
-118
-230
-435
-531
-888
-1026
-1054
-1139
-1176
-1377
-1448
-1503
-1523
-1670
-1659
-1532
-1549
-1507
-1565
-1417
-1296
-1239
-1200
-1246
-1082
-908
-853
-812
-669
-572
-534
-489
-376
-307
-279
-141
-156
-86
-47
-90
72
61
69
54
-66
10
97
110
-91
-201
-170
-123
-236
-438
-372
-461
-513
-701
-810
-757
-790
-957
-1341
-1350
-1390
-1463
-1633
-1796
-1902
-2003
-1968
-2231
-2431
-2304
-2232
-2509
-2564
-2535
-2592
-2613
-2616
-2741
-2780
-2518
-2493
-2575
-2591
-2355
-2286
-2203
-2061
-1967
-1682
-1518
-1384
-1172
-866
-702
-465
-277
-53
328
624
848
1066
1371
1666
1942
2022
2250
2536
2803
3105
3173
3373
3523
3673
3836
3820
3986
4156
4130
4054
4042
4094
4073
3973
3910
3799
3670
3542
3361
3213
3107
2930
2603
2372
2209
2048
1811
1572
1225
952
810
550
482
212
-64
-344
-487
-530
-730
-932
-1186
-1150
-1247
-1405
-1488
-1522
-1552
-1437
-1464
-1608
-1594
-1585
-1408
-1431
-1423
-1526
-1452
-1194
-1097
-1114
-1115
-908
-792
-744
-793
-651
-565
-426
-369
-456
-246
-175
-140
-169
-143
52
36
-32
-96
2
68
-8
-89
-277
-168
-114
-246
-437
-385
-401
-680
-699
-778
-882
-940
-1010
-1327
-1427
-1297
-1367
-1675
-1846
-1831
-1952
-1923
-2183
-2405
-2325
-2361
-2611
-2630
-2523
-2671
-2697
-2644
-2625
-2684
-2580
-2484
-2574
-2464
-2253
-2219
-2084
-1874
-1837
-1766
-1496
-1284
-1243
-972
-739
-562
-414
-143
288
494
711
909
1247
1598
1845
1932
2112
2401
2691
3034
3046
3253
3493
3732
3829
3840
4016
4053
4200
4183
4182
4133
4097
4113
3992
3917
3775
3672
3525
3322
3111
2966
2770
2542
2339
2099
1938
1633
1372
1190
912
699
506
227
-12
-264
-429
-477
-786
-1039
-1112
-1173
-1231
-1362
-1515
-1542
-1570
-1634
-1628
-1676
-1675
-1701
-1588
-1579
-1614
-1439
-1347
-1210
-1183
-1221
-1128
-963
-1003
-971
-728
-509
-458
-502
-350
-202
45
-42
-198
-31
138
157
23
99
92
92
54
-7
-29
-129
-79
-200
-377
-338
-369
-546
-692
-798
-865
-829
-939
-1075
-1154
-1346
-1405
-1459
-1597
-1853
-1940
-1767
-1890
-2127
-2192
-2177
-2253
-2278
-2310
-2523
-2559
-2355
-2406
-2701
-2666
-2528
-2498
-2438
-2432
-2418
-2275
-2029
-1971
-1900
-1784
-1585
-1291
-1140
-1059
-924
-523
-244
-53
154
441
731
980
1290
1472
1768
2143
2299
2381
2686
2989
3183
3184
3345
3527
3670
3874
3883
3982
4075
4102
4006
3982
4064
4072
3923
3847
3751
3637
3590
3387
3212
2969
2824
2737
2423
2122
1920
1672
1399
1108
927
641
476
350
54
-217
-524
-560
-571
-838
-1231
-1372
-1314
-1313
-1488
-1798
-1900
-1704
-1600
-1755
-1963
-1875
-1590
-1598
-1692
-1836
-1662
-1426
-1276
-1291
-1471
-1226
-953
-800
-808
-754
-644
-420
-325
-500
-363
-148
-6
-162
-226
-137
36
237
56
-20
7
70
85
-75
-190
-94
-80
-249
-402
-441
-375
-472
-594
-758
-829
-817
-1036
-1278
-1257
-1363
-1513
-1670
-1897
-1983
-1946
-1998
-2420
-2382
-2234
-2260
-2477
-2659
-2526
-2540
-2503
-2641
-2689
-2543
-2448
-2503
-2564
-2485
-2310
-2169
-2056
-2052
-1861
-1417
-1298
-1200
-1150
-906
-526
-324
-225
-115
245
646
790
904
1235
1582
1834
2019
2171
2524
2904
2972
3106
3301
3609
3799
3779
3850
4013
4163
4157
4105
4046
4169
4150
4065
4032
3896
3810
3717
3447
3169
3079
2964
2668
2379
2194
1906
1717
1454
1124
856
661
409
133
-45
-265
-445
-719
-842
-994
-1109
-1176
-1511
-1639
-1567
-1470
-1493
-1752
-1888
-1689
-1529
-1629
-1736
-1692
-1500
-1277
-1352
-1602
-1520
-1091
-857
-1036
-1186
-944
-599
-441
-519
-799
-601
-146
-47
-197
-234
43
174
45
-46
100
261
324
208
45
69
198
234
-21
-197
-240
-187
-205
-467
-602
-581
-592
-776
-1059
-1111
-1078
-1230
-1478
-1637
-1659
-1672
-1776
-2007
-2034
-2027
-2196
-2374
-2411
-2326
-2453
-2625
-2620
-2582
-2525
-2408
-2554
-2646
-2422
-2276
-2431
-2365
-2018
-2029
-1891
-1757
-1737
-1520
-1278
-1091
-1059
-825
-405
-66
-19
35
380
776
1141
1247
1436
1785
2081
2357
2592
2772
2975
3341
3450
3479
3666
3910
4112
4243
4263
4293
4431
4463
4443
4272
4301
4308
4079
3938
3868
3827
3631
3287
3089
2958
2747
2549
2172
1865
1765
1561
1286
1005
642
467
319
67
-276
-520
-564
-817
-1098
-1296
-1339
-1310
-1411
-1734
-1797
-1689
-1703
-1816
-1965
-1996
-1889
-1684
-1716
-1700
-1689
-1555
-1449
-1439
-1384
-1397
-1220
-1077
-1015
-995
-902
-589
-462
-547
-542
-416
-157
-28
-52
-134
-69
76
98
84
127
186
159
109
67
120
92
43
-29
-167
-171
-243
-392
-323
-510
-671
-684
-794
-924
-1150
-1158
-1181
-1326
-1658
-1663
-1598
-1772
-1948
-2091
-2121
-2239
-2170
-2312
-2487
-2404
-2349
-2409
-2595
-2660
-2440
-2314
-2459
-2579
-2450
-2055
-1912
-1974
-1962
-1682
-1406
-1288
-1239
-1179
-710
-339
-178
-127
12
338
633
985
1144
1346
1640
1932
2173
2360
2512
2729
2995
3136
3284
3546
3804
3862
3936
3914
4120
4284
4200
4191
4114
4074
3996
3953
3866
3715
3551
3435
3257
3049
2875
2650
2305
2026
1887
1555
1379
1198
834
583
310
137
-174
-480
-576
-826
-954
-1087
-1308
-1528
-1529
-1608
-1909
-1988
-1998
-1865
-1928
-2095
-2150
-2009
-1766
-1852
-2036
-2001
-1700
-1533
-1555
-1621
-1499
-1175
-1091
-1132
-1123
-901
-693
-711
-734
-685
-543
-345
-313
-431
-256
-87
-91
-10
36
29
59
-4
21
36
-68
-66
-111
-87
-151
-215
-251
-288
-370
-429
-462
-720
-911
-934
-920
-1049
-1168
-1411
-1514
-1453
-1597
-1837
-2004
-1869
-1883
-2166
-2338
-2346
-2313
-2272
-2313
-2463
-2462
-2273
-2249
-2351
-2390
-2261
-2112
-2121
-2069
-2049
-1819
-1567
-1458
-1448
-1403
-968
-692
-476
-366
-310
0
318
695
767
958
1399
1695
1861
1956
2207
2533
2913
3020
3129
3420
3656
3818
3835
3906
4002
4197
4245
4160
4102
4155
4214
4035
3937
3824
3739
3620
3416
3193
2984
2887
2653
2298
2039
1888
1644
1323
1065
813
563
329
87
-101
-303
-531
-732
-989
-1212
-1214
-1239
-1465
-1672
-1726
-1799
-1774
-1766
-1924
-1855
-1786
-1765
-1935
-2013
-1770
-1444
-1376
-1555
-1551
-1476
-1038
-816
-1054
-1219
-910
-638
-560
-491
-536
-248
-167
-145
-170
-54
195
183
117
75
284
381
434
255
34
105
120
115
-56
-160
-117
-161
-341
-556
-596
-630
-737
-883
-1089
-1157
-1129
-1108
-1283
-1598
-1597
-1583
-1732
-1998
-2071
-1973
-2143
-2285
-2447
-2368
-2184
-2299
-2567
-2774
-2544
-2300
-2421
-2728
-2576
-2169
-2083
-2183
-2321
-1968
-1610
-1466
-1636
-1691
-1173
-807
-615
-727
-516
-19
376
425
480
914
1306
1815
1794
1820
2268
2569
2804
2896
3047
3426
3692
3853
3849
3939
4096
4133
4306
4154
4078
4210
4286
4080
3893
3874
3772
3584
3262
3236
3105
2865
2673
2401
2270
2093
1736
1410
1151
984
739
396
221
-66
-354
-472
-724
-915
-1018
-1237
-1445
-1589
-1559
-1558
-1725
-1880
-1823
-1797
-1851
-1856
-1844
-1767
-1778
-1771
-1843
-1745
-1650
-1542
-1455
-1480
-1292
-1150
-1046
-1010
-843
-748
-669
-527
-475
-349
-336
-287
-226
-151
-52
-19
1
-127
-151
-34
57
60
-34
-69
-227
-237
-210
-295
-400
-439
-489
-640
-724
-763
-799
-944
-919
-983
-1005
-1238
-1434
-1375
-1428
-1566
-1863
-1804
-1824
-1818
-1991
-2360
-2377
-2194
-2263
-2429
-2426
-2396
-2237
-2328
-2416
-2430
-2216
-2032
-2109
-2122
-1918
-1715
-1565
-1448
-1444
-1049
-784
-651
-494
-281
31
237
425
660
978
1219
1504
1755
2086
2318
2394
2578
2865
3277
3372
3414
3605
3795
3981
3980
4008
4143
4233
4103
4106
4109
4115
4147
3975
3819
3593
3588
3392
3167
3027
2692
2509
2422
2139
1768
1618
1316
986
757
497
307
178
-65
-327
-549
-747
-923
-984
-1012
-1206
-1444
-1693
-1662
-1537
-1444
-1713
-1918
-1803
-1586
-1439
-1792
-1868
-1524
-1068
-1147
-1509
-1535
-1163
-735
-819
-1083
-1062
-574
-363
-540
-716
-540
-230
-170
-301
-398
-108
22
-33
-75
-127
3
138
79
-12
-62
2
-15
-182
-281
-366
-329
-311
-492
-603
-675
-824
-819
-967
-1193
-1308
-1303
-1300
-1543
-1790
-1825
-1686
-1823
-2090
-2353
-2447
-2238
-2237
-2453
-2582
-2519
-2421
-2487
-2588
-2596
-2425
-2266
-2342
-2340
-2291
-2060
-1825
-1810
-1804
-1589
-1272
-1030
-865
-811
-440
-31
182
203
376
770
1116
1354
1478
1827
2228
2503
2536
2732
3016
3218
3437
3530
3632
3720
3971
4075
3991
4065
4144
4180
4161
3975
3962
3993
3803
3692
3479
3436
3350
3141
2853
2604
2559
2197
1912
1506
1211
1028
706
467
269
94
-216
-425
-640
-828
-1058
-1222
-1337
-1534
-1743
-1782
-1867
-1938
-1933
-2139
-2076
-2028
-1931
-1967
-2063
-1938
-1760
-1660
-1729
-1651
-1487
-1321
-1287
-1217
-1112
-961
-787
-747
-775
-685
-494
-410
-365
-305
-268
-150
-54
-41
78
67
115
136
87
221
214
107
71
-13
-39
-29
-107
-219
-348
-466
-555
-544
-657
-769
-856
-1066
-1145
-1229
-1224
-1235
-1557
-1740
-1777
-1808
-1917
-2086
-2173
-2344
-2349
-2351
-2453
-2516
-2504
-2517
-2563
-2589
-2542
-2365
-2305
-2302
-2280
-2158
-1962
-1737
-1587
-1464
-1218
-945
-786
-673
-434
-63
202
380
593
796
1183
1540
1758
1885
2269
2541
2681
2993
3135
3302
3458
3659
3734
3899
4053
4018
4060
4116
4187
4156
4027
3960
3986
3958
3804
3595
3380
3141
3051
2802
2653
2518
2114
1911
1705
1524
1294
1081
930
574
302
181
-82
-290
-443
-651
-838
-976
-1008
-1174
-1242
-1408
-1687
-1574
-1510
-1586
-1680
-1731
-1610
-1511
-1565
-1615
-1406
-1216
-1172
-1215
-1214
-893
-692
-706
-774
-728
-469
-312
-242
-284
-226
16
115
71
71
224
387
350
149
191
357
310
168
35
37
120
96
-88
-215
-195
-307
-486
-652
-719
-639
-733
-989
-1227
-1266
-1203
-1276
-1520
-1706
-1711
-1718
-1874
-2155
-2254
-2316
-2351
-2522
-2651
-2549
-2588
-2611
-2777
-2860
-2731
-2597
-2620
-2743
-2644
-2441
-2225
-2184
-2109
-1831
-1575
-1428
-1370
-1116
-775
-545
-400
-141
206
472
640
740
1054
1441
1760
2015
2305
2504
2668
2880
3029
3116
3281
3530
3664
3814
3763
3839
3973
4028
3980
3893
3960
3844
3751
3646
3445
3306
3251
3028
2853
2602
2329
2188
1955
1743
1456
1218
1032
809
537
315
59
-197
-454
-635
-737
-892
-1006
-1235
-1442
-1564
-1540
-1654
-1800
-1832
-1932
-1814
-1850
-1871
-1823
-1739
-1630
-1749
-1672
-1558
-1369
-1192
-1206
-1278
-1148
-907
-809
-697
-654
-638
-565
-430
-362
-215
-108
-38
-35
-88
6
161
278
184
88
8
94
150
73
37
-8
-15
-37
-93
-228
-317
-362
-494
-676
-797
-868
-837
-923
-1275
-1502
-1472
-1473
-1627
-1933
-2127
-2042
-2024
-2224
-2406
-2496
-2548
-2532
-2669
-2825
-2803
-2661
-2628
-2722
-2762
-2700
-2495
-2467
-2487
-2404
-2215
-1931
-1774
-1729
-1572
-1192
-853
-678
-513
-315
-28
325
601
833
1059
1392
1719
1881
2016
2278
2722
2974
3051
3208
3349
3591
3792
3835
3860
3992
4128
4081
4011
4001
4039
4084
4002
3839
3855
3727
3543
3442
3135
2938
2784
2576
2283
2030
1891
1670
1465
1188
917
729
501
245
-15
-283
-423
-518
-739
-974
-1172
-1235
-1209
-1344
-1593
-1689
-1627
-1510
-1559
-1794
-1755
-1530
-1372
-1445
-1621
-1547
-1267
-1137
-1243
-1294
-1098
-732
-690
-860
-821
-586
-303
-278
-419
-324
-155
11
25
-137
-96
106
215
39
-17
48
166
264
104
-109
-107
93
29
-193
-283
-250
-166
-254
-503
-569
-464
-512
-853
-1060
-1089
-1095
-1257
-1578
-1593
-1576
-1668
-1884
-2096
-2128
-2033
-2153
-2494
-2552
-2497
-2446
-2597
-2880
-2742
-2545
-2572
-2608
-2582
-2400
-2207
-2147
-2064
-1781
-1504
-1356
-1294
-1089
-783
-535
-310
-75
288
563
737
951
1313
1564
1700
1931
2292
2613
2732
2784
2955
3297
3446
3537
3592
3702
3830
3791
3847
3869
3843
3782
3681
3654
3558
3394
3224
3095
2974
2769
2641
2435
2170
2063
1869
1546
1335
1101
785
528
364
273
-32
-334
-485
-649
-802
-880
-996
-1201
-1382
-1505
-1373
-1401
-1571
-1746
-1776
-1512
-1536
-1745
-1883
-1660
-1312
-1375
-1652
-1717
-1328
-882
-955
-1248
-1118
-652
-471
-625
-683
-582
-221
38
-184
-284
-13
141
79
-98
-94
155
267
133
48
60
83
296
339
241
51
-97
75
92
-128
-324
-405
-382
-430
-619
-812
-752
-768
-1037
-1264
-1360
-1253
-1320
-1633
-1899
-1944
-1871
-1978
-2191
-2263
-2338
-2350
-2370
-2530
-2539
-2518
-2559
-2674
-2630
-2535
-2385
-2300
-2347
-2245
-2104
-1856
-1654
-1516
-1333
-1095
-848
-574
-348
-122
206
514
682
853
1163
1520
1791
1945
2016
2294
2741
2883
2906
2969
3201
3464
3551
3513
3638
3809
3790
3691
3677
3781
3794
3691
3473
3474
3474
3357
3111
2862
2743
2615
2408
2159
1975
1762
1581
1314
1150
933
747
620
363
200
-49
-192
-256
-485
-729
-939
-933
-927
-1145
-1379
-1428
-1273
-1254
-1396
-1525
-1424
-1177
-1158
-1404
-1437
-1151
-826
-877
-1111
-966
-714
-513
-623
-706
-597
-433
-296
-372
-383
-279
-118
-73
-70
45
149
107
66
6
49
161
147
178
50
-173
-186
-83
-113
-215
-359
-360
-357
-523
-575
-669
-657
-737
-926
-944
-1080
-1145
-1110
-1214
-1404
-1519
-1627
-1728
-1763
-1946
-2040
-2073
-2145
-2148
-2241
-2299
-2303
-2439
-2415
-2332
-2248
-2197
-2383
-2217
-2004
-1815
-1728
-1723
-1573
-1378
-972
-892
-840
-704
-293
107
156
217
347
847
1281
1385
1332
1553
2008
2234
2371
2417
2579
2911
3018
3064
3076
3219
3289
3344
3392
3245
3340
3282
3205
3076
2955
2871
2757
2681
2430
2239
2198
2113
1906
1672
1431
1337
1078
868
644
487
403
215
55
-178
-182
-296
-515
-698
-803
-767
-715
-927
-1103
-1090
-1102
-1124
-1234
-1287
-1283
-1131
-1176
-1273
-1236
-1163
-1025
-1030
-1115
-996
-794
-727
-680
-742
-693
-584
-455
-443
-553
-453
-287
-218
-274
-218
-138
-151
-248
-247
-164
-96
-48
-156
-248
-263
-187
-160
-154
-207
-314
-360
-446
-479
-492
-553
-695
-816
-888
-914
-1015
-1159
-1286
-1338
-1378
-1574
-1711
-1804
-1772
-1830
-2023
-2068
-2144
-2119
-2076
-2262
-2402
-2454
-2291
-2166
-2226
-2214
-2258
-2100
-1950
-1890
-1704
-1543
-1359
-1277
-1206
-1027
-886
-596
-377
-77
205
302
501
765
1171
1366
1496
1606
1835
2018
2180
2356
2367
2531
2652
2808
2912
3007
3019
3026
3048
3068
3050
2988
2974
2913
2821
2739
2676
2550
2522
2321
2199
2103
1957
1843
1658
1489
1314
1226
1021
869
654
483
375
201
112
-29
-212
-430
-558
-477
-508
-648
-739
-755
-702
-783
-932
-977
-782
-759
-869
-933
-943
-758
-717
-778
-892
-859
-687
-680
-758
-770
-578
-473
-513
-459
-453
-380
-199
-234
-259
-205
-220
-175
-272
-264
-181
-295
-289
-197
-221
-246
-224
-176
-139
-243
-284
-394
-330
-318
-448
-430
-521
-540
-635
-684
-852
-950
-910
-964
-996
-1143
-1228
-1178
-1234
-1421
-1534
-1537
-1479
-1542
-1575
-1740
-1738
-1621
-1688
-1808
-1882
-1687
-1579
-1512
-1598
-1522
-1300
-1132
-1090
-1052
-893
-830
-664
-560
-381
-298
-137
96
274
467
564
632
859
1217
1369
1383
1487
1765
1955
2120
2089
2145
2289
2386
2525
2559
2547
2495
2587
2469
2496
2554
2385
2368
2394
2297
2188
2124
2043
1954
1773
1651
1466
1365
1329
1203
1107
968
804
687
557
494
433
302
139
-30
-34
-78
-133
-291
-428
-395
-360
-452
-609
-627
-664
-562
-581
-711
-762
-699
-606
-727
-822
-872
-746
-681
-857
-895
-839
-764
-669
-709
-689
-617
-566
-563
-585
-487
-489
-435
-444
-476
-392
-350
-286
-268
-354
-369
-259
-244
-276
-389
-301
-272
-420
-501
-512
-461
-526
-536
-599
-741
-837
-845
-927
-965
-1007
-1125
-1220
-1253
-1241
-1342
-1413
-1424
-1437
-1435
-1448
-1580
-1627
-1618
-1581
-1556
-1585
-1620
-1545
-1518
-1465
-1361
-1283
-1187
-1306
-1117
-1000
-844
-647
-699
-511
-276
-140
-47
10
199
517
593
637
702
879
1158
1380
1460
1445
1573
1758
1821
1825
1819
1817
2009
2016
1949
2074
2179
2157
2100
2032
1964
1980
2086
2019
1870
1806
1851
1826
1632
1625
1456
1430
1373
1235
1114
956
918
782
761
687
511
346
290
228
283
139
-66
-88
-161
-213
-397
-494
-488
-435
-580
-711
-641
-556
-564
-696
-829
-796
-675
-713
-811
-872
-845
-770
-748
-830
-683
-627
-595
-588
-669
-438
-382
-446
-523
-395
-340
-306
-270
-325
-201
-183
-156
-126
-36
-73
-116
-216
-211
-172
-202
-155
-297
-347
-354
-311
-433
-467
-417
-426
-490
-657
-722
-736
-653
-727
-834
-893
-854
-780
-864
-1021
-1040
-1006
-982
-1017
-1125
-1080
-998
-1013
-999
-949
-1048
-918
-906
-1008
-945
-829
-642
-575
-533
-531
-406
-267
-223
-103
-126
-154
47
118
292
319
382
605
681
805
743
924
1038
1090
1164
1224
1342
1405
1497
1518
1663
1732
1779
1774
1804
1883
1848
1857
1886
1802
1673
1538
1607
1768
1633
1530
1467
1412
1430
1453
1309
1091
1047
994
1012
1022
853
810
645
578
596
390
379
266
270
154
53
36
-26
55
-206
-425
-556
-459
-374
-483
-560
-665
-670
-663
-714
-799
-874
-912
-897
-961
-954
-938
-882
-926
-977
-869
-893
-751
-710
-715
-682
-740
-667
-490
-402
-494
-449
-487
-442
-402
-369
-292
-385
-330
-410
-423
-394
-414
-397
-419
-418
-423
-418
-410
-408
-481
-597
-635
-566
-629
-588
-678
-813
-761
-732
-736
-803
-800
-833
-781
-779
-743
-720
-775
-784
-813
-825
-847
-742
-713
-646
-568
-563
-499
-538
-473
-427
-360
-372
-438
-267
-170
-117
-84
63
121
176
254
247
374
398
514
671
717
750
859
1013
1157
1235
1246
1224
1318
1408
1392
1453
1509
1557
1416
1454
1529
1519
1559
1496
1518
1525
1571
1538
1444
1289
1212
1231
1179
1132
980
942
913
888
876
726
665
579
464
384
307
243
186
120
-37
-96
-81
-221
-332
-428
-548
-591
-616
-632
-707
-730
-774
-804
-793
-822
-768
-842
-892
-904
-978
-892
-876
-906
-899
-935
-790
-715
-774
-704
-606
-629
-641
-544
-487
-407
-395
-422
-372
-412
-398
-326
-299
-380
-454
-331
-267
-319
-412
-319
-298
-370
-376
-434
-395
-397
-364
-446
-413
-401
-406
-472
-568
-481
-543
-519
-585
-521
-490
-529
-510
-544
-546
-545
-557
-630
-608
-646
-616
-593
-535
-524
-519
-417
-424
-449
-367
-311
-340
-271
-255
-238
-148
-22
-18
11
41
88
130
83
205
262
259
322
375
442
610
757
760
785
918
1028
1040
1048
1164
1141
1221
1340
1319
1438
1464
1497
1505
1545
1521
1527
1531
1391
1400
1393
1329
1287
1314
1234
1054
1037
1115
1014
898
810
688
627
539
544
462
394
396
204
151
178
55
-61
-175
-225
-354
-455
-503
-638
-645
-656
-728
-805
-851
-782
-870
-983
-939
-923
-911
-888
-860
-895
-925
-1041
-983
-864
-959
-936
-914
-903
-925
-942
-902
-874
-809
-752
-759
-732
-726
-748
-692
-555
-569
-622
-509
-560
-576
-503
-478
-518
-508
-528
-515
-404
-422
-487
-500
-428
-427
-426
-420
-395
-447
-386
-305
-290
-209
-244
-216
-213
-239
-255
-209
-178
-186
-252
-253
-214
-232
-149
-140
-42
27
-7
40
41
67
68
53
140
147
177
228
205
182
240
397
440
407
436
442
437
531
610
713
758
810
841
837
1010
1011
957
1086
1084
1055
1166
1161
1113
1097
1125
1105
1052
1128
1147
985
832
882
968
1007
952
847
843
888
796
727
658
547
563
495
545
508
401
335
208
228
152
104
96
-58
-81
-83
-175
-149
-183
-229
-295
-297
-318
-404
-447
-419
-370
-536
-491
-536
-626
-613
-661
-655
-644
-610
-622
-600
-524
-529
-604
-646
-699
-571
-628
-643
-583
-642
-607
-603
-596
-681
-641
-643
-630
-620
-664
-654
-694
-720
-634
-689
-752
-575
-537
-589
-614
-540
-553
-535
-538
-582
-519
-511
-472
-487
-454
-389
-339
-325
-270
-221
-258
-208
-190
-176
-41
-44
-117
35
9
86
158
151
152
-9
170
158
157
161
158
304
263
372
440
385
441
553
505
549
563
541
585
654
657
645
715
701
796
759
799
813
822
833
806
864
870
967
914
920
844
782
823
870
921
803
790
733
739
696
721
718
646
743
680
608
533
551
468
423
351
263
389
331
305
249
182
129
62
-61
-138
-90
-145
-140
-158
-151
-91
-168
-269
-336
-359
-348
-358
-348
-393
-469
-514
-599
-609
-652
-629
-677
-793
-620
-603
-681
-667
-703
-788
-676
-683
-807
-743
-781
-715
-710
-686
-670
-745
-733
-682
-665
-629
-662
-724
-671
-586
-533
-582
-561
-509
-436
-445
-401
-387
-368
-325
-305
-286
-371
-362
-314
-225
-221
-229
-201
-263
-379
-268
-274
-259
-194
-62
31
-192
88
9
-76
196
136
172
248
233
168
230
215
196
338
290
291
345
258
271
289
329
302
358
445
445
436
418
495
544
639
548
558
604
537
609
533
644
727
596
597
610
604
584
606
575
515
586
599
566
542
576
538
465
501
435
489
474
401
368
286
342
364
333
285
244
197
218
215
178
136
142
36
-33
8
-92
-30
-46
-71
-97
-107
-86
-142
-195
-226
-251
-251
-316
-376
-304
-404
-428
-428
-297
-345
-433
-428
-485
-494
-555
-495
-517
-479
-494
-526
-577
-587
-512
-499
-583
-648
-705
-655
-595
-653
-583
-600
-545
-486
-488
-559
-529
-582
-607
-583
-591
-548
-584
-515
-551
-495
-482
-492
-444
-425
-390
-335
-385
-416
-321
-291
-307
-221
-160
-244
-162
-118
-33
-63
-128
-66
13
28
6
113
54
67
209
119
94
171
163
277
246
239
326
423
334
399
521
396
510
510
539
463
497
556
569
611
516
629
603
566
598
573
561
588
625
575
567
537
456
474
473
503
484
516
527
499
463
387
501
398
419
431
323
323
271
356
291
188
218
215
241
207
48
-57
-103
-31
-62
-69
-31
-88
-40
-87
-122
-119
-85
-79
-190
-267
-208
-225
-222
-219
-292
-216
-213
-179
-223
-257
-302
-330
-325
-319
-232
-366
-377
-346
-268
-244
-334
-333
-412
-337
-297
-309
-224
-299
-455
-421
-379
-381
-347
-351
-313
-320
-307
-259
-270
-253
-222
-275
-253
-202
-258
-238
-159
-149
-173
-159
-223
-184
-129
-228
-195
-199
-200
-240
-173
-69
-212
-168
-171
-128
-95
-79
-6
-45
50
22
-2
-16
17
-2
-23
34
25
54
98
160
105
190
214
126
173
187
149
217
214
147
140
152
295
326
279
193
128
274
401
313
316
309
320
328
242
327
371
387
247
293
407
274
301
315
268
275
268
237
311
360
262
218
233
162
167
170
4
39
120
37
79
8
-25
-45
-78
-76
-159
-126
-205
-98
-185
-256
-181
-184
-55
-144
-128
-134
-215
-205
-79
-105
-149
-202
-142
-115
-261
-193
-227
-166
-170
-196
-206
-189
-276
-225
-134
-164
-95
-121
-117
-230
-185
-154
-183
-245
-207
-273
-248
-226
-368
-257
-272
-219
-287
-273
-220
-198
-190
-132
-129
-210
-136
-220
-175
-130
-126
-172
-231
-176
-161
-209
-204
-195
-151
-118
-174
-137
-181
-119
-149
-180
-89
-183
-64
-26
-60
41
26
73
57
95
164
108
123
173
189
225
287
230
296
333
256
365
352
382
352
287
431
402
375
434
449
400
449
446
379
336
344
474
354
397
477
456
449
375
360
299
348
347
284
314
345
262
303
358
260
208
130
155
175
177
137
71
102
154
140
105
116
19
112
128
-33
-34
-56
-93
-142
-165
-99
-162
-156
-139
-199
-68
-154
-114
-123
-229
-185
-274
-175
-185
-253
-212
-180
-141
-89
-80
-35
18
-15
-33
-59
-70
-29
-22
-82
-28
-98
-127
19
-12
-98
-34
-11
-18
-51
-9
44
-92
-29
-13
-34
-90
-104
-86
-173
-182
-164
-99
-164
-117
-79
-150
-120
16
-48
-113
-64
-94
-13
-42
-13
-12
-88
-152
-74
-43
-110
-65
-115
-67
-73
-77
22
12
-91
-145
-118
-70
-112
-68
9
-39
0
25
145
129
59
53
27
127
123
249
221
155
238
224
221
160
277
306
302
374
398
290
239
354
310
297
244
255
255
228
288
407
309
275
321
217
290
175
138
67
47
164
180
140
71
93
89
-60
-11
158
52
90
-6
-64
-99
-122
-101
-90
-78
-206
-162
-90
-157
-271
-258
-421
-336
-265
-351
-306
-334
-415
-412
-238
-274
-282
-313
-310
-334
-334
-250
-284
-297
-258
-254
-226
-128
-180
-208
-298
-293
-245
-275
-236
-270
-319
-304
-191
-106
-55
-34
-129
-68
-42
-123
-44
-126
-52
76
-90
-129
-126
-132
-129
-118
-67
-183
-165
-85
-144
-92
-16
59
-51
-70
26
-48
56
111
41
149
205
193
174
217
243
200
262
279
294
392
452
386
414
367
409
411
279
372
329
367
405
325
226
239
299
313
370
331
405
393
316
399
384
350
334
224
292
315
295
323
243
225
247
158
96
130
91
147
111
-4
-41
20
75
-28
-13
-1
-71
-9
29
-63
-28
-9
-56
-76
-88
-73
-129
-111
-118
-184
-187
-222
-208
-165
-191
-186
-192
-219
-194
-173
-110
-117
-224
-208
-153
-117
-107
-25
-41
-168
-106
-80
-54
-60
-115
-166
-184
-183
-180
-158
-237
-190
-166
-185
-142
-141
-144
-136
-185
-144
-53
-113
-92
-114
-102
-106
-126
-57
-162
-154
-162
-211
-159
-165
-88
-144
-211
-216
-233
-180
-151
-149
-186
-202
-208
-127
-186
-231
-141
-129
-112
-99
-75
-125
-167
-111
-125
-185
-121
-135
-97
12
-10
-39
40
-22
-69
97
131
157
58
6
-2
80
166
148
221
104
186
166
115
201
83
174
212
164
246
315
332
205
170
218
214
190
112
192
233
108
125
229
167
158
151
48
116
148
138
177
197
133
131
161
110
50
45
97
81
41
41
50
-22
6
-84
-154
-138
-91
-108
-257
-235
-331
-232
-186
-238
-215
-250
-197
-266
-355
-252
-252
-342
-193
-210
-213
-219
-202
-170
-152
-170
-246
-244
-331
-209
-233
-241
-195
-208
-169
-215
-205
-215
-149
-143
-151
-98
-154
-177
-119
-70
-65
-73
-45
-93
-113
-71
-31
2
80
98
24
28
65
111
64
69
151
138
12
55
94
28
161
75
35
114
8
52
97
177
125
-5
57
89
129
184
214
120
138
82
62
236
232
148
139
182
149
208
175
94
181
225
157
181
172
167
229
171
187
199
234
200
161
219
155
153
166
118
91
60
32
-6
-16
-64
-72
36
14
-16
52
38
60
25
10
54
-9
38
10
42
2
-5
73
-79
-91
-75
-3
-37
20
31
-13
-3
-4
65
-20
65
-34
-52
-37
-153
-45
8
-76
-154
-124
-97
-64
-93
-140
-208
-169
-163
-182
-216
-244
-97
-116
-164
-224
-231
-131
-175
-147
-213
-230
-121
-147
-130
-197
-122
-71
-110
-152
-135
-157
-202
-94
-187
-220
-238
-191
-188
-183
-238
-202
-118
-108
-78
-219
-127
-153
-194
-175
-153
-123
-117
-144
-231
-230
-194
-97
-66
-128
-75
1
-52
31
67
74
66
124
97
78
120
68
95
156
156
94
188
137
181
175
158
184
138
159
171
191
152
175
128
232
250
214
273
236
267
216
151
234
215
184
192
215
245
146
161
187
116
105
210
216
148
87
98
36
-19
66
-2
23
26
-55
-116
-69
-51
-114
-35
-76
-113
-126
-113
-45
-89
-75
-114
-133
-140
-120
-92
-94
-56
-56
-71
-146
-65
-126
-211
-190
-138
-63
-134
-88
-111
-54
-42
-66
15
-45
-26
8
4
-51
-29
-30
-26
15
-72
-1
-2
-54
-2
35
-13
-61
27
26
10
57
113
104
31
19
21
47
83
45
29
38
-10
-49
-56
-36
19
-14
-58
-30
-27
-48
4
3
-26
59
31
41
52
53
22
8
75
49
84
59
40
60
59
20
47
85
105
88
75
56
22
56
18
123
50
42
114
70
87
98
90
67
63
23
61
20
66
123
145
164
114
107
164
178
182
194
134
183
168
178
155
149
139
73
112
102
142
132
37
55
46
-2
41
13
35
-9
-46
19
-11
8
40
23
73
50
4
19
-30
-14
-28
28
6
4
-22
-101
-51
-60
-6
-21
-42
-91
-25
-21
-52
10
8
-22
-79
-86
-91
-40
-112
-22
-30
-69
9
-85
6
35
-38
-2
33
17
7
-47
-60
-34
-44
-36
-23
-26
-26
-50
-60
14
-9
-25
42
21
29
51
34
81
79
67
79
85
79
-9
29
32
25
102
-10
10
1
-22
33
29
53
-53
38
53
19
107
15
-3
67
37
22
94
88
101
118
107
121
50
72
100
64
82
94
142
142
127
92
109
103
59
66
95
72
11
78
66
69
9
28
45
11
26
-11
53
11
-52
-62
-51
-25
-64
-80
-4
-41
-35
2
-33
13
-49
-82
-45
-71
-41
-23
-40
-16
-65
-90
-51
-63
-93
-81
-85
-88
-91
-53
-103
-118
-41
-75
-63
-104
-93
-138
-170
-117
-129
-107
-71
-54
-44
-22
-59
6
23
-38
-63
-105
-123
-104
-68
-41
-43
-81
-28
-69
-115
-69
-79
-22
-7
-34
-41
-56
-29
16
-25
-49
-15
-51
-81
-65
-51
-76
-55
-64
-105
-82
-83
-67
-37
-29
-56
-82
-7
-21
-62
-37
-77
-57
-34
-24
-68
-53
-64
-107
-70
-87
-47
-92
-65
-43
-51
30
-5
29
71
15
26
31
35
31
-23
-39
-37
-34
-13
15
-3
38
23
0
32
-3
-18
-18
-6
-10
19
45
79
108
51
19
36
57
42
-15
44
105
27
61
87
101
103
-26
32
78
23
34
19
4
45
63
79
84
4
-26
-28
-13
-2
3
-36
-3
-38
1
85
5
73
36
-13
25
14
4
47
40
41
60
53
69
28
42
19
20
40
71
84
63
69
79
60
86
77
25
57
20
53
63
74
105
63
40
33
-12
-7
18
-27
-47
-56
-39
-61
-74
-92
-70
-73
-68
-61
-78
-48
-64
-1
-53
-22
-6
-24
-14
-92
-4
2
-17
-41
-9
12
-5
-25
-28
-11
-15
-5
-50
29
-17
-17
15
-7
-2
-1
13
-8
8
-22
-15
0
30
-13
-13
-19
-4
-24
-49
37
-10
-5
-41
5
40
-20
-38
-33
-11
-23
-10
32
3
-31
-4
-49
22
51
0
-12
15
38
49
76
26
12
-42
-45
-21
-13
-40
-52
-41
-46
13
-10
-6
-6
-37
-18
-16
-19
8
-27
-48
-20
-41
10
3
-31
-45
-32
-25
-25
-10
6
-3
-24
-4
-38
-4
-5
-28
-19
-19
-28
-6
6
-15
-16
-62
-31
-37
-63
-73
-60
-41
-52
-20
3
19
-14
-23
-18
-9
18
-4
-12
11
12
-9
3
5
3
-29
-29
-3
-22
-1
6
16
35
38
22
51
15
10
35
-16
5
10
13
-14
10
9
10
26
-22
-8
-7
-22
-51
-20
-11
-21
-9
2
16
12
13
20
13
-7
22
6
23
-3
-17
31
-16
-11
-3
-18
-25
-28
-3
19
28
28
6
11
31
3
4
-2
-2
-6
-11
-19
-19
34
17
-15
15
-6
15
41
-25
24
12
23
44
20
75
35
31
17
10
54
44
-5
7
36
24
15
16
-3
-9
-14
-24
-9
-38
-1
-28
-16
6
-28
20
-25
-32
-41
-52
-36
-35
-35
-55
-24
-7
19
0
20
32
19
36
8
43
14
27
27
18
36
8
44
-8
5
18
-17
22
7
5
28
3
-3
3
15
-11
-30
-22
-25
0
-9
-3
-29
-32
-8
-27
-40
-44
-33
-43
-21
-29
1
34
3
22
28
44
33
18
-16
-25
30
-6
-13
2
19
21
-4
14
13
31
27
6
25
24
39
31
28
21
4
25
-9
-16
-28
-23
-29
-27
-10
-9
18
-3
12
4
12
1
26
37
-16
3
4
9
-6
-22
-12
-21
-6
-13
-28
-7
-13
-15
-16
2
2
-1
-1
-15
5
-3
4
5
10
10
16
24
-8
3
3
3
-10
-23
3
-3
31
26
26
51
26
28
33
32
12
10
6
10
12
-19
-3
-22
-21
3
-23
-31
-28
-21
-17
-17
-24
-14
-23
-37
-25
-38
-13
-12
-26
-14
-2
0
1
18
7
35
24
19
44
29
37
50
67
73
57
54
56
42
27
3
11
15
-10
-13
-15
-3
-11
-14
-17
-24
7
-2
-33
-35
-36
-19
-37
-54
-56
-55
-24
-54
-47
-14
-29
-8
-17
-19
-9
-3
1
-13
14
4
-2
6
6
13
6
20
10
7
18
-2
-13
-13
-13
-21
-31
-30
-23
-15
-13
-22
-18
-22
-31
-32
-25
-19
-34
-30
-12
-14
-2
-25
-43
-11
-1
6
-1
-5
12
20
18
10
1
7
25
26
34
17
5
13
20
22
32
34
19
31
24
-2
16
31
24
10
-6
9
3
19
17
-10
-1
18
9
-22
-8
-3
8
7
-5
6
17
13
4
10
12
22
19
35
31
38
44
-8
-8
4
0
4
0
-9
-10
11
-3
-20
-7
0
10
-14
-21
-28
-31
-4
-17
-24
-35
-42
-29
-16
-15
-25
-13
-22
-8
3
-6
2
-8
-11
-20
-17
-1
2
19
9
10
-4
9
31
15
45
34
32
29
25
38
20
26
33
38
32
23
17
33
32
10
0
4
15
10
18
-2
-7
3
-2
9
-1
23
12
-16
-12
-19
16
6
-3
-5
-14
-7
-25
-6
-22
-6
18
-5
2
-2
9
14
14
8
-9
11
9
1
7
3
7
11
8
3
15
19
24
13
-1
2
12
37
30
25
12
5
14
16
15
-10
-24
-19
-21
-25
-12
-5
-12
-15
-26
-23
-29
-29
-19
-23
-4
-22
-25
-30
-25
-13
-39
-22
-45
-39
-26
-11
18
-7
4
7
2
6
15
41
35
34
36
47
51
37
31
19
9
4
14
13
13
9
-6
0
3
-2
-6
-13
-22
-26
-11
-42
-76
-70
-47
-39
-70
-75
-72
-51
-34
-45
-42
-56
-53
-41
-28
-20
-6
22
28
25
22
26
37
33
8
7
21
24
35
36
44
34
39
41
26
36
49
67
42
12
0
-6
-3
-22
-25
-20
-28
-25
-23
-29
-16
-15
-42
-65
-62
-35
-24
-18
-30
-40
-19
-29
-28
-24
-1
12
-3
10
6
21
32
20
16
-2
1
15
31
49
60
64
34
28
35
38
45
39
37
38
32
24
25
9
-19
-43
-44
-23
3
33
45
24
2
-18
-12
-14
-19
-23
-32
-16
-28
-23
-23
-26
-19
-18
-3
-7
6
30
36
17
-14
-34
-42
-54
-30
-5
12
19
0
13
43
48
38
22
23
40
45
54
49
35
34
28
19
13
31
58
67
66
67
71
54
33
34
21
9
-6
3
19
15
10
-7
-30
-50
-48
-22
-6
5
-3
-27
-37
-67
-62
-58
-43
-31
-27
-9
-13
-7
-10
-13
-16
-10
13
27
35
31
42
30
-8
-22
-22
7
28
44
37
27
35
22
26
0
-22
-18
-10
6
-10
0
-1
-26
-44
-66
-50
-22
-6
9
17
4
-24
-33
-41
-41
-27
-15
-10
3
22
28
16
-1
-11
-14
-4
6
21
48
66
57
25
-16
-35
-37
-16
1
-3
-5
13
22
4
-30
-41
-21
-18
9
49
66
60
35
-7
-43
-48
-42
-36
-28
0
39
41
29
3
-9
10
10
11
22
63
88
73
42
0
-34
-56
-48
-32
-3
27
34
16
-16
-27
-24
-49
-59
-41
-20
0
4
-7
-37
-76
-95
-94
-84
-56
-22
9
7
7
-13
-26
-14
-9
-20
-4
21
23
41
38
32
8
-15
-6
9
29
54
77
55
28
24
19
16
19
34
36
20
27
29
38
40
23
-13
-21
8
14
19
12
-4
-23
-33
-33
-47
-48
-48
-51
-41
-42
-34
-51
-66
-53
-50
-52
-70
-38
-6
6
7
-31
-57
-54
-6
18
27
47
43
27
21
45
30
12
19
9
22
35
37
6
-31
-34
-40
-37
-13
31
66
64
64
37
5
0
6
25
26
34
0
-26
-23
-12
-19
-69
-80
-66
-38
13
33
3
-34
-48
-55
-47
-12
-10
-26
-34
-8
3
-14
-15
-2
32
33
47
64
59
105
129
84
47
30
23
19
37
45
19
-9
-4
27
22
33
19
-15
-4
38
61
48
61
48
15
3
-7
29
54
54
46
12
-10
-22
-28
-54
-39
-26
-53
-47
-32
-17
-51
-84
-92
-115
-93
-64
-39
-17
-7
-22
-69
-52
6
38
50
62
70
67
63
38
0
-29
-38
-46
-60
-43
-7
4
-10
-25
-22
-28
-15
31
62
78
70
46
41
63
77
64
38
52
81
78
69
75
66
59
25
-22
-28
-16
11
10
-19
-35
-45
-58
-69
-68
-71
-92
-68
-17
7
29
29
9
3
13
10
21
50
64
50
-7
-44
-66
-80
-75
-79
-70
-63
-57
-53
-51
-35
-27
-33
-30
-7
28
47
31
27
35
6
-15
-7
8
54
51
10
9
26
48
30
-2
-6
3
7
-13
-36
-47
-46
-60
-88
-104
-93
-54
-43
-16
10
14
38
37
66
70
42
30
25
37
39
18
-32
-64
-69
-82
-89
-91
-60
-31
-30
-17
-30
-13
-3
14
31
28
65
57
65
81
81
66
54
69
83
104
96
92
89
72
57
39
35
41
24
6
-22
-29
-37
-66
-69
-80
-56
-59
-63
-50
-22
19
5
-7
-21
16
36
13
0
-27
-45
-81
-103
-104
-95
-89
-101
-115
-104
-73
-44
-66
-62
-31
-31
-16
-30
-25
-17
5
-9
-15
4
19
62
67
104
109
89
63
53
68
45
29
-6
-42
-25
-12
-35
-64
-80
-78
-79
-50
-33
-23
-16
-6
31
13
34
51
68
115
115
104
65
65
53
20
-18
-53
-42
-35
-15
-15
-15
-15
-14
-30
-29
6
35
38
44
31
3
-9
-31
-1
19
53
80
103
133
143
124
51
15
28
35
16
16
-3
-9
-19
-66
-94
-102
-93
-71
-70
-41
0
9
9
-1
-6
-10
6
37
55
74
88
66
24
-13
-44
-80
-74
-48
-32
-42
-32
-22
-44
-54
-78
-93
-87
-49
-20
1
-3
-10
-29
-57
-41
-1
33
66
122
144
130
114
84
50
57
54
35
26
33
56
39
-10
-44
-67
-80
-68
-41
-14
22
48
32
12
13
32
41
66
96
106
94
68
42
10
-22
-51
-64
-50
4
26
19
3
-12
-35
-74
-75
-51
-21
9
13
-23
-58
-75
-63
-44
-7
28
45
69
98
105
74
26
-17
-22
-15
-3
10
4
15
-1
-45
-78
-78
-79
-107
-83
-51
-31
-13
7
-2
-13
-6
-4
11
28
73
88
63
41
17
-28
-52
-51
-27
1
13
13
8
13
1
-27
-69
-65
-26
-4
-3
-30
-64
-73
-66
-67
-53
-4
35
61
77
67
59
41
18
6
6
-3
6
7
-7
-15
-31
-57
-72
-66
-57
-40
-18
-10
-3
11
-10
-15
-5
7
25
40
44
54
68
52
17
-26
-46
-34
-2
30
25
26
25
3
-21
-35
-28
-13
3
7
3
3
-15
-38
-54
-74
-46
-16
11
54
60
74
60
15
-26
-28
-16
-13
-11
-10
-3
-12
-15
-39
-59
-72
-74
-56
-19
28
32
19
6
-15
-17
-12
-7
13
19
26
42
28
12
-12
-25
-24
-8
16
11
35
39
16
3
-6
-21
-16
0
13
26
14
-3
-21
-26
-11
10
13
31
70
93
87
53
2
-17
-12
-16
-22
-38
-25
-6
-14
-27
-39
-53
-65
-79
-69
-31
17
23
-2
-22
-25
-12
1
5
32
68
61
58
61
39
18
-6
-22
6
26
34
41
31
25
26
3
-20
5
35
47
54
54
38
47
35
22
44
72
85
99
105
85
60
22
-6
-35
-45
-43
-41
-26
-3
7
2
-18
-44
-83
-119
-119
-82
-37
-12
-13
-18
-21
-14
0
7
19
35
51
45
49
32
12
-12
-34
-42
-24
-6
-20
1
-6
-19
-32
-37
-31
9
22
7
12
14
25
25
38
57
81
75
69
72
68
64
64
25
-5
4
-19
-18
-5
0
3
15
-7
-58
-97
-127
-124
-102
-79
-66
-47
-17
-14
-6
-3
6
26
42
41
45
41
33
22
-28
-45
-54
-41
-28
-13
-4
-3
-6
-21
-23
-30
6
4
-5
2
17
6
-3
16
16
43
47
28
35
65
64
48
23
10
14
-8
-31
-27
-6
4
-4
-25
-58
-73
-86
-109
-102
-67
-45
-21
-4
13
35
18
-18
-26
-17
-12
10
10
18
25
15
-12
-34
-28
-19
-16
-12
13
17
3
-15
-26
-32
-22
-26
-32
-26
0
20
19
18
26
16
7
28
51
62
61
40
11
17
10
-23
-28
-3
9
-1
-19
-37
-50
-54
-61
-81
-46
-19
-23
-9
14
27
17
-3
-19
-26
1
30
21
22
19
25
16
0
-1
-1
-4
-11
-14
-12
-9
-39
-67
-67
-60
-60
-51
-29
-10
7
23
23
11
8
6
10
26
44
35
16
6
-12
-18
-20
-15
-5
12
37
27
11
-15
-32
-47
-46
-35
-17
14
20
35
41
43
36
16
32
57
64
72
83
83
72
62
52
35
32
31
4
6
17
7
-6
-22
-45
-30
-19
-29
-29
-22
0
15
18
4
0
-9
-12
-1
7
7
10
0
-7
13
6
1
-3
8
-6
3
-9
-42
-47
-57
-51
-44
-22
-9
3
13
21
23
35
41
51
68
85
92
87
75
51
50
57
63
50
50
48
36
28
16
-3
-19
-27
-19
-19
-21
-4
7
1
-7
2
-13
-17
-9
-20
-19
0
-2
-20
-8
-11
-18
-8
-19
-28
-28
-33
-22
-34
-52
-64
-69
-73
-57
-35
-32
-10
7
17
22
32
26
16
22
17
32
48
35
22
28
31
34
36
31
37
38
51
44
9
10
6
-5
1
-1
7
5
-1
-11
-18
0
-3
-19
-12
-8
-2
-15
-40
-41
-45
-39
-27
-43
-55
-45
-64
-81
-76
-72
-92
-60
-38
-44
-21
-29
-55
-60
-39
-29
-19
-13
-5
1
-7
-3
-8
-15
-7
3
17
31
48
36
26
27
17
34
37
29
20
37
38
34
44
47
39
38
39
34
22
10
19
5
12
3
-22
-28
-23
-25
-31
-15
-20
-28
-17
-24
-49
-46
-54
-60
-47
-35
-36
-44
-49
-51
-46
-46
-44
-34
-35
-21
-15
-31
-35
-29
-30
-27
-7
-8
-3
-3
-10
-9
-13
-9
-10
-3
17
35
39
32
35
19
16
41
31
35
34
29
19
31
28
15
32
37
44
49
51
49
42
15
17
-3
-18
-12
-11
-10
1
13
-6
-9
-15
-32
-19
-4
-10
0
12
6
-13
-16
-28
-38
-39
-28
-17
-16
-3
-21
-27
-21
-17
-18
-27
-21
-12
12
26
9
3
-2
-5
-4
0
-3
9
28
34
61
56
44
42
41
47
64
64
53
61
68
44
28
15
-3
13
33
32
34
38
19
19
19
9
0
3
9
24
20
7
0
-10
-16
-22
-24
-33
-22
-19
-24
-28
-35
-50
-50
-41
-46
-36
-15
-20
-25
-23
-28
-40
-46
-43
-46
-23
-10
-3
3
16
0
-14
0
0
15
28
30
18
16
6
5
1
7
13
19
34
37
36
19
9
22
22
23
28
26
35
38
34
17
13
-1
-17
-7
-3
-21
-26
-7
-8
-9
-7
-16
-19
-19
-21
-6
-9
-15
-17
-22
-29
-41
-50
-48
-43
-25
-13
-14
-10
-25
-32
-27
-29
-18
-5
-9
0
1
-4
-21
-21
-7
-12
2
12
13
11
19
7
-4
7
12
15
32
31
21
29
31
22
17
13
4
15
4
7
12
-2
0
12
16
13
15
5
-3
6
4
-1
-9
-19
-26
-30
-38
-37
-21
-19
-13
-19
-26
-32
-38
-32
-19
-23
-22
-16
-21
-27
-37
-34
-36
-34
-27
-24
-41
-36
-22
-19
-16
-12
-6
4
25
20
13
19
25
26
30
32
22
19
22
23
37
45
42
41
51
47
42
42
29
35
35
41
43
32
18
13
19
10
13
8
-4
4
1
-15
-15
-20
-16
-12
-12
-9
-11
-18
-22
-19
-24
-22
-21
-32
-28
-33
-41
-41
-41
-26
-6
10
9
0
-13
-13
-2
-8
1
7
6
9
10
5
12
20
29
42
47
47
37
41
31
32
32
29
41
31
26
15
13
9
10
25
16
10
16
10
2
6
2
2
13
3
0
-3
-16
-21
-19
-22
-26
-26
-24
-20
-19
-19
-17
-12
-8
4
15
11
-1
-5
-10
-11
0
4
2
5
7
14
9
6
20
26
40
39
43
38
35
40
28
35
36
34
36
40
36
30
26
25
24
16
14
14
0
10
16
7
11
4
1
-3
0
-19
-26
-25
-32
-18
-17
-24
-28
-23
-19
-20
-18
-19
-16
-19
-29
-27
-35
-42
-31
-33
-28
-14
-22
-21
-8
3
5
22
14
10
22
12
6
8
9
9
19
10
15
7
6
9
12
10
6
19
19
19
14
18
16
19
9
7
3
0
-4
-15
-17
-19
-17
-27
-18
-15
-9
-14
-3
-3
8
14
-2
4
-11
-3
-4
-13
-4
-4
-7
-5
0
2
-3
10
10
16
22
12
14
10
8
5
3
-8
-1
8
1
-6
-1
-10
-4
3
-9
-3
3
1
2
4
-1
-4
5
9
3
3
-12
-13
-12
-16
-16
-26
-29
-19
-13
-6
3
-3
-8
2
3
-4
-5
-18
-9
1
-5
-3
-4
-2
3
12
7
7
10
8
16
15
10
8
6
10
9
8
6
10
7
7
-2
-11
-15
-8
1
-4
7
8
6
3
6
8
2
-5
-10
-10
-11
-16
-26
-29
-25
-21
-26
-31
-33
-25
-12
-10
-12
-13
-12
-15
-18
-12
-20
-16
-16
-22
-19
-23
-23
-13
-7
-2
2
1
4
9
22
13
15
13
9
13
9
5
1
4
2
