85
92
73
82
78
76
76
40
50
68
52
78
93
91
94
63
81
85
81
93
66
58
65
66
89
51
76
64
60
114
93
116
107
80
99
61
69
63
70
86
91
100
81
96
87
110
128
102
92
80
62
88
113
111
131
159
180
162
144
137
138
135
121
127
108
112
109
114
111
106
101
97
111
127
149
117
138
137
104
112
148
160
150
175
143
142
135
102
98
95
105
144
159
149
169
153
155
160
128
144
167
180
202
207
210
194
215
206
198
189
153
149
119
130
128
123
129
111
132
141
153
175
188
179
178
163
168
176
168
162
163
170
171
176
180
152
164
172
184
206
214
201
186
188
227
243
238
265
243
230
246
195
208
175
156
200
176
165
202
220
207
214
201
212
230
244
216
206
203
183
160
156
144
122
147
102
105
124
137
151
177
214
200
188
186
169
181
199
193
195
196
213
184
192
194
223
190
191
204
183
193
211
216
212
190
188
187
233
213
185
196
172
162
176
201
183
211
197
190
207
184
191
212
192
208
209
201
194
202
228
222
206
213
186
214
200
201
216
202
223
205
214
192
211
222
210
225
181
207
223
209
231
233
217
218
232
244
226
249
268
221
193
197
198
198
208
204
201
210
193
172
214
238
253
252
252
259
242
239
253
254
270
241
221
207
185
214
192
217
197
176
180
180
179
198
190
148
175
172
177
193
208
201
216
200
205
205
179
177
157
181
204
170
187
188
164
134
166
211
176
179
162
186
204
201
203
187
197
177
175
168
164
179
153
170
171
179
194
151
151
199
216
198
204
180
175
159
147
193
182
191
185
126
139
115
135
128
91
138
122
126
147
154
191
203
193
186
144
145
132
113
121
136
136
127
160
152
186
171
165
158
155
145
136
142
146
139
157
170
176
188
189
223
215
198
189
153
139
129
119
92
111
122
159
153
131
143
123
125
130
131
124
132
115
127
100
80
112
124
122
113
127
131
133
101
88
87
105
95
74
69
70
82
80
111
132
125
125
125
77
77
54
70
51
25
34
44
72
60
65
49
52
63
91
84
108
126
132
109
82
102
111
96
75
84
95
85
105
86
97
123
123
118
101
103
108
95
69
71
78
79
69
87
81
75
60
42
38
54
97
92
122
101
56
54
50
55
30
62
59
44
52
31
32
46
63
96
101
122
102
77
64
73
90
75
49
46
98
93
84
91
65
75
65
65
75
52
67
44
46
41
67
75
67
98
75
50
54
35
17
25
50
38
34
101
80
86
124
111
118
90
73
64
70
57
50
79
76
107
127
118
108
96
68
69
60
104
93
77
87
116
118
113
108
118
92
74
66
47
67
60
64
52
64
78
67
60
41
65
56
84
132
112
78
120
108
104
99
92
84
72
83
75
103
92
95
80
74
90
85
112
121
102
101
105
89
37
53
58
55
45
70
55
64
82
83
96
89
57
49
67
31
52
101
114
120
127
140
116
99
106
102
83
73
77
87
81
72
70
62
74
66
50
55
75
95
90
81
69
58
62
91
94
73
89
66
66
68
67
73
53
17
20
12
33
49
46
57
62
41
56
85
80
87
103
93
97
91
54
43
21
40
55
69
89
63
85
82
67
71
93
111
102
124
111
95
107
102
78
73
54
45
39
27
39
72
59
43
78
69
69
56
64
52
52
62
82
80
50
58
46
46
32
19
48
39
35
37
53
75
53
65
70
99
84
63
91
61
55
44
43
37
10
24
31
19
28
15
16
36
35
21
-3
11
12
3
15
20
30
25
-3
2
-9
-1
27
32
51
40
53
40
26
35
40
11
14
12
17
43
36
62
66
60
45
37
16
13
-5
9
-1
5
-4
26
25
15
28
15
1
-26
-25
-37
-24
-36
-23
-34
-59
-11
10
33
25
37
44
30
26
18
33
23
18
42
47
69
50
28
-11
12
-5
2
29
34
58
45
76
28
14
9
15
24
-8
-21
-15
-20
-19
-7
-16
-22
-7
-33
-28
-22
-32
-1
-2
-24
-18
-1
-13
5
18
19
1
-13
6
14
2
16
4
15
30
-1
-11
6
-12
-7
27
-6
10
12
-22
-19
-46
-30
-38
-57
-47
-38
-51
-28
-59
-61
-48
-61
-15
-33
-52
-59
-40
-49
-62
-48
-17
-12
-14
-17
-2
9
-1
7
-7
-10
-12
1
-9
8
12
19
28
1
-31
-31
-45
-80
-80
-100
-86
-111
-63
-38
-18
-7
-15
-17
-31
-33
-57
-39
-62
-65
-62
-71
-55
-39
-45
-56
-84
-87
-99
-41
-32
-12
-38
-66
-62
-73
-79
-75
-72
-72
-76
-72
-56
-61
-58
-43
-32
-43
-45
-51
-76
-66
-75
-110
-122
-110
-96
-103
-75
-85
-95
-54
-78
-127
-114
-123
-128
-130
-154
-147
-116
-110
-109
-105
-89
-79
-80
-109
-104
-110
-115
-133
-138
-124
-135
-122
-134
-131
-117
-92
-69
-67
-85
-74
-73
-112
-151
-148
-141
-126
-101
-155
-123
-154
-147
-141
-156
-125
-113
-130
-129
-140
-149
-130
-135
-155
-157
-147
-165
-126
-122
-118
-99
-104
-137
-142
-173
-173
-197
-191
-169
-178
-130
-138
-129
-123
-148
-163
-153
-160
-157
-144
-159
-148
-184
-168
-186
-179
-160
-171
-191
-212
-208
-225
-225
-227
-227
-231
-195
-199
-172
-187
-201
-181
-204
-186
-184
-157
-146
-144
-157
-168
-164
-181
-160
-181
-162
-155
-163
-168
-173
-145
-153
-157
-142
-142
-150
-131
-178
-191
-160
-184
-153
-167
-186
-206
-186
-192
-213
-183
-190
-176
-187
-187
-189
-214
-196
-203
-173
-173
-172
-151
-176
-170
-183
-191
-192
-202
-193
-173
-171
-195
-181
-192
-181
-181
-171
-163
-165
-170
-156
-155
-127
-106
-117
-131
-165
-147
-160
-124
-156
-173
-177
-191
-171
-170
-158
-183
-202
-195
-187
-161
-168
-176
-161
-166
-149
-136
-149
-134
-146
-180
-150
-155
-155
-127
-129
-119
-127
-98
-114
-118
-104
-121
-101
-108
-79
-108
-129
-126
-103
-133
-157
-136
-129
-106
-86
-66
-77
-73
-75
-53
-54
-80
-65
-112
-106
-107
-105
-104
-96
-100
-121
-109
-108
-66
-58
-92
-87
-77
-98
-114
-67
-74
-69
-75
-73
-56
-76
-79
-83
-71
-72
-49
-87
-70
-37
-47
-34
-55
-65
-52
-54
-80
-77
-66
-77
-69
-80
-54
-31
-33
-51
-48
-96
-72
-84
-100
-57
-22
-9
-17
-43
-38
-29
-25
-34
-49
-43
-38
-3
-7
1
10
-2
-9
-17
-30
-24
-40
-37
-45
-53
-82
-84
-48
-43
-44
-45
-58
-26
-22
-44
-37
-45
-55
-85
-89
-73
-62
-23
-29
-16
5
-15
-17
-9
-8
8
-6
-22
-23
-5
-2
-5
-1
24
40
24
20
28
30
-7
-28
-14
-29
-7
-17
-53
-45
-54
-5
4
-19
-16
-27
-30
-22
-50
-53
-21
-54
-32
-31
-52
-59
-64
-66
-44
-41
-34
-9
-27
8
-6
11
-8
-9
-15
-22
-6
9
12
39
71
63
72
40
37
29
13
4
-27
-24
-54
-25
-13
-11
26
30
38
28
48
45
46
54
80
55
18
10
8
-4
7
-1
24
11
18
35
26
64
54
15
6
42
16
18
24
47
28
8
10
5
-6
3
11
2
6
-21
-2
8
5
32
23
29
58
42
20
-3
-34
-28
-45
-50
-10
-1
22
56
19
0
16
18
18
24
28
38
12
13
6
26
58
48
55
44
60
38
89
77
70
87
81
78
38
40
42
25
35
27
19
30
35
-4
-16
3
-33
-12
8
-13
0
42
56
34
62
38
30
46
32
59
29
37
21
48
49
19
21
30
25
37
20
55
52
79
94
81
101
112
91
75
52
39
66
46
56
58
39
40
37
36
55
75
66
44
57
47
47
37
1
16
0
30
44
23
54
36
24
39
66
63
38
27
39
14
32
34
52
75
65
56
73
70
43
31
12
22
-9
-41
-31
-58
-27
6
1
31
28
-9
12
56
35
63
64
57
54
33
28
17
14
0
13
6
40
82
75
83
62
107
114
98
76
82
47
24
41
26
28
34
52
59
24
49
53
15
21
16
12
-7
-20
-26
-11
9
9
13
23
36
34
31
22
21
9
-17
-19
-23
6
13
22
15
5
8
-8
17
19
25
51
9
32
10
40
40
53
73
76
67
48
67
68
92
87
73
87
75
59
52
68
51
19
8
-12
-33
-27
8
40
29
56
55
36
41
19
19
15
-25
-24
8
18
14
12
9
2
-16
12
51
54
74
65
81
52
92
88
91
72
93
89
57
79
58
63
65
71
32
40
33
23
17
43
47
47
49
61
43
36
28
0
-23
-7
-33
-20
22
16
76
76
75
78
85
90
69
69
63
78
61
62
66
61
71
62
75
69
55
41
49
22
34
46
20
25
26
-5
-1
36
38
16
3
33
48
39
62
48
44
35
-7
1
1
-7
-3
19
22
44
52
8
19
28
34
72
45
24
31
27
36
56
73
66
63
55
45
28
1
11
-9
-12
-15
7
0
32
27
21
25
-6
21
19
40
25
12
2
0
13
4
10
13
53
41
47
75
60
39
35
15
8
0
20
22
58
31
3
-13
-24
6
2
5
-6
-10
13
13
3
0
-13
-15
-12
-18
-21
-11
7
-21
-31
-16
-11
6
-9
-4
-29
-24
-21
-20
3
1
-4
1
25
16
32
42
35
7
-9
-3
-12
-20
-11
-18
-11
-14
-39
-30
-6
-13
-40
-27
-41
-28
-17
-2
4
-31
-46
-26
-1
-25
-19
-40
-32
9
2
17
34
34
35
18
6
-24
-20
-34
-41
-42
-29
-18
-5
21
34
4
-1
-19
-9
11
-6
-11
-16
24
12
15
20
21
46
51
30
20
42
12
6
3
-31
-37
-38
-9
-8
-42
-21
-14
-10
-4
-26
-42
-70
-60
-51
-69
-11
-13
-45
-21
5
-2
-6
9
13
19
30
34
31
32
36
10
16
49
34
35
41
45
61
22
-5
15
30
17
34
12
9
13
5
9
34
19
20
50
18
23
14
5
6
20
8
1
-2
2
28
23
37
36
49
59
70
8
2
24
19
12
14
39
22
28
26
32
-14
-13
5
-1
22
13
1
0
-14
-36
-15
-45
-19
-18
-31
-34
-3
-33
-36
-55
-50
-30
-34
-54
-58
-72
-54
-29
11
18
10
40
26
-19
-30
-29
-28
-20
-8
3
-12
13
-4
-19
-49
-27
-47
-63
-46
-38
-70
-63
-38
-51
-39
8
-17
-6
-25
-35
-7
-39
-39
-52
-88
-68
-69
-50
-58
-59
-53
-53
-71
-42
-66
-73
-58
-70
-57
-66
-66
-68
-64
-80
-56
-58
-50
-29
-8
-10
-1
-6
-10
-29
-60
-49
-55
-79
-85
-65
-49
-62
-51
-69
-72
-75
-68
-76
-61
-36
-94
-84
-76
-84
-86
-96
-109
-124
-129
-102
-108
-92
-66
-53
-63
-88
-92
-101
-126
-135
-143
-136
-122
-121
-67
-70
-68
-72
-73
-43
-71
-78
-94
-122
-133
-126
-120
-124
-106
-128
-128
-128
-133
-119
-159
-171
-176
-177
-184
-168
-195
-200
-180
-161
-128
-112
-114
-133
-142
-147
-168
-169
-154
-168
-142
-143
-129
-160
-154
-136
-152
-146
-168
-210
-208
-197
-173
-168
-184
-190
-192
-156
-164
-195
-175
-179
-179
-188
-192
-195
-209
-205
-201
-221
-233
-236
-217
-203
-213
-195
-199
-177
-171
-151
-182
-167
-150
-182
-183
-186
-177
-174
-177
-164
-187
-181
-183
-173
-151
-166
-157
-199
-220
-237
-268
-234
-263
-261
-243
-268
-253
-228
-261
-245
-252
-219
-206
-243
-249
-255
-244
-273
-279
-277
-267
-287
-246
-224
-229
-201
-191
-197
-244
-206
-174
-200
-197
-206
-188
-175
-164
-151
-193
-196
-195
-217
-227
-234
-239
-241
-232
-214
-204
-206
-218
-217
-224
-232
-201
-189
-170
-186
-196
-179
-219
-205
-202
-189
-190
-176
-179
-196
-194
-173
-170
-194
-171
-192
-192
-213
-216
-208
-221
-223
-205
-187
-172
-177
-179
-169
-191
-219
-209
-211
-217
-212
-240
-227
-196
-168
-184
-178
-207
-212
-207
-216
-213
-230
-224
-229
-213
-198
-186
-215
-218
-207
-199
-162
-158
-148
-142
-176
-209
-214
-233
-210
-197
-159
-159
-167
-162
-155
-128
-159
-150
-193
-192
-188
-192
-194
-198
-212
-213
-210
-225
-183
-169
-160
-152
-163
-188
-201
-204
-184
-182
-165
-193
-206
-202
-233
-213
-171
-130
-137
-159
-169
-168
-172
-187
-191
-157
-187
-162
-167
-174
-156
-152
-152
-141
-175
-193
-157
-162
-166
-166
-167
-161
-152
-172
-146
-166
-181
-174
-183
-169
-204
-217
-201
-202
-208
-212
-169
-155
-186
-148
-151
-162
-174
-186
-176
-165
-155
-146
-158
-188
-154
-149
-115
-117
-152
-171
-166
-162
-131
-117
-143
-156
-132
-106
-115
-139
-149
-139
-143
-144
-153
-139
-142
-133
-100
-91
-110
-141
-150
-148
-141
-146
-133
-151
-152
-146
-132
-119
-122
-118
-124
-84
-65
-62
-54
-46
-65
-98
-116
-121
-121
-103
-89
-132
-101
-118
-123
-110
-125
-88
-106
-116
-131
-125
-132
-106
-113
-103
-99
-116
-105
-89
-67
-95
-111
-153
-120
-102
-128
-109
-97
-102
-84
-85
-67
-39
-45
-45
-39
-50
-53
-52
-75
-43
-50
-83
-79
-82
-93
-37
-24
-28
-15
-64
-53
-62
-63
-50
-52
-25
-11
-38
-45
-32
-40
-58
-36
-37
-66
-69
-47
-84
-86
-84
-67
-92
-103
-62
-64
-51
-63
-46
-36
-36
-18
-18
-39
-52
-63
-61
-72
-55
-46
-42
-25
-10
-8
-46
-41
-46
-19
-3
-2
10
-28
-3
-44
-26
-12
-15
-48
-81
-68
-106
-74
-101
-99
-70
-67
-63
-53
-57
-57
-39
-81
-77
-88
-60
-33
-19
-3
-11
-3
-1
-16
-28
-28
-35
-13
0
17
25
27
-3
27
44
17
1
-12
-33
-48
-22
-43
-38
-52
-58
-50
-49
-13
-2
1
-6
-2
-11
-8
-22
-23
21
19
4
2
28
30
54
72
40
35
30
35
43
32
43
34
54
59
78
84
50
32
30
12
40
68
60
50
11
35
48
62
70
66
56
43
25
49
17
-6
-3
-22
-7
-2
12
19
34
9
4
7
9
37
70
87
85
112
119
122
90
61
52
45
59
25
51
38
27
64
81
98
78
58
49
61
53
32
40
31
28
50
6
24
31
24
39
58
64
25
6
20
46
66
48
29
15
27
34
28
56
58
67
56
50
58
42
76
37
22
42
50
65
33
50
47
29
42
59
57
52
21
30
46
10
16
5
27
26
36
46
30
60
83
68
56
56
45
51
42
21
28
14
27
12
13
49
10
-8
-2
6
13
45
32
26
42
32
32
4
40
59
47
43
-13
1
-9
0
-17
-22
-12
-5
7
24
42
22
3
13
45
11
23
25
31
24
8
7
-26
-30
-52
-46
-28
-36
-28
-15
-25
-8
-1
-10
21
23
25
52
39
56
89
88
101
85
77
42
-4
-14
-26
-34
-7
-10
6
-1
-13
-37
-39
-31
-29
-42
-37
-18
-10
-11
-32
-27
-24
-36
-16
13
0
11
-3
-17
-14
-21
-28
-32
-11
-35
-32
-24
-24
-5
-22
6
0
10
-5
11
5
-16
-26
-3
4
0
-20
-56
-32
-32
-17
-10
-35
-57
-38
-44
-53
-78
-55
-50
-49
-27
-24
-37
-41
-27
-25
-3
-9
-4
-9
-1
-2
-1
19
-1
-27
-6
-28
-24
0
12
2
-9
3
12
-10
-13
4
-33
-14
-17
-25
-53
-54
-64
-51
-58
-54
-62
-41
-29
-62
-24
-34
-58
-49
-35
-33
-27
-38
-33
-35
-39
-3
-11
-12
-30
-65
-85
-108
-78
-69
-67
-39
-17
-2
16
-11
7
-3
-15
10
-3
1
6
11
-15
-36
-37
-15
3
19
22
12
9
-11
-22
-49
-37
-57
-45
-67
-43
-46
-33
-25
-41
8
12
11
22
27
-9
-16
5
-23
-28
-42
-62
-73
-61
-10
-6
7
10
15
12
12
18
32
9
-15
-35
-33
-16
8
-23
-54
-38
-49
-30
-9
16
22
11
-8
-43
-36
-27
-26
-1
-18
-26
-17
3
4
42
16
39
31
17
34
27
45
11
40
47
53
37
31
50
35
66
51
26
10
4
-15
-21
-4
-23
1
25
40
14
23
41
36
54
51
44
30
22
2
1
4
12
45
37
29
82
61
69
59
74
85
93
90
99
83
116
94
87
110
96
106
70
64
73
59
52
44
23
45
56
57
67
112
100
87
75
85
90
82
63
99
93
71
62
86
67
58
72
56
78
85
96
125
126
96
110
111
133
143
125
121
139
125
119
144
137
155
148
134
93
102
93
86
90
84
104
87
101
127
127
115
161
157
129
149
142
144
131
151
146
106
129
139
147
160
181
170
175
197
205
170
145
148
148
132
137
173
179
180
192
200
188
188
185
165
141
172
172
152
167
175
179
170
151
142
148
133
175
176
177
180
180
193
211
215
217
230
231
241
187
197
184
203
192
174
150
166
180
163
196
205
217
210
235
229
206
236
210
205
226
205
214
177
157
134
97
82
133
159
178
221
190
203
212
186
181
197
220
184
195
183
161
174
183
181
167
197
201
195
170
209
204
153
161
173
170
176
197
229
220
220
253
226
185
142
95
128
160
120
78
144
192
207
172
201
201
206
166
145
190
156
157
170
224
227
200
182
196
223
235
201
190
178
163
145
163
221
212
208
169
212
225
206
176
177
220
211
183
182
206
245
224
226
253
226
210
207
202
215
195
207
212
197
197
188
178
176
188
168
193
163
166
160
130
110
139
128
112
105
101
115
119
135
120
136
126
115
107
119
159
171
167
192
189
164
153
148
202
157
140
139
154
163
137
139
134
156
135
149
171
168
155
136
135
168
175
166
162
141
129
149
175
194
201
183
206
191
181
163
152
136
138
150
146
153
140
167
165
182
172
150
140
130
107
84
83
77
43
53
29
46
43
45
44
22
30
34
23
14
31
38
70
67
59
30
34
31
23
55
91
87
84
125
78
78
68
60
61
56
93
77
98
122
91
90
90
81
83
71
58
37
44
33
28
44
56
41
43
55
55
45
43
3
-1
5
16
45
29
14
13
11
33
60
30
44
31
23
27
2
1
4
-6
-17
-43
-37
-34
-33
10
15
5
11
39
38
40
40
16
24
0
2
-7
-19
-6
-4
-20
-13
-1
13
-9
-10
-12
-28
-15
22
-15
-50
-35
-58
-32
-17
-20
3
23
17
12
1
-13
-45
-47
-39
-44
-46
-31
-11
2
21
-9
-10
-19
-16
3
7
-11
5
-15
-43
-13
-3
-12
-19
-45
-39
-5
-50
-26
-42
-29
-9
-31
-41
-65
-78
-70
-89
-60
-66
-37
-23
-29
-29
-14
-6
-17
-18
-19
7
-14
3
-8
-22
-31
-36
-50
-29
-41
-51
-44
-61
-40
-68
-70
-79
-84
-72
-80
-74
-93
-67
-86
-97
-95
-112
-101
-94
-111
-106
-91
-94
-102
-68
-91
-60
-30
-31
-55
-37
-24
-39
-9
-9
-12
-23
-22
-26
-24
-46
-19
-24
-34
-57
-80
-72
-87
-83
-69
-33
-34
-25
-15
-22
-39
-43
-13
-21
-32
-50
-49
-60
-42
-70
-75
-64
-87
-62
-53
-70
-67
-60
-86
-63
-84
-83
-58
-41
-23
-42
-25
-28
-24
-19
-35
-48
-52
-56
-63
-67
-72
-80
-43
-57
-74
-74
-69
-84
-80
-72
-79
-55
-62
-61
-65
-90
-88
-106
-144
-142
-78
-64
-55
-53
-53
-46
-73
-77
-70
-84
-82
-98
-97
-57
-37
-55
-46
-33
-46
-50
-63
-46
-63
-65
-75
-104
-113
-121
-99
-119
-119
-88
-86
-79
-77
-32
-36
-38
-7
3
2
-1
-28
-14
-10
-39
-9
-13
-12
-8
-38
-16
-8
11
50
69
84
87
98
84
76
47
65
79
70
97
98
112
110
131
155
133
101
54
57
46
-4
-24
-36
-28
-33
-26
-50
-78
-103
-114
-104
-132
-152
-182
-201
-230
-268
-266
-271
-259
-245
-248
-249
-248
-238
-236
-225
-270
-294
-297
-297
-280
-280
-251
-235
-225
-190
-171
-169
-146
-154
-144
-125
-131
-117
-102
-67
-39
-49
4
23
57
107
120
156
151
168
187
197
234
250
265
280
279
292
330
331
376
384
394
382
374
368
336
338
319
309
272
234
208
182
192
196
160
171
130
125
108
62
36
-3
-41
-64
-82
-88
-113
-124
-106
-96
-110
-142
-134
-129
-96
-136
-145
-157
-172
-145
-144
-129
-125
-113
-115
-111
-80
-91
-121
-147
-164
-167
-199
-199
-220
-249
-256
-296
-311
-346
-362
-376
-404
-360
-376
-349
-331
-302
-285
-282
-273
-262
-265
-246
-214
-162
-150
-119
-96
-59
-18
0
43
50
82
117
147
145
172
208
223
205
236
246
279
282
291
323
289
301
297
298
303
318
342
388
406
400
428
448
423
423
418
421
457
450
447
445
418
398
351
332
290
214
203
164
131
104
74
30
-5
-13
-15
-25
-54
-104
-135
-169
-151
-158
-141
-117
-97
-106
-100
-107
-120
-65
-110
-72
-75
-96
-100
-92
-72
-83
-80
-121
-148
-174
-216
-256
-315
-377
-480
-533
-551
-618
-647
-698
-687
-688
-707
-694
-694
-692
-686
-639
-599
-528
-486
-407
-338
-273
-188
-91
-19
35
89
128
191
283
372
426
496
544
610
646
674
716
727
742
753
733
708
693
666
640
610
594
589
573
554
548
538
539
544
540
537
554
524
515
427
403
353
302
240
199
160
168
172
114
113
106
102
55
-1
-53
-93
-89
-61
-124
-185
-188
-181
-197
-219
-215
-213
-225
-245
-236
-265
-256
-269
-298
-293
-318
-352
-421
-559
-596
-633
-708
-816
-891
-918
-925
-976
-1007
-981
-955
-964
-936
-902
-881
-868
-863
-830
-796
-718
-643
-529
-471
-395
-316
-201
-110
-30
84
159
222
296
347
442
509
527
563
627
673
677
701
688
687
641
622
611
593
544
457
425
450
387
358
339
303
295
289
263
199
165
150
123
98
80
87
131
139
178
188
233
272
301
355
341
366
351
366
381
386
358
363
372
395
413
404
370
327
318
299
243
179
121
36
-37
-100
-187
-242
-320
-385
-454
-534
-625
-693
-768
-794
-888
-974
-991
-1054
-1039
-1048
-1043
-1029
-1014
-959
-937
-908
-881
-862
-867
-801
-766
-732
-682
-662
-582
-536
-490
-389
-328
-300
-269
-259
-215
-185
-177
-154
-126
-100
-49
-56
-27
-4
36
91
82
127
111
163
181
219
228
271
269
333
371
396
404
441
513
520
534
542
596
573
582
546
585
567
498
497
507
523
508
496
563
575
540
539
581
664
621
657
670
722
747
753
803
855
885
911
974
1069
1084
1104
1134
1213
1234
1220
1285
1362
1427
1395
1359
1299
1226
1133
1031
950
836
722
626
536
449
338
230
175
94
21
-63
-120
-182
-240
-310
-363
-357
-377
-424
-406
-347
-330
-308
-269
-237
-215
-187
-177
-140
-129
-147
-159
-191
-274
-377
-453
-535
-613
-735
-836
-900
-987
-1100
-1195
-1253
-1323
-1450
-1533
-1635
-1713
-1792
-1883
-1938
-1975
-1967
-1964
-1899
-1857
-1795
-1740
-1654
-1545
-1460
-1343
-1239
-1126
-991
-855
-711
-587
-491
-346
-188
-44
117
232
343
471
556
662
801
943
1073
1209
1339
1492
1617
1701
1807
1923
2013
2029
2110
2253
2349
2395
2447
2556
2680
2763
2809
2907
2972
2952
2905
2882
2808
2707
2614
2535
2407
2231
2037
1830
1639
1453
1211
1006
815
622
416
228
31
-175
-360
-526
-680
-828
-947
-1036
-1074
-1156
-1184
-1188
-1199
-1133
-1102
-1072
-1023
-957
-866
-864
-797
-733
-692
-619
-581
-492
-429
-344
-263
-225
-164
-123
-129
-84
-68
-107
-131
-130
-209
-361
-506
-614
-709
-844
-1009
-1090
-1149
-1228
-1277
-1319
-1317
-1329
-1374
-1418
-1433
-1435
-1433
-1487
-1463
-1444
-1442
-1412
-1371
-1293
-1252
-1171
-1119
-1005
-922
-847
-782
-705
-620
-600
-544
-522
-468
-420
-373
-304
-270
-193
-99
-9
84
211
356
484
560
662
748
900
1011
1134
1244
1397
1523
1637
1808
1993
2198
2349
2511
2676
2807
2892
3023
3092
3161
3185
3207
3239
3264
3269
3277
3283
3194
3009
2808
2609
2389
2167
1888
1608
1334
1102
813
584
359
174
1
-191
-354
-542
-712
-867
-978
-1108
-1237
-1328
-1408
-1440
-1472
-1466
-1430
-1364
-1299
-1213
-1121
-1043
-927
-822
-741
-674
-619
-504
-476
-430
-349
-298
-239
-193
-141
-148
-102
-97
-99
-145
-303
-454
-595
-710
-898
-1062
-1203
-1298
-1385
-1486
-1506
-1542
-1553
-1575
-1616
-1659
-1677
-1721
-1768
-1838
-1866
-1877
-1910
-1854
-1801
-1679
-1555
-1470
-1322
-1238
-1144
-1045
-957
-890
-806
-740
-699
-619
-584
-486
-409
-295
-201
-120
2
149
316
385
470
544
637
700
739
836
933
1085
1244
1390
1597
1762
1920
2121
2343
2509
2666
2801
2950
3056
3149
3216
3293
3383
3454
3543
3604
3650
3652
3673
3562
3410
3195
2955
2722
2459
2150
1806
1504
1227
979
739
479
238
52
-200
-420
-675
-928
-1102
-1308
-1512
-1714
-1881
-1994
-2029
-2044
-2041
-2000
-1943
-1853
-1759
-1674
-1581
-1470
-1348
-1226
-1128
-1023
-850
-674
-563
-477
-383
-300
-157
-66
-4
61
94
137
87
8
-93
-202
-295
-439
-634
-757
-887
-983
-1098
-1207
-1266
-1355
-1409
-1542
-1634
-1720
-1813
-1911
-2047
-2121
-2185
-2210
-2184
-2145
-2116
-2046
-1954
-1855
-1715
-1604
-1495
-1378
-1263
-1172
-1102
-987
-937
-868
-748
-687
-577
-478
-300
-183
-45
101
196
369
459
520
604
683
744
828
901
975
1070
1229
1414
1595
1813
2016
2250
2460
2663
2833
2999
3177
3322
3405
3493
3620
3726
3813
3916
4004
4036
4078
4037
3912
3745
3477
3187
2908
2617
2277
1908
1582
1306
1000
697
420
180
-74
-345
-633
-931
-1168
-1400
-1623
-1860
-2118
-2281
-2341
-2386
-2408
-2380
-2351
-2241
-2123
-2020
-1914
-1817
-1694
-1549
-1402
-1345
-1265
-1109
-922
-785
-640
-503
-362
-162
-32
42
73
88
79
34
-75
-207
-334
-473
-594
-667
-793
-890
-977
-1056
-1138
-1238
-1357
-1487
-1596
-1727
-1869
-2030
-2170
-2300
-2393
-2453
-2506
-2497
-2446
-2380
-2308
-2185
-2028
-1963
-1851
-1746
-1655
-1525
-1402
-1291
-1191
-1095
-981
-875
-699
-540
-397
-201
-25
171
309
440
528
641
742
832
897
972
1060
1155
1312
1484
1636
1796
1959
2124
2346
2494
2642
2797
2919
3064
3221
3381
3507
3672
3829
3974
4115
4206
4292
4329
4295
4202
4020
3749
3444
3143
2837
2504
2148
1789
1500
1184
864
575
286
3
-252
-553
-877
-1184
-1493
-1755
-2025
-2250
-2431
-2539
-2586
-2611
-2600
-2567
-2486
-2410
-2299
-2186
-2056
-1895
-1774
-1625
-1513
-1418
-1243
-1082
-921
-780
-612
-449
-305
-157
-22
52
61
54
-2
-60
-116
-234
-329
-431
-526
-667
-795
-901
-1004
-1091
-1200
-1340
-1469
-1593
-1715
-1850
-1986
-2144
-2274
-2397
-2466
-2555
-2576
-2527
-2503
-2435
-2358
-2254
-2120
-1997
-1845
-1710
-1592
-1485
-1434
-1316
-1187
-1094
-915
-763
-602
-382
-160
54
266
461
579
714
816
937
1012
1075
1189
1286
1425
1511
1694
1855
2021
2196
2380
2566
2763
2976
3182
3352
3450
3599
3719
3875
4049
4157
4288
4419
4491
4532
4573
4508
4339
4096
3770
3428
3074
2699
2315
1917
1555
1247
940
671
317
8
-278
-603
-921
-1246
-1584
-1896
-2147
-2420
-2619
-2767
-2876
-2873
-2864
-2856
-2731
-2627
-2517
-2402
-2304
-2159
-2005
-1821
-1701
-1570
-1428
-1250
-1037
-836
-657
-497
-363
-206
-94
-38
-10
-18
-41
-58
-100
-177
-251
-349
-415
-539
-656
-748
-865
-956
-1089
-1249
-1386
-1544
-1718
-1848
-2015
-2191
-2311
-2426
-2517
-2569
-2591
-2568
-2552
-2508
-2430
-2402
-2283
-2189
-2076
-1952
-1871
-1770
-1663
-1536
-1403
-1257
-1083
-906
-764
-511
-316
-99
131
337
537
702
854
992
1100
1213
1325
1420
1514
1632
1819
2003
2179
2331
2562
2780
2990
3180
3369
3563
3737
3895
4034
4163
4284
4412
4500
4571
4609
4641
4617
4458
4234
3899
3553
3197
2781
2379
1934
1565
1249
916
607
298
-21
-329
-690
-1093
-1497
-1853
-2110
-2419
-2660
-2862
-3044
-3118
-3099
-3102
-3054
-2983
-2878
-2748
-2620
-2509
-2376
-2218
-2040
-1898
-1770
-1634
-1429
-1161
-970
-764
-553
-370
-190
-54
38
77
115
105
47
-38
-144
-197
-269
-378
-466
-554
-669
-782
-870
-965
-1075
-1237
-1406
-1594
-1806
-2007
-2183
-2352
-2518
-2606
-2685
-2695
-2705
-2686
-2626
-2612
-2544
-2418
-2331
-2220
-2131
-2031
-1944
-1792
-1679
-1532
-1396
-1226
-1037
-840
-616
-436
-180
21
194
376
516
691
842
955
1088
1210
1329
1453
1622
1801
1934
2100
2274
2506
2717
2905
3130
3308
3547
3760
3936
4111
4309
4475
4588
4659
4769
4795
4800
4765
4635
4385
4061
3731
3391
3007
2599
2134
1738
1389
1007
664
301
-60
-411
-735
-1096
-1511
-1900
-2223
-2497
-2791
-3075
-3291
-3381
-3403
-3365
-3299
-3184
-3071
-2925
-2800
-2696
-2511
-2335
-2088
-1917
-1768
-1592
-1407
-1154
-967
-772
-560
-398
-195
-60
34
77
140
178
196
95
14
-51
-114
-230
-357
-414
-503
-599
-731
-852
-1010
-1201
-1347
-1535
-1710
-1895
-2080
-2208
-2333
-2476
-2558
-2644
-2685
-2633
-2629
-2593
-2557
-2487
-2379
-2264
-2159
-2063
-1956
-1817
-1677
-1515
-1370
-1181
-996
-823
-608
-405
-222
16
233
423
620
829
995
1107
1243
1351
1481
1637
1747
1913
2065
2244
2433
2620
2853
3044
3260
3492
3710
3940
4176
4350
4508
4631
4747
4809
4906
4935
4918
4772
4541
4244
3923
3565
3206
2814
2377
1927
1532
1152
819
448
69
-269
-560
-905
-1319
-1722
-2049
-2352
-2647
-2927
-3169
-3298
-3362
-3353
-3340
-3247
-3118
-2969
-2783
-2667
-2537
-2335
-2123
-2013
-1878
-1711
-1511
-1277
-1024
-804
-585
-347
-183
-45
79
203
223
265
251
208
144
62
16
-50
-164
-277
-419
-492
-573
-724
-886
-1016
-1143
-1306
-1474
-1682
-1840
-1997
-2174
-2345
-2456
-2535
-2552
-2557
-2550
-2504
-2498
-2421
-2338
-2245
-2119
-2029
-1902
-1797
-1674
-1515
-1313
-1124
-951
-737
-516
-280
-79
163
413
590
776
984
1147
1280
1422
1518
1615
1760
1860
1989
2141
2283
2480
2694
2958
3203
3395
3644
3897
4104
4305
4479
4592
4682
4771
4836
4885
4909
4842
4631
4378
4052
3698
3410
3045
2638
2234
1864
1470
1091
743
429
89
-313
-744
-1173
-1589
-1900
-2237
-2544
-2843
-3085
-3245
-3350
-3361
-3325
-3238
-3182
-3081
-2976
-2847
-2704
-2510
-2271
-2140
-2021
-1872
-1665
-1379
-1145
-883
-712
-564
-408
-264
-127
-17
65
135
175
132
108
95
10
-31
-82
-208
-312
-427
-516
-617
-750
-910
-1116
-1259
-1409
-1574
-1760
-1912
-2084
-2208
-2328
-2422
-2476
-2502
-2497
-2467
-2443
-2410
-2296
-2192
-2089
-1994
-1898
-1779
-1628
-1485
-1275
-1086
-836
-625
-427
-186
45
262
484
712
890
1043
1182
1348
1519
1650
1721
1857
1954
2138
2277
2412
2627
2844
3078
3307
3552
3754
4005
4207
4356
4466
4578
4624
4662
4710
4723
4626
4447
4199
3890
3618
3310
2945
2560
2156
1792
1393
1031
678
355
62
-289
-633
-999
-1401
-1714
-2019
-2356
-2699
-2938
-3120
-3212
-3250
-3249
-3199
-3101
-3019
-2906
-2759
-2626
-2461
-2280
-2113
-2012
-1848
-1667
-1461
-1240
-1052
-893
-750
-597
-457
-325
-169
-80
-24
14
8
12
18
-28
-60
-135
-247
-363
-455
-557
-675
-816
-967
-1084
-1214
-1332
-1444
-1583
-1701
-1822
-1935
-2031
-2154
-2216
-2241
-2251
-2249
-2262
-2224
-2157
-2040
-1947
-1854
-1681
-1534
-1374
-1190
-1036
-839
-663
-480
-248
-100
121
341
554
744
953
1123
1296
1454
1576
1743
1828
1942
2078
2200
2370
2597
2845
3091
3361
3571
3802
4015
4173
4349
4480
4565
4621
4665
4606
4506
4324
4084
3812
3467
3174
2847
2495
2138
1793
1445
1113
806
492
186
-185
-588
-996
-1367
-1702
-2026
-2341
-2623
-2846
-3009
-3114
-3219
-3255
-3211
-3119
-3022
-2936
-2811
-2703
-2543
-2404
-2253
-2128
-2028
-1872
-1673
-1483
-1331
-1141
-940
-783
-634
-482
-357
-232
-110
-91
-80
-85
-55
-80
-164
-226
-342
-408
-486
-578
-660
-727
-814
-898
-997
-1086
-1224
-1350
-1486
-1615
-1723
-1829
-1913
-1984
-2039
-2054
-2046
-2013
-1936
-1849
-1724
-1640
-1543
-1414
-1261
-1117
-975
-828
-710
-561
-404
-220
-33
150
385
613
812
1065
1280
1504
1690
1831
1976
2093
2182
2317
2482
2608
2789
2991
3243
3474
3732
3942
4172
4361
4529
4629
4667
4644
4561
4385
4134
3827
3502
3153
2759
2406
2058
1762
1486
1211
955
682
408
115
-259
-622
-1002
-1379
-1735
-2125
-2449
-2744
-2971
-3075
-3157
-3160
-3109
-3047
-2923
-2798
-2671
-2551
-2445
-2315
-2204
-2119
-2026
-1895
-1714
-1581
-1413
-1242
-1091
-853
-657
-477
-310
-185
-61
10
61
18
17
-43
-113
-212
-323
-395
-480
-559
-613
-680
-725
-752
-850
-926
-1016
-1139
-1260
-1406
-1539
-1670
-1777
-1861
-1900
-1943
-1944
-1905
-1852
-1766
-1642
-1498
-1352
-1215
-1122
-967
-852
-739
-596
-461
-330
-179
8
197
422
669
880
1101
1322
1553
1719
1884
2025
2186
2307
2413
2529
2635
2773
2979
3189
3402
3613
3863
4052
4213
4381
4481
4502
4469
4311
4078
3757
3441
3125
2793
2448
2062
1738
1490
1248
957
738
530
277
8
-313
-694
-1046
-1390
-1773
-2115
-2471
-2757
-2992
-3101
-3153
-3161
-3082
-2969
-2890
-2763
-2562
-2425
-2274
-2160
-2075
-2010
-1921
-1837
-1695
-1553
-1434
-1271
-1099
-890
-691
-484
-319
-136
-14
60
117
91
77
11
-55
-171
-258
-357
-463
-531
-583
-634
-679
-736
-801
-908
-982
-1072
-1241
-1388
-1509
-1618
-1723
-1788
-1827
-1873
-1846
-1829
-1767
-1649
-1521
-1371
-1229
-1079
-909
-773
-634
-475
-364
-213
-91
29
223
431
653
928
1153
1382
1585
1808
1977
2104
2213
2307
2393
2487
2600
2763
2916
3094
3290
3470
3686
3875
4032
4172
4279
4332
4330
4191
4008
3743
3459
3201
2904
2573
2249
1906
1628
1352
1094
869
598
361
120
-200
-523
-848
-1163
-1495
-1862
-2167
-2483
-2703
-2871
-3003
-3058
-3041
-2997
-2893
-2812
-2709
-2537
-2406
-2255
-2172
-2104
-2026
-1906
-1750
-1637
-1523
-1362
-1205
-1083
-903
-736
-561
-401
-248
-143
-104
-42
-14
-10
-38
-104
-195
-297
-388
-457
-531
-634
-697
-770
-812
-874
-956
-1012
-1105
-1180
-1311
-1441
-1558
-1635
-1695
-1729
-1770
-1791
-1738
-1674
-1546
-1437
-1336
-1174
-1034
-864
-728
-557
-383
-191
-32
118
262
444
648
809
1027
1229
1417
1593
1810
2003
2147
2287
2417
2591
2714
2834
2969
3103
3258
3436
3566
3713
3875
3987
4155
4203
4199
4155
4053
3857
3614
3368
3050
2699
2374
1993
1647
1360
1096
847
622
363
123
-120
-417
-695
-1046
-1342
-1661
-1974
-2310
-2580
-2789
-2908
-2990
-3055
-3088
-3044
-2945
-2852
-2686
-2484
-2309
-2182
-2037
-1952
-1862
-1730
-1620
-1500
-1397
-1290
-1156
-1007
-848
-686
-547
-371
-262
-151
-40
9
50
34
-15
-103
-185
-287
-342
-424
-527
-644
-700
-786
-856
-902
-980
-1021
-1085
-1181
-1302
-1412
-1492
-1567
-1629
-1662
-1668
-1659
-1614
-1524
-1423
-1294
-1118
-954
-799
-642
-488
-373
-192
-57
32
154
300
521
717
934
1159
1410
1619
1856
2053
2178
2356
2488
2602
2709
2797
2918
3095
3267
3409
3591
3746
3913
4072
4198
4283
4305
4248
4089
3864
3587
3313
3003
2665
2350
1977
1659
1367
1074
808
543
313
69
-213
-467
-782
-1041
-1344
-1626
-1962
-2303
-2563
-2781
-2953
-3079
-3158
-3198
-3121
-3036
-2935
-2776
-2615
-2473
-2308
-2209
-2077
-1963
-1861
-1749
-1636
-1509
-1383
-1276
-1138
-985
-812
-625
-470
-310
-171
-56
19
16
41
-1
-73
-139
-230
-304
-370
-437
-550
-624
-715
-815
-855
-944
-1029
-1085
-1198
-1320
-1419
-1522
-1618
-1667
-1729
-1773
-1774
-1739
-1619
-1481
-1330
-1192
-1049
-918
-769
-608
-469
-284
-157
16
155
296
438
644
896
1114
1337
1526
1701
1894
2051
2181
2352
2464
2632
2746
2928
3105
3236
3399
3552
3681
3775
3908
4012
4086
4097
4057
3927
3746
3520
3246
2948
2619
2265
1919
1620
1343
1044
787
532
279
14
-274
-570
-845
-1150
-1423
-1712
-2003
-2302
-2550
-2774
-2969
-3035
-3125
-3125
-3106
-3062
-2962
-2848
-2704
-2572
-2394
-2310
-2239
-2092
-2007
-1877
-1767
-1629
-1519
-1435
-1313
-1177
-1020
-855
-672
-526
-416
-289
-184
-132
-113
-118
-110
-163
-233
-321
-402
-482
-566
-652
-755
-856
-929
-957
-1019
-1083
-1156
-1220
-1267
-1370
-1465
-1524
-1612
-1646
-1659
-1678
-1628
-1556
-1421
-1280
-1151
-996
-824
-658
-471
-323
-201
-41
69
199
400
576
774
1009
1229
1406
1610
1790
1965
2148
2340
2521
2647
2796
2940
3071
3209
3354
3504
3640
3785
3910
3978
4023
4058
3994
3874
3704
3513
3208
2915
2640
2293
1968
1618
1303
973
699
462
198
-62
-371
-655
-940
-1179
-1458
-1735
-2000
-2288
-2537
-2758
-2927
-3055
-3138
-3175
-3169
-3127
-3062
-2962
-2839
-2716
-2505
-2374
-2270
-2129
-2011
-1890
-1751
-1653
-1545
-1459
-1388
-1260
-1147
-981
-850
-730
-613
-487
-364
-312
-253
-269
-259
-297
-388
-480
-531
-577
-648
-732
-868
-946
-989
-1017
-1075
-1150
-1183
-1275
-1315
-1400
-1451
-1503
-1574
-1608
-1641
-1648
-1622
-1535
-1420
-1306
-1182
-1011
-848
-693
-516
-336
-213
-67
46
198
383
537
760
932
1116
1296
1489
1687
1886
2106
2300
2472
2645
2801
2942
3066
3183
3343
3489
3558
3662
3774
3848
3907
3924
3881
3741
3539
3312
3085
2827
2524
2225
1843
1518
1211
879
637
361
99
-179
-448
-723
-983
-1195
-1453
-1725
-2004
-2283
-2515
-2705
-2885
-3043
-3132
-3142
-3160
-3129
-3054
-2933
-2768
-2608
-2449
-2266
-2124
-1963
-1852
-1755
-1663
-1584
-1463
-1399
-1286
-1202
-1067
-910
-759
-639
-552
-433
-341
-257
-212
-179
-173
-239
-293
-387
-456
-573
-718
-823
-921
-1026
-1092
-1136
-1191
-1198
-1216
-1228
-1279
-1350
-1402
-1441
-1462
-1508
-1579
-1569
-1555
-1487
-1351
-1243
-1067
-919
-723
-527
-350
-129
18
151
285
402
543
698
881
1079
1252
1449
1671
1850
2065
2240
2386
2577
2723
2869
3045
3171
3273
3402
3494
3626
3733
3792
3834
3871
3852
3788
3677
3456
3239
2963
2693
2404
2109
1778
1469
1174
884
601
355
108
-136
-424
-702
-961
-1241
-1469
-1743
-1972
-2231
-2444
-2652
-2784
-2878
-2962
-2967
-2986
-2975
-2910
-2796
-2682
-2568
-2430
-2323
-2158
-2026
-1890
-1725
-1629
-1506
-1416
-1325
-1225
-1122
-1016
-891
-772
-692
-608
-494
-374
-301
-259
-247
-288
-345
-396
-490
-577
-697
-820
-938
-1043
-1139
-1224
-1289
-1328
-1405
-1475
-1500
-1545
-1560
-1579
-1608
-1620
-1621
-1641
-1656
-1643
-1562
-1458
-1363
-1256
-1136
-970
-780
-586
-402
-218
-39
169
329
495
668
836
1018
1197
1379
1513
1644
1816
1976
2109
2275
2467
2662
2838
3014
3220
3403
3593
3742
3818
3899
3939
3936
3909
3811
3653
3500
3304
3092
2843
2536
2262
1993
1719
1450
1183
906
631
362
106
-248
-549
-837
-1123
-1388
-1670
-1935
-2177
-2384
-2537
-2672
-2768
-2809
-2853
-2870
-2861
-2816
-2777
-2693
-2585
-2498
-2404
-2281
-2143
-2000
-1856
-1729
-1568
-1405
-1258
-1156
-1080
-942
-839
-740
-628
-597
-550
-475
-439
-382
-361
-363
-377
-402
-432
-504
-580
-646
-699
-810
-924
-1046
-1142
-1250
-1383
-1524
-1644
-1702
-1730
-1750
-1781
-1762
-1721
-1702
-1645
-1596
-1550
-1460
-1354
-1286
-1209
-1120
-1032
-881
-707
-546
-359
-158
39
249
462
715
979
1219
1427
1537
1704
1864
1972
2107
2207
2314
2416
2573
2713
2883
3081
3286
3496
3668
3828
3966
4046
4083
4048
3912
3733
3512
3252
2983
2650
2367
2100
1836
1592
1336
1141
933
726
504
237
-83
-380
-683
-995
-1327
-1654
-1933
-2200
-2419
-2618
-2779
-2829
-2863
-2862
-2809
-2769
-2684
-2581
-2481
-2384
-2256
-2194
-2141
-2042
-1961
-1854
-1729
-1585
-1439
-1223
-1085
-906
-734
-594
-478
-403
-321
-267
-240
-252
-262
-275
-339
-377
-399
-476
-528
-581
-649
-692
-760
-872
-978
-1059
-1157
-1303
-1436
-1565
-1672
-1742
-1798
-1869
-1883
-1872
-1827
-1740
-1652
-1585
-1466
-1367
-1227
-1089
-995
-863
-788
-655
-509
-393
-242
-63
92
307
541
756
1010
1242
1444
1631
1802
1921
2029
2128
2240
2348
2471
2617
2746
2934
3100
3301
3456
3580
3719
3821
3862
3940
3905
3810
3638
3421
3201
2924
2663
2378
2076
1801
1572
1319
1088
834
621
408
182
-91
-343
-614
-879
-1153
-1487
-1767
-2012
-2236
-2413
-2544
-2605
-2644
-2667
-2629
-2577
-2544
-2454
-2307
-2217
-2078
-1971
-1928
-1833
-1736
-1623
-1524
-1418
-1249
-1104
-966
-836
-700
-592
-495
-387
-333
-247
-204
-193
-186
-236
-301
-361
-417
-470
-506
-587
-642
-704
-805
-881
-942
-1031
-1117
-1215
-1317
-1417
-1527
-1599
-1662
-1725
-1723
-1736
-1720
-1693
-1626
-1521
-1414
-1279
-1114
-1022
-873
-717
-619
-491
-385
-250
-113
48
221
401
588
789
1013
1225
1402
1548
1686
1828
1961
2063
2166
2319
2438
2536
2673
2803
2968
3128
3293
3451
3589
3684
3790
3881
3861
3797
3672
3497
3257
3022
2798
2529
2272
1987
1724
1492
1288
1094
933
750
534
284
18
-258
-534
-831
-1121
-1374
-1685
-1912
-2105
-2250
-2372
-2398
-2443
-2441
-2414
-2381
-2286
-2202
-2107
-1996
-1901
-1799
-1717
-1679
-1591
-1533
-1432
-1313
-1182
-1075
-919
-766
-654
-518
-440
-358
-266
-194
-172
-185
-199
-241
-274
-352
-416
-461
-535
-575
-652
-723
-803
-868
-906
-1019
-1096
-1194
-1317
-1416
-1516
-1623
-1642
-1634
-1667
-1648
-1579
-1495
-1430
-1337
-1207
-1080
-939
-851
-724
-628
-533
-425
-358
-225
-82
70
225
416
621
843
1074
1307
1510
1667
1844
1947
1967
2001
2034
2086
2149
2250
2415
2613
2837
3031
3214
3422
3583
3685
3782
3781
3772
3743
3620
3482
3259
3024
2796
2572
2311
2055
1820
1632
1439
1234
1074
890
680
460
228
-85
-376
-638
-926
-1219
-1496
-1738
-1950
-2106
-2190
-2303
-2299
-2293
-2313
-2254
-2197
-2084
-1973
-1867
-1807
-1787
-1735
-1672
-1598
-1526
-1450
-1329
-1170
-1032
-852
-721
-534
-416
-325
-175
-155
-119
-90
-139
-177
-207
-307
-406
-464
-497
-559
-595
-645
-698
-762
-839
-896
-987
-1092
-1171
-1270
-1357
-1500
-1573
-1626
-1640
-1673
-1626
-1553
-1519
-1405
-1282
-1154
-1024
-895
-821
-742
-677
-570
-474
-385
-295
-200
-29
164
336
575
799
996
1189
1345
1461
1518
1603
1651
1679
1754
1831
1908
2057
2223
2378
2559
2718
2868
3038
3145
3244
3325
3380
3426
3461
3480
3404
3307
3168
3015
2839
2666
2405
2181
1947
1740
1558
1361
1178
955
766
557
311
25
-219
-488
-723
-979
-1232
-1468
-1689
-1852
-1965
-2048
-2121
-2158
-2154
-2186
-2183
-2134
-2070
-2010
-1915
-1827
-1777
-1715
-1646
-1594
-1480
-1348
-1199
-1042
-910
-754
-623
-477
-372
-279
-227
-190
-168
-170
-191
-199
-254
-325
-359
-380
-446
-475
-491
-590
-666
-735
-808
-903
-1003
-1102
-1219
-1296
-1405
-1497
-1557
-1642
-1638
-1651
-1590
-1535
-1466
-1366
-1273
-1132
-1022
-901
-800
-704
-585
-512
-456
-342
-209
-100
37
165
343
503
661
816
993
1131
1281
1397
1469
1566
1623
1714
1751
1847
1920
2023
2170
2283
2453
2587
2752
2906
3070
3220
3324
3385
3416
3418
3346
3197
3006
2868
2660
2453
2242
1998
1804
1605
1446
1294
1123
988
811
624
406
155
-81
-359
-638
-932
-1222
-1472
-1708
-1877
-1998
-2080
-2161
-2191
-2180
-2154
-2098
-2080
-2038
-1989
-1908
-1894
-1849
-1751
-1710
-1639
-1552
-1444
-1327
-1210
-1081
-931
-766
-603
-459
-379
-279
-264
-232
-220
-240
-270
-327
-349
-448
-504
-533
-549
-584
-617
-657
-702
-781
-845
-917
-1020
-1122
-1242
-1338
-1465
-1580
-1667
-1732
-1751
-1750
-1693
-1579
-1469
-1395
-1252
-1137
-1040
-900
-811
-733
-648
-559
-501
-423
-319
-212
-81
76
262
419
575
739
914
1046
1176
1273
1352
1453
1521
1607
1661
1711
1780
1907
2037
2209
2382
2525
2717
2858
3036
3171
3257
3282
3256
3195
3067
2918
2761
2612
2443
2298
2105
1933
1710
1573
1397
1178
997
797
618
370
133
-109
-358
-567
-834
-1098
-1312
-1535
-1716
-1916
-2026
-2112
-2134
-2164
-2151
-2105
-2087
-2042
-1977
-1912
-1884
-1813
-1787
-1726
-1670
-1627
-1525
-1390
-1255
-1107
-964
-825
-675
-507
-387
-285
-214
-213
-190
-180
-225
-253
-291
-366
-405
-439
-469
-499
-516
-532
-540
-623
-706
-759
-860
-943
-1094
-1213
-1334
-1457
-1575
-1693
-1742
-1767
-1757
-1727
-1639
-1517
-1403
-1275
-1126
-1001
-912
-833
-764
-691
-648
-590
-546
-492
-410
-286
-177
-38
127
280
448
627
799
959
1090
1189
1217
1275
1302
1337
1395
1417
1510
1623
1784
1926
2115
2335
2547
2731
2909
3045
3127
3221
3256
3248
3181
3068
2925
2773
2603
2385
2183
2015
1842
1663
1481
1328
1193
1082
918
704
503
223
-6
-279
-584
-863
-1124
-1403
-1620
-1782
-1899
-2010
-2069
-2104
-2123
-2075
-2056
-1999
-1895
-1833
-1784
-1738
-1703
-1688
-1639
-1599
-1547
-1440
-1382
-1256
-1108
-971
-772
-584
-431
-294
-202
-153
-86
-98
-97
-106
-169
-228
-293
-370
-405
-450
-472
-504
-553
-610
-683
-749
-809
-894
-1000
-1127
-1238
-1328
-1424
-1508
-1603
-1624
-1671
-1664
-1631
-1582
-1487
-1388
-1253
-1144
-1045
-926
-782
-715
-667
-615
-609
-578
-531
-456
-363
-227
-88
73
249
384
555
732
899
991
1092
1174
1231
1280
1317
1339
1399
1470
1531
1673
1801
1995
2185
2368
2548
2682
2850
3011
3081
3107
3090
3036
2970
2860
2758
2610
2444
2306
2136
1968
1815
1652
1461
1296
1138
971
781
583
367
123
-117
-370
-628
-885
-1120
-1333
-1517
-1657
-1786
-1881
-1961
-2000
-2033
-2024
-1985
-1960
-1916
-1853
-1815
-1776
-1728
-1666
-1597
-1497
-1441
-1322
-1192
-1076
-910
-778
-632
-502
-345
-221
-137
-73
-66
-60
-32
-72
-94
-132
-183
-208
-220
-287
-344
-357
-398
-432
-466
-557
-637
-697
-799
-936
-1084
-1181
-1301
-1376
-1463
-1484
-1485
-1490
-1467
-1420
-1339
-1258
-1147
-1051
-959
-879
-799
-749
-687
-668
-639
-580
-568
-516
-454
-367
-218
-56
87
251
404
581
692
791
909
968
1061
1107
1172
1208
1233
1322
1399
1522
1671
1840
2025
2235
2383
2555
2661
2773
2905
2993
3008
2997
2991
2973
2904
2795
2680
2539
2379
2253
2107
1933
1800
1637
1474
1326
1164
963
745
493
306
44
-239
-477
-749
-1002
-1243
-1424
-1579
-1731
-1827
-1867
-1903
-1923
-1929
-1907
-1908
-1907
-1892
-1853
-1811
-1784
-1738
-1674
-1577
-1460
-1356
-1226
-1110
-958
-801
-658
-503
-404
-296
-185
-114
-95
-49
-26
-15
-74
-138
-172
-175
-208
-251
-263
-295
-346
-385
-437
-514
-556
-659
-761
-892
-1000
-1113
-1249
-1327
-1460
-1552
-1592
-1601
-1564
-1523
-1474
-1388
-1277
-1174
-1077
-1008
-950
-889
-822
-804
-779
-728
-711
-664
-638
-523
-408
-293
-166
-30
108
250
425
598
704
788
850
889
905
957
990
1036
1113
1207
1315
1428
1602
1758
1904
2105
2271
2352
2497
2593
2691
2762
2785
2788
2759
2747
2725
2647
2603
2491
2368
2278
2132
2014
1833
1664
1492
1288
1107
919
679
468
277
48
-180
-394
-595
-780
-944
-1140
-1272
-1416
-1505
-1577
-1648
-1712
-1768
-1790
-1795
-1782
-1762
-1725
-1695
-1650
-1600
-1533
-1457
-1365
-1247
-1120
-988
-845
-723
-608
-514
-380
-311
-259
-176
-139
-138
-118
-105
-107
-99
-123
-121
-188
-231
-246
-241
-302
-363
-419
-505
-576
-684
-783
-925
-1020
-1125
-1220
-1316
-1383
-1406
-1474
-1483
-1462
-1442
-1384
-1345
-1293
-1233
-1202
-1156
-1135
-1071
-1005
-936
-855
-819
-735
-647
-535
-436
-346
-250
-164
-85
-2
124
219
317
411
496
595
674
744
820
851
901
977
1073
1159
1279
1363
1452
1575
1682
1795
1925
2042
2149
2273
2360
2422
2502
2571
2602
2626
2612
2600
2552
2512
2432
2351
2251
2156
2035
1906
1744
1555
1393
1221
1023
829
651
453
281
115
-90
-273
-458
-643
-809
-939
-1093
-1197
-1304
-1435
-1519
-1581
-1622
-1645
-1665
-1630
-1594
-1561
-1484
-1433
-1387
-1314
-1239
-1136
-1044
-945
-835
-736
-636
-535
-427
-351
-299
-257
-220
-198
-138
-147
-155
-182
-184
-187
-193
-210
-245
-263
-291
-356
-415
-491
-552
-654
-762
-865
-954
-1021
-1086
-1155
-1222
-1271
-1315
-1338
-1361
-1340
-1302
-1275
-1245
-1206
-1182
-1114
-1083
-1030
-955
-887
-814
-712
-658
-603
-497
-405
-310
-234
-157
-98
19
88
143
192
266
334
396
478
542
599
652
724
796
826
886
976
1042
1129
1200
1310
1377
1464
1549
1607
1711
1832
1918
2003
2106
2211
2293
2335
2424
2459
2521
2529
2488
2447
2363
2278
2166
2099
1963
1823
1678
1502
1374
1234
1050
897
757
582
449
259
70
-98
-289
-460
-624
-804
-930
-1028
-1129
-1230
-1303
-1316
-1351
-1351
-1350
-1364
-1339
-1335
-1320
-1284
-1237
-1205
-1109
-1022
-952
-846
-765
-643
-544
-440
-357
-254
-199
-160
-139
-124
-105
-139
-122
-137
-165
-186
-226
-259
-270
-319
-319
-379
-468
-505
-586
-659
-761
-860
-955
-1016
-1060
-1117
-1167
-1179
-1204
-1208
-1213
-1196
-1136
-1098
-1048
-1013
-953
-868
-794
-740
-702
-636
-577
-511
-428
-362
-290
-215
-108
-15
81
153
214
289
313
347
388
421
447
478
505
535
541
610
666
711
762
851
896
989
1066
1119
1219
1255
1342
1401
1472
1542
1625
1700
1777
1856
1931
2011
2100
2187
2271
2358
2426
2423
2409
2358
2329
2258
2163
2077
1917
1796
1681
1544
1429
1310
1193
1049
920
787
643
499
314
185
20
-163
-331
-505
-644
-798
-890
-999
-1047
-1085
-1152
-1147
-1190
-1180
-1189
-1172
-1123
-1082
-1005
-971
-924
-862
-813
-740
-656
-583
-503
-425
-395
-373
-357
-308
-250
-212
-189
-216
-214
-189
-204
-254
-294
-321
-308
-343
-396
-467
-514
-546
-617
-688
-779
-810
-846
-923
-961
-991
-1020
-1029
-1014
-981
-972
-941
-887
-840
-802
-732
-631
-576
-486
-427
-380
-297
-269
-203
-192
-114
-54
-4
53
110
149
225
305
361
391
400
416
401
424
406
410
384
392
395
419
433
483
526
579
662
688
741
782
826
861
932
1024
1102
1159
1265
1381
1495
1564
1665
1754
1861
1943
1977
2055
2077
2140
2165
2188
2186
2175
2159
2103
2027
1966
1863
1737
1617
1514
1400
1273
1161
1016
878
739
611
447
336
188
36
-97
-234
-378
-500
-625
-722
-828
-896
-951
-1014
-1052
-1077
-1085
-1110
-1063
-1041
-991
-987
-942
-887
-836
-768
-720
-677
-626
-603
-544
-526
-513
-453
-387
-387
-356
-327
-325
-314
-320
-361
-384
-395
-419
-425
-465
-492
-500
-546
-585
-595
-633
-659
-705
-757
-811
-830
-858
-865
-865
-868
-828
-758
-696
-631
-577
-531
-474
-425
-385
-341
-294
-250
-182
-119
-66
-22
32
84
159
203
256
290
306
351
386
350
319
331
285
270
289
275
274
258
249
269
234
250
287
310
328
323
353
374
405
442
506
577
616
683
756
809
901
988
1081
1179
1276
1368
1472
1554
1637
1692
1762
1838
1860
1884
1842
1844
1833
1830
1786
1729
1675
1626
1540
1465
1353
1229
1133
1004
887
753
609
509
377
246
113
-24
-143
-272
-387
-519
-584
-655
-713
-776
-869
-893
-944
-939
-988
-1006
-995
-1002
-989
-1003
-971
-945
-907
-901
-852
-828
-758
-719
-694
-657
-656
-642
-630
-604
-598
-580
-577
-594
-575
-581
-580
-601
-602
-587
-579
-605
-633
-668
-679
-686
-708
-685
-716
-730
-749
-726
-698
-717
-682
-645
-654
-606
-544
-513
-439
-407
-328
-253
-207
-149
-116
-81
-51
-35
-23
-4
-8
26
51
87
110
127
140
134
121
112
90
76
72
25
10
-55
-78
-99
-85
-105
-93
-101
-93
-53
-32
2
12
57
147
182
210
263
310
343
405
458
523
629
679
747
811
872
915
983
1046
1085
1158
1228
1241
1286
1298
1317
1325
1334
1351
1339
1323
1283
1258
1200
1150
1068
982
928
866
799
761
693
595
509
408
313
239
140
-6
-119
-188
-254
-327
-376
-412
-443
-498
-561
-621
-648
-667
-706
-704
-742
-757
-754
-764
-760
-769
-743
-724
-696
-676
-681
-657
-662
-645
-655
-655
-631
-625
-629
-610
-600
-595
-581
-565
-555
-562
-555
-550
-570
-543
-558
-538
-506
-529
-532
-559
-561
-588
-553
-553
-526
-502
-479
-469
-437
-408
-401
-380
-340
-321
-318
-315
-333
-311
-246
-229
-209
-160
-130
-122
-114
-79
-102
-89
-103
-144
-137
-113
-106
-141
-138
-120
-133
-109
-126
-165
-191
-203
-220
-215
-185
-192
-190
-186
-195
-206
-195
-179
-132
-104
-75
-49
-34
-12
41
69
85
87
128
184
225
291
372
459
495
524
572
617
605
650
675
685
702
756
816
854
877
866
916
916
912
895
887
897
882
828
784
748
708
638
584
562
491
437
375
341
282
204
141
102
44
-30
-90
-142
-165
-244
-269
-325
-344
-349
-385
-423
-458
-466
-478
-502
-545
-537
-552
-551
-529
-528
-500
-480
-462
-435
-471
-466
-456
-416
-431
-429
-415
-437
-403
-431
-418
-417
-427
-418
-414
-423
-436
-452
-445
-460
-467
-454
-453
-422
-415
-411
-391
-390
-381
-389
-334
-326
-311
-316
-311
-296
-295
-287
-290
-257
-212
-186
-190
-169
-156
-143
-126
-136
-138
-157
-161
-173
-169
-157
-185
-197
-205
-219
-232
-274
-293
-289
-288
-287
-305
-301
-325
-312
-339
-339
-355
-344
-302
-285
-278
-271
-263
-263
-242
-218
-157
-110
-102
-65
-7
30
85
143
183
221
272
303
366
428
455
493
505
555
582
621
675
670
701
764
773
801
786
789
757
742
710
697
684
676
674
672
657
630
632
589
602
560
510
505
451
387
349
317
312
272
242
217
190
163
171
163
121
85
88
89
24
-18
-47
-68
-82
-113
-158
-171
-188
-185
-174
-220
-227
-244
-262
-226
-267
-281
-314
-342
-327
-306
-322
-319
-331
-349
-350
-373
-369
-376
-403
-433
-440
-463
-445
-442
-441
-437
-400
-411
-424
-387
-383
-366
-380
-385
-343
-341
-359
-361
-342
-326
-333
-310
-327
-302
-256
-252
-227
-218
-226
-272
-293
-301
-278
-295
-298
-261
-304
-311
-321
-330
-315
-348
-344
-340
-326
-302
-308
-296
-298
-306
-282
-316
-307
-256
-257
-211
-188
-190
-174
-123
-106
-79
-25
-33
-30
6
36
59
89
129
128
159
192
180
195
189
164
173
201
236
272
298
336
365
369
398
402
423
444
450
450
446
448
459
468
499
486
507
503
545
549
561
564
570
558
558
541
526
551
558
527
501
494
491
476
440
413
395
377
343
294
287
280
229
215
184
162
144
97
67
-12
-55
-50
-76
-97
-151
-191
-222
-270
-286
-310
-335
-368
-428
-418
-417
-441
-424
-427
-429
-443
-430
-434
-464
-477
-466
-466
-426
-426
-424
-433
-413
-396
-411
-417
-429
-427
-428
-389
-389
-355
-336
-335
-339
-314
-296
-320
-294
-278
-291
-288
-278
-293
-286
-289
-265
-233
-281
-283
-276
-293
-278
-276
-273
-276
-272
-237
-267
-258
-241
-259
-241
-243
-221
-167
-165
-187
-226
-199
-195
-168
-187
-198
-178
-182
-139
-125
-114
-109
-88
-70
-50
-34
-21
-16
-32
-30
5
7
20
47
67
116
116
132
158
182
184
181
222
203
204
207
245
254
252
275
295
317
298
337
370
358
370
373
405
407
421
392
342
338
324
298
316
312
323
299
272
223
161
139
68
64
50
30
33
42
46
17
63
69
46
48
16
7
-9
-42
-74
-92
-101
-118
-123
-97
-111
-68
-62
-61
-84
-90
-47
-46
-40
-53
-69
-86
-132
-155
-153
-163
-183
-179
-200
-191
-175
-206
-199
-202
-215
-198
-242
-255
-263
-267
-277
-282
-290
-291
-259
-261
-227
-222
-216
-193
-181
-187
-154
-142
-133
-107
-130
-129
-101
-131
-108
-108
-94
-88
-100
-66
-85
-48
-33
-52
-33
-7
-10
-34
-33
-46
-24
-22
-24
-39
-50
-81
-62
-47
-46
-3
13
13
18
40
34
64
89
107
89
99
97
72
56
62
74
84
84
106
106
87
89
108
107
82
74
70
21
30
35
12
50
64
65
96
121
98
94
71
63
57
59
69
82
74
73
70
68
119
96
119
131
119
118
118
133
125
128
130
123
119
110
108
104
73
74
70
66
77
89
46
53
36
14
21
19
-3
-6
19
24
13
9
-1
0
3
13
16
8
-17
-16
-2
-40
-17
-11
-24
-21
-14
-1
14
39
62
48
34
17
19
-16
-21
-31
-39
-15
-6
47
26
28
26
-13
-23
-21
-26
-26
-27
-23
-30
-46
-20
-38
-15
-28
-54
-48
-41
-24
-50
-50
-53
-53
-37
-55
-53
-38
-32
-18
-16
24
44
22
43
36
27
16
-6
1
29
71
65
94
96
86
101
69
55
46
47
40
41
6
-8
-18
-22
-59
-51
-49
-46
-23
-39
-4
-28
-11
5
6
-18
-48
-18
-52
-15
-26
-59
-58
-64
-59
-49
-48
-45
-26
-33
-49
-60
-34
-34
-33
-28
-18
5
17
24
4
14
-25
-59
-71
-93
-84
-72
-82
-81
-62
-65
-37
-34
-54
-72
-74
-75
-82
-61
-60
-73
-52
-22
-3
18
25
29
43
59
76
55
70
29
14
53
63
77
99
89
112
138
124
113
96
89
83
74
74
80
78
57
70
50
47
69
54
40
31
0
-23
-41
-22
-21
-11
-4
-24
-39
-20
-22
6
23
29
23
27
15
40
61
21
29
13
30
23
12
11
15
-9
14
33
9
31
37
23
24
29
26
18
12
37
33
48
65
66
69
70
46
28
11
-1
13
8
30
47
52
33
40
40
40
11
16
25
0
4
7
8
19
11
-13
-8
-7
-16
-12
-10
-18
-24
-3
11
25
13
-28
-44
-33
-37
-40
-8
-19
-26
-29
-32
-34
-27
-48
-17
-30
-45
-46
-62
-25
-30
26
15
8
22
46
55
50
33
23
55
45
38
31
65
74
69
65
32
21
46
62
54
62
65
59
65
57
74
75
51
31
13
17
34
67
60
47
58
58
52
60
48
12
14
17
28
32
29
24
30
54
50
14
24
19
29
49
26
23
0
-3
8
29
25
14
10
16
55
37
14
17
39
32
17
29
40
52
12
16
6
2
12
15
20
8
31
14
32
27
-13
-35
-23
11
4
23
36
23
47
49
48
71
36
45
45
29
10
11
14
9
23
22
27
25
23
32
0
-14
-17
-15
-19
-21
-14
-33
12
2
-21
-34
-43
-32
-3
-37
-49
-35
-30
-45
-52
-42
-57
-55
-55
-47
-36
-27
-23
6
11
23
45
51
37
10
10
6
9
18
34
19
5
23
22
36
26
33
21
15
-11
-10
-10
-3
8
-7
-23
-26
-14
-20
-23
-28
-14
-37
-16
-24
-60
-67
-64
-43
-37
-7
2
26
17
13
19
-32
-43
-40
-33
1
-6
12
14
27
8
5
29
29
33
14
15
-6
6
21
30
33
60
36
57
41
-4
-12
-10
-7
9
17
4
11
-27
-43
-59
-52
-47
-48
-47
-51
-23
-12
-14
23
20
-21
-43
-49
-43
-37
10
26
31
52
41
46
29
25
27
16
1
-31
-31
-43
-19
18
49
59
45
34
45
52
11
12
-11
-10
9
10
2
24
32
14
6
-6
20
10
2
22
24
30
6
7
-26
-11
13
-12
-1
-23
-9
1
16
33
46
60
38
46
4
-12
-39
-33
-70
-52
-34
-39
-30
-60
-43
-45
-27
-37
-36
-48
-31
-52
-66
-39
-95
-102
-81
-70
-76
-105
-85
-78
-72
-64
-62
-83
-58
-59
-72
-40
-26
-41
-36
-41
-44
-34
-35
-15
-10
-24
-18
-37
-37
-44
-90
-70
-54
-55
-41
-14
-31
-11
-14
-20
-26
-54
-23
-52
-56
-73
-55
-51
-54
-56
-22
11
-10
-7
11
34
44
38
54
51
39
28
-3
14
-14
-29
1
10
30
18
35
35
15
36
33
54
58
31
50
39
48
63
47
58
70
57
34
32
34
16
14
2
2
23
34
56
73
68
65
45
23
-9
4
-17
5
28
-1
2
1
-1
-7
28
27
23
2
-37
-65
-45
-29
-47
-40
-73
-103
-108
-93
-70
-85
-88
-123
-94
-109
-102
-86
-72
-53
-63
-93
-86
-64
-81
-63
-69
-63
-80
-78
-58
-72
-54
-44
-32
-37
-49
-49
-62
-64
-61
-43
-47
-54
-46
-45
-55
-95
-98
-84
-72
-104
-89
-95
-84
-70
-66
-40
-38
-39
-34
-41
-95
-96
-101
-84
-84
-77
-57
-5
8
-17
-29
5
9
-16
-4
-20
10
-5
12
34
57
65
83
93
86
86
84
63
39
18
24
39
48
58
75
109
94
107
104
100
87
74
33
38
46
76
84
79
76
68
82
76
81
67
67
81
69
57
54
61
79
81
127
94
72
89
86
92
62
61
45
56
70
76
100
78
78
35
15
13
3
11
28
6
21
26
6
31
24
20
54
45
44
24
-32
-34
-31
16
12
9
34
45
57
63
64
49
21
-3
0
-8
4
11
6
25
50
72
53
59
82
74
64
66
19
22
43
66
57
63
87
56
42
46
56
38
45
39
48
44
55
25
21
2
0
4
11
51
60
43
43
69
54
85
111
85
97
111
67
43
20
53
93
99
117
105
124
114
101
112
108
117
83
122
113
88
86
76
92
85
55
66
87
84
106
100
117
124
104
97
108
119
121
129
131
120
125
135
127
123
117
128
128
114
117
89
106
133
149
134
139
127
143
146
106
123
84
78
97
88
102
61
41
45
58
50
49
41
43
56
61
47
21
43
32
39
44
47
37
62
96
56
57
71
64
64
52
74
84
75
65
65
65
65
81
73
88
111
93
77
78
98
82
82
62
81
91
80
90
72
50
25
36
8
30
21
1
16
30
49
57
62
66
90
80
86
93
121
114
120
114
95
94
73
81
92
91
106
115
123
117
114
139
119
122
115
112
127
107
100
57
63
71
50
62
52
47
54
107
89
89
93
93
95
94
103
80
87
92
87
81
87
104
97
110
96
63
56
49
68
45
42
53
74
68
101
111
107
110
73
46
32
27
21
15
16
10
-24
10
15
29
58
59
43
52
35
5
-6
-45
-30
-28
-21
-25
-27
-19
-10
-14
3
26
36
54
34
18
9
16
38
25
18
-9
-23
-3
-4
31
70
70
50
32
6
1
3
-9
25
15
35
23
7
-15
-29
11
13
30
47
54
19
18
6
13
16
27
25
38
21
36
78
70
71
80
75
27
35
15
8
28
38
16
30
52
38
60
56
36
37
35
28
1
5
26
-13
-54
-31
-43
-33
-7
2
0
12
-2
-15
-6
-29
2
-1
-17
0
9
-8
-16
-17
-46
-26
-13
-6
-5
6
-18
-20
-23
-19
-21
-64
-78
-86
-51
-28
-19
-19
-38
-30
-69
-88
-69
-87
-91
-103
-82
-60
-81
-65
-80
-72
-69
-67
-85
-80
-69
-99
-114
-85
-101
-93
-44
-58
-49
-55
-74
-43
-46
-69
-85
-56
-60
-67
-49
-66
-64
-57
-63
-62
-76
-68
-56
-90
-62
-65
-39
-28
-48
-65
-91
-86
-95
-96
-122
-136
-99
-88
-89
-56
-62
-56
-57
-62
-95
-96
-102
-87
-54
-74
-54
-68
-43
-66
-70
-42
-23
-16
-62
-57
-42
-11
-24
-34
-39
-20
-9
16
-2
-19
8
18
17
18
9
-7
-32
-55
-57
-30
-23
-27
-28
-28
-6
11
-16
-66
-83
-88
-68
-57
-45
-29
-29
-37
-52
-52
-59
-61
-57
-75
-61
-80
-71
-56
-73
-62
-42
-30
-31
-37
-25
-3
-44
-53
-27
-17
-29
-46
-42
-56
-51
-47
-23
-28
-15
-34
-25
-21
-9
42
21
-1
-33
-42
-79
-55
-53
-53
-18
-17
-13
-1
-17
13
21
21
17
-19
-3
-9
-17
-27
-30
-18
-11
-8
7
5
-10
-31
-38
-26
-59
-32
-6
-15
7
27
16
-11
13
-1
-17
-7
-10
-33
-8
-38
-36
-39
-46
-17
11
-2
-4
2
-5
-15
-34
11
-14
-3
-13
-10
-11
-17
20
3
-3
3
17
-1
41
45
46
32
32
26
0
-1
1
-8
-17
-15
-5
-5
-2
10
6
35
13
32
42
25
5
11
9
-10
0
11
28
23
14
38
56
62
57
58
54
30
23
3
-5
-13
3
41
60
52
49
48
22
22
16
4
0
-19
-35
-9
-24
-27
-2
-8
-8
-21
-21
3
-5
-6
3
-17
-31
-18
-31
-31
-22
-15
-36
-35
-1
-24
-10
3
27
25
26
8
2
-22
-15
-11
-38
15
10
33
31
36
20
33
19
-3
3
-28
-38
-62
-38
-54
-51
-64
-68
-56
-52
-29
-33
-10
7
28
-2
-23
-21
-49
-56
-35
-56
-53
-30
-44
1
21
11
1
16
17
20
56
45
70
67
78
86
64
62
76
64
13
24
18
-9
1
-7
-3
-4
11
-8
-17
-19
-8
14
-20
-41
-41
-32
-21
-45
-26
-29
-3
-24
-7
-4
-14
-28
-49
-13
-16
20
22
40
3
17
10
-16
-29
-13
20
16
17
-9
-7
-33
-70
-38
-21
-40
-60
-27
-37
2
7
-3
-28
-30
-12
-20
-20
-53
-40
-73
-57
-63
-31
-48
-54
-45
-59
-32
-22
-33
-15
-31
-46
-48
-58
-27
-22
-17
13
-17
-8
0
-10
-2
-9
0
-13
-18
-6
-8
-21
-28
-36
-27
-35
-53
-44
-42
-34
-2
-7
-18
-6
-32
-42
-64
-59
-45
-13
-18
-10
-4
36
13
42
66
44
60
34
7
-9
44
12
21
49
43
62
44
38
45
27
6
-16
6
-17
-9
-16
-3
-11
-9
6
29
20
14
50
4
3
-17
-21
-2
-2
-25
-2
-7
20
-15
-27
2
-5
8
18
9
-13
27
19
43
34
19
34
28
28
0
13
-7
-16
-9
-9
-5
-4
17
14
29
-5
1
-28
-6
9
3
17
0
16
-7
-47
-57
-35
-44
-28
-50
-88
-72
-67
-56
-41
-22
23
52
32
6
-15
-15
1
15
11
-2
6
-11
20
13
17
29
44
22
13
21
25
34
12
23
26
19
6
10
17
-2
-5
-6
0
-9
-31
-22
-77
-74
-67
-76
-60
-55
-31
-22
-43
-19
-22
-8
-39
-40
-19
-41
-30
-19
-18
-25
13
36
37
28
47
6
23
20
-17
-11
0
-15
-50
-68
-65
-68
-54
-19
-44
-23
4
5
33
28
49
43
3
-13
6
-28
-60
-48
-59
-33
-17
-17
25
48
20
-6
-29
23
14
10
-13
-66
-31
-37
-40
-30
-72
-72
-55
-60
-57
-50
-64
-57
-34
-33
8
38
13
25
12
16
19
17
-4
-5
-39
-26
-38
-63
-47
-51
4
-7
6
26
-24
-10
-10
20
31
-17
-28
-15
-20
-11
-8
-8
-2
-13
-19
-31
-36
-21
-8
0
3
1
-25
-44
-62
-55
-81
-60
-39
-38
-22
-21
-18
-14
-20
-42
-34
-26
-23
-18
-26
-50
-31
-76
-59
-65
-40
-11
-23
-6
-17
-4
-25
-4
-13
-31
-26
-38
15
1
10
21
15
33
24
28
-2
-12
-54
-67
-76
-45
-44
-53
-76
-64
-63
-69
-83
-54
-56
-82
-71
-97
-86
-87
-69
-70
-72
-99
-88
-39
-34
-28
-9
3
-9
-8
-34
-5
-13
-35
-30
-18
17
27
34
19
22
8
-26
-38
-28
-29
-6
-32
-53
-40
-62
-31
-44
-52
-42
-55
-76
-66
-66
-80
-88
-51
-40
-80
-97
-134
-111
-101
-131
-102
-66
-47
-51
-70
-103
-96
-104
-98
-62
-61
-49
-95
-68
-70
-51
-50
-65
-65
-75
-70
-77
-92
-90
-73
-92
-61
-69
-47
-62
-66
-43
-30
-28
-70
-72
-60
-78
-88
-85
-96
-89
-83
-70
-80
-74
-46
-61
-82
-79
-47
-43
-29
-45
-48
-69
-81
-80
-90
-88
-69
-71
-71
-65
-72
-37
-44
-26
-37
-53
-86
-77
-89
-66
-51
-96
-105
-115
-105
-69
-55
-37
-41
-75
-84
-91
-113
-110
-87
-97
-91
-54
-62
-63
-52
-27
-60
-89
-97
-104
-73
-78
-86
-78
-65
-79
-59
-61
-83
-79
-75
-83
-69
-41
-47
-80
-77
-95
-101
-100
-119
-86
-105
-88
-104
-78
-67
-72
-75
-71
-87
-72
-45
-41
-57
-73
-76
-79
-78
-75
-47
-48
-47
-50
-72
-83
-105
-113
-129
-116
-101
-79
-62
-55
-46
-67
-69
-82
-96
-152
-175
-165
-151
-130
-106
-111
-131
-124
-97
-97
-94
-107
-129
-120
-134
-164
-161
-169
-137
-120
-144
-98
-88
-93
-75
-52
-64
-45
-44
-48
-66
-63
-37
-69
-66
-95
-87
-75
-50
-31
-29
-15
-15
-42
-34
-45
-47
-38
-77
-70
-85
-102
-86
-105
-111
-77
-72
-93
-87
-98
-103
-118
-95
-93
-97
-89
-90
-56
-76
-71
-57
-59
-80
-82
-79
-102
-123
-152
-127
-137
-133
-90
-97
-72
-73
-91
-80
-68
-84
-93
-86
-93
-110
-159
-146
-153
-127
-96
-55
-25
-28
-22
-31
-34
-45
-47
-84
-104
-112
-78
-86
-90
-83
-80
-25
-43
-31
-61
-55
-74
-90
-73
-77
-88
-67
-53
-54
-103
-91
-124
-105
-51
-91
-70
-82
-89
-97
-92
-89
-60
-41
-15
-6
3
19
-6
-8
-8
-24
-37
-30
-23
-57
-33
-49
-24
-54
-55
-85
-89
-36
-43
-2
-6
-19
-11
-23
-20
0
-22
-24
-34
-43
-36
-36
-42
-41
-9
-20
11
-15
-51
-52
-20
-32
-65
-41
-29
-47
-43
-22
-20
-30
-41
-67
-72
-53
-39
-28
-42
-48
-63
-48
-67
-51
-19
-23
-51
-34
-20
-30
-2
-9
2
21
-21
-34
-46
-43
-20
-3
12
21
17
34
23
18
3
-46
-44
-64
-90
-96
-56
-49
-33
-50
-53
-43
-99
-92
-107
-94
-97
-91
-81
-80
-66
-84
-74
-59
-72
-77
-55
-45
-41
-23
-42
-48
-46
-22
13
-21
-18
2
1
-19
-3
1
-17
-18
-33
-5
-14
-24
-19
-23
-39
-53
-30
-23
-28
-26
-9
-24
-41
-38
-44
-66
-67
-86
-73
-58
-49
-67
-34
-32
-38
-11
-6
-22
-14
17
-19
-37
-33
-40
-29
1
1
-20
-3
3
1
19
31
24
27
-6
-47
-71
-85
-60
-72
-53
-68
-51
-32
-66
-68
-85
-89
-112
-95
-104
-115
-79
-71
-58
-48
-25
-1
-8
-37
-24
-29
-50
-54
-49
-67
-53
-26
-26
-10
-15
-40
-61
-44
-19
-27
-45
-37
-22
-16
-34
-55
-73
-82
-74
-94
-90
-112
-67
-66
-63
-43
-41
-47
-57
-72
-67
-74
-103
-74
-50
-26
-40
-43
-43
-40
-30
-19
-22
-43
-43
-40
-32
-35
-21
-12
-28
-12
-16
-39
-50
-44
-28
