5
5
8
18
-15
-16
-9
-42
-44
-36
-23
-29
-26
-24
-3
43
43
12
0
-6
-12
-11
-4
-3
5
-5
-6
40
40
37
22
15
16
41
34
29
45
30
38
53
64
46
46
44
11
43
9
-6
6
-1
4
-9
-5
7
7
-4
-8
-21
-27
-14
-25
-41
-29
-50
-40
-29
-41
-70
-47
-28
-27
-39
-42
-7
-10
-5
-4
4
5
1
-21
-28
-17
-36
-46
-36
-52
-32
-52
-54
-66
-24
-54
-97
-70
-95
-94
-86
-52
-61
-60
-50
-38
-57
-45
-43
-48
-49
-27
-59
-74
-58
-56
-24
-10
-25
17
28
-14
-35
-36
-47
-80
-85
-97
-85
-60
-56
-70
-43
-59
-63
-77
-82
-75
-79
-70
-100
-115
-139
-101
-83
-57
-67
-102
-78
-117
-119
-135
-129
-103
-114
-92
-70
-73
-78
-85
-114
-112
-102
-98
-105
-113
-86
-95
-89
-90
-127
-148
-103
-114
-117
-108
-82
-75
-57
-33
-31
-19
-35
-51
-50
-76
-100
-112
-113
-103
-135
-150
-149
-150
-138
-86
-84
-68
-58
-88
-114
-111
-119
-138
-116
-116
-90
-109
-118
-88
-90
-89
-82
-102
-113
-124
-138
-141
-134
-127
-134
-101
-90
-89
-85
-66
-73
-78
-84
-89
-103
-128
-122
-134
-147
-127
-109
-99
-85
-94
-63
-71
-57
-81
-95
-72
-98
-92
-96
-102
-111
-98
-71
-105
-122
-98
-106
-95
-85
-99
-110
-102
-100
-72
-84
-88
-55
-77
-89
-81
-81
-83
-71
-66
-73
-93
-90
-115
-112
-84
-93
-100
-116
-115
-115
-106
-105
-97
-93
-95
-100
-123
-125
-118
-118
-102
-70
-39
-33
-39
-65
-63
-55
-65
-74
-59
-71
-63
-43
-37
-32
-64
-85
-65
-75
-44
-24
-51
-47
-60
-54
-39
-40
-50
-43
-69
-75
-54
-41
-55
-35
-41
-62
-79
-79
-61
-61
-78
-66
-73
-81
-66
-88
-73
-68
-52
-34
-28
-32
-19
-17
-49
-49
-41
-32
-43
-23
-20
-19
-14
-11
-47
-51
-30
-35
-24
-29
-27
-56
-44
-54
-46
-50
-80
-44
-67
-73
-33
-49
-40
-10
-47
-29
-30
-64
-42
-41
-41
-28
-34
-59
-67
-71
-70
-66
-74
-64
-48
-50
-57
-48
-58
-47
-37
-30
-4
-30
-27
-30
-9
7
-31
-22
-3
-19
-22
-3
-20
-13
-14
4
-5
-15
21
-25
-28
-25
-23
-23
-28
-51
-41
-61
-40
5
7
12
-10
9
33
45
62
33
12
6
-21
-17
-34
-52
-20
-16
15
27
-11
36
12
-10
-10
-13
-14
-42
-39
-9
-7
-2
11
14
3
-10
-9
-46
-48
-66
-102
-90
-60
-64
-34
-16
-22
-11
-9
9
3
23
34
-1
-3
22
-3
9
16
3
29
22
21
33
29
3
-7
2
18
10
7
2
16
-2
-1
-4
-5
-7
-16
13
7
14
-4
-14
37
24
37
32
-29
-40
-65
-42
-54
-50
-18
12
19
5
17
1
15
31
29
19
41
56
19
36
45
49
43
50
42
29
39
32
31
32
43
39
11
22
7
10
3
11
35
1
48
23
20
2
-31
-13
-25
-21
0
17
44
69
83
87
66
67
73
53
43
45
44
54
7
23
41
12
23
19
29
30
46
46
48
66
53
43
36
36
13
16
25
17
37
46
43
52
55
18
-10
5
-4
-17
-17
-30
-34
4
50
56
61
40
43
21
28
47
39
46
39
33
27
41
39
39
37
41
73
56
60
79
79
72
61
74
47
39
38
39
51
48
41
75
55
24
41
44
32
75
76
68
68
35
42
30
42
28
53
69
79
92
102
112
64
42
21
32
42
47
72
57
70
83
99
111
84
74
78
64
69
94
56
49
48
58
38
69
78
63
100
106
100
95
84
87
104
79
87
73
67
96
100
104
106
79
94
71
59
69
84
74
63
53
63
59
62
102
117
121
95
92
73
75
97
102
73
70
86
84
90
98
91
97
84
92
68
66
48
47
98
73
102
71
91
74
91
100
60
97
105
117
108
118
134
123
100
87
73
44
51
69
62
93
90
84
80
78
85
89
78
63
72
50
55
69
48
43
44
69
57
36
49
61
55
32
72
61
40
47
35
58
79
78
70
73
90
78
67
35
63
76
100
115
79
129
113
120
132
140
139
139
128
119
141
151
144
93
102
89
107
107
75
69
59
68
68
63
96
65
44
50
56
54
62
92
59
67
88
66
84
97
107
104
97
73
108
69
58
67
72
74
95
108
73
106
77
93
96
77
73
96
88
106
124
117
115
87
107
124
109
105
111
103
105
67
65
70
59
56
45
54
35
69
70
56
56
71
85
89
92
72
55
33
40
44
56
46
54
61
68
41
33
31
-19
41
55
39
59
79
80
77
72
74
61
59
88
96
107
94
89
80
88
62
32
5
-22
0
-2
26
20
24
68
63
43
66
49
37
43
51
57
52
57
23
21
15
66
58
63
68
43
66
68
73
62
40
44
26
14
16
2
-10
21
6
12
-21
-34
-17
-34
-12
-3
12
7
16
13
30
23
9
16
54
63
44
4
56
45
53
45
25
25
54
72
80
94
39
-1
-15
1
21
28
-12
3
2
0
11
-18
-23
-17
-6
-20
-19
2
11
-22
-3
0
-25
-39
-28
-17
-19
-34
-38
-24
0
7
32
32
15
1
-3
4
-1
1
-9
14
-9
-16
-24
-24
-4
-22
-28
-16
-6
2
-28
-13
20
2
-10
-9
-8
7
5
0
-30
-30
-40
-42
-54
-41
-25
-41
-22
-49
-54
-42
-45
-43
-15
-46
-46
-7
-12
-6
-16
-19
-10
4
7
18
26
17
2
0
20
-21
-22
-2
-3
-12
-20
-33
-60
-75
-37
-21
-32
-27
-33
-32
-26
-6
17
22
-7
-7
-25
-54
-46
-33
-37
-25
19
28
28
26
49
50
33
5
-9
18
42
31
14
25
36
24
8
36
37
46
31
9
-2
7
-20
-26
-27
-49
-47
-43
-37
-27
11
-18
6
-11
-28
-32
-39
-42
-49
-41
-49
-28
-32
-15
-29
-12
13
18
45
29
14
33
14
2
6
9
12
14
7
32
63
55
30
34
34
3
-11
-8
-13
-54
-16
-34
-43
-9
-30
-18
1
-6
7
-16
-10
47
44
29
-18
-13
0
13
11
23
40
8
26
9
-2
-14
11
37
15
4
12
23
17
36
17
28
39
29
6
-7
-8
-28
-23
-35
-45
-18
-3
-19
-15
-14
14
40
11
27
33
24
4
-29
-18
-35
-26
-2
-30
29
9
30
37
5
21
30
42
24
9
10
36
4
20
19
6
-22
-45
-46
-36
-12
4
21
25
13
4
5
-10
30
8
44
41
28
33
22
8
-20
-32
-28
27
12
44
24
26
15
-27
-2
26
30
46
69
46
48
17
26
19
-1
-1
-36
-50
-40
-33
-33
-8
-13
0
6
1
-2
12
12
14
39
62
72
42
36
9
32
15
-15
13
7
-27
0
-7
-28
-5
15
2
19
35
51
61
46
33
41
56
51
23
32
1
-22
-19
-25
-19
-13
4
-1
14
-4
22
28
24
15
27
24
17
43
28
6
-26
-38
-19
21
9
21
32
31
43
30
31
42
40
61
36
11
13
33
63
54
50
56
59
49
41
20
34
42
41
21
9
58
61
76
66
64
81
76
57
46
9
-9
0
16
54
58
35
26
10
-12
-7
12
25
8
-8
14
-3
13
9
17
37
24
24
46
69
46
79
82
61
71
40
31
38
42
32
47
48
26
24
1
3
16
2
22
-2
-10
21
11
-9
15
15
32
38
21
61
38
43
33
34
36
8
22
4
-25
6
-9
3
-2
-18
12
21
40
41
38
30
-2
-17
-32
-51
-23
12
-4
-9
-21
26
18
26
37
59
79
50
52
42
39
-2
15
-23
-12
10
16
5
-2
20
8
8
-18
-17
-20
-23
-30
-20
-26
-27
1
12
18
24
41
50
65
63
48
30
28
35
8
14
39
59
33
36
-1
-8
19
22
59
29
48
43
44
43
30
43
16
19
28
58
61
56
42
29
23
34
35
70
80
46
52
53
89
77
40
51
44
40
23
26
45
34
43
25
33
12
21
38
44
92
89
104
89
95
88
52
51
15
-7
9
-22
13
38
63
75
70
68
56
54
41
82
70
94
72
53
69
67
46
62
80
75
98
88
85
82
124
91
82
65
87
78
84
83
88
119
87
107
82
84
53
54
65
32
36
35
19
23
27
3
9
64
76
51
39
69
27
50
19
31
51
48
65
60
43
37
50
54
72
55
55
42
51
69
58
57
70
60
63
75
79
79
55
46
31
28
48
39
41
10
-11
-7
21
7
22
15
34
23
33
33
19
15
8
40
37
58
39
45
50
41
47
87
72
80
109
93
83
60
68
57
78
79
87
91
85
77
105
84
114
133
113
117
47
65
82
84
88
85
89
78
76
87
70
69
72
66
103
97
58
85
65
66
74
68
82
89
100
89
73
48
41
64
81
97
91
115
97
71
100
114
123
145
168
171
152
143
154
136
105
107
126
109
78
90
55
68
76
85
106
104
121
116
114
95
110
89
100
123
101
109
105
105
111
99
108
100
123
141
104
68
89
95
103
126
138
129
119
142
143
143
140
112
112
146
144
124
135
114
105
127
143
124
146
134
117
101
113
101
82
108
70
83
84
77
78
101
113
134
138
150
136
117
82
91
71
75
111
82
101
118
134
123
110
93
84
83
92
75
84
98
83
102
67
70
62
48
73
61
96
93
94
89
74
85
79
89
68
49
54
41
74
77
137
123
121
129
96
124
133
134
145
148
156
157
145
146
101
83
88
88
91
90
92
74
43
66
49
69
90
112
102
88
107
118
103
95
68
83
58
47
81
57
69
84
81
75
87
58
28
14
53
88
109
118
126
115
114
98
88
58
55
99
114
105
101
100
92
105
99
112
133
154
138
156
134
86
45
42
27
16
14
25
60
47
87
72
62
62
87
75
57
82
100
108
77
76
49
44
45
67
45
63
71
37
54
63
83
90
115
114
120
125
132
121
134
97
78
85
70
67
56
69
56
54
51
46
42
52
31
8
36
11
71
80
84
57
53
86
75
111
98
94
73
70
86
79
95
99
82
77
61
66
92
89
120
95
89
105
61
67
46
41
34
-9
-2
31
36
60
47
43
54
47
38
42
43
42
42
72
90
53
80
70
48
63
54
100
130
91
108
86
71
74
42
77
87
74
91
87
103
90
72
102
128
129
120
123
136
115
107
75
84
114
97
126
114
89
112
135
106
94
64
35
79
31
39
55
40
61
57
103
117
84
93
78
101
120
101
128
82
88
80
86
79
87
95
88
128
128
154
156
157
173
176
171
175
143
142
142
151
110
113
152
149
145
153
137
127
120
112
137
117
133
128
152
118
125
161
150
144
135
132
88
99
128
128
110
92
79
116
120
133
98
135
128
116
123
116
132
108
70
73
76
69
125
123
130
154
155
126
98
118
97
94
81
63
57
47
64
98
114
105
124
112
105
115
124
111
91
109
114
73
47
50
47
56
97
104
105
127
130
139
134
121
104
76
93
86
88
69
82
77
63
75
80
122
141
150
146
151
148
146
139
124
121
126
137
130
110
108
77
92
112
106
101
103
105
134
162
166
184
196
172
187
195
182
156
149
153
129
160
117
133
129
116
125
141
131
132
167
162
144
138
140
125
128
121
130
143
133
111
134
114
95
140
151
179
182
164
192
167
139
140
127
125
139
155
165
121
152
176
138
154
142
137
109
128
109
100
130
94
144
139
131
111
95
102
111
94
94
101
97
103
100
130
83
83
115
121
145
146
162
157
81
68
87
86
102
107
100
107
125
124
100
128
142
144
144
144
137
144
150
164
143
124
127
121
122
104
129
123
145
116
124
98
93
125
105
130
104
114
133
132
128
162
176
147
180
155
132
132
115
110
94
89
87
79
77
117
104
126
131
140
151
147
130
108
102
106
95
89
85
78
89
93
133
111
120
108
107
91
91
94
100
111
116
80
86
123
120
114
88
100
114
107
131
146
104
105
97
102
105
96
127
159
169
151
136
139
125
128
148
123
82
83
90
92
106
129
98
104
104
105
111
134
142
110
88
93
77
51
69
83
78
82
128
130
134
124
134
128
126
109
128
112
107
92
83
76
93
130
135
146
102
90
80
62
85
78
80
67
86
96
78
62
37
75
88
84
106
102
93
81
100
82
47
68
77
92
96
85
59
95
90
100
85
59
63
67
68
84
98
97
80
63
82
78
61
78
81
82
111
85
84
100
75
70
93
87
60
82
81
59
36
42
33
23
40
45
67
74
96
113
66
67
56
12
13
34
66
74
120
116
124
90
74
62
37
56
87
69
84
91
103
106
64
66
45
50
25
21
6
6
6
-1
15
11
23
63
52
57
74
74
60
36
20
1
-4
5
18
41
63
42
39
34
28
24
36
26
23
48
63
69
71
53
27
53
57
65
51
57
73
75
88
66
3
-23
-3
8
-10
-7
-21
-24
4
17
37
39
45
55
65
45
57
48
65
65
43
19
-4
5
20
23
17
42
58
50
34
40
33
4
37
46
49
82
66
90
54
73
52
53
85
76
34
22
-18
8
50
46
87
81
48
52
29
14
15
-7
-20
-18
-18
8
13
-21
-8
-27
-4
34
47
53
39
49
51
27
-3
7
10
1
47
32
73
69
66
71
70
78
31
26
-14
-20
-11
-17
1
18
32
46
33
34
28
-9
15
29
38
20
-12
12
15
30
25
36
23
10
2
14
38
78
64
68
58
49
59
20
7
-12
-13
-3
-1
25
20
75
66
30
24
24
22
-4
-26
-61
-61
-80
-59
-31
-30
4
30
38
38
8
-11
5
-7
-4
31
7
25
46
35
1
17
39
62
52
44
54
14
35
68
94
86
85
85
67
49
57
53
70
65
30
34
13
41
15
21
6
24
70
63
105
100
80
51
42
69
51
54
100
79
79
48
55
41
43
69
81
67
84
103
87
82
57
42
67
95
98
105
83
91
82
86
98
122
107
91
99
93
91
80
91
59
101
101
90
96
93
100
64
77
84
92
68
62
42
47
22
34
70
91
81
69
67
50
46
67
65
85
108
112
124
116
112
98
101
112
127
143
150
134
92
85
104
106
96
111
102
94
91
60
76
82
75
94
93
89
101
114
112
72
19
32
25
22
61
65
93
93
104
125
98
92
79
90
78
52
94
82
119
136
159
145
121
66
77
114
116
93
75
56
74
67
94
129
124
135
111
131
130
102
120
115
100
96
93
112
124
128
113
100
103
83
95
119
129
127
138
173
182
190
177
163
136
117
95
119
111
126
134
155
173
189
217
211
186
158
149
126
119
123
134
134
151
134
126
175
187
193
186
177
133
124
102
129
122
139
153
153
181
173
164
169
171
139
156
152
167
193
182
174
163
135
134
145
136
145
152
157
161
192
184
155
144
111
124
132
156
177
160
196
175
164
157
163
185
179
201
190
188
160
123
138
138
139
156
181
198
203
190
199
186
155
182
185
190
149
178
187
194
222
247
241
224
210
224
212
157
163
157
160
177
198
192
186
187
198
214
224
213
207
208
172
131
137
136
145
174
165
153
178
200
202
199
187
197
189
184
172
153
188
186
191
202
209
251
247
250
258
214
212
205
211
186
209
206
178
194
208
234
238
229
228
238
229
217
207
184
168
207
215
214
205
186
207
194
176
170
162
155
166
210
213
229
230
218
205
205
191
214
220
216
237
240
226
207
187
175
190
141
152
169
179
178
206
198
186
181
184
191
176
135
133
152
118
116
108
63
88
136
171
205
229
210
226
226
209
181
188
184
172
187
192
217
221
235
228
226
245
219
203
199
151
165
158
158
146
153
180
165
156
182
168
145
150
136
130
149
147
160
146
147
172
161
169
171
200
190
203
192
165
202
200
211
202
222
225
212
205
192
197
235
229
225
218
214
207
149
150
165
136
154
145
133
133
107
119
115
147
154
160
183
169
159
165
143
140
122
128
113
102
151
105
115
112
116
126
144
154
146
159
126
152
107
86
134
140
126
129
120
127
114
110
75
114
111
119
136
89
95
122
150
132
122
104
101
96
120
112
116
93
72
84
77
66
91
80
76
117
92
121
121
103
75
76
62
74
66
77
106
84
109
106
100
113
97
70
70
23
67
65
39
56
57
63
81
84
64
55
69
87
115
103
97
99
92
81
93
94
73
88
107
100
96
84
75
56
60
96
80
105
101
81
112
85
85
68
76
76
79
66
66
53
86
84
60
59
70
41
41
63
53
58
36
32
26
31
50
30
21
27
69
48
22
30
9
-4
1
24
-2
6
24
47
60
114
89
72
52
44
64
37
61
67
72
76
71
86
44
56
61
59
71
30
67
71
65
112
85
132
138
96
73
43
14
46
19
28
24
3
35
19
52
71
83
81
68
47
40
27
-1
7
26
49
58
54
62
24
15
21
20
54
25
47
59
64
65
35
20
19
32
26
20
-2
1
30
26
3
12
29
60
58
68
59
36
26
36
36
37
56
50
52
42
23
54
51
70
82
54
63
42
56
59
74
100
110
96
77
64
53
58
56
59
54
90
80
48
44
17
25
14
52
46
62
66
39
79
71
75
71
51
53
1
-25
-10
19
30
51
82
76
79
98
106
68
54
49
50
64
55
57
43
32
27
53
64
36
29
24
3
-4
19
30
16
47
51
25
-11
-34
-5
15
25
33
41
23
-1
25
23
-14
-6
-14
1
22
37
31
7
31
2
22
26
25
23
22
12
10
11
-5
-6
-9
51
45
31
54
55
74
64
61
18
26
-28
-17
13
7
3
32
26
9
-10
-8
10
-34
-55
-61
-38
-56
-42
-17
-16
-31
-25
-6
-2
-9
-7
-64
-44
-27
-18
12
24
28
12
21
27
14
5
-18
1
5
2
-15
9
16
-1
17
-4
18
-4
9
-8
-18
-12
-18
-12
-19
-15
9
3
-14
1
-19
-11
-8
-9
-4
7
11
-11
-13
-5
-8
3
-16
-6
-5
-12
24
33
25
24
35
57
64
36
22
4
-4
-4
2
-13
-30
-49
-23
-25
-47
-31
-17
-3
1
-11
-21
-50
-80
-81
-89
-72
-59
-43
-46
-26
-33
-40
-22
-7
-1
-30
-37
-59
-95
-64
-47
-59
-45
-46
-33
-12
-45
-54
-48
-39
-39
-49
-66
-81
-56
-61
-38
-34
-48
-26
-36
-61
-36
-49
-55
-67
-65
-101
-90
-70
-51
-32
-56
-69
-54
-57
-58
-56
-79
-39
-38
-43
-20
5
-17
-21
-25
-42
-65
-88
-50
-53
-60
-47
-20
-6
-7
-7
-42
-56
-62
-50
-7
-24
15
20
46
59
54
33
17
34
46
66
53
102
88
116
87
110
86
110
130
118
147
129
132
91
112
104
88
77
86
75
46
26
26
6
-7
-8
-13
-22
-44
-37
-66
-72
-112
-106
-142
-162
-191
-217
-234
-251
-253
-245
-259
-286
-290
-294
-290
-293
-297
-293
-267
-258
-272
-284
-245
-220
-223
-166
-134
-109
-78
-29
12
47
81
92
158
180
199
201
242
245
264
241
242
267
279
321
344
362
352
370
368
365
350
322
259
246
219
194
193
173
171
123
102
64
64
60
79
124
129
125
99
80
41
33
17
-13
-52
-95
-114
-112
-79
-88
-101
-94
-70
-105
-150
-164
-204
-243
-285
-308
-345
-338
-366
-379
-333
-322
-322
-343
-374
-384
-390
-381
-401
-414
-399
-397
-378
-395
-371
-316
-302
-276
-224
-177
-166
-151
-115
-105
-113
-75
-51
-25
15
19
25
35
61
57
110
128
129
160
164
166
184
179
193
194
160
147
131
156
147
155
148
131
132
143
120
78
70
91
99
115
123
100
120
115
86
55
48
32
77
87
85
87
58
80
53
47
38
20
-23
-61
-32
-63
-132
-242
-267
-300
-347
-392
-391
-393
-401
-392
-390
-387
-417
-419
-421
-448
-469
-494
-511
-488
-511
-518
-445
-427
-388
-340
-287
-245
-256
-240
-235
-210
-218
-234
-213
-177
-148
-109
-72
-54
-23
15
85
106
103
120
135
185
205
237
253
259
272
269
234
233
239
279
326
358
394
362
356
342
286
293
247
214
244
234
243
212
201
211
222
223
246
225
223
215
197
173
119
160
183
189
203
238
288
293
294
299
285
222
192
150
46
-14
-85
-163
-214
-275
-314
-384
-445
-516
-595
-652
-667
-729
-752
-794
-834
-844
-883
-936
-987
-969
-969
-901
-888
-845
-799
-738
-660
-614
-558
-520
-465
-454
-426
-449
-433
-439
-411
-385
-375
-345
-344
-305
-234
-207
-200
-211
-189
-135
-106
-97
-82
-42
8
21
94
133
160
172
205
176
194
244
246
275
307
328
344
361
332
378
372
402
374
411
410
355
354
295
240
213
207
175
126
111
106
107
106
93
91
85
72
39
36
-11
-30
-109
-161
-226
-222
-274
-298
-326
-386
-387
-417
-463
-496
-497
-530
-567
-558
-538
-538
-599
-610
-590
-591
-578
-607
-578
-561
-564
-527
-475
-451
-392
-341
-305
-314
-267
-252
-234
-213
-180
-125
-92
-46
-11
8
34
50
77
90
107
100
74
63
42
21
0
29
60
61
91
78
139
112
165
162
177
177
106
124
157
142
106
164
204
260
303
379
460
534
579
634
715
748
761
821
867
921
963
1006
1050
1050
1078
1132
1163
1170
1178
1167
1217
1244
1202
1201
1215
1242
1194
1196
1165
1164
1115
1033
973
864
752
653
524
376
272
156
70
-18
-130
-182
-244
-304
-356
-377
-427
-475
-456
-486
-504
-524
-537
-538
-524
-519
-497
-466
-420
-371
-298
-234
-248
-268
-313
-375
-445
-570
-702
-833
-965
-1093
-1215
-1360
-1489
-1513
-1580
-1633
-1718
-1739
-1772
-1813
-1834
-1881
-1919
-1969
-1954
-1966
-1948
-1917
-1870
-1804
-1736
-1654
-1560
-1407
-1246
-1079
-942
-794
-701
-574
-483
-373
-271
-203
-113
-23
79
131
252
369
483
545
595
630
736
835
896
1029
1148
1258
1394
1574
1720
1908
2043
2232
2393
2527
2612
2711
2816
2870
2913
2956
2953
2952
2948
2945
2916
2844
2665
2492
2306
2048
1758
1439
1110
765
492
202
-71
-312
-557
-712
-885
-1009
-1131
-1242
-1303
-1363
-1389
-1398
-1424
-1456
-1427
-1350
-1273
-1169
-1043
-930
-788
-625
-474
-390
-293
-174
-99
-28
13
36
28
-4
-56
-132
-169
-206
-273
-277
-337
-425
-505
-538
-595
-717
-836
-982
-1149
-1268
-1441
-1602
-1741
-1824
-1853
-1876
-1865
-1791
-1706
-1600
-1531
-1466
-1364
-1326
-1292
-1267
-1238
-1251
-1249
-1241
-1226
-1202
-1179
-1109
-1021
-972
-955
-921
-891
-882
-890
-891
-944
-987
-1007
-1008
-973
-935
-897
-842
-758
-640
-518
-423
-299
-151
29
156
304
377
544
659
890
1133
1368
1602
1899
2246
2492
2697
2931
3255
3436
3583
3678
3796
3905
3944
3960
4020
4000
3943
3883
3833
3640
3320
2986
2654
2277
1833
1403
982
571
170
-225
-562
-808
-1012
-1142
-1299
-1444
-1567
-1697
-1717
-1796
-1858
-1882
-1904
-1870
-1826
-1723
-1600
-1435
-1233
-1006
-807
-648
-418
-195
-12
107
170
232
304
340
359
311
228
153
84
28
-48
-148
-235
-252
-349
-489
-676
-923
-1135
-1326
-1554
-1834
-2058
-2230
-2339
-2455
-2524
-2549
-2486
-2369
-2303
-2208
-2154
-2040
-1946
-1872
-1846
-1811
-1752
-1705
-1616
-1572
-1497
-1415
-1280
-1168
-1030
-909
-857
-804
-735
-715
-725
-768
-789
-808
-867
-940
-996
-993
-950
-912
-872
-788
-665
-566
-459
-374
-263
-145
57
208
322
505
759
1065
1284
1501
1891
2280
2623
2952
3264
3567
3841
4046
4267
4437
4620
4711
4850
4948
4978
4976
5008
4938
4711
4342
3872
3470
3015
2500
1904
1340
808
317
-158
-552
-892
-1181
-1412
-1630
-1869
-2127
-2274
-2391
-2496
-2654
-2833
-2917
-2876
-2782
-2666
-2506
-2283
-1990
-1633
-1311
-1012
-714
-367
-48
135
253
386
552
629
674
646
632
659
693
707
706
652
588
549
445
297
51
-240
-547
-846
-1223
-1612
-1975
-2283
-2515
-2727
-2895
-2961
-2959
-2886
-2839
-2809
-2715
-2559
-2435
-2376
-2323
-2315
-2272
-2201
-2171
-2118
-2020
-1894
-1743
-1536
-1343
-1121
-901
-722
-606
-516
-440
-431
-439
-458
-535
-620
-692
-737
-742
-788
-813
-760
-704
-614
-497
-418
-350
-257
-117
-30
0
84
225
425
610
806
1045
1425
1882
2235
2616
2988
3457
3874
4285
4572
4853
5173
5384
5559
5649
5795
5836
5868
5815
5644
5338
4959
4557
4081
3556
2937
2330
1715
1092
505
-55
-537
-926
-1268
-1656
-2043
-2371
-2596
-2797
-3000
-3180
-3356
-3454
-3482
-3453
-3378
-3245
-3075
-2801
-2482
-2162
-1797
-1430
-993
-589
-262
-1
252
524
702
851
916
977
1053
1085
1103
1160
1188
1193
1141
1030
845
561
307
3
-355
-711
-1199
-1625
-1963
-2293
-2625
-2917
-3137
-3258
-3330
-3389
-3399
-3318
-3269
-3177
-3140
-3109
-3012
-2904
-2770
-2692
-2575
-2434
-2252
-2064
-1859
-1680
-1451
-1214
-985
-769
-588
-470
-352
-257
-233
-197
-235
-275
-332
-367
-444
-492
-503
-540
-541
-504
-442
-382
-287
-234
-200
-83
7
175
320
535
727
985
1310
1629
1976
2330
2728
3160
3576
3924
4314
4659
5037
5374
5639
5851
6042
6228
6299
6344
6265
6081
5772
5314
4798
4209
3585
2926
2230
1593
959
389
-121
-609
-1058
-1489
-1820
-2225
-2575
-2877
-3165
-3423
-3646
-3857
-4010
-4092
-4086
-3957
-3815
-3571
-3221
-2842
-2452
-2022
-1589
-1166
-728
-346
-14
267
531
736
946
1082
1173
1292
1394
1463
1504
1606
1619
1572
1481
1366
1199
951
651
239
-193
-663
-1174
-1656
-2107
-2557
-2915
-3210
-3414
-3526
-3591
-3572
-3551
-3459
-3356
-3239
-3184
-3125
-3010
-2931
-2849
-2810
-2672
-2514
-2343
-2117
-1890
-1603
-1236
-933
-606
-303
-43
191
323
371
386
386
313
203
95
-31
-219
-353
-461
-559
-664
-755
-828
-873
-947
-1018
-1083
-1155
-1171
-1190
-1168
-1130
-1008
-912
-712
-478
-162
166
517
850
1192
1594
1996
2424
2742
3093
3463
3883
4251
4625
4981
5393
5791
6087
6379
6608
6832
6934
6898
6755
6371
5850
5242
4569
3880
3156
2349
1651
976
344
-209
-702
-1087
-1476
-1865
-2274
-2686
-2996
-3369
-3726
-4048
-4338
-4586
-4751
-4754
-4666
-4489
-4205
-3863
-3419
-2939
-2421
-1866
-1375
-869
-460
-134
197
455
727
919
1056
1187
1301
1410
1495
1550
1570
1586
1478
1289
1017
696
324
-146
-766
-1379
-1967
-2499
-2991
-3420
-3776
-4042
-4216
-4353
-4381
-4369
-4264
-4151
-4111
-4042
-3966
-3859
-3776
-3728
-3601
-3445
-3266
-3014
-2708
-2381
-1954
-1559
-1102
-673
-278
52
298
499
608
670
681
656
559
444
353
216
138
74
71
92
162
190
216
271
305
360
350
365
395
426
498
606
733
941
1219
1574
1978
2417
2873
3359
3852
4302
4748
5131
5486
5757
5948
6108
6165
6182
6142
6020
5812
5421
4977
4460
3930
3401
2792
2205
1615
1002
455
-68
-613
-1096
-1533
-1992
-2503
-2961
-3345
-3649
-3952
-4196
-4414
-4521
-4541
-4536
-4378
-4182
-3884
-3535
-3196
-2819
-2446
-1964
-1504
-1132
-783
-441
-125
193
485
752
967
1132
1327
1524
1661
1709
1745
1700
1573
1315
1034
706
334
-131
-640
-1145
-1606
-2033
-2442
-2813
-3097
-3353
-3553
-3708
-3858
-3958
-4013
-4114
-4165
-4193
-4211
-4128
-4101
-4022
-3901
-3689
-3438
-3137
-2794
-2424
-2038
-1649
-1273
-924
-600
-315
-80
92
200
295
367
393
417
400
405
414
404
391
423
463
472
497
530
518
528
526
499
516
541
575
647
757
901
1085
1321
1598
1958
2358
2749
3132
3557
4059
4513
4849
5165
5495
5847
6131
6227
6334
6378
6387
6240
5940
5524
5019
4531
3969
3343
2711
2075
1504
933
338
-182
-699
-1101
-1521
-1976
-2426
-2862
-3240
-3594
-3894
-4214
-4469
-4599
-4672
-4651
-4561
-4366
-4080
-3779
-3381
-2934
-2461
-1990
-1544
-1130
-789
-457
-107
181
387
610
829
1011
1178
1337
1438
1537
1569
1563
1488
1311
1092
803
386
-48
-578
-1106
-1585
-2035
-2450
-2867
-3175
-3434
-3638
-3816
-3903
-3961
-3963
-4022
-4051
-4091
-4076
-4012
-3993
-3924
-3832
-3644
-3427
-3181
-2860
-2536
-2145
-1692
-1284
-893
-518
-164
99
288
440
551
595
589
549
510
474
429
385
372
367
384
429
478
515
566
610
607
620
651
651
690
700
802
938
1126
1340
1633
2010
2338
2764
3203
3766
4248
4701
5079
5470
5874
6154
6297
6414
6476
6477
6343
6046
5643
5188
4742
4217
3625
3003
2410
1808
1258
687
129
-391
-821
-1329
-1778
-2257
-2734
-3131
-3550
-3918
-4248
-4515
-4689
-4786
-4798
-4713
-4539
-4268
-3929
-3586
-3189
-2792
-2379
-1925
-1521
-1179
-829
-476
-195
74
335
600
813
1000
1134
1246
1333
1366
1339
1281
1139
951
691
398
40
-364
-816
-1258
-1700
-2122
-2474
-2841
-3095
-3337
-3577
-3697
-3822
-3883
-3942
-3992
-4047
-4067
-4057
-4006
-3961
-3882
-3692
-3501
-3286
-3003
-2682
-2348
-1958
-1626
-1278
-948
-634
-379
-134
58
217
339
384
448
449
482
483
466
507
528
603
658
720
783
821
840
867
895
897
937
968
983
1056
1171
1359
1577
1796
2129
2440
2877
3284
3739
4173
4574
5007
5363
5718
5962
6195
6340
6358
6359
6284
6056
5731
5257
4771
4279
3725
3114
2485
1901
1371
798
232
-308
-767
-1206
-1671
-2142
-2623
-3017
-3427
-3777
-4069
-4359
-4535
-4664
-4711
-4643
-4510
-4292
-4018
-3685
-3338
-2970
-2573
-2157
-1740
-1360
-969
-645
-371
-57
176
419
602
746
873
953
988
1014
990
930
813
631
413
159
-148
-463
-802
-1191
-1540
-1935
-2286
-2624
-2898
-3160
-3363
-3531
-3637
-3710
-3803
-3842
-3832
-3820
-3806
-3752
-3702
-3575
-3400
-3227
-2998
-2761
-2450
-2185
-1892
-1591
-1314
-1019
-738
-508
-333
-140
-23
134
220
278
355
393
415
470
535
602
655
701
772
808
859
904
947
1017
1060
1089
1142
1203
1272
1432
1630
1828
2104
2387
2727
3118
3504
3930
4330
4679
5067
5396
5731
6015
6188
6284
6321
6316
6138
5905
5520
5030
4521
3972
3391
2729
2120
1568
1013
464
0
-457
-877
-1305
-1762
-2230
-2662
-3085
-3482
-3838
-4181
-4414
-4592
-4665
-4703
-4614
-4427
-4202
-3907
-3571
-3212
-2795
-2354
-1952
-1546
-1205
-901
-616
-392
-141
50
204
349
490
578
661
708
709
684
641
522
369
158
-101
-360
-718
-1080
-1466
-1777
-2148
-2477
-2758
-3009
-3216
-3371
-3510
-3573
-3599
-3667
-3651
-3661
-3640
-3605
-3539
-3451
-3333
-3177
-3013
-2819
-2607
-2331
-2042
-1774
-1479
-1194
-908
-660
-463
-253
-57
70
129
214
294
325
371
404
468
544
661
773
861
949
1023
1149
1195
1297
1376
1428
1487
1537
1655
1787
1959
2195
2423
2767
3075
3439
3877
4277
4675
5035
5375
5662
5892
6065
6221
6273
6262
6171
5925
5568
5148
4679
4141
3605
2979
2373
1824
1305
790
292
-200
-669
-1085
-1522
-1966
-2383
-2792
-3165
-3493
-3847
-4135
-4330
-4450
-4496
-4475
-4369
-4192
-3972
-3672
-3322
-2963
-2573
-2187
-1790
-1448
-1132
-846
-579
-330
-136
54
177
335
429
516
576
596
579
527
452
305
153
-72
-304
-583
-896
-1197
-1520
-1814
-2144
-2425
-2679
-2935
-3117
-3303
-3389
-3456
-3493
-3507
-3512
-3481
-3452
-3378
-3306
-3218
-3110
-2958
-2784
-2585
-2348
-2100
-1825
-1553
-1298
-1017
-747
-539
-363
-199
-22
85
197
264
287
380
429
486
547
659
773
858
949
1074
1217
1334
1448
1503
1628
1744
1873
1951
2063
2252
2437
2663
2950
3325
3713
4128
4540
4941
5338
5683
5969
6191
6333
6439
6445
6400
6191
5879
5473
5022
4542
3996
3443
2788
2232
1746
1185
698
194
-209
-587
-1029
-1445
-1882
-2316
-2760
-3129
-3470
-3791
-4043
-4240
-4331
-4334
-4235
-4152
-3909
-3640
-3345
-2985
-2634
-2264
-1866
-1514
-1179
-886
-624
-385
-186
-6
107
221
345
459
532
605
648
647
599
533
432
288
72
-201
-503
-806
-1140
-1468
-1764
-2033
-2297
-2541
-2745
-2922
-3034
-3152
-3206
-3244
-3308
-3308
-3283
-3281
-3213
-3148
-3061
-2935
-2786
-2615
-2426
-2218
-1965
-1688
-1425
-1177
-920
-672
-449
-271
-137
0
124
193
292
369
441
535
645
763
866
1016
1120
1234
1344
1490
1643
1735
1835
1941
2079
2160
2268
2370
2529
2695
2943
3225
3566
3941
4306
4700
5086
5458
5804
6066
6243
6355
6349
6252
6022
5636
5167
4680
4119
3580
3034
2472
1994
1557
1132
709
356
-10
-321
-675
-1060
-1463
-1851
-2202
-2592
-2975
-3348
-3653
-3869
-3998
-4037
-3989
-3795
-3551
-3290
-2924
-2560
-2168
-1776
-1424
-1130
-901
-713
-509
-339
-202
-81
1
112
192
275
363
434
508
527
526
471
336
199
2
-216
-562
-935
-1269
-1627
-1926
-2241
-2497
-2731
-2908
-3023
-3067
-3119
-3121
-3138
-3149
-3187
-3188
-3160
-3151
-3094
-3044
-2975
-2884
-2756
-2596
-2380
-2119
-1826
-1530
-1254
-958
-668
-424
-190
-30
68
183
234
236
282
312
355
454
592
724
904
1070
1260
1410
1568
1738
1888
2035
2148
2267
2391
2573
2769
2981
3246
3556
3897
4252
4622
4961
5308
5647
5922
6155
6309
6457
6470
6347
6050
5647
5154
4621
4045
3445
2806
2169
1688
1177
723
297
-23
-327
-628
-971
-1306
-1648
-2021
-2377
-2785
-3174
-3493
-3793
-3990
-4100
-4108
-4062
-3874
-3660
-3380
-3032
-2632
-2177
-1784
-1392
-1099
-799
-567
-377
-210
-86
0
112
208
291
387
448
530
552
612
640
609
507
362
168
-120
-406
-787
-1163
-1550
-1902
-2233
-2526
-2750
-2947
-3082
-3177
-3229
-3269
-3274
-3282
-3285
-3244
-3277
-3254
-3240
-3240
-3176
-3048
-2914
-2782
-2591
-2328
-2046
-1725
-1395
-1071
-767
-519
-271
-69
46
177
263
285
328
371
392
453
537
645
821
905
1027
1209
1365
1535
1714
1846
1966
2092
2257
2434
2598
2768
3010
3288
3573
3900
4245
4595
4941
5330
5603
5859
6038
6199
6219
6033
5724
5292
4886
4361
3790
3203
2589
2014
1464
1014
622
302
-6
-291
-558
-922
-1238
-1578
-1908
-2229
-2632
-2999
-3361
-3661
-3858
-3967
-4013
-3975
-3825
-3585
-3288
-2955
-2581
-2177
-1734
-1366
-1025
-756
-521
-264
-99
-5
108
185
260
284
335
420
478
572
620
643
600
545
387
189
-64
-350
-694
-1067
-1450
-1795
-2058
-2399
-2688
-2886
-3056
-3165
-3208
-3320
-3333
-3339
-3348
-3367
-3329
-3272
-3258
-3232
-3193
-3111
-2984
-2810
-2603
-2361
-2071
-1758
-1435
-1138
-794
-508
-257
-16
169
302
395
457
468
520
525
571
682
761
868
989
1134
1282
1437
1621
1786
1910
2097
2274
2424
2624
2798
2995
3233
3494
3708
3962
4246
4566
4877
5114
5396
5602
5797
5853
5755
5535
5208
4849
4403
3906
3301
2701
2145
1595
1071
674
301
-15
-290
-547
-802
-1083
-1350
-1625
-1893
-2221
-2582
-2906
-3223
-3476
-3674
-3774
-3829
-3760
-3600
-3346
-3051
-2685
-2281
-1882
-1452
-1118
-809
-511
-289
-137
2
68
134
226
276
288
363
435
503
558
570
568
542
471
305
103
-132
-417
-707
-1045
-1418
-1782
-2111
-2408
-2687
-2886
-3049
-3141
-3243
-3283
-3280
-3264
-3206
-3227
-3196
-3191
-3145
-3072
-3044
-2905
-2831
-2686
-2482
-2241
-1963
-1685
-1353
-1038
-745
-451
-169
54
266
371
513
594
623
704
714
780
813
842
944
1111
1246
1372
1553
1757
1966
2197
2372
2506
2688
2835
2969
3109
3297
3504
3711
3901
4135
4417
4685
4938
5171
5335
5438
5432
5259
4978
4691
4325
3868
3306
2757
2172
1646
1169
749
409
71
-190
-470
-721
-940
-1157
-1378
-1623
-1919
-2175
-2451
-2775
-3026
-3234
-3395
-3503
-3523
-3459
-3284
-3019
-2725
-2372
-2008
-1626
-1277
-977
-689
-419
-195
-18
89
135
194
238
290
290
318
378
449
471
492
504
484
382
211
38
-161
-406
-701
-1035
-1361
-1659
-1926
-2218
-2484
-2667
-2832
-2976
-3062
-3087
-3100
-3101
-3098
-3091
-3078
-3043
-3006
-2899
-2824
-2737
-2605
-2466
-2254
-2023
-1731
-1456
-1171
-885
-597
-357
-109
135
317
477
594
683
781
901
990
1060
1133
1232
1310
1402
1535
1691
1868
1993
2151
2335
2465
2628
2787
2961
3111
3273
3444
3616
3831
4055
4309
4486
4695
4830
4960
5019
4983
4824
4595
4339
3974
3597
3122
2643
2163
1743
1315
924
587
257
-18
-296
-571
-821
-1045
-1241
-1476
-1760
-2018
-2272
-2520
-2752
-2911
-3063
-3161
-3181
-3147
-3007
-2822
-2587
-2299
-1968
-1653
-1355
-1078
-796
-523
-339
-174
-67
0
100
152
184
220
295
340
353
376
384
385
343
239
80
-66
-224
-449
-676
-939
-1185
-1455
-1719
-1997
-2243
-2409
-2579
-2755
-2858
-2917
-3015
-3013
-3052
-3035
-2995
-2928
-2869
-2796
-2702
-2604
-2449
-2306
-2111
-1906
-1686
-1463
-1233
-996
-719
-483
-266
-30
138
306
443
552
657
745
820
920
1011
1106
1263
1352
1475
1602
1752
1919
2066
2197
2351
2513
2648
2791
2932
3078
3269
3449
3640
3851
4088
4295
4502
4622
4767
4878
4836
4702
4483
4218
3868
3499
3062
2609
2178
1729
1337
944
604
288
33
-210
-421
-643
-882
-1103
-1367
-1616
-1875
-2145
-2355
-2576
-2758
-2884
-2989
-3017
-2985
-2900
-2782
-2591
-2354
-2059
-1762
-1485
-1213
-970
-735
-554
-395
-264
-155
-78
-14
53
91
122
171
172
176
198
204
170
134
24
-106
-231
-389
-562
-811
-1081
-1339
-1571
-1797
-2012
-2204
-2387
-2522
-2618
-2745
-2807
-2844
-2849
-2858
-2826
-2786
-2766
-2727
-2681
-2548
-2437
-2304
-2144
-1983
-1780
-1593
-1367
-1204
-945
-716
-508
-288
-132
61
206
338
468
586
713
879
971
1049
1175
1294
1404
1468
1590
1728
1898
2029
2172
2333
2478
2645
2788
3011
3183
3361
3513
3720
3895
4082
4256
4389
4523
4598
4615
4505
4316
4056
3795
3468
3101
2716
2294
1909
1494
1094
769
481
211
-36
-326
-584
-800
-1009
-1250
-1517
-1757
-1999
-2232
-2437
-2637
-2807
-2914
-2964
-2942
-2878
-2772
-2598
-2368
-2132
-1848
-1579
-1316
-1118
-938
-719
-531
-418
-308
-183
-68
5
33
91
131
142
174
172
153
143
55
-19
-159
-269
-430
-598
-811
-1048
-1199
-1438
-1629
-1821
-2017
-2214
-2400
-2549
-2634
-2727
-2808
-2832
-2836
-2873
-2864
-2814
-2767
-2671
-2537
-2440
-2294
-2121
-1968
-1765
-1605
-1416
-1216
-973
-763
-579
-414
-271
-90
37
126
251
403
525
658
761
857
982
1102
1272
1391
1483
1629
1754
1887
1990
2115
2276
2403
2538
2752
2922
3110
3319
3510
3706
3899
4102
4266
4417
4512
4525
4465
4300
4108
3836
3508
3173
2752
2353
1947
1567
1202
812
519
247
14
-234
-500
-714
-932
-1168
-1451
-1693
-1943
-2164
-2339
-2539
-2704
-2840
-2929
-2926
-2916
-2776
-2639
-2477
-2257
-2038
-1743
-1495
-1236
-1001
-787
-592
-434
-337
-239
-151
-45
4
42
56
79
142
149
156
153
136
65
-56
-184
-349
-497
-674
-876
-1084
-1318
-1540
-1746
-1968
-2140
-2303
-2433
-2524
-2626
-2656
-2677
-2741
-2788
-2768
-2761
-2720
-2658
-2585
-2500
-2383
-2262
-2125
-1930
-1728
-1532
-1310
-1064
-829
-669
-518
-348
-229
-72
46
177
265
358
445
539
661
783
914
1043
1206
1358
1536
1706
1844
1977
2116
2217
2337
2475
2592
2786
2942
3145
3362
3575
3791
3981
4170
4337
4475
4561
4634
4544
4429
4247
3958
3643
3290
2867
2450
2044
1618
1220
882
550
272
82
-193
-419
-625
-858
-1044
-1262
-1503
-1752
-2018
-2291
-2490
-2689
-2821
-2904
-2942
-2880
-2775
-2596
-2449
-2207
-1905
-1637
-1368
-1141
-887
-712
-536
-399
-273
-179
-63
29
67
132
190
260
288
321
309
306
316
230
154
35
-87
-241
-474
-684
-891
-1130
-1383
-1594
-1817
-2011
-2147
-2298
-2426
-2499
-2570
-2588
-2649
-2647
-2627
-2592
-2542
-2526
-2451
-2377
-2313
-2210
-2097
-1949
-1785
-1613
-1398
-1142
-878
-668
-426
-221
-38
170
279
386
489
557
614
667
774
847
965
1133
1270
1410
1568
1713
1870
2028
2168
2284
2422
2549
2684
2849
3021
3192
3373
3575
3772
3937
4109
4264
4385
4473
4498
4412
4265
4070
3825
3532
3193
2778
2357
1975
1588
1219
857
556
264
11
-281
-527
-759
-932
-1145
-1331
-1536
-1789
-1976
-2213
-2409
-2562
-2683
-2740
-2733
-2713
-2643
-2490
-2304
-2067
-1821
-1577
-1300
-1021
-801
-581
-387
-258
-130
-46
45
102
177
210
226
258
287
312
328
344
308
245
111
36
-102
-271
-435
-665
-864
-1106
-1351
-1564
-1766
-1950
-2075
-2191
-2285
-2372
-2426
-2486
-2530
-2564
-2559
-2540
-2515
-2482
-2419
-2334
-2197
-2059
-1904
-1721
-1523
-1326
-1165
-960
-753
-577
-403
-196
-63
110
245
348
471
566
644
706
811
919
1038
1179
1329
1450
1595
1774
1909
2068
2167
2262
2396
2567
2675
2826
2951
3145
3366
3525
3738
3900
4067
4190
4300
4391
4370
4285
4129
3912
3644
3296
2982
2561
2230
1892
1521
1160
804
518
288
74
-159
-379
-613
-804
-1030
-1245
-1471
-1740
-1948
-2195
-2384
-2517
-2611
-2653
-2653
-2605
-2510
-2314
-2140
-1944
-1738
-1503
-1239
-1017
-817
-647
-440
-323
-203
-147
-91
-20
51
102
130
174
227
257
247
249
218
156
42
-57
-173
-356
-563
-785
-990
-1182
-1410
-1601
-1775
-1939
-2098
-2213
-2317
-2393
-2450
-2484
-2539
-2563
-2576
-2546
-2501
-2447
-2349
-2226
-2146
-2033
-1873
-1699
-1500
-1312
-1149
-925
-731
-548
-355
-209
-21
102
246
360
403
499
609
723
805
897
1002
1124
1245
1387
1503
1603
1763
1860
1941
2071
2213
2356
2491
2645
2804
2975
3149
3355
3529
3748
3894
4023
4126
4195
4178
4083
3933
3721
3471
3178
2841
2514
2193
1849
1527
1203
871
645
394
129
-100
-366
-553
-769
-1003
-1206
-1428
-1647
-1880
-2089
-2281
-2407
-2491
-2572
-2597
-2553
-2452
-2311
-2138
-1960
-1717
-1492
-1249
-1049
-854
-695
-516
-383
-296
-187
-123
-8
87
147
187
230
251
277
310
347
321
234
126
-28
-164
-339
-495
-697
-894
-1112
-1285
-1438
-1582
-1712
-1874
-1976
-2112
-2197
-2251
-2341
-2384
-2419
-2410
-2410
-2356
-2326
-2275
-2168
-2047
-1902
-1761
-1564
-1381
-1158
-940
-773
-573
-410
-227
-56
79
192
245
325
438
522
610
711
815
957
1100
1236
1400
1526
1603
1729
1839
1924
2035
2136
2266
2361
2465
2568
2728
2873
3020
3224
3412
3618
3791
3960
4095
4209
4268
4208
4124
3931
3698
3429
3131
2797
2436
2097
1765
1378
1072
826
591
411
192
-10
-209
-404
-596
-841
-1076
-1318
-1556
-1770
-1994
-2173
-2325
-2405
-2450
-2479
-2420
-2321
-2198
-1993
-1822
-1581
-1356
-1129
-931
-748
-582
-481
-399
-367
-290
-212
-129
-54
1
58
87
155
182
197
234
222
163
46
-33
-196
-360
-584
-803
-998
-1180
-1339
-1534
-1676
-1846
-1964
-2081
-2155
-2223
-2288
-2323
-2355
-2398
-2418
-2407
-2424
-2406
-2347
-2265
-2186
-2084
-1983
-1815
-1630
-1432
-1225
-1041
-851
-622
-442
-299
-166
-94
24
94
151
228
310
375
481
569
721
899
1043
1171
1309
1438
1546
1672
1752
1854
1950
2079
2183
2301
2436
2591
2747
2932
3087
3276
3455
3603
3739
3822
3932
3906
3869
3755
3593
3393
3141
2848
2519
2200
1890
1574
1289
995
723
482
301
84
-143
-332
-547
-780
-998
-1237
-1481
-1671
-1893
-2047
-2209
-2318
-2420
-2473
-2440
-2378
-2246
-2119
-1956
-1736
-1558
-1406
-1225
-1062
-907
-741
-596
-466
-379
-266
-168
-108
-38
8
111
178
234
281
305
258
175
90
-22
-142
-304
-439
-603
-766
-932
-1140
-1315
-1492
-1646
-1758
-1869
-1972
-2058
-2132
-2172
-2213
-2231
-2273
-2256
-2242
-2259
-2225
-2177
-2120
-2025
-1886
-1758
-1574
-1402
-1246
-1064
-898
-689
-519
-352
-208
-88
16
101
225
298
370
412
493
610
720
811
915
1014
1169
1273
1379
1461
1502
1621
1699
1821
1909
2024
2168
2320
2470
2652
2832
3032
3193
3348
3475
3584
3683
3735
3748
3741
3693
3587
3405
3197
2927
2679
2420
2136
1866
1589
1327
1067
835
610
383
145
-96
-292
-541
-761
-970
-1184
-1423
-1618
-1780
-1958
-2095
-2209
-2251
-2272
-2224
-2186
-2067
-1942
-1761
-1589
-1455
-1285
-1095
-952
-810
-686
-584
-482
-365
-292
-229
-120
-81
1
40
112
155
195
170
134
73
10
-82
-223
-348
-550
-707
-883
-1050
-1225
-1369
-1512
-1631
-1738
-1846
-1924
-2009
-2092
-2164
-2236
-2294
-2326
-2359
-2363
-2295
-2234
-2162
-2099
-1998
-1885
-1740
-1600
-1434
-1252
-1081
-884
-692
-532
-388
-304
-189
-112
-24
50
138
199
244
343
408
560
675
800
910
1065
1220
1299
1413
1529
1614
1673
1745
1799
1843
1933
2016
2101
2258
2455
2634
2789
2965
3156
3339
3460
3594
3641
3647
3609
3479
3344
3117
2876
2630
2364
2069
1788
1516
1277
1016
830
650
463
286
122
-50
-261
-473
-714
-923
-1164
-1385
-1563
-1739
-1889
-2023
-2123
-2154
-2162
-2121
-2023
-1933
-1780
-1611
-1415
-1181
-1036
-885
-755
-660
-572
-513
-412
-331
-246
-159
-95
16
101
170
255
281
315
340
367
327
240
136
-44
-224
-482
-642
-800
-992
-1160
-1313
-1437
-1556
-1634
-1712
-1787
-1849
-1911
-1976
-2050
-2104
-2129
-2144
-2163
-2160
-2158
-2112
-2060
-1987
-1885
-1738
-1586
-1430
-1226
-1064
-872
-717
-558
-436
-310
-193
-113
-59
-27
28
72
116
156
234
302
430
539
650
783
902
1057
1170
1282
1379
1477
1517
1569
1619
1638
1702
1747
1828
1959
2082
2280
2434
2629
2821
2979
3143
3289
3339
3383
3391
3303
3148
2963
2768
2498
2241
1970
1742
1516
1298
1081
874
693
504
350
184
19
-154
-355
-565
-763
-1034
-1268
-1477
-1690
-1840
-1989
-2081
-2152
-2167
-2145
-2087
-2011
-1860
-1679
-1521
-1342
-1188
-1053
-940
-873
-807
-726
-679
-612
-548
-472
-410
-286
-159
-55
57
119
213
273
273
238
168
76
-97
-262
-405
-595
-827
-1012
-1189
-1351
-1435
-1534
-1571
-1627
-1665
-1688
-1706
-1733
-1772
-1798
-1866
-1936
-1998
-2013
-2048
-2078
-2054
-2004
-1927
-1786
-1658
-1479
-1274
-1073
-884
-692
-546
-421
-281
-172
-95
-51
13
26
79
92
130
190
213
287
375
474
575
698
815
927
1061
1145
1225
1294
1363
1361
1387
1397
1426
1453
1503
1639
1751
1940
2108
2274
2464
2666
2835
2967
3049
3129
3128
3136
3037
2886
2763
2585
2382
2175
2011
1811
1632
1439
1288
1138
960
830
658
493
320
93
-106
-343
-539
-755
-1021
-1234
-1458
-1638
-1771
-1844
-1851
-1853
-1843
-1759
-1674
-1587
-1489
-1383
-1298
-1201
-1141
-1058
-981
-964
-901
-855
-782
-693
-641
-570
-448
-308
-155
-10
65
152
156
137
103
37
-37
-174
-358
-515
-674
-811
-923
-1046
-1124
-1200
-1236
-1294
-1327
-1336
-1377
-1427
-1486
-1547
-1620
-1670
-1747
-1799
-1820
-1839
-1837
-1803
-1735
-1651
-1542
-1413
-1219
-1031
-886
-737
-599
-470
-364
-250
-174
-104
-56
5
52
51
69
116
157
204
252
320
401
482
564
660
727
773
845
877
904
918
937
968
1011
1066
1124
1161
1244
1364
1476
1592
1770
1937
2105
2257
2396
2481
2576
2625
2650
2673
2678
2650
2586
2512
2414
2276
2129
1989
1829
1698
1543
1431
1231
1076
922
750
579
374
173
-49
-246
-438
-610
-773
-950
-1139
-1277
-1403
-1472
-1556
-1624
-1668
-1674
-1619
-1599
-1566
-1514
-1442
-1359
-1276
-1206
-1093
-1014
-982
-896
-837
-765
-654
-592
-472
-384
-266
-209
-182
-150
-166
-204
-248
-271
-369
-450
-504
-591
-688
-771
-835
-884
-948
-992
-1020
-1057
-1103
-1147
-1182
-1258
-1328
-1423
-1502
-1552
-1603
-1615
-1614
-1587
-1550
-1475
-1346
-1257
-1192
-1078
-968
-826
-688
-570
-456
-362
-271
-223
-137
-111
-47
1
-5
53
115
169
243
309
351
366
399
438
464
476
509
514
509
504
506
498
509
547
607
665
743
851
928
1011
1114
1185
1297
1408
1494
1640
1728
1816
1897
2011
2071
2099
2143
2187
2261
2259
2259
2228
2222
2198
2142
2089
1997
1877
1705
1537
1369
1198
995
811
620
434
269
126
-14
-184
-330
-501
-645
-753
-894
-1043
-1160
-1249
-1348
-1395
-1423
-1453
-1460
-1483
-1467
-1450
-1421
-1386
-1318
-1230
-1161
-1121
-1015
-889
-781
-688
-627
-558
-533
-504
-491
-476
-472
-488
-474
-498
-525
-533
-532
-548
-576
-601
-628
-650
-656
-701
-780
-833
-901
-987
-1035
-1087
-1130
-1178
-1214
-1228
-1250
-1237
-1159
-1124
-1094
-1040
-998
-928
-866
-807
-733
-662
-553
-483
-441
-343
-266
-215
-130
-70
14
97
165
229
280
314
373
421
459
458
460
429
389
368
366
365
312
302
293
303
304
311
321
390
467
525
602
699
771
831
871
899
931
980
1052
1077
1159
1237
1342
1445
1540
1628
1699
1786
1868
1947
2001
2048
2061
2029
2011
1974
1922
1845
1766
1669
1550
1430
1294
1182
1051
945
849
724
629
502
381
256
94
-32
-160
-275
-392
-509
-614
-729
-816
-903
-958
-1013
-1049
-1048
-1042
-1036
-995
-983
-961
-929
-903
-871
-847
-803
-773
-766
-748
-754
-696
-679
-695
-691
-687
-643
-602
-571
-533
-492
-495
-480
-483
-516
-577
-619
-650
-696
-758
-786
-786
-797
-819
-806
-795
-766
-726
-694
-679
-690
-674
-653
-642
-603
-541
-483
-427
-366
-313
-247
-205
-181
-116
-87
-32
9
33
101
138
183
192
207
252
268
245
249
259
246
236
220
226
202
199
191
178
168
178
157
156
186
176
154
136
196
203
244
272
286
322
348
405
461
541
606
680
765
830
943
1002
1088
1149
1196
1227
1253
1283
1301
1387
1399
1400
1431
1443
1419
1448
1447
1419
1373
1350
1302
1260
1214
1141
1072
984
891
803
726
645
582
508
425
333
246
169
105
35
-38
-99
-175
-199
-233
-278
-289
-383
-429
-443
-492
-499
-549
-583
-570
-554
-534
-557
-557
-552
-528
-525
-529
-525
-549
-530
-547
-553
-544
-551
-540
-513
-508
-529
-518
-532
-518
-480
-495
-485
-493
-452
-445
-435
-419
-433
-430
-423
-413
-385
-364
-374
-353
-336
-326
-271
-238
-220
-179
-160
-111
-104
-63
0
11
-2
-9
30
8
31
4
-9
12
4
27
10
23
55
42
9
25
29
6
-12
-27
-32
-50
-66
-93
-105
-110
-84
-94
-76
-70
-27
13
14
43
91
114
106
152
162
184
215
250
283
346
388
416
426
475
513
546
594
605
628
686
734
768
808
802
817
837
821
808
806
762
782
799
785
794
811
836
820
829
820
810
780
752
709
656
668
620
582
541
490
409
375
375
327
309
280
275
227
218
230
191
150
78
26
-38
-104
-142
-188
-227
-283
-327
-332
-320
-281
-283
-298
-312
-300
-320
-342
-336
-344
-354
-351
-354
-373
-380
-397
-410
-415
-409
-415
-390
-373
-313
-285
-271
-236
-238
-227
-241
-249
-225
-216
-194
-219
-223
-215
-231
-237
-238
-227
-236
-230
-217
-176
-141
-157
-159
-157
-146
-159
-160
-196
-211
-223
-211
-222
-231
-215
-223
-221
-215
-172
-138
-100
-98
-119
-92
-121
-104
-72
-117
-96
-107
-56
-28
-23
-29
-11
15
23
32
29
54
81
113
104
139
131
134
150
141
145
197
220
203
209
225
203
230
249
256
293
306
333
364
412
440
464
492
548
568
562
568
559
567
592
580
553
569
608
615
621
633
620
644
616
587
604
595
567
552
541
521
522
508
470
466
457
456
461
417
404
389
390
366
332
298
277
273
250
263
224
219
194
187
191
198
157
118
133
68
39
24
20
14
1
-12
-31
-57
-70
-74
-100
-113
-113
-136
-156
-209
-224
-232
-267
-247
-226
-246
-214
-232
-259
-261
-290
-262
-256
-225
-211
-258
-239
-210
-199
-182
-177
-176
-188
-200
-209
-206
-190
-190
-182
-169
-167
-184
-180
-159
-133
-119
-130
-132
-96
-85
-97
-105
-140
-166
-153
-142
-133
-124
-142
-146
-114
-98
-88
-80
-93
-66
-60
-60
-40
-43
-38
8
7
-4
-17
24
36
25
24
54
58
37
79
106
95
99
100
116
147
145
181
185
204
216
237
256
291
276
259
267
236
255
264
283
295
308
338
337
379
399
414
406
395
371
391
401
389
375
357
358
351
356
343
332
359
385
369
374
367
351
308
305
318
307
317
297
284
280
271
257
257
224
210
178
109
109
128
106
102
113
97
84
61
61
27
15
7
-21
3
-10
-37
-55
-53
-80
-80
-100
-113
-103
-94
-73
-81
-104
-130
-131
-148
-146
-149
-134
-150
-154
-137
-177
-154
-144
-136
-92
-95
-105
-89
-69
-90
-71
-83
-84
-82
-124
-146
-138
-120
-108
-76
-81
-91
-80
-60
-64
-55
-68
9
21
47
68
35
76
79
83
45
17
19
10
59
103
121
148
172
156
166
189
210
209
207
209
216
199
163
179
169
164
195
223
224
260
278
279
272
257
249
218
208
164
167
172
142
163
136
172
201
207
227
220
230
232
242
219
229
205
199
200
208
183
167
185
188
157
146
203
179
220
235
246
249
228
242
226
241
215
200
186
179
167
220
204
187
212
188
170
173
200
178
186
171
140
146
158
131
134
123
83
88
90
88
82
83
68
55
76
81
60
55
77
65
75
72
59
55
59
47
47
38
67
46
23
21
39
39
30
47
8
-5
-1
-1
-5
-17
-15
-40
-42
-8
-3
34
61
51
71
56
60
57
58
43
27
29
18
38
22
38
83
91
75
88
103
131
156
165
145
120
115
116
115
146
150
137
119
145
170
161
195
159
142
124
115
110
120
122
95
100
98
100
102
120
134
151
124
127
133
138
146
107
86
69
54
88
92
97
106
115
117
139
145
142
147
139
131
122
143
131
106
95
116
88
112
123
128
110
125
143
106
66
27
14
-13
-26
-10
-15
-23
-1
6
-23
-12
-44
-66
-56
-47
-46
-50
-28
-8
4
-2
27
-5
20
18
19
-12
-40
-33
-23
0
26
48
51
63
59
88
75
59
62
35
49
44
38
21
29
41
13
3
-2
36
22
-9
14
26
18
34
52
64
75
89
100
75
64
68
77
71
78
111
92
72
69
80
41
42
41
33
49
58
74
68
85
62
82
81
56
77
56
24
25
17
13
28
61
42
42
14
29
28
26
48
28
41
67
114
105
91
65
81
63
77
82
53
70
60
67
77
91
93
92
93
89
80
59
39
58
66
73
55
54
56
62
64
54
48
34
19
-7
5
-6
11
-3
-26
-48
-35
-25
-46
-55
-73
-92
-93
-72
-76
-80
-62
-69
-92
-113
-85
-82
-78
-62
-59
-60
-63
-95
-78
-81
-126
-98
-116
-114
-85
-46
-33
-32
-30
-28
13
-8
28
18
14
26
24
36
3
-13
-25
8
34
53
45
37
13
7
8
11
-23
0
13
2
32
33
50
34
42
41
24
-16
-21
-42
-43
-58
-49
-43
-44
-29
-21
-8
-1
-21
-4
2
-44
-51
-79
-70
-63
-28
-61
-40
-33
-39
-21
-6
3
4
-3
-31
-26
-28
-29
-17
-12
11
3
-3
15
-11
-5
-14
-17
-3
-12
23
41
47
38
40
27
22
-7
-49
-9
11
2
-9
21
9
-6
-5
-14
-21
19
19
-14
-20
-15
-7
-32
-37
-30
-19
-14
-43
-25
-69
-57
-26
-45
-37
-48
-35
-38
-18
-4
-41
-51
-49
-53
-79
-67
-44
-62
-23
-22
1
-7
-2
-17
10
-9
2
2
-33
-27
-49
-37
-40
-14
-5
-6
26
-13
-8
-5
5
26
10
14
31
6
5
-10
-46
-44
-60
-26
-43
-38
-24
17
13
18
-9
-49
1
21
41
21
1
6
3
27
21
-10
-10
-3
-9
-29
-5
10
17
0
-7
1
-14
-5
-2
12
35
50
27
0
12
4
11
19
9
1
-25
-14
-38
-15
7
-22
-40
-26
-4
8
-12
-12
6
15
34
40
30
42
58
43
35
69
59
78
69
43
57
44
37
31
47
63
78
70
99
80
82
83
61
49
-4
11
17
12
11
-11
-7
7
12
25
33
50
60
87
62
61
36
36
39
25
28
35
71
58
105
113
86
96
109
93
94
102
99
89
65
66
73
57
73
52
35
25
20
-10
-14
26
30
45
48
22
-21
-24
1
-9
15
7
12
-9
-6
1
-17
13
38
5
17
50
17
58
44
45
28
37
18
15
34
17
29
-10
-8
-3
-2
-1
5
10
-17
26
29
24
12
-15
3
6
6
28
0
3
12
0
22
32
25
21
28
34
42
68
85
96
71
93
96
83
75
31
36
53
46
38
43
61
70
89
65
65
69
23
70
38
47
55
66
81
70
95
65
76
68
49
73
42
54
22
32
50
39
68
59
59
69
73
97
105
74
82
86
73
55
60
47
52
47
82
60
67
101
101
120
95
124
103
69
58
46
69
60
60
59
51
41
60
48
54
45
50
39
20
3
-18
32
33
43
21
3
-16
-8
1
-34
-23
7
12
-18
6
-7
-8
7
32
54
49
50
62
20
-3
11
17
0
-1
-19
-38
-30
-34
-35
-25
-11
12
45
18
35
76
65
54
18
-14
-47
-49
3
-14
0
7
36
3
17
49
14
0
-13
-17
-7
15
33
56
88
85
57
71
41
52
52
19
-4
10
-1
5
24
-3
27
43
53
24
5
37
14
33
47
47
45
59
23
32
47
48
97
92
56
66
54
65
102
70
104
116
122
90
110
102
106
102
80
60
46
71
64
85
86
90
86
80
68
63
32
46
31
4
2
-12
26
28
42
49
42
29
-7
9
4
-9
17
3
52
48
11
36
24
32
44
-2
-20
-33
-36
-42
-23
-14
-20
-48
-17
13
-3
4
12
-22
-33
-15
-29
-9
-37
-29
-33
-59
-50
-59
-62
-86
-77
-65
-62
-55
-19
28
9
8
21
-1
-6
-6
-25
1
-35
-31
-14
14
27
5
-11
-12
17
28
37
2
9
31
30
53
68
37
66
62
65
32
19
33
36
57
52
62
81
84
45
55
71
67
79
67
64
62
31
57
68
51
60
49
41
54
32
55
58
73
72
46
57
52
44
13
27
42
71
48
74
88
80
104
69
82
85
111
120
86
42
48
22
34
45
53
64
36
83
57
54
36
1
11
15
12
24
-3
28
35
-15
-16
-49
-44
-14
-7
19
-11
-6
-1
-13
-3
-25
9
16
21
34
26
0
-34
-15
-23
-16
-18
-21
-14
-4
-5
-12
-33
-29
-5
-33
-14
5
-5
3
-20
-41
-57
-66
-31
-29
-40
-77
-83
-95
-88
-57
-19
9
-24
17
21
23
37
54
31
8
10
7
33
36
47
43
15
16
9
12
24
15
22
22
23
30
18
31
42
31
38
1
7
1
10
34
22
22
53
31
18
51
28
35
28
48
60
111
100
71
72
55
67
58
74
73
57
77
70
77
110
107
89
66
79
67
68
23
22
17
22
23
36
35
32
43
53
52
27
61
59
43
52
10
16
3
-6
5
2
-7
-16
-16
-8
-22
-3
-3
9
45
28
21
47
16
0
33
0
-9
-15
-3
13
-4
-2
-7
-20
-20
5
-7
-13
23
21
10
9
39
42
25
-13
-32
-33
-21
-23
-26
0
-12
-1
11
10
2
-6
62
71
67
65
89
64
80
81
50
73
69
52
67
46
41
63
75
114
103
102
79
53
42
47
74
59
65
89
93
54
61
83
82
57
83
91
73
67
80
84
75
79
109
96
122
139
110
144
111
102
90
87
97
88
125
145
126
128
133
145
119
117
156
138
134
151
154
132
109
93
86
84
86
90
108
97
95
104
74
82
88
84
97
93
67
36
13
49
57
89
120
80
113
117
127
125
94
88
63
86
77
95
87
86
126
88
92
71
82
83
83
89
62
86
58
32
50
54
82
58
64
73
49
51
78
72
38
26
22
41
38
48
62
72
59
64
63
44
42
79
90
96
72
79
94
76
104
111
111
88
77
79
85
73
87
77
55
73
55
70
120
135
93
54
54
41
25
32
45
53
55
102
90
102
112
55
19
65
63
95
100
97
121
138
121
131
150
89
83
74
84
85
79
107
103
112
132
119
150
141
115
97
88
82
67
66
79
78
62
65
90
97
117
122
108
77
92
94
72
59
46
78
106
109
85
83
64
59
53
24
67
108
110
135
136
136
101
63
75
58
46
47
55
42
37
27
50
37
17
60
48
64
83
90
85
59
50
32
34
25
38
21
44
18
-12
16
0
-11
12
38
14
36
28
33
70
93
64
48
56
68
80
63
53
59
64
80
82
78
69
104
85
85
92
79
84
79
69
63
48
41
57
58
80
83
73
61
44
42
38
23
57
48
51
71
84
95
88
80
83
101
109
106
91
88
93
111
102
108
80
77
76
82
109
150
164
131
109
97
76
77
76
58
48
42
33
45
90
78
73
119
120
91
74
74
52
43
53
17
17
38
67
60
87
85
77
89
53
34
36
40
52
61
63
70
51
42
52
73
57
44
48
25
22
22
14
36
37
20
1
3
13
-2
-4
-13
-29
-55
5
2
-14
-10
-4
3
6
-13
-23
-2
-19
24
41
39
-3
24
25
13
-11
-22
-1
-26
-4
-30
37
38
19
41
25
13
-3
12
6
-18
-41
-27
-25
-22
-39
-58
-33
-29
-9
7
12
14
7
12
14
13
-9
3
-4
6
6
21
32
-6
-27
-33
-78
-58
-36
-15
0
6
13
-9
7
41
81
49
45
39
21
20
19
-5
-11
25
13
-7
-19
-10
-30
-47
-50
-32
-44
-9
-29
-47
-19
-59
-79
-101
-108
-83
-85
-96
-94
-85
-65
-66
-65
-32
-41
-35
0
-24
-17
-47
-71
-67
-56
-62
-34
-2
7
-26
-7
-3
-51
-53
-55
-70
-94
-90
-95
-79
-83
-49
-49
-28
-38
-62
-57
-60
-74
-77
-57
-74
-76
-76
-64
-37
-18
-38
-59
-70
-61
-55
-39
-66
-78
-74
-71
-70
-89
-89
-71
-53
-53
-57
-34
-18
-43
-61
-39
-44
-67
-73
-76
-100
-99
-106
-103
-104
-85
-80
-69
-52
-82
-57
-43
-30
-33
-46
-75
-80
-70
-50
-48
-44
-51
-72
-67
-18
9
-12
-7
-27
-46
-61
-71
-50
-41
-37
-23
-7
30
26
26
14
-29
-49
-46
-61
-62
-53
-57
-40
-54
-64
-40
-33
-37
-35
-17
7
-33
-47
-33
12
46
21
11
-4
5
12
-6
-17
-28
-36
-8
10
4
17
7
-13
2
-1
2
10
36
32
-4
12
5
5
32
49
30
7
0
-31
-19
-6
-15
9
3
-30
-16
0
-13
-21
-17
-28
-34
-18
-13
-26
11
-9
-4
19
15
-11
-23
-22
-10
-8
-22
-8
-14
5
-4
9
19
26
49
21
34
2
12
-8
-19
-13
-6
28
8
22
21
17
-9
20
23
31
44
46
30
41
61
15
2
0
31
1
-1
16
3
-8
7
15
-29
-38
-41
-38
-24
1
11
44
22
9
50
36
32
5
14
18
31
17
-4
20
33
0
4
2
39
38
54
49
23
28
19
16
10
1
-19
-6
-23
-6
-12
22
17
5
-3
11
23
49
90
52
59
48
43
59
73
84
82
91
97
96
92
111
122
112
94
68
22
33
32
30
53
27
25
14
22
28
9
21
19
-7
4
45
49
53
46
4
19
46
65
47
57
72
75
33
58
69
25
54
56
57
65
84
108
135
110
86
94
55
70
70
49
51
21
-17
6
47
29
36
24
63
85
47
49
25
28
17
22
33
14
7
29
32
22
27
39
28
20
16
36
50
31
30
21
45
58
86
91
85
98
90
81
58
62
67
74
94
80
63
24
23
37
12
29
28
40
64
53
51
82
115
104
123
71
43
24
-12
4
-14
7
40
34
40
57
56
54
56
107
84
67
42
29
22
46
30
25
50
52
97
66
71
59
64
64
71
86
80
56
42
16
31
13
-6
20
48
34
55
62
52
41
34
46
28
49
7
30
37
55
95
58
56
72
54
19
14
57
42
37
57
55
43
42
23
27
11
-5
44
36
12
20
34
-4
-4
33
30
17
21
9
8
-9
-10
-7
-8
-21
-49
-19
-36
-6
-8
16
51
20
-3
-34
-20
-25
-29
-16
4
-8
3
15
19
7
0
27
18
35
40
20
42
27
26
18
3
-15
-27
6
9
29
24
24
-11
-5
39
47
30
-12
-19
-17
-16
-42
-11
-21
-37
-32
-5
17
38
59
95
85
79
55
40
33
29
63
49
66
85
84
79
73
80
63
36
45
31
17
14
55
37
29
26
24
44
23
2
19
7
8
5
-2
-11
-30
-30
-20
9
9
23
35
53
38
38
55
36
44
52
56
68
88
75
88
63
39
40
20
29
54
77
55
68
51
47
24
3
10
25
38
63
31
30
37
20
20
34
55
34
50
56
60
53
44
39
-5
-2
8
16
17
58
58
79
65
51
67
70
69
59
47
20
44
57
82
94
80
65
69
40
60
46
60
41
41
50
59
81
95
71
31
61
73
88
94
84
74
66
72
84
95
64
88
83
68
77
53
102
87
106
122
108
101
101
102
101
99
119
94
81
107
106
110
110
98
85
81
75
95
82
56
60
56
45
64
70
71
87
111
131
131
129
135
108
100
113
113
89
61
66
66
87
93
97
97
103
114
111
133
120
120
141
147
156
165
169
149
149
143
115
109
64
74
92
71
98
123
126
97
105
114
115
106
95
77
58
56
34
71
47
63
72
62
63
42
43
61
75
80
89
78
95
88
121
114
142
134
89
87
84
103
90
81
55
54
57
82
97
101
90
97
94
69
64
71
100
115
122
86
116
118
108
106
105
92
81
88
71
78
49
50
53
66
77
72
96
108
94
98
92
101
111
87
109
107
122
131
139
143
127
119
125
110
89
69
88
103
102
114
75
78
110
117
124
126
139
120
135
131
86
94
107
114
111
150
131
137
138
134
172
146
169
158
147
165
137
155
166
116
166
147
149
165
117
150
144
141
117
115
88
88
104
109
112
118
134
118
90
93
123
108
128
144
114
129
136
109
84
74
57
74
66
86
59
89
47
66
88
43
84
64
75
70
69
87
88
101
127
127
144
121
132
127
136
158
122
115
116
93
113
96
71
75
69
82
75
110
90
100
93
85
85
73
69
43
54
16
39
47
47
67
85
105
132
102
116
124
147
138
102
126
132
118
115
121
102
151
163
157
161
141
172
166
127
141
105
110
136
110
119
119
132
174
137
150
146
143
126
123
109
98
99
105
95
89
94
110
112
83
102
107
138
123
111
139
151
137
106
101
86
85
92
56
67
87
83
90
85
97
87
104
107
99
120
104
76
77
81
72
65
65
61
43
84
44
26
49
45
57
52
67
61
92
85
123
106
89
91
72
53
14
30
59
72
71
46
61
90
43
25
22
10
-32
-7
5
-6
-22
-32
-6
-10
-3
9
-21
-16
-18
-28
-51
-47
-67
-69
-47
-15
14
27
50
30
70
50
59
55
-15
-12
-31
-20
-32
-32
-36
5
38
46
65
51
44
38
24
18
3
7
1
5
24
55
62
26
29
12
-5
14
18
-23
-3
-21
-15
-42
-33
-27
-31
-25
-19
-2
-38
-14
-1
2
10
-15
-12
9
5
-10
-41
-10
-5
-12
10
27
65
40
42
30
9
1
-4
-21
-21
-13
-43
-19
2
4
10
16
10
11
-27
-41
-33
-58
-65
-66
-57
-44
-32
-40
-9
-28
-49
-23
-21
4
-18
-4
4
-25
-1
-24
-10
-20
-48
-39
-26
-39
-36
-25
3
-3
-7
-14
-41
-33
-20
4
-33
10
-31
-39
-58
-56
-66
-98
-77
-89
-80
-77
-83
-132
-151
-139
-143
-128
-123
-114
-66
-54
-52
-56
-35
-38
-57
-96
-79
-112
-109
-95
-119
-99
-114
-120
-121
-90
-68
-57
-60
-59
-65
-59
-78
-95
-121
-121
-109
-111
-106
-85
-100
-99
-96
-88
-71
-66
-82
-86
-49
-66
-104
-130
-123
-98
-74
-115
-97
-81
-79
-79
-82
-91
-97
-85
-103
-82
-76
-61
-58
-86
-83
-86
-96
-88
-81
-95
-113
-103
-138
-144
-150
-137
-114
-126
-118
-122
-133
-153
-118
-116
-121
-125
-134
-131
-147
-138
-161
-128
-175
-184
-152
-136
-132
-165
-126
-155
-154
-143
-167
-172
-143
-137
-126
-145
-167
-170
-165
-170
-183
-162
-157
-151
-136
-116
-114
-139
-149
-132
-136
-133
-148
-201
-203
-211
-201
-178
-153
-144
-154
-160
-189
-176
-192
-220
-202
-191
-186
-165
-172
-161
-164
-148
-160
-192
-172
-191
-209
-196
-181
-180
-152
-108
-117
-116
-90
-131
-158
-192
-205
-178
-167
-187
-180
-179
-174
-151
-167
-157
-182
-210
-197
-185
-183
-193
-209
-190
-189
-195
-215
-184
-167
-131
-137
-151
-157
-188
-183
-172
-175
-195
-156
-177
-174
-173
-172
-155
-182
-184
-154
-176
-186
-159
-172
-169
-193
-169
-172
-183
-153
-174
-168
-197
-166
-178
-173
-163
-134
-139
-165
-157
-162
-168
-180
-173
-153
-135
-130
-125
-105
-81
-101
-128
-122
-145
-174
-159
-169
-140
-134
-127
-93
-63
-41
-40
-7
-17
-53
-63
-72
-100
-127
-142
-108
-133
-154
-151
-139
-88
-115
-94
-105
-122
-135
-136
-138
-141
-139
-129
-130
-135
-124
-104
-86
-85
-62
-97
-83
-83
-76
-84
-98
-76
-58
-74
-85
-85
-93
-101
-88
-86
-89
-91
-119
-90
-111
-110
-108
-119
-125
-125
-139
-132
-140
-125
-146
-148
-167
-158
-141
-150
-102
-95
-106
-112
-116
-98
-96
-70
-67
-83
-76
-112
-124
-132
-126
-116
-122
-91
-86
-83
-75
-92
-95
-104
-80
-111
-84
-78
-100
-89
-83
-48
-77
-108
-96
-130
-87
-88
-99
-95
-104
-101
-113
-84
-79
-101
-100
-76
-67
-58
-88
-91
-114
-91
-60
-72
-61
-37
-64
-73
-49
-57
-29
-56
-49
-32
-6
-23
-33
-26
-7
-16
-41
-44
-66
-64
-50
-41
-65
-88
-87
-91
-91
-87
-97
-66
-51
-53
-54
-74
-63
-63
-77
-56
-49
-41
-24
-34
-14
-62
-49
-13
-17
-21
-21
-32
-57
-59
-49
-23
-13
-19
-34
-83
-61
-60
-66
-46
-59
-45
-48
-54
-37
-43
-63
-42
-36
-12
-29
-33
-2
-7
2
-31
-17
-21
-43
-34
-63
-52
-59
-62
-58
-60
-70
-65
-55
-42
-49
-23
9
12
-21
-16
24
20
7
-13
0
19
24
24
47
22
17
-30
-41
-17
-19
8
2
-10
8
-13
-6
6
-23
-16
-30
-27
-10
-49
-32
-64
-52
-42
-28
-14
15
29
15
42
19
28
-13
-21
-51
-58
-41
-36
-27
-9
8
17
14
-9
-25
-17
-28
-66
-41
-63
-84
-41
-39
-44
-79
-73
-86
-79
-59
-65
-22
-19
-22
0
-23
-19
-19
-17
-39
-71
-71
-75
-56
-67
-70
-68
-37
-65
-96
-99
-95
-48
-69
-61
-49
-17
5
0
9
8
10
-30
4
-42
-21
-51
-82
-69
-114
-108
-101
-70
-57
-58
-33
-8
-30
-47
-81
-72
-83
-89
-73
-102
-126
-103
-89
-88
-62
-46
-47
-39
-14
-34
-55
-39
-61
-48
-40
-71
-58
-53
-42
-8
-2
-15
-7
-11
-15
-10
-39
-68
-53
-60
-39
-55
-70
-61
-76
-45
-56
-64
-40
-43
-24
-25
-15
-27
-28
-51
-49
-38
-42
-56
-39
-47
-54
-41
-68
-53
-46
-69
-59
-33
-25
-15
-20
-10
-9
3
12
11
-10
-12
-29
-22
-29
-53
-45
-91
-88
-101
-97
-95
-80
-73
-54
-22
-55
-50
-47
-41
-61
-69
-81
-96
-95
-99
-85
-59
-40
-26
-34
-29
-21
-41
-29
-41
-52
-58
-22
-21
-38
-30
-24
-57
-86
-55
-63
-37
-51
-66
-65
-89
-54
-67
-90
-94
-117
-141
-135
-128
-145
-144
-132
-142
-123
-125
-118
-77
-101
-92
-107
-129
-125
-122
-132
-105
-104
-88
-68
-90
-68
-89
-86
-116
-99
-72
-70
-58
-47
-26
-68
-75
-90
-113
-114
-129
-147
-136
-134
-129
-132
-169
-168
-176
-134
-127
-123
-99
-105
-98
-107
-131
-137
-152
-187
-166
-165
-153
-151
-154
-148
-141
-134
-123
-133
-138
-146
-161
-146
-140
-145
-144
-119
-132
-124
-117
-113
-72
-103
-126
-116
-117
-149
-146
-147
-149
-130
-141
-159
-139
-136
-135
-156
-166
-158
-158
-149
-165
-115
-112
-113
-103
-125
-100
-95
-105
-117
-111
-133
-167
-147
-153
-137
-162
-169
-147
-163
-171
-163
-147
-135
-143
-156
-152
-148
-158
-179
-145
-187
-172
-151
-183
-177
-161
-166
-164
-151
-161
-143
-128
-113
-130
-116
-113
-129
-144
-137
-133
-103
-118
-135
-130
-99
-95
-103
-67
-75
-104
-120
-106
-121
-125
-137
-143
-139
-122
-133
-135
-106
-100
-109
-115
-116
-126
-128
-134
-137
-125
-140
-102
-90
-109
-138
-132
-132
-127
-132
-142
-143
-142
-153
-129
-126
-130
-119
-109
-115
-137
-108
-124
-128
-122
-140
-112
-112
-112
-124
-118
-135
-110
-101
-113
-116
-118
-115
-130
-108
-113
-73
-83
-85
-126
-144
-114
-166
-126
-107
-125
-138
-135
-160
-157
-150
-166
-176
-161
-156
-149
-146
-136
-102
-105
-116
-127
-144
-147
-154
-146
-132
-144
-117
-129
-134
-134
-132
-95
-81
-96
-104
-106
-111
-124
-110
-115
-139
-141
-128
-141
-147
-135
-141
-144
-146
-151
-152
-115
-128
-156
-151
-175
-191
-171
-179
-188
-165
-157
-133
-72
-78
-73
-98
-123
-165
-162
-149
-159
-134
-131
-141
-124
-123
-116
-113
-133
-147
-167
-177
-187
-194
-194
-201
-193
-180
-153
-121
-126
-139
-130
-165
-164
-154
-143
-146
-165
-169
-187
-168
-166
-167
-151
-153
-131
-140
-149
-146
-144
-145
-126
-146
-175
-163
-175
-150
-139
-175
-162
-151
-139
-114
-130
-146
-144
-169
-178
-170
-164
-184
-182
-155
-139
-127
-177
-183
-171
-171
-171
-166
-167
-174
-153
-189
-210
-199
-202
-208
-185
-204
-227
-220
-240
-238
-206
-188
-176
-208
-215
-237
-215
-198
-224
-209
-186
-176
-192
-189
-171
-186
-205
-198
-216
-212
-228
-205
-184
-184
-197
-205
-234
-240
-229
-232
-239
-260
-248
-262
-243
-235
-262
-274
-237
-248
-249
-242
-246
-251
-278
-240
-202
-224
-237
-234
-253
-240
-228
-218
-227
-252
-218
-202
-208
-212
-223
-232
-234
-232
-237
-217
-228
-227
-238
-244
-263
-272
-259
-288
-265
-234
-255
-237
-227
-219
-222
-233
-230
-241
-244
-233
-216
-203
-184
-195
-165
-173
-182
-180
-181
