3
7
10
10
16
14
10
9
6
11
17
18
5
1
11
3
8
3
-3
0
0
0
0
-5
-7
-9
-7
-6
-5
-5
-9
-6
-16
-9
-8
-6
0
-3
-3
3
7
6
6
8
8
6
9
7
13
12
14
11
16
16
20
22
17
29
27
22
24
29
20
21
21
24
22
15
21
13
10
10
0
1
6
15
10
7
15
16
13
9
19
18
18
22
18
16
18
12
14
14
10
13
10
10
6
-3
3
6
1
-3
-2
-4
-6
0
-11
-11
-14
-15
-12
-16
-6
-1
-7
-1
1
3
14
6
14
22
20
17
19
19
19
17
22
22
23
22
22
28
16
22
20
16
15
13
9
4
9
4
-6
-6
-3
-9
-6
-6
-7
-3
1
4
0
6
5
7
14
9
12
19
9
19
17
16
31
22
25
24
31
26
23
19
14
19
4
16
9
13
8
0
-6
-12
-9
-13
-10
-18
-18
-22
-22
-22
-13
-14
-3
1
-1
3
2
7
1
1
0
3
3
5
4
6
15
14
10
13
7
4
5
-1
3
-7
-7
2
2
-6
-10
-12
-6
-4
-7
-7
-13
-8
-7
-6
-1
2
6
3
7
4
3
-1
9
5
1
7
2
10
10
12
7
0
15
17
4
2
-8
-5
3
-2
-6
-13
-12
-19
-21
-19
-17
-16
-12
-17
-15
-13
-4
-5
-19
-19
-12
-4
-10
4
-1
0
1
3
10
5
2
7
17
16
16
21
20
8
11
9
8
13
5
1
5
6
0
-9
-11
-7
-13
-15
-16
-25
-16
-7
-16
-11
-10
-4
-6
0
7
6
12
15
12
10
16
19
22
25
25
18
19
13
16
13
10
10
0
1
-1
0
-4
-7
-16
-19
-15
-20
-22
-22
-16
-10
-13
-9
-7
-9
-5
-10
-11
-5
-6
-2
-3
-1
2
16
10
-6
11
3
20
10
3
-1
0
16
1
2
-6
-6
-10
-12
-11
-16
-13
-10
-15
-15
-11
-9
-10
-3
1
-2
3
3
3
-7
-7
-5
-13
-6
-2
-13
-2
-4
-2
8
-7
-3
-4
3
3
1
3
-5
1
-10
-12
-11
-13
-14
-18
-26
-28
-18
-26
-19
-23
-25
-16
-15
-10
-17
-10
-16
-17
-18
-15
-15
-13
-4
-10
-6
-2
-1
5
2
-2
4
3
6
6
9
7
3
0
-5
4
2
7
-4
-10
-6
-5
-3
-4
-13
-9
-8
-18
-12
-18
-16
-13
-21
-22
-24
-24
-18
-14
-6
-9
-7
-2
-3
3
-3
-1
-9
-10
-7
-19
-8
-13
-19
-20
-17
-19
-18
-22
-24
-19
-21
-15
-22
-9
-9
-7
-8
-17
-10
-10
-7
-3
-10
-24
-14
-13
-9
-12
-16
-8
-7
-2
4
5
-2
2
-2
-7
-1
-2
-6
-5
-9
-9
-4
0
-1
-3
0
3
-3
-6
-6
-6
-7
-6
-5
-10
-1
6
1
2
4
1
6
9
11
11
6
8
5
13
13
5
6
3
6
3
9
15
10
6
10
7
3
7
10
3
-4
2
-12
-18
-20
-22
-24
-24
-21
-26
-16
-20
-11
-5
-7
-10
-18
-13
-6
-10
-10
-5
-5
10
5
5
9
9
9
12
6
-3
9
10
15
9
14
24
20
13
4
3
6
5
1
-6
-9
3
1
2
6
7
8
-3
7
10
-3
3
7
7
10
8
13
7
10
19
12
13
12
17
18
10
12
15
18
26
20
22
19
12
7
8
9
11
14
10
10
9
12
6
4
-4
-11
-3
-7
-8
-2
-7
0
3
1
4
3
2
6
14
3
9
13
11
22
17
10
7
3
11
15
0
9
12
12
20
11
19
14
8
13
9
14
11
1
6
4
5
2
2
15
4
9
10
8
16
12
16
13
14
9
9
7
12
16
5
13
10
14
16
19
22
13
13
13
13
15
13
14
16
9
19
19
16
12
12
23
16
26
23
19
26
15
8
6
11
6
7
16
9
6
12
20
12
19
9
10
12
4
12
-6
-6
-9
-16
-6
-1
-3
3
6
6
6
9
5
3
2
1
2
1
-4
-7
-3
-7
-5
-3
-2
3
-1
2
5
2
3
-2
-3
0
-9
-15
-16
-9
-2
-9
-4
11
3
-4
0
4
-3
-2
3
-2
-3
4
2
4
-1
-2
4
1
-1
-9
1
9
11
12
13
20
24
19
16
19
11
11
-1
2
3
1
7
7
9
4
11
13
13
13
19
17
16
18
14
9
3
4
3
-4
-1
-7
-3
11
1
9
11
0
-3
-4
-6
-7
-12
-19
-19
-19
-22
-22
-20
-9
-3
0
-4
-8
-3
-2
9
7
2
-1
7
9
4
13
7
1
0
3
6
-1
8
7
0
9
12
1
-1
-3
-15
-16
-20
-19
-20
-13
-9
-9
-6
-5
-1
1
3
-2
-3
-8
-6
-9
-10
-3
-6
4
4
3
7
2
6
7
17
8
9
9
-2
-3
-11
-7
-15
-10
-16
-12
-6
-10
-1
-4
2
1
0
3
-7
-9
-3
-5
-5
-15
-16
-16
-7
-4
-6
2
-1
-3
9
11
0
-4
-9
-15
-19
-20
-32
-34
-32
-27
-27
-26
-26
-26
-12
-20
-11
-10
-3
-3
-6
0
0
-3
-9
-4
-3
-2
3
-4
4
12
10
19
17
16
20
12
10
12
4
1
-3
4
2
3
1
1
5
2
5
0
6
0
-1
-6
-9
-14
-16
-25
-25
-27
-39
-26
-28
-23
-21
-14
-25
-29
-22
-5
-14
-19
-13
-16
0
-8
-7
-12
-4
-11
-6
2
-1
2
0
9
3
-4
1
-1
-11
-4
-15
-22
-20
-17
-18
-19
-20
-16
-13
-16
-17
-16
-17
-19
-14
-15
-19
-22
-15
-33
-25
-18
-18
-6
-6
1
-2
9
6
4
0
2
2
6
3
-8
-6
-9
-6
-8
-9
-9
-6
0
8
3
-2
2
-2
-3
-6
-10
-18
-20
-23
-20
-19
-16
-12
-6
-3
1
3
1
6
-3
-1
6
-1
-4
-7
-6
-10
-13
-21
-21
-21
-29
-26
-28
-22
-25
-21
-20
-26
-31
-16
-12
-22
-17
-25
-22
-20
-17
-12
-11
-7
-13
-9
-3
-3
1
-3
0
3
5
10
6
9
-1
-4
-1
4
4
1
7
2
-1
1
-1
-3
-9
-15
-22
-25
-26
-22
-16
-12
-6
-14
-14
-7
1
-1
4
8
2
9
17
-1
-3
6
3
14
11
9
14
24
16
28
37
27
33
26
19
10
5
9
7
6
6
5
3
6
7
-3
-1
0
-1
-4
4
0
0
1
-2
1
-3
0
-4
0
1
10
3
10
13
14
18
19
17
12
12
7
5
5
9
-3
2
-5
-7
-5
4
4
6
6
7
18
12
13
13
15
7
6
4
10
10
9
-2
1
4
0
3
7
12
10
19
18
19
17
8
10
24
5
0
-7
2
13
5
16
13
13
12
13
21
22
11
19
20
15
2
3
8
10
12
12
12
23
33
18
21
19
21
15
24
21
27
21
13
10
13
14
16
19
14
15
10
20
14
18
9
7
8
5
-1
-6
-16
-8
-1
-6
-9
-6
-1
-3
8
7
13
3
7
-2
1
6
12
14
16
9
8
24
12
18
11
16
17
10
12
18
16
8
5
10
2
8
9
-2
1
4
6
1
7
-2
7
7
1
-8
-6
-3
-5
-18
-16
-10
-10
-3
-9
-4
-3
7
0
6
3
6
9
10
3
6
12
-4
2
-2
-4
-2
-1
-5
0
-10
-2
1
0
1
-4
4
-6
-1
0
-5
-7
-8
-14
-11
-3
-8
-5
7
-1
1
1
1
-7
-3
12
10
4
7
7
2
2
0
10
6
7
-1
-1
-3
-1
-1
-4
-12
-9
-8
-13
-5
-9
-6
-7
-7
-12
7
6
5
0
1
4
0
2
-7
-5
-11
-4
-3
-1
-15
-15
-2
2
1
0
0
0
-6
0
1
-19
-21
-14
-14
-15
-16
-18
-12
-12
-5
-9
-6
-14
-10
-16
-15
-11
-17
2
-4
-7
-6
-4
-2
8
9
12
4
1
-7
-5
-3
-3
-1
-21
-9
-11
-1
-6
-8
-12
-12
-6
-7
-5
-6
-3
-8
-12
-12
-11
-12
-6
-12
-8
-6
-5
0
0
0
4
1
-1
4
7
1
-1
12
10
13
14
14
18
11
16
9
5
7
9
7
-1
6
7
12
8
11
9
8
7
5
15
7
9
8
13
6
6
9
6
14
7
4
11
10
5
5
3
8
3
5
4
-3
3
7
9
13
11
0
3
3
-8
-6
-2
-4
0
-4
-8
-10
-10
-19
-25
-23
-20
-17
-5
-4
-2
7
0
-3
-3
0
-6
-4
1
-1
2
-2
1
-1
-3
-3
-2
-5
-9
2
1
4
-10
-2
10
5
13
2
0
-3
4
12
6
5
14
8
11
8
4
15
2
3
6
5
9
10
5
5
7
6
16
16
10
5
3
7
-2
-13
-15
-11
-13
-10
-13
-22
-20
-12
-7
-15
-10
-6
-7
-4
1
-4
5
-2
-12
-20
-16
-7
-22
-16
-13
-15
-17
-10
-12
-16
-12
-9
-11
-7
-13
-9
-6
-13
-7
-1
-1
-4
5
3
15
16
6
13
18
16
20
19
16
17
12
9
4
-2
-6
-4
-5
-11
-10
-5
2
7
-6
12
6
0
-1
-6
-3
4
5
-11
5
1
9
7
5
4
2
12
6
-1
-2
-9
-13
-4
-6
-10
-10
-9
-9
-3
-12
-10
-16
-17
-12
-11
-12
-16
-18
-15
-8
-6
8
0
6
4
-4
-3
-7
-4
-2
7
18
7
-3
-6
1
6
9
5
5
10
9
16
9
15
7
1
-4
0
0
-3
2
-4
1
7
8
2
-6
-5
5
-3
8
10
3
5
11
16
11
9
18
16
0
6
11
6
0
7
10
16
10
12
15
15
9
14
12
11
13
7
12
5
2
1
1
-9
-4
-11
-11
-9
-2
-2
-1
2
-4
-9
-6
-2
-7
-3
-4
4
-12
-9
-5
-2
-1
8
4
-1
2
4
9
5
5
2
4
6
11
-2
11
6
14
13
11
12
3
10
0
10
6
9
3
5
6
4
2
0
0
3
6
7
-1
1
7
-1
3
6
2
6
9
13
16
10
13
-1
4
1
2
-2
9
13
10
15
15
21
3
11
10
3
-11
-6
-2
-12
-15
-6
-13
-12
-3
-9
2
-3
-10
0
14
-9
-5
2
0
2
-4
5
-2
-5
-7
-3
-8
-9
0
-8
-22
-10
-5
-14
-7
-14
-19
-15
-13
-6
-16
-8
-10
-2
-5
-10
-2
-12
-4
-13
-9
-3
-1
0
5
0
0
13
12
13
15
14
2
9
13
11
6
12
8
9
23
16
9
18
15
10
14
17
12
9
12
6
7
-4
2
4
-3
-3
-4
-6
-3
-5
-10
-7
-6
-10
-15
-16
-25
-23
-22
-19
-30
-26
-25
-28
-25
-28
-22
-19
-27
-26
-22
-22
-27
-22
-19
-21
-15
-22
-20
-16
-16
-16
-23
-22
-16
-16
-14
-12
-11
-5
-2
-5
-6
-5
-12
-6
-7
-9
-7
-10
-5
-2
3
4
-2
13
15
3
17
9
5
10
12
22
16
6
13
9
7
3
2
3
-1
1
-10
-4
-4
9
10
2
6
8
7
17
18
16
18
12
12
18
22
14
21
17
17
15
13
15
15
13
3
8
9
10
9
9
8
15
14
9
9
12
0
0
-9
-13
-3
-7
1
-6
3
1
4
0
-4
4
1
2
5
11
10
9
11
8
3
9
3
3
1
7
1
0
12
3
4
7
3
4
9
7
2
7
9
0
3
10
9
9
9
6
3
7
6
7
6
-6
-7
0
4
5
10
3
6
18
9
9
11
12
0
6
7
0
1
5
4
-6
-3
-1
4
-4
-15
-5
-6
-12
-4
-2
1
-7
-5
-8
-6
-2
-11
-3
-6
-5
-7
-10
-5
7
0
-6
1
-1
-4
-6
-9
-7
-7
-7
-6
0
6
3
6
8
16
2
5
0
4
6
-7
5
6
12
3
-1
1
-1
-3
2
4
9
7
4
15
12
14
13
11
15
8
-1
0
-2
-6
-5
0
-1
4
7
7
-1
0
2
-2
-1
-4
-6
-14
-8
-16
-18
-13
-18
-24
-18
-25
-31
-26
-31
-28
-31
-30
-22
-25
-34
-35
-36
-33
-38
-36
-27
-16
-25
-21
-12
-15
-5
-9
-15
-11
-10
-3
3
-3
8
-2
4
2
-3
5
2
3
6
13
4
4
-4
-16
-15
-13
-17
-8
-9
-12
-6
-16
-21
-16
-8
-12
-9
-15
-23
-15
-3
-12
-22
-6
-7
-13
-7
-10
-9
-6
-7
-12
-13
-13
-15
-14
-15
-17
-15
-23
-25
-20
-18
-22
-24
-14
-13
-12
-17
-15
-18
-15
-15
-22
-13
-16
-13
-14
-9
-12
-6
-1
-3
-5
-3
3
0
10
3
7
15
8
7
9
16
10
10
13
11
9
3
6
13
8
1
1
4
1
0
-5
-6
1
-6
-5
-13
-15
-10
-23
-14
-15
-11
-8
-13
-16
-7
3
-2
5
-7
0
6
12
7
6
10
0
8
4
11
5
-1
9
11
14
12
12
4
5
5
6
13
9
11
10
8
10
4
3
6
11
4
6
11
6
7
6
7
3
-2
0
9
10
8
1
0
10
11
12
13
9
11
15
18
20
16
7
11
14
13
13
15
11
8
12
4
6
11
12
7
11
5
7
8
-4
1
3
4
-2
-3
-3
-7
-13
-2
-3
-6
-4
-5
4
4
3
3
3
-1
-13
-12
-1
-14
0
0
4
11
0
0
2
15
5
16
8
2
8
11
31
24
22
26
22
20
23
29
37
33
22
16
22
22
15
16
10
13
22
15
7
20
22
12
6
-1
-3
-3
-2
-6
-9
-9
-1
2
-1
3
-3
9
-10
-9
-6
-10
0
-7
-6
-9
1
0
1
4
-5
-4
3
-4
-3
8
13
12
5
1
6
3
2
2
8
18
10
5
-3
3
11
2
-8
-10
-9
-3
-7
-6
6
10
4
7
14
15
16
-7
5
4
-7
-3
-3
-3
-5
-9
-16
-9
-3
1
-1
19
4
-4
3
8
19
8
-4
-4
5
0
-3
-9
3
3
0
-3
-7
7
2
-10
-12
-1
-4
-2
7
-8
-3
-1
-1
2
-6
-14
-12
-1
-16
-21
2
24
13
-14
-19
17
37
6
-32
-25
12
5
-40
-10
73
73
-29
-102
-4
117
78
-70
-82
33
71
-39
-89
38
116
9
-136
-72
92
102
-47
-109
0
79
1
-92
-22
104
72
-76
-105
20
99
21
-61
-22
67
43
-41
-32
61
85
-16
-73
-25
48
38
-29
-22
16
19
-8
-20
10
16
-3
-27
-21
1
-6
-24
-7
-4
-15
-15
-4
6
-21
-28
15
46
2
-42
-24
37
38
-10
-26
16
33
-22
-47
5
61
26
-49
-45
26
44
-12
-67
-17
32
-7
-55
-40
34
44
-35
-70
-19
36
22
-31
-26
10
12
-24
-49
0
50
6
-56
-48
19
41
1
-26
6
26
0
-10
20
63
43
-18
-37
15
55
31
-15
-14
16
23
-2
17
52
43
-3
-26
15
50
49
5
8
15
28
28
23
35
30
14
-13
-3
22
28
23
20
1
-9
-7
24
32
9
-10
-20
-5
-10
-7
16
16
-8
-55
-48
13
38
-11
-63
-36
-1
10
-26
-24
-1
-3
-44
-63
-7
31
10
-51
-38
6
19
-16
-32
1
18
2
-22
-11
33
43
25
-2
2
19
19
15
14
16
-8
-3
-3
7
6
8
9
-13
-16
2
25
16
-19
-28
9
15
-3
-18
0
17
6
-19
-3
24
22
-6
-19
8
16
6
-24
-10
7
-13
-35
-26
0
-13
-35
-25
7
23
-24
-50
-26
3
0
-38
-25
-1
-7
-39
-43
9
22
-31
-64
-44
13
0
-56
-53
-6
20
-33
-58
-16
34
28
-28
-24
15
19
0
-16
21
38
-4
-41
-21
23
25
-11
-34
-9
7
10
4
9
13
2
-9
-1
17
19
3
-12
-1
3
-1
0
1
9
18
14
1
4
13
11
16
4
13
10
0
4
3
22
16
0
-2
-1
5
-1
-9
9
10
0
-20
-9
-3
-7
-16
-25
-4
3
-10
-30
-10
8
5
-6
-13
-2
1
-5
-10
-1
10
3
-20
-11
13
13
0
-6
7
6
-6
-4
10
29
7
-13
-10
6
2
-19
-10
11
8
-5
-13
-2
15
6
0
2
10
-7
-16
-3
9
1
-11
-12
7
9
0
5
8
12
-6
-8
0
23
12
-18
-10
9
9
-6
-1
10
13
2
-10
15
35
8
-3
3
18
19
-5
-17
9
20
-7
-22
-13
9
14
-5
-19
-5
0
-13
-17
-9
3
0
-18
-26
-17
7
5
-6
-11
0
19
17
6
4
10
9
2
-2
3
3
-4
-16
-15
6
7
-5
-13
-4
15
8
0
-4
5
9
-3
-4
-6
0
-15
-14
-1
9
3
-4
-3
15
28
10
9
21
22
1
10
19
15
10
-6
13
35
24
4
2
18
25
12
1
12
17
2
-4
7
12
0
-13
-16
4
9
-2
-17
-10
3
2
-3
3
6
-2
-4
-11
5
6
-9
-4
7
19
16
0
-1
10
15
1
3
0
-16
-16
-16
13
6
-13
-15
-9
10
0
-7
-4
-1
-3
-16
-16
-7
6
6
-6
-4
6
8
1
3
9
17
-1
2
7
4
10
7
4
9
12
7
15
9
17
10
7
6
12
24
18
15
18
13
-1
14
14
13
1
-9
-11
-3
6
-2
6
6
3
10
12
10
10
0
12
11
11
16
16
16
21
21
23
35
19
19
23
28
29
10
6
3
9
12
2
-3
-4
-1
-4
-9
-10
-8
-1
-7
-16
-2
2
2
-19
-21
-3
0
-13
-25
-6
-1
-1
-19
-13
-4
-4
2
0
10
13
9
-11
-3
15
14
1
-2
12
24
15
12
16
29
16
5
19
19
26
10
15
22
22
10
4
4
19
16
7
11
12
21
13
15
21
32
21
15
22
23
23
33
32
34
26
21
29
29
40
30
15
3
22
19
8
4
10
18
12
8
3
12
10
7
-3
2
-1
-12
-15
-20
-17
-5
-19
-29
-26
-18
-18
-21
-26
-30
-21
-22
-19
-31
-32
-23
-20
-26
-36
-31
-19
-25
-31
-22
-21
-33
-32
-30
-28
-14
-16
-19
-22
-12
-16
-17
-10
-11
-16
-6
-6
-4
-3
-13
0
-12
-4
-4
-18
-15
-17
-12
3
-5
-4
-7
1
8
-1
-1
4
3
-6
-1
-3
25
18
1
-5
-3
6
4
-4
-13
-10
2
-6
-20
-5
7
10
-15
-21
-5
20
9
-12
-12
18
15
-27
-20
3
26
3
-34
-29
4
9
-14
-18
-6
-4
-13
-13
10
7
-9
-24
-35
-22
-17
-4
-17
-44
-66
-34
5
5
-3
-17
-31
-41
-34
12
32
-24
-75
-53
8
19
-10
-24
-2
-12
-39
-28
41
60
-9
-50
-20
32
29
-5
-11
2
-15
-28
-20
13
14
-35
-45
-21
-18
-29
-14
12
-10
-57
-71
0
46
-13
-73
-72
-22
-27
-55
-51
-20
-20
-68
-89
-39
5
-4
-55
-79
-31
-3
-17
-40
-28
-9
-25
-44
-21
22
24
-39
-52
3
50
24
-37
-17
29
32
-11
-13
19
30
-13
-19
18
41
29
-10
-4
10
22
14
9
7
-12
-14
3
20
13
-19
-20
1
8
-12
-14
7
6
-14
-25
-7
11
4
-8
8
7
-21
-18
12
22
14
-1
10
13
7
25
39
38
19
22
41
39
12
34
80
59
-8
-26
57
121
50
-30
17
108
91
-11
-3
101
122
15
-52
34
132
83
-9
-12
48
48
-3
22
71
62
-13
-33
16
44
51
34
3
-18
-25
11
49
31
6
-4
-17
-16
41
108
94
-14
-74
8
114
91
-13
-31
45
41
-39
-31
89
122
-14
-120
-37
107
79
-40
-62
9
15
-43
-50
10
26
-49
-108
-76
3
6
-54
-95
-76
-47
-52
-78
-76
-50
-66
-124
-137
-50
4
-85
-200
-151
-19
7
-83
-138
-76
-47
-108
-101
-9
4
-118
-201
-125
2
13
-54
-101
-136
-153
-96
34
48
-104
-224
-176
-73
-73
-87
-60
-81
-218
-313
-171
44
19
-198
-304
-208
-111
-126
-117
-47
-72
-229
-300
-157
32
41
-106
-221
-200
-90
20
59
23
-29
-49
-32
21
129
228
185
23
-45
111
313
317
184
136
219
282
274
322
423
424
307
243
362
519
527
419
344
390
471
506
510
489
490
490
474
497
560
606
550
441
423
524
599
537
433
418
464
444
416
458
499
435
323
313
405
477
404
294
255
247
259
259
244
187
95
50
39
44
47
21
-51
-168
-230
-192
-152
-238
-371
-430
-450
-507
-592
-612
-630
-714
-850
-931
-909
-892
-945
-1065
-1138
-1179
-1205
-1236
-1291
-1338
-1405
-1464
-1524
-1551
-1520
-1502
-1572
-1643
-1603
-1485
-1466
-1546
-1536
-1422
-1313
-1324
-1331
-1217
-1084
-1015
-953
-863
-745
-589
-448
-312
-185
-25
168
322
430
576
790
983
1060
1110
1270
1483
1638
1670
1721
1860
2005
2070
2083
2142
2228
2260
2184
2143
2194
2244
2156
1965
1868
1867
1818
1660
1494
1413
1329
1139
927
857
866
737
468
247
200
158
5
-155
-243
-311
-479
-636
-613
-497
-537
-742
-867
-790
-663
-655
-689
-664
-619
-639
-632
-496
-316
-259
-335
-339
-197
-10
124
200
233
285
392
501
594
662
758
820
752
689
791
984
1041
891
775
862
935
856
747
744
751
601
388
317
338
268
38
-213
-370
-459
-564
-798
-1087
-1247
-1266
-1400
-1749
-2055
-2066
-2042
-2341
-2769
-2873
-2727
-2889
-3331
-3484
-3232
-3161
-3516
-3738
-3537
-3334
-3419
-3483
-3253
-3034
-3077
-3091
-2770
-2342
-2137
-2039
-1852
-1607
-1349
-929
-414
-103
-45
169
708
1210
1466
1675
2031
2354
2503
2662
3016
3381
3531
3553
3659
3840
3951
3992
4064
4120
4062
3924
3807
3760
3730
3647
3405
3088
2848
2732
2605
2339
2008
1751
1584
1381
1092
858
725
537
256
-29
-148
-208
-401
-674
-829
-790
-806
-985
-1135
-1107
-1031
-1080
-1160
-1137
-1028
-993
-1034
-1008
-884
-738
-684
-691
-648
-556
-452
-333
-238
-165
-116
-60
41
174
274
310
315
304
351
434
481
446
392
367
403
413
332
256
205
126
-12
-107
-165
-263
-473
-706
-816
-891
-1049
-1311
-1586
-1799
-1967
-2083
-2206
-2418
-2721
-2953
-3034
-3124
-3290
-3450
-3544
-3653
-3857
-3992
-3888
-3706
-3722
-3865
-3865
-3658
-3417
-3262
-3070
-2776
-2542
-2446
-2232
-1744
-1169
-810
-675
-439
18
525
945
1340
1734
2075
2348
2693
3146
3565
3807
3975
4182
4384
4544
4651
4788
4875
4880
4821
4749
4681
4594
4473
4320
4121
3852
3588
3365
3130
2833
2513
2209
1955
1673
1269
871
648
534
335
-40
-415
-591
-648
-750
-902
-1037
-1184
-1360
-1464
-1400
-1298
-1320
-1420
-1431
-1338
-1232
-1173
-1097
-964
-834
-765
-715
-621
-484
-288
-105
-32
-48
-32
92
280
402
457
474
467
464
576
749
803
722
595
596
676
684
602
521
456
391
278
153
75
-6
-155
-352
-505
-644
-820
-1037
-1164
-1286
-1556
-1901
-2091
-2117
-2330
-2790
-3071
-3040
-3123
-3539
-3895
-3841
-3776
-4054
-4353
-4331
-4252
-4431
-4544
-4307
-4066
-4170
-4306
-4028
-3569
-3332
-3199
-2926
-2602
-2378
-2008
-1360
-777
-515
-318
174
814
1321
1754
2241
2665
2923
3233
3773
4304
4620
4822
5060
5289
5413
5535
5758
5933
5885
5683
5529
5481
5443
5313
5067
4760
4404
4031
3712
3440
3139
2780
2355
1910
1507
1122
800
547
275
-130
-604
-941
-1099
-1211
-1398
-1589
-1754
-1961
-2121
-2126
-2014
-1946
-1992
-2060
-2045
-1950
-1788
-1603
-1430
-1328
-1284
-1183
-1017
-803
-597
-416
-280
-198
-137
-19
198
440
566
525
454
506
677
817
850
797
739
705
712
766
787
702
578
487
414
322
253
219
111
-89
-294
-404
-493
-656
-850
-1059
-1296
-1495
-1591
-1704
-1996
-2364
-2528
-2556
-2750
-3104
-3355
-3454
-3634
-3953
-4080
-3979
-4035
-4374
-4655
-4576
-4355
-4308
-4391
-4404
-4327
-4217
-4008
-3670
-3346
-3137
-2955
-2684
-2301
-1855
-1376
-850
-386
-51
262
720
1386
2072
2591
2874
3131
3527
4043
4579
5010
5288
5419
5534
5763
6090
6303
6335
6302
6259
6122
5946
5850
5819
5648
5247
4822
4523
4252
3866
3443
3085
2709
2245
1753
1310
937
580
264
-46
-458
-942
-1309
-1466
-1559
-1763
-2051
-2250
-2370
-2485
-2563
-2483
-2338
-2355
-2502
-2548
-2354
-2075
-1936
-1853
-1738
-1593
-1464
-1317
-1071
-834
-672
-576
-460
-307
-168
-4
197
345
372
345
432
596
699
684
654
666
679
683
654
634
592
546
492
420
299
172
123
94
-37
-272
-430
-450
-534
-796
-1063
-1176
-1229
-1421
-1679
-1899
-2070
-2299
-2505
-2543
-2623
-2961
-3388
-3521
-3398
-3409
-3697
-3967
-4076
-4118
-4163
-4075
-3902
-3952
-4209
-4251
-3855
-3394
-3284
-3366
-3179
-2727
-2340
-2082
-1740
-1246
-805
-493
-121
371
891
1373
1886
2391
2743
3023
3466
4115
4638
4828
4929
5229
5658
5946
6052
6150
6256
6292
6237
6210
6179
6064
5854
5620
5377
5054
4718
4436
4166
3743
3212
2756
2440
2100
1660
1180
716
265
-116
-357
-611
-1047
-1590
-1872
-1880
-1944
-2249
-2599
-2769
-2791
-2788
-2755
-2715
-2789
-2935
-2895
-2599
-2339
-2314
-2364
-2203
-1947
-1777
-1656
-1430
-1185
-1079
-1009
-806
-552
-427
-347
-164
19
47
40
183
407
466
408
422
522
537
534
586
587
471
389
452
491
367
180
159
167
22
-139
-174
-234
-425
-647
-724
-761
-928
-1135
-1270
-1423
-1687
-1917
-1971
-1993
-2209
-2528
-2793
-2914
-2944
-2941
-3052
-3373
-3693
-3736
-3550
-3467
-3639
-3824
-3818
-3701
-3568
-3413
-3231
-3141
-3093
-2898
-2475
-2072
-1865
-1691
-1315
-816
-379
-17
375
823
1242
1657
2120
2619
3022
3374
3742
4145
4516
4826
5120
5387
5582
5685
5804
5965
6062
6035
5939
5848
5746
5569
5377
5159
4901
4572
4233
3892
3485
3069
2713
2390
1967
1483
1028
627
247
-101
-375
-706
-1218
-1689
-1848
-1815
-1989
-2388
-2680
-2741
-2746
-2838
-2867
-2787
-2786
-2916
-2914
-2677
-2418
-2366
-2378
-2231
-1978
-1812
-1704
-1500
-1254
-1089
-1005
-867
-652
-463
-329
-197
-59
34
109
236
360
436
456
494
552
594
632
671
675
623
583
577
600
584
528
446
363
264
202
201
175
3
-256
-413
-408
-401
-561
-816
-1050
-1221
-1374
-1451
-1507
-1676
-1987
-2272
-2385
-2410
-2470
-2641
-2870
-3064
-3188
-3208
-3177
-3148
-3205
-3363
-3462
-3345
-3042
-2860
-2866
-2885
-2665
-2295
-1998
-1782
-1556
-1249
-917
-538
-82
333
620
926
1372
1872
2241
2534
2911
3374
3707
3925
4201
4545
4825
4977
5098
5204
5280
5336
5450
5499
5337
5075
4945
4919
4770
4457
4133
3843
3505
3136
2822
2516
2089
1614
1221
914
535
97
-262
-533
-863
-1289
-1656
-1878
-2022
-2199
-2477
-2727
-2844
-2897
-2949
-3020
-3063
-3074
-3035
-2962
-2840
-2730
-2679
-2589
-2378
-2127
-1983
-1876
-1682
-1433
-1205
-1009
-813
-614
-480
-348
-133
158
340
376
417
546
748
925
982
960
957
1028
1160
1239
1227
1126
1037
1050
1099
1091
1010
883
763
667
621
593
477
263
48
-35
-63
-207
-430
-638
-788
-953
-1169
-1330
-1426
-1563
-1850
-2121
-2219
-2235
-2393
-2677
-2853
-2905
-2977
-3078
-3131
-3159
-3233
-3340
-3306
-3158
-3059
-3037
-2962
-2791
-2597
-2399
-2151
-1854
-1611
-1412
-1139
-733
-290
100
414
716
1072
1477
1897
2303
2686
3016
3288
3553
3886
4228
4478
4649
4807
4921
4986
5053
5152
5212
5155
4972
4744
4570
4481
4393
4164
3750
3284
2963
2750
2485
2074
1578
1129
755
441
140
-229
-682
-1130
-1420
-1572
-1807
-2203
-2574
-2694
-2664
-2785
-3065
-3247
-3217
-3151
-3161
-3148
-3042
-2932
-2909
-2841
-2621
-2340
-2165
-2052
-1870
-1634
-1407
-1188
-928
-636
-440
-333
-202
73
417
629
710
755
896
1080
1255
1391
1457
1445
1416
1501
1646
1705
1624
1491
1432
1474
1508
1427
1258
1144
1078
1012
866
692
552
445
316
140
-58
-287
-431
-528
-661
-942
-1287
-1483
-1520
-1603
-1845
-2138
-2375
-2523
-2627
-2719
-2839
-3003
-3192
-3314
-3319
-3285
-3342
-3433
-3439
-3341
-3237
-3186
-3103
-2955
-2745
-2519
-2307
-2098
-1900
-1652
-1248
-807
-494
-266
57
503
913
1211
1548
1991
2396
2667
2905
3210
3549
3853
4104
4292
4375
4425
4546
4742
4848
4757
4579
4488
4469
4350
4109
3882
3672
3427
3088
2716
2412
2100
1758
1392
1049
671
228
-145
-415
-667
-1011
-1394
-1683
-1892
-2119
-2331
-2489
-2586
-2706
-2878
-2968
-2941
-2860
-2844
-2832
-2743
-2633
-2539
-2413
-2176
-1960
-1822
-1676
-1408
-1117
-973
-800
-487
-176
-10
116
342
616
809
949
1151
1369
1446
1453
1590
1840
1977
1925
1881
1936
2030
2039
2001
1970
1911
1819
1722
1667
1615
1518
1346
1168
1016
881
755
613
419
170
-43
-222
-416
-586
-780
-1031
-1262
-1520
-1766
-1889
-2036
-2260
-2484
-2712
-2881
-3013
-3132
-3237
-3332
-3459
-3601
-3658
-3672
-3657
-3622
-3569
-3511
-3473
-3403
-3255
-3015
-2750
-2531
-2362
-2210
-2008
-1647
-1144
-737
-540
-405
-102
411
903
1211
1444
1758
2147
2465
2696
2967
3271
3546
3730
3828
3941
4080
4203
4302
4340
4287
4181
4068
3986
3936
3803
3550
3278
3061
2833
2560
2242
1944
1670
1340
959
629
376
100
-220
-575
-871
-1106
-1308
-1492
-1704
-1964
-2149
-2233
-2273
-2334
-2433
-2472
-2472
-2452
-2424
-2297
-2134
-2019
-1980
-1919
-1708
-1416
-1171
-1066
-960
-752
-476
-239
-52
135
329
488
657
888
1098
1220
1293
1394
1563
1729
1781
1787
1820
1889
1922
1920
1907
1907
1859
1767
1704
1636
1543
1426
1353
1245
1040
803
677
634
500
260
10
-203
-403
-558
-686
-851
-1118
-1441
-1652
-1768
-1909
-2095
-2278
-2482
-2718
-2928
-3050
-3052
-3112
-3315
-3503
-3595
-3609
-3587
-3558
-3541
-3540
-3547
-3500
-3385
-3226
-3028
-2773
-2582
-2525
-2443
-2124
-1611
-1216
-1064
-944
-627
-180
221
538
847
1170
1482
1787
2074
2352
2642
2934
3198
3355
3463
3607
3777
3939
4028
4036
3992
3950
3929
3903
3790
3629
3465
3299
3112
2862
2593
2364
2125
1835
1534
1264
1001
707
409
124
-100
-342
-604
-796
-939
-1141
-1381
-1536
-1582
-1586
-1667
-1784
-1848
-1842
-1778
-1660
-1561
-1525
-1530
-1435
-1227
-998
-834
-742
-622
-470
-261
-59
130
307
459
558
651
847
1082
1245
1258
1247
1365
1546
1666
1659
1623
1651
1672
1667
1656
1660
1631
1540
1431
1368
1312
1218
1104
999
873
674
506
408
316
140
-104
-290
-417
-613
-867
-1017
-1088
-1279
-1595
-1904
-2061
-2083
-2167
-2401
-2709
-2967
-3079
-3090
-3145
-3293
-3505
-3670
-3733
-3688
-3645
-3669
-3711
-3727
-3674
-3570
-3459
-3326
-3151
-2995
-2832
-2630
-2386
-2120
-1828
-1532
-1216
-921
-629
-283
89
452
738
1035
1416
1805
2087
2294
2525
2832
3138
3365
3518
3650
3739
3842
4013
4124
4091
3955
3898
3946
3922
3731
3518
3356
3208
3007
2775
2531
2249
1970
1743
1533
1256
912
624
432
216
-53
-315
-513
-701
-869
-1041
-1179
-1290
-1417
-1491
-1523
-1549
-1596
-1622
-1600
-1528
-1451
-1382
-1315
-1236
-1119
-962
-817
-687
-591
-452
-298
-158
-4
151
307
388
505
667
834
916
954
1059
1181
1239
1242
1314
1400
1412
1377
1365
1397
1394
1325
1286
1257
1171
1057
976
942
828
636
488
385
273
89
-90
-208
-389
-645
-859
-952
-1037
-1261
-1557
-1783
-1919
-2058
-2220
-2365
-2556
-2810
-3010
-3080
-3120
-3243
-3439
-3558
-3574
-3640
-3740
-3765
-3705
-3657
-3679
-3694
-3622
-3492
-3348
-3193
-3026
-2880
-2720
-2495
-2220
-1950
-1713
-1435
-1116
-811
-534
-239
98
471
796
1087
1395
1705
1997
2286
2582
2829
3017
3200
3414
3622
3775
3860
3931
4001
4067
4117
4110
4040
3934
3834
3799
3745
3575
3328
3094
2938
2817
2620
2331
2041
1783
1567
1361
1129
833
560
350
175
-20
-271
-490
-628
-720
-872
-1056
-1161
-1182
-1213
-1267
-1333
-1346
-1312
-1255
-1195
-1147
-1096
-1043
-930
-783
-655
-570
-475
-330
-173
-52
60
186
321
436
530
626
727
828
896
968
1018
1042
1070
1120
1176
1169
1105
1043
1028
1056
1018
904
799
698
613
536
442
316
142
-31
-156
-246
-386
-598
-799
-946
-1072
-1230
-1413
-1591
-1757
-1924
-2084
-2200
-2313
-2468
-2639
-2779
-2883
-2961
-3028
-3107
-3183
-3301
-3388
-3384
-3335
-3327
-3356
-3373
-3354
-3265
-3167
-3038
-2911
-2825
-2740
-2590
-2356
-2101
-1888
-1700
-1473
-1237
-971
-668
-348
-57
198
461
777
1117
1417
1676
1945
2213
2461
2712
2946
3175
3366
3526
3667
3798
3922
4021
4087
4099
4071
4049
4050
4033
3932
3794
3648
3506
3361
3192
3025
2799
2550
2275
2056
1864
1630
1359
1067
800
560
347
132
-79
-353
-611
-778
-882
-998
-1193
-1375
-1468
-1482
-1529
-1618
-1651
-1630
-1609
-1612
-1564
-1474
-1386
-1314
-1237
-1109
-1003
-908
-769
-578
-436
-378
-311
-139
79
208
242
296
437
572
662
717
764
787
810
855
916
929
864
812
809
810
758
656
572
502
416
315
200
88
-40
-161
-296
-423
-578
-733
-867
-998
-1148
-1334
-1507
-1626
-1706
-1843
-2032
-2212
-2320
-2379
-2454
-2582
-2708
-2811
-2861
-2894
-2940
-2983
-3046
-3078
-3075
-3027
-2996
-3002
-2980
-2884
-2765
-2695
-2646
-2514
-2335
-2149
-2021
-1906
-1687
-1440
-1192
-998
-800
-546
-276
9
290
556
799
1054
1343
1664
1949
2168
2383
2617
2881
3103
3277
3451
3616
3757
3847
3937
4028
4093
4122
4111
4089
4053
3989
3920
3824
3698
3533
3341
3190
3029
2830
2592
2322
2084
1860
1623
1378
1117
853
583
351
139
-70
-316
-569
-757
-885
-995
-1178
-1361
-1457
-1487
-1543
-1633
-1707
-1679
-1614
-1605
-1608
-1576
-1472
-1356
-1267
-1195
-1095
-989
-858
-678
-512
-415
-357
-243
-42
145
236
259
320
468
595
643
651
699
758
779
779
774
801
797
736
670
635
598
528
444
341
247
141
15
-87
-147
-277
-469
-613
-690
-757
-906
-1066
-1186
-1294
-1436
-1582
-1653
-1725
-1870
-2055
-2151
-2145
-2205
-2371
-2500
-2523
-2517
-2614
-2721
-2719
-2674
-2709
-2804
-2791
-2700
-2636
-2659
-2649
-2542
-2441
-2382
-2304
-2123
-1960
-1899
-1817
-1573
-1272
-1097
-1019
-837
-497
-193
3
178
447
772
1021
1235
1504
1815
2077
2256
2470
2737
2989
3192
3345
3524
3670
3781
3890
4015
4115
4123
4093
4087
4118
4075
3957
3846
3755
3631
3413
3230
3097
2931
2642
2319
2119
1963
1729
1378
1071
837
613
355
88
-130
-393
-663
-853
-949
-1087
-1355
-1571
-1615
-1612
-1730
-1913
-1943
-1852
-1834
-1941
-1975
-1818
-1645
-1615
-1651
-1567
-1360
-1199
-1119
-1006
-870
-750
-635
-459
-259
-130
-97
-34
139
304
382
400
465
553
608
623
647
692
694
653
602
588
584
527
451
388
300
191
82
31
-13
-152
-335
-451
-486
-550
-705
-885
-991
-1058
-1169
-1297
-1382
-1459
-1596
-1732
-1800
-1807
-1900
-2060
-2162
-2176
-2182
-2285
-2390
-2409
-2396
-2460
-2548
-2543
-2465
-2451
-2513
-2531
-2442
-2340
-2293
-2270
-2193
-2062
-1958
-1859
-1727
-1538
-1355
-1206
-1063
-867
-613
-344
-121
75
291
541
855
1137
1396
1620
1839
2122
2401
2654
2871
3051
3245
3457
3657
3799
3904
4003
4113
4194
4213
4220
4213
4215
4158
4049
3921
3808
3694
3508
3288
3061
2855
2637
2392
2118
1830
1545
1283
1026
759
457
143
-108
-307
-521
-798
-1056
-1229
-1355
-1528
-1718
-1829
-1891
-1960
-2075
-2146
-2125
-2092
-2099
-2107
-2048
-1959
-1898
-1837
-1708
-1556
-1457
-1392
-1265
-1055
-878
-790
-711
-565
-407
-287
-177
-65
30
103
154
245
355
397
374
379
431
494
493
419
385
380
376
317
256
192
131
70
-12
-80
-161
-255
-359
-422
-513
-639
-747
-801
-851
-973
-1132
-1241
-1272
-1333
-1485
-1634
-1693
-1729
-1835
-1978
-2060
-2086
-2160
-2298
-2373
-2377
-2386
-2479
-2562
-2547
-2519
-2516
-2531
-2485
-2430
-2400
-2350
-2229
-2076
-1980
-1895
-1748
-1529
-1312
-1136
-948
-701
-428
-174
69
338
639
936
1217
1500
1792
2099
2388
2663
2917
3158
3404
3645
3862
4045
4193
4333
4490
4597
4643
4662
4685
4694
4650
4533
4407
4319
4205
4009
3756
3541
3346
3095
2794
2504
2230
1929
1593
1295
1034
734
365
26
-194
-397
-702
-1057
-1293
-1421
-1549
-1790
-2030
-2133
-2174
-2252
-2389
-2469
-2452
-2402
-2412
-2436
-2390
-2290
-2197
-2130
-2045
-1910
-1763
-1653
-1536
-1368
-1188
-1063
-969
-820
-643
-504
-414
-319
-173
-57
9
62
164
273
306
285
305
385
428
391
334
335
340
322
270
211
164
107
51
-22
-96
-175
-265
-336
-424
-537
-633
-705
-768
-872
-1001
-1113
-1174
-1235
-1336
-1473
-1575
-1638
-1717
-1799
-1894
-1964
-2025
-2099
-2162
-2210
-2231
-2266
-2323
-2330
-2332
-2338
-2319
-2278
-2194
-2144
-2139
-2074
-1890
-1689
-1593
-1561
-1395
-1091
-838
-706
-573
-301
40
298
464
709
1071
1392
1603
1821
2126
2455
2705
2899
3140
3393
3593
3763
3961
4157
4261
4289
4361
4494
4579
4544
4451
4422
4406
4309
4148
3992
3853
3681
3443
3188
2979
2746
2464
2154
1863
1593
1305
1022
726
407
81
-190
-395
-615
-907
-1197
-1382
-1513
-1678
-1897
-2057
-2102
-2155
-2308
-2434
-2399
-2335
-2359
-2421
-2400
-2293
-2202
-2151
-2081
-1949
-1832
-1756
-1644
-1447
-1276
-1222
-1154
-982
-767
-648
-616
-522
-342
-210
-179
-157
-40
87
120
108
139
224
265
256
228
221
218
189
164
151
97
26
-30
-59
-88
-176
-263
-326
-373
-448
-555
-627
-690
-760
-867
-977
-1040
-1098
-1179
-1277
-1366
-1437
-1505
-1582
-1641
-1703
-1768
-1831
-1875
-1899
-1949
-1981
-1993
-1994
-2001
-2003
-1974
-1935
-1897
-1852
-1775
-1682
-1572
-1454
-1311
-1179
-1052
-873
-643
-439
-263
-71
180
462
681
890
1132
1437
1701
1916
2131
2404
2680
2876
3070
3262
3490
3647
3779
3925
4051
4148
4180
4232
4292
4298
4220
4157
4125
4046
3882
3715
3592
3456
3225
2940
2731
2542
2284
1961
1681
1452
1182
835
555
354
87
-263
-578
-735
-883
-1161
-1502
-1676
-1725
-1867
-2111
-2266
-2260
-2298
-2437
-2566
-2514
-2415
-2471
-2563
-2511
-2330
-2237
-2268
-2220
-2021
-1854
-1820
-1770
-1583
-1374
-1278
-1246
-1125
-919
-779
-721
-646
-512
-402
-348
-276
-165
-67
-52
-47
26
93
98
76
108
143
118
38
44
90
47
-47
-120
-107
-119
-214
-295
-318
-363
-481
-589
-594
-586
-698
-888
-968
-946
-981
-1133
-1265
-1276
-1302
-1399
-1530
-1556
-1530
-1604
-1726
-1782
-1736
-1715
-1777
-1837
-1818
-1767
-1748
-1748
-1704
-1605
-1543
-1513
-1434
-1284
-1124
-1017
-920
-766
-556
-358
-174
9
216
454
683
900
1127
1381
1631
1855
2069
2301
2542
2753
2943
3129
3320
3480
3598
3707
3850
3973
4007
3998
4023
4081
4086
4004
3895
3816
3731
3600
3440
3279
3083
2847
2615
2394
2180
1903
1604
1343
1095
819
514
255
10
-272
-568
-811
-986
-1189
-1445
-1672
-1807
-1933
-2107
-2251
-2330
-2371
-2468
-2592
-2602
-2524
-2501
-2567
-2582
-2463
-2331
-2295
-2285
-2166
-1976
-1867
-1823
-1695
-1499
-1355
-1277
-1180
-996
-846
-770
-684
-538
-382
-328
-297
-192
-42
28
31
54
143
215
201
209
244
268
232
189
211
237
175
92
71
76
35
-65
-120
-117
-155
-279
-386
-417
-415
-511
-656
-745
-772
-806
-910
-1006
-1068
-1113
-1196
-1258
-1286
-1314
-1387
-1471
-1501
-1495
-1499
-1546
-1577
-1552
-1514
-1491
-1468
-1423
-1326
-1255
-1194
-1088
-964
-841
-723
-570
-408
-243
-88
104
334
546
717
894
1135
1399
1620
1801
2013
2242
2453
2627
2791
2991
3163
3286
3386
3515
3638
3697
3720
3736
3777
3783
3716
3648
3598
3520
3369
3185
3042
2912
2721
2478
2238
2022
1797
1535
1278
1018
752
470
199
-14
-248
-534
-823
-1036
-1184
-1366
-1619
-1831
-1941
-2037
-2167
-2323
-2400
-2413
-2445
-2515
-2560
-2526
-2464
-2431
-2415
-2360
-2280
-2177
-2069
-1966
-1857
-1752
-1641
-1523
-1370
-1213
-1085
-989
-892
-752
-584
-459
-384
-324
-225
-96
-13
31
92
175
227
244
259
320
361
350
326
307
311
303
279
258
233
174
116
83
54
14
-58
-143
-212
-281
-332
-357
-429
-550
-674
-719
-717
-769
-900
-1021
-1049
-1065
-1152
-1251
-1302
-1306
-1348
-1448
-1506
-1484
-1472
-1509
-1537
-1536
-1496
-1463
-1426
-1352
-1270
-1237
-1210
-1081
-887
-727
-670
-599
-402
-154
43
185
348
575
801
995
1205
1447
1673
1849
2039
2262
2474
2648
2791
2961
3129
3232
3297
3404
3527
3593
3573
3531
3547
3552
3502
3397
3293
3180
3022
2867
2724
2561
2331
2060
1820
1631
1414
1138
840
583
342
89
-155
-397
-649
-910
-1128
-1290
-1465
-1683
-1890
-2001
-2065
-2184
-2342
-2433
-2402
-2395
-2469
-2545
-2503
-2385
-2325
-2322
-2289
-2165
-2027
-1921
-1814
-1680
-1541
-1426
-1302
-1125
-942
-820
-728
-594
-425
-277
-183
-101
39
171
246
285
366
477
547
564
562
606
645
656
643
626
616
575
533
514
495
448
362
284
235
198
123
42
-34
-114
-211
-317
-377
-448
-536
-651
-771
-822
-882
-989
-1088
-1159
-1201
-1285
-1400
-1461
-1458
-1482
-1577
-1654
-1654
-1616
-1632
-1668
-1639
-1578
-1552
-1522
-1432
-1319
-1250
-1198
-1057
-856
-719
-638
-476
-219
6
118
239
518
821
995
1096
1300
1624
1859
1967
2120
2376
2599
2708
2811
2995
3171
3237
3258
3342
3454
3488
3433
3411
3430
3382
3255
3141
3079
2986
2796
2557
2380
2237
2051
1813
1569
1339
1103
861
622
380
143
-89
-333
-591
-819
-986
-1134
-1315
-1548
-1754
-1849
-1899
-1998
-2144
-2222
-2239
-2251
-2308
-2351
-2295
-2215
-2175
-2187
-2146
-2007
-1865
-1768
-1696
-1605
-1480
-1346
-1205
-1075
-937
-821
-727
-619
-480
-321
-210
-149
-70
35
122
185
231
322
393
393
374
409
474
486
449
409
412
394
346
302
288
256
186
80
-9
-41
-74
-149
-281
-402
-484
-516
-576
-699
-822
-899
-952
-1040
-1155
-1231
-1258
-1318
-1428
-1517
-1549
-1584
-1646
-1690
-1685
-1685
-1743
-1777
-1709
-1619
-1587
-1619
-1579
-1419
-1285
-1218
-1156
-1017
-830
-686
-564
-387
-188
-2
181
368
578
799
1019
1233
1427
1625
1837
2074
2274
2409
2569
2754
2933
3030
3104
3226
3364
3414
3382
3389
3462
3504
3415
3284
3205
3167
3060
2883
2739
2605
2399
2140
1923
1802
1635
1316
982
763
613
381
72
-180
-335
-556
-876
-1122
-1206
-1266
-1498
-1797
-1950
-1951
-1979
-2124
-2241
-2253
-2237
-2291
-2342
-2282
-2159
-2090
-2098
-2084
-1989
-1828
-1662
-1524
-1434
-1377
-1283
-1089
-879
-723
-636
-554
-432
-293
-134
10
130
174
232
322
435
512
535
592
639
642
588
581
644
679
613
511
443
430
407
340
270
190
73
-51
-136
-167
-206
-350
-529
-657
-702
-720
-817
-1000
-1146
-1212
-1244
-1323
-1452
-1558
-1600
-1623
-1697
-1781
-1827
-1815
-1811
-1840
-1867
-1853
-1799
-1750
-1716
-1642
-1542
-1470
-1397
-1279
-1084
-905
-822
-761
-561
-246
-1
91
177
428
766
1017
1151
1314
1570
1820
1995
2175
2419
2608
2714
2810
3006
3222
3288
3299
3366
3494
3525
3458
3423
3480
3484
3362
3201
3088
3038
2914
2741
2558
2373
2122
1870
1720
1562
1303
977
707
515
305
77
-129
-353
-646
-933
-1062
-1100
-1247
-1560
-1777
-1795
-1797
-1959
-2157
-2151
-2047
-2102
-2280
-2307
-2121
-1974
-2037
-2096
-1969
-1784
-1724
-1700
-1524
-1284
-1227
-1274
-1155
-843
-599
-575
-601
-479
-247
-97
-38
37
158
227
259
320
432
525
532
509
498
554
572
534
503
478
448
388
292
219
196
162
52
-110
-227
-272
-311
-429
-587
-725
-819
-896
-1001
-1106
-1231
-1354
-1458
-1548
-1603
-1671
-1761
-1881
-1966
-1968
-1941
-1967
-2061
-2114
-2060
-1966
-1936
-1962
-1928
-1793
-1662
-1606
-1561
-1401
-1167
-989
-901
-796
-580
-298
-54
122
280
493
745
996
1225
1447
1677
1850
2020
2234
2500
2711
2839
2928
3076
3255
3358
3406
3477
3583
3598
3526
3479
3522
3522
3403
3227
3111
3025
2879
2682
2509
2354
2131
1863
1609
1456
1276
1001
699
454
251
50
-172
-399
-622
-856
-1028
-1135
-1265
-1485
-1669
-1738
-1753
-1858
-2011
-2061
-1985
-1966
-2091
-2158
-2033
-1861
-1855
-1912
-1841
-1656
-1535
-1509
-1414
-1211
-1078
-1074
-1011
-766
-522
-481
-517
-383
-139
3
-14
25
199
338
344
302
385
516
551
501
493
543
541
493
464
465
430
332
251
214
168
81
-28
-117
-209
-306
-395
-500
-632
-768
-863
-923
-1044
-1216
-1364
-1419
-1463
-1596
-1743
-1827
-1866
-1948
-2047
-2095
-2062
-2078
-2180
-2252
-2193
-2077
-2061
-2113
-2073
-1889
-1754
-1742
-1682
-1467
-1201
-1062
-1014
-857
-569
-270
-90
53
281
570
827
1032
1283
1562
1813
1996
2186
2447
2699
2854
2992
3159
3347
3489
3550
3635
3730
3806
3812
3785
3762
3742
3691
3584
3482
3380
3254
3062
2867
2704
2525
2310
2070
1854
1615
1369
1105
863
637
392
177
-34
-291
-591
-797
-865
-941
-1198
-1522
-1665
-1620
-1640
-1836
-2007
-1983
-1898
-1978
-2118
-2073
-1884
-1823
-1916
-1942
-1787
-1609
-1547
-1519
-1394
-1236
-1160
-1135
-1018
-797
-629
-597
-607
-506
-328
-173
-117
-92
-22
64
130
162
213
266
282
263
271
304
314
258
186
206
220
158
40
-50
-48
-77
-186
-322
-409
-439
-502
-636
-824
-936
-948
-967
-1096
-1336
-1489
-1488
-1468
-1583
-1783
-1876
-1883
-1939
-2068
-2124
-2052
-2022
-2151
-2286
-2235
-2054
-1982
-2040
-2049
-1929
-1768
-1716
-1650
-1460
-1220
-1066
-992
-858
-597
-303
-68
116
308
537
760
1035
1343
1617
1785
1925
2156
2469
2725
2846
2952
3151
3364
3474
3517
3588
3736
3816
3780
3702
3706
3736
3673
3537
3404
3303
3165
3001
2830
2639
2403
2145
1923
1746
1508
1214
935
702
498
247
-22
-227
-402
-651
-945
-1143
-1198
-1253
-1461
-1741
-1874
-1839
-1814
-1931
-2058
-2052
-1977
-1989
-2046
-1970
-1802
-1701
-1734
-1733
-1580
-1374
-1258
-1195
-1066
-911
-825
-763
-600
-370
-212
-180
-180
-84
110
268
316
319
353
419
489
532
550
566
564
541
505
499
494
453
384
306
251
180
96
21
-47
-136
-272
-389
-470
-530
-650
-818
-963
-1062
-1146
-1249
-1348
-1470
-1610
-1744
-1832
-1861
-1888
-2006
-2164
-2265
-2264
-2217
-2225
-2295
-2353
-2352
-2307
-2252
-2177
-2109
-2070
-2008
-1906
-1760
-1621
-1482
-1297
-1059
-893
-805
-643
-327
51
272
348
503
834
1211
1470
1638
1856
2083
2332
2566
2775
2981
3142
3282
3417
3556
3676
3771
3846
3895
3883
3869
3839
3822
3773
3658
3528
3379
3223
3056
2895
2714
2497
2225
1952
1745
1570
1322
993
667
435
262
27
-252
-503
-692
-907
-1157
-1314
-1384
-1489
-1722
-1950
-1990
-1921
-1963
-2128
-2177
-2087
-2031
-2114
-2122
-1956
-1769
-1758
-1827
-1720
-1484
-1308
-1268
-1168
-978
-819
-788
-693
-439
-200
-157
-215
-102
139
308
309
303
408
544
565
526
564
671
704
625
534
544
613
565
463
389
347
278
177
80
15
-63
-218
-359
-438
-525
-662
-803
-929
-1021
-1144
-1324
-1429
-1491
-1608
-1790
-1931
-1984
-2017
-2122
-2270
-2383
-2419
-2415
-2452
-2492
-2541
-2557
-2545
-2496
-2443
-2392
-2340
-2255
-2127
-2027
-1907
-1762
-1555
-1336
-1171
-1044
-848
-552
-249
-23
166
395
673
966
1244
1517
1779
1997
2192
2434
2703
2933
3078
3233
3407
3562
3649
3711
3850
3969
3966
3880
3849
3894
3880
3757
3603
3493
3377
3177
2949
2783
2639
2395
2069
1783
1603
1403
1110
786
520
310
53
-205
-438
-619
-843
-1110
-1311
-1403
-1502
-1680
-1869
-1963
-1951
-2013
-2117
-2151
-2072
-2020
-2059
-2080
-1973
-1811
-1722
-1690
-1613
-1445
-1302
-1193
-1074
-885
-730
-655
-531
-332
-131
-44
4
139
321
426
429
505
658
763
737
686
752
853
853
760
720
727
707
610
521
494
443
311
162
83
12
-126
-291
-394
-480
-636
-838
-974
-1043
-1151
-1355
-1538
-1638
-1730
-1862
-2012
-2124
-2190
-2256
-2357
-2469
-2541
-2567
-2577
-2583
-2623
-2655
-2624
-2533
-2443
-2411
-2377
-2250
-2077
-1945
-1840
-1675
-1448
-1238
-1070
-882
-611
-341
-103
132
401
680
942
1210
1495
1808
2065
2282
2522
2800
3048
3217
3378
3590
3796
3916
3964
4041
4176
4260
4241
4199
4176
4166
4109
3967
3825
3710
3581
3385
3148
2911
2693
2478
2219
1932
1634
1359
1105
836
531
237
-6
-251
-507
-759
-982
-1182
-1397
-1586
-1707
-1796
-1940
-2113
-2189
-2172
-2188
-2276
-2324
-2229
-2107
-2121
-2151
-2036
-1817
-1676
-1659
-1599
-1386
-1175
-1092
-1012
-808
-569
-459
-421
-269
-23
115
144
200
376
528
538
541
654
790
763
673
707
822
820
670
584
622
624
475
313
284
277
147
-70
-223
-275
-366
-530
-683
-791
-943
-1144
-1297
-1359
-1445
-1650
-1846
-1952
-2012
-2165
-2349
-2422
-2411
-2474
-2658
-2806
-2811
-2738
-2743
-2814
-2845
-2803
-2755
-2713
-2639
-2500
-2375
-2312
-2208
-2019
-1796
-1611
-1446
-1244
-972
-699
-482
-252
45
364
619
860
1151
1475
1767
1997
2237
2528
2787
2980
3167
3405
3635
3756
3831
3947
4097
4199
4197
4184
4206
4199
4132
4039
3959
3827
3636
3466
3331
3152
2865
2560
2341
2167
1911
1557
1256
1028
768
452
162
-56
-283
-564
-819
-994
-1197
-1460
-1647
-1683
-1712
-1925
-2203
-2259
-2108
-2065
-2225
-2332
-2209
-2044
-2061
-2113
-1981
-1736
-1627
-1660
-1587
-1340
-1125
-1058
-992
-783
-550
-479
-463
-295
-17
126
108
110
291
496
550
517
547
672
721
667
651
729
772
692
564
532
565
526
376
251
209
155
10
-170
-278
-348
-451
-632
-807
-948
-1051
-1171
-1325
-1473
-1637
-1751
-1852
-1964
-2108
-2249
-2319
-2358
-2434
-2541
-2624
-2658
-2664
-2688
-2687
-2633
-2597
-2617
-2595
-2449
-2283
-2184
-2124
-1975
-1720
-1518
-1399
-1243
-935
-593
-386
-246
0
372
698
914
1147
1472
1777
1997
2229
2534
2826
3006
3143
3378
3649
3807
3865
3949
4122
4235
4233
4194
4220
4283
4229
4078
3938
3860
3766
3583
3352
3141
2950
2738
2463
2185
1952
1717
1446
1109
813
595
373
77
-252
-463
-608
-835
-1144
-1389
-1460
-1493
-1679
-1959
-2092
-2043
-2028
-2152
-2250
-2199
-2091
-2098
-2139
-2052
-1878
-1782
-1773
-1691
-1493
-1328
-1257
-1161
-966
-746
-649
-600
-465
-240
-65
12
73
187
328
430
503
566
610
629
661
703
733
713
664
633
627
582
490
402
346
280
145
-3
-129
-215
-330
-479
-614
-742
-894
-1077
-1215
-1309
-1430
-1625
-1823
-1931
-1998
-2118
-2320
-2452
-2485
-2522
-2646
-2802
-2840
-2803
-2812
-2905
-2923
-2841
-2794
-2801
-2769
-2612
-2441
-2372
-2339
-2166
-1865
-1639
-1544
-1396
-1102
-775
-555
-372
-94
238
548
786
1051
1390
1689
1921
2163
2476
2759
2934
3117
3363
3631
3776
3819
3922
4109
4248
4236
4178
4192
4257
4222
4080
3951
3874
3768
3581
3364
3203
3035
2777
2465
2208
2023
1784
1450
1122
889
677
397
63
-199
-355
-542
-863
-1175
-1298
-1317
-1426
-1706
-1947
-1961
-1897
-1954
-2109
-2159
-2065
-2011
-2075
-2088
-1916
-1723
-1682
-1739
-1643
-1386
-1186
-1148
-1112
-895
-661
-572
-556
-398
-135
21
16
29
210
407
454
415
483
625
658
585
571
674
733
632
524
517
551
480
336
265
247
153
-33
-158
-206
-275
-456
-639
-728
-797
-954
-1152
-1266
-1334
-1462
-1661
-1802
-1849
-1950
-2124
-2239
-2242
-2273
-2449
-2604
-2607
-2505
-2511
-2630
-2673
-2598
-2520
-2538
-2494
-2346
-2191
-2150
-2111
-1926
-1668
-1479
-1375
-1208
-943
-696
-512
-271
53
341
528
722
1037
1394
1636
1813
2088
2414
2635
2752
2950
3263
3518
3592
3631
3796
3995
4072
4036
4063
4161
4183
4055
3916
3885
3872
3748
3509
3322
3201
3035
2776
2505
2304
2135
1858
1509
1222
1032
843
523
198
-18
-145
-367
-728
-1005
-1056
-1060
-1268
-1612
-1816
-1756
-1699
-1836
-2021
-2026
-1912
-1924
-2041
-2020
-1821
-1668
-1729
-1780
-1624
-1375
-1246
-1232
-1134
-952
-808
-756
-651
-440
-239
-180
-164
-51
113
227
266
329
416
478
476
483
525
565
570
521
476
445
406
356
300
229
143
32
-101
-200
-301
-406
-517
-657
-794
-952
-1100
-1235
-1351
-1456
-1578
-1729
-1883
-2023
-2137
-2204
-2251
-2329
-2446
-2578
-2670
-2666
-2642
-2646
-2684
-2718
-2728
-2693
-2617
-2503
-2389
-2332
-2289
-2180
-1990
-1789
-1596
-1405
-1202
-1040
-875
-623
-288
28
240
405
656
982
1258
1491
1744
2057
2328
2487
2635
2906
3225
3418
3492
3592
3773
3934
3989
3997
4058
4131
4141
4047
3928
3873
3846
3762
3591
3398
3242
3082
2855
2604
2406
2240
1986
1643
1335
1132
953
660
340
127
-25
-310
-702
-924
-911
-934
-1239
-1618
-1744
-1652
-1655
-1862
-1994
-1939
-1902
-2022
-2128
-1992
-1774
-1746
-1884
-1877
-1660
-1463
-1399
-1346
-1154
-988
-950
-913
-701
-409
-278
-292
-260
-79
100
161
183
303
418
439
405
438
546
603
559
491
510
525
464
369
345
339
259
92
-42
-103
-171
-304
-477
-582
-654
-784
-977
-1135
-1227
-1271
-1387
-1561
-1716
-1845
-1957
-2032
-2089
-2171
-2301
-2468
-2571
-2591
-2588
-2602
-2637
-2681
-2708
-2716
-2644
-2513
-2392
-2336
-2326
-2232
-2071
-1880
-1696
-1496
-1294
-1175
-1054
-817
-442
-117
51
190
454
815
1118
1347
1598
1921
2196
2368
2541
2814
3100
3282
3378
3518
3709
3824
3862
3919
4053
4129
4086
3987
3967
4012
3960
3793
3629
3553
3434
3207
2943
2747
2584
2344
2052
1786
1539
1263
970
723
541
336
31
-258
-445
-592
-783
-985
-1124
-1264
-1463
-1669
-1727
-1688
-1727
-1886
-2006
-1962
-1877
-1878
-1884
-1764
-1608
-1584
-1629
-1502
-1238
-1066
-1075
-1072
-891
-649
-565
-571
-428
-202
-83
-117
-56
155
322
342
319
419
565
565
490
514
621
633
503
399
410
428
308
148
89
72
-32
-209
-343
-408
-475
-620
-771
-876
-1017
-1181
-1321
-1417
-1537
-1712
-1891
-2004
-2084
-2228
-2380
-2455
-2471
-2557
-2706
-2797
-2766
-2709
-2740
-2820
-2835
-2781
-2742
-2718
-2641
-2508
-2440
-2401
-2301
-2075
-1815
-1661
-1573
-1384
-1055
-741
-523
-342
-68
244
516
759
1033
1346
1605
1815
2076
2379
2639
2810
3001
3271
3515
3656
3748
3906
4094
4166
4122
4134
4213
4229
4136
4015
3950
3871
3705
3520
3386
3247
3022
2751
2538
2352
2091
1775
1496
1260
995
665
377
165
-76
-370
-620
-775
-958
-1242
-1462
-1487
-1489
-1698
-2002
-2092
-1956
-1948
-2158
-2262
-2082
-1874
-1956
-2113
-1996
-1658
-1501
-1590
-1550
-1268
-1031
-1034
-1003
-718
-405
-354
-444
-285
90
294
234
203
389
570
569
538
688
878
849
691
683
852
918
796
666
674
673
509
302
231
225
89
-149
-317
-398
-492
-626
-745
-857
-1018
-1199
-1317
-1385
-1524
-1727
-1902
-2001
-2155
-2407
-2570
-2548
-2519
-2667
-2873
-2901
-2769
-2734
-2835
-2838
-2656
-2542
-2637
-2743
-2602
-2357
-2304
-2401
-2342
-2034
-1738
-1634
-1571
-1286
-881
-574
-381
-142
234
574
810
1009
1242
1474
1639
1851
2170
2502
2702
2826
3040
3356
3649
3795
3922
4125
4308
4352
4287
4242
4250
4227
4140
4051
4001
3899
3742
3612
3512
3384
3165
2917
2722
2540
2282
1977
1672
1380
1059
730
493
315
69
-258
-495
-606
-780
-1133
-1430
-1426
-1307
-1461
-1883
-2130
-2007
-1857
-2020
-2253
-2164
-1885
-1821
-2013
-2036
-1732
-1458
-1524
-1662
-1504
-1173
-1012
-1036
-924
-657
-507
-566
-488
-107
263
307
165
207
419
548
531
555
667
692
580
527
629
711
608
465
491
580
539
360
231
211
114
-140
-363
-452
-487
-603
-803
-1002
-1196
-1359
-1429
-1422
-1495
-1720
-1912
-1952
-1988
-2206
-2497
-2592
-2504
-2536
-2799
-2969
-2888
-2752
-2813
-2950
-2841
-2586
-2513
-2612
-2562
-2268
-2063
-2114
-2158
-1902
-1509
-1349
-1344
-1147
-684
-344
-251
-117
282
768
1042
1194
1434
1785
2044
2203
2417
2723
2950
3072
3258
3537
3761
3819
3841
3985
4196
4301
4286
4298
4332
4288
4144
3971
3857
3735
3552
3369
3186
2965
2711
2462
2242
1998
1732
1490
1286
1037
702
366
102
-159
-487
-764
-920
-1052
-1338
-1665
-1813
-1802
-1856
-2083
-2240
-2169
-2060
-2143
-2331
-2336
-2168
-2112
-2213
-2240
-2013
-1752
-1680
-1696
-1569
-1302
-1101
-1029
-903
-664
-461
-371
-288
-103
98
212
255
353
508
648
717
760
823
856
823
770
768
808
831
778
694
617
536
440
323
209
104
-9
-131
-279
-463
-699
-919
-1084
-1194
-1305
-1447
-1577
-1687
-1833
-2051
-2219
-2271
-2278
-2406
-2637
-2793
-2838
-2902
-3049
-3163
-3121
-3040
-3054
-3046
-2923
-2747
-2677
-2660
-2523
-2250
-2046
-1992
-1927
-1710
-1454
-1341
-1242
-928
-509
-242
-121
139
636
1094
1337
1499
1815
2168
2359
2475
2731
3094
3304
3328
3401
3664
3911
3973
4024
4248
4497
4516
4359
4302
4361
4312
4112
3931
3853
3729
3430
3130
2984
2897
2681
2378
2186
2064
1845
1474
1112
844
604
332
42
-226
-498
-771
-1000
-1219
-1492
-1704
-1711
-1599
-1701
-2045
-2256
-2125
-1916
-1987
-2188
-2144
-1912
-1901
-2109
-2118
-1777
-1478
-1545
-1650
-1440
-1077
-955
-1015
-869
-495
-280
-357
-339
-23
304
301
153
245
525
671
607
617
740
768
638
559
680
796
708
523
434
427
329
137
28
-6
-102
-300
-490
-596
-690
-805
-957
-1107
-1305
-1532
-1635
-1633
-1726
-1972
-2225
-2330
-2381
-2570
-2768
-2806
-2720
-2737
-2889
-2979
-2932
-2860
-2864
-2844
-2724
-2601
-2574
-2547
-2399
-2186
-2077
-2035
-1895
-1607
-1331
-1134
-923
-684
-471
-330
-134
267
764
1145
1378
1593
1859
2105
2291
2522
2892
3256
3425
3439
3506
3719
3929
3995
3991
4056
4184
4261
4212
4146
4138
4087
3960
3794
3671
3601
3469
3239
2987
2757
2529
2283
2036
1836
1611
1274
884
583
398
175
-173
-523
-699
-835
-1118
-1428
-1488
-1334
-1362
-1691
-1955
-1855
-1648
-1713
-1946
-1960
-1789
-1815
-2080
-2180
-1896
-1558
-1518
-1593
-1438
-1123
-1002
-1008
-836
-508
-342
-387
-336
-72
135
63
28
250
541
598
497
570
733
713
506
438
618
681
466
229
206
243
75
-143
-130
47
38
-199
-380
-391
-411
-606
-866
-1027
-1183
-1479
-1820
-2032
-2127
-2274
-2450
-2511
-2460
-2507
-2690
-2798
-2714
-2611
-2697
-2864
-2872
-2747
-2767
-2925
-3009
-2908
-2762
-2733
-2721
-2564
-2352
-2218
-2091
-1837
-1507
-1315
-1217
-1022
-697
-420
-282
-84
327
787
1094
1282
1537
1903
2227
2465
2702
2980
3225
3391
3519
3663
3814
3929
4024
4108
4163
4169
4139
4152
4231
4330
4353
4276
4160
4044
3901
3679
3397
3135
2918
2666
2349
2029
1741
1414
1041
750
623
496
247
-16
-114
-145
-378
-711
-839
-737
-801
-1239
-1664
-1708
-1596
-1757
-2087
-2165
-1978
-1908
-2078
-2079
-1747
-1428
-1442
-1558
-1393
-1098
-1014
-1102
-979
-657
-522
-664
-703
-409
-111
-133
-252
-113
202
324
217
212
389
477
331
220
353
513
451
281
253
343
334
225
180
226
178
-31
-257
-369
-432
-584
-793
-993
-1188
-1415
-1582
-1620
-1641
-1750
-1908
-1956
-1906
-1959
-2150
-2305
-2292
-2302
-2472
-2695
-2803
-2790
-2858
-2973
-3028
-2976
-2940
-2951
-2862
-2623
-2379
-2267
-2129
-1834
-1454
-1205
-1096
-923
-617
-336
-227
-168
25
345
655
898
1140
1426
1713
1944
2168
2424
2668
2889
3130
3429
3712
3891
3967
4010
4060
4105
4100
4082
4077
4079
4010
3834
3621
3464
3379
3256
3085
2867
2649
2404
2134
1913
1755
1615
1408
1183
978
762
487
191
-73
-332
-654
-933
-1012
-977
-1125
-1512
-1814
-1827
-1748
-1862
-1999
-1908
-1711
-1704
-1876
-1849
-1564
-1343
-1381
-1434
-1273
-1094
-1110
-1192
-1081
-919
-934
-1030
-870
-469
-239
-288
-357
-190
65
198
284
503
771
829
709
661
746
763
579
396
385
408
300
73
-44
-33
-82
-276
-444
-416
-356
-390
-546
-738
-914
-1115
-1269
-1355
-1422
-1567
-1756
-1906
-2057
-2263
-2494
-2608
-2622
-2664
-2782
-2885
-2894
-2927
-3007
-3009
-2877
-2749
-2742
-2722
-2528
-2270
-2212
-2305
-2243
-1967
-1687
-1548
-1421
-1177
-910
-780
-740
-547
-196
143
420
742
1164
1549
1823
2056
2352
2633
2794
2929
3137
3401
3581
3685
3774
3857
3918
3944
3985
4045
4076
4064
4058
4032
3961
3849
3759
3753
3726
3584
3375
3145
2917
2622
2291
2046
1865
1647
1290
929
665
434
98
-282
-520
-640
-824
-1115
-1232
-1096
-1030
-1308
-1712
-1829
-1643
-1572
-1774
-1959
-1916
-1888
-2067
-2218
-2067
-1736
-1630
-1758
-1777
-1497
-1187
-1106
-1103
-946
-664
-501
-461
-305
8
212
119
-54
18
317
523
522
511
589
625
486
354
418
581
603
445
359
439
480
320
129
87
104
-7
-203
-315
-347
-496
-805
-1107
-1278
-1421
-1632
-1794
-1833
-1856
-2014
-2240
-2373
-2347
-2301
-2315
-2346
-2351
-2411
-2573
-2706
-2727
-2688
-2708
-2775
-2831
-2846
-2850
-2829
-2753
-2649
-2595
-2525
-2318
-1983
-1638
-1415
-1267
-1096
-869
-642
-377
-50
268
504
660
856
1122
1376
1580
1810
2113
2369
2525
2679
2953
3296
3508
3590
3738
4041
4268
4274
4189
4202
4282
4219
4042
3954
3995
3954
3714
3427
3228
3052
2785
2486
2313
2218
2030
1708
1423
1252
1052
732
395
235
194
28
-345
-765
-985
-1036
-1147
-1423
-1716
-1831
-1833
-1878
-2019
-2094
-2020
-1927
-1898
-1853
-1632
-1323
-1138
-1129
-1135
-1027
-860
-743
-661
-527
-404
-383
-432
-412
-258
-96
2
79
218
414
540
599
664
756
803
781
774
833
878
795
613
440
336
263
143
12
-63
-105
-187
-374
-575
-732
-808
-840
-941
-1111
-1302
-1419
-1510
-1647
-1809
-1959
-2022
-2082
-2213
-2381
-2513
-2594
-2696
-2857
-2999
-3056
-3078
-3098
-3101
-3009
-2911
-2938
-2990
-2869
-2560
-2288
-2188
-2127
-1925
-1666
-1493
-1401
-1247
-991
-769
-610
-437
-159
143
386
632
951
1323
1647
1934
2263
2634
2930
3123
3299
3545
3827
3990
4041
4095
4187
4247
4211
4144
4118
4101
4033
3921
3830
3758
3636
3438
3252
3125
2993
2816
2588
2359
2115
1842
1593
1369
1128
809
455
168
-50
-299
-538
-699
-849
-1101
-1425
-1555
-1449
-1394
-1616
-1893
-1913
-1713
-1638
-1762
-1796
-1627
-1500
-1595
-1672
-1478
-1169
-1086
-1211
-1221
-1007
-821
-798
-764
-557
-340
-308
-331
-158
192
396
388
396
572
767
782
709
743
826
762
554
436
478
501
371
194
127
115
6
-144
-167
-123
-157
-331
-506
-608
-722
-907
-1106
-1261
-1433
-1667
-1881
-2014
-2147
-2336
-2518
-2611
-2704
-2857
-2992
-2978
-2911
-2941
-3057
-3131
-3091
-3021
-2955
-2871
-2763
-2719
-2741
-2711
-2521
-2305
-2178
-2077
-1880
-1634
-1451
-1319
-1083
-692
-360
-181
-3
349
804
1160
1370
1614
1928
2193
2377
2604
2938
3249
3372
3397
3525
3738
3906
3959
4039
4172
4249
4185
4087
4118
4204
4153
3986
3856
3783
3683
3462
3228
3078
2900
2596
2207
1910
1739
1525
1199
793
468
237
19
-225
-431
-557
-670
-897
-1186
-1343
-1337
-1314
-1492
-1768
-1906
-1876
-1865
-2007
-2126
-2056
-1949
-1972
-2048
-1948
-1641
-1390
-1333
-1309
-1140
-887
-688
-559
-396
-204
-110
-90
10
206
383
429
438
513
638
708
715
784
892
916
822
740
774
848
811
692
584
525
410
252
132
81
-6
-239
-484
-650
-750
-914
-1145
-1357
-1515
-1671
-1858
-2006
-2092
-2171
-2301
-2458
-2557
-2651
-2756
-2805
-2790
-2804
-2944
-3101
-3157
-3088
-3058
-3091
-3098
-3018
-2937
-2876
-2751
-2559
-2365
-2225
-2045
-1779
-1467
-1237
-1033
-770
-458
-212
-58
164
517
864
1081
1256
1481
1773
2019
2212
2447
2775
3060
3216
3321
3527
3797
3969
3999
4020
4159
4267
4245
4125
4064
4037
3925
3707
3500
3407
3316
3125
2864
2665
2474
2224
1954
1740
1593
1391
1085
757
516
307
73
-197
-439
-623
-824
-1056
-1291
-1439
-1506
-1597
-1792
-1966
-2000
-1924
-1888
-1957
-1998
-1929
-1813
-1789
-1773
-1621
-1358
-1210
-1210
-1173
-961
-716
-634
-624
-510
-287
-161
-146
-69
146
342
398
422
584
801
891
887
943
1065
1105
1007
909
945
995
891
672
541
523
465
292
120
34
-21
-147
-335
-461
-556
-691
-854
-993
-1128
-1323
-1549
-1684
-1751
-1877
-2107
-2305
-2390
-2459
-2617
-2768
-2792
-2771
-2848
-3018
-3073
-2993
-2932
-2954
-2952
-2838
-2696
-2636
-2589
-2421
-2188
-2044
-1976
-1827
-1577
-1361
-1194
-961
-651
-401
-271
-69
307
720
986
1178
1479
1858
2133
2285
2503
2862
3175
3280
3340
3539
3808
3935
3921
3959
4106
4173
4112
4075
4159
4198
4034
3793
3661
3646
3537
3290
3045
2899
2697
2355
2026
1831
1678
1395
989
675
487
250
-79
-387
-543
-683
-971
-1309
-1459
-1437
-1460
-1675
-1930
-2026
-1998
-2000
-2048
-2040
-1992
-1989
-2049
-2030
-1901
-1741
-1647
-1587
-1439
-1256
-1124
-1034
-886
-645
-462
-388
-342
-188
41
194
248
284
371
453
517
588
695
744
711
651
646
692
676
601
524
497
430
301
164
76
15
-100
-254
-397
-523
-661
-821
-934
-1034
-1217
-1455
-1646
-1726
-1779
-1927
-2116
-2217
-2268
-2393
-2591
-2685
-2629
-2586
-2706
-2859
-2901
-2850
-2845
-2886
-2838
-2741
-2697
-2713
-2659
-2460
-2250
-2155
-2078
-1900
-1624
-1410
-1249
-1025
-696
-382
-203
-23
246
584
900
1165
1438
1728
1979
2187
2439
2766
3046
3217
3359
3550
3778
3924
3996
4106
4235
4293
4263
4211
4239
4282
4220
4060
3876
3730
3596
3413
3219
3024
2804
2530
2229
1959
1724
1498
1243
964
684
417
142
-122
-348
-517
-699
-968
-1277
-1470
-1469
-1453
-1586
-1849
-2007
-1966
-1869
-1875
-1918
-1872
-1786
-1766
-1785
-1699
-1512
-1344
-1282
-1220
-1059
-889
-784
-690
-509
-313
-229
-203
-90
135
297
323
333
428
541
580
578
637
727
737
651
567
584
607
537
413
335
288
218
82
-50
-129
-223
-372
-533
-632
-736
-870
-1010
-1137
-1293
-1498
-1668
-1760
-1823
-1963
-2149
-2294
-2395
-2518
-2661
-2706
-2667
-2704
-2882
-3021
-2996
-2873
-2841
-2924
-2933
-2849
-2741
-2700
-2628
-2461
-2272
-2161
-2099
-1937
-1678
-1399
-1189
-981
-741
-505
-259
47
388
695
940
1176
1489
1833
2111
2336
2570
2851
3119
3288
3453
3661
3890
4040
4085
4141
4251
4364
4387
4365
4362
4362
4285
4118
3983
3900
3816
3635
3379
3132
2912
2702
2456
2201
1940
1662
1365
1073
814
580
314
40
-165
-354
-607
-898
-1120
-1181
-1198
-1355
-1629
-1832
-1849
-1793
-1809
-1915
-1949
-1902
-1888
-1907
-1856
-1681
-1532
-1511
-1524
-1404
-1194
-1019
-927
-831
-681
-556
-480
-365
-169
-13
42
53
140
287
374
393
414
486
542
513
458
471
522
502
409
344
321
255
149
64
25
-46
-206
-405
-522
-572
-675
-850
-1018
-1100
-1208
-1398
-1591
-1686
-1712
-1810
-1987
-2158
-2267
-2361
-2450
-2490
-2506
-2582
-2748
-2867
-2860
-2788
-2791
-2851
-2863
-2819
-2781
-2769
-2654
-2459
-2308
-2253
-2210
-2054
-1811
-1569
-1362
-1183
-996
-787
-553
-243
73
310
493
745
1085
1398
1615
1819
2101
2404
2652
2827
3009
3262
3480
3609
3719
3837
3963
4008
4033
4090
4129
4082
3961
3879
3852
3773
3586
3388
3258
3123
2879
2603
2404
2252
2003
1668
1379
1170
955
670
398
192
-40
-340
-588
-712
-822
-1043
-1307
-1444
-1477
-1577
-1745
-1823
-1751
-1720
-1836
-1966
-1878
-1659
-1559
-1612
-1615
-1452
-1283
-1196
-1113
-921
-734
-689
-707
-543
-222
-5
-7
-41
97
322
442
458
534
671
739
677
660
759
856
801
677
648
692
650
497
411
408
358
189
10
-84
-127
-241
-435
-609
-703
-803
-951
-1135
-1296
-1425
-1545
-1664
-1808
-1949
-2105
-2238
-2345
-2413
-2482
-2557
-2661
-2763
-2820
-2814
-2784
-2788
-2812
-2841
-2800
-2701
-2615
-2558
-2456
-2313
-2176
-2086
-1993
-1787
-1476
-1210
-1100
-1007
-750
-380
-49
160
337
606
916
1217
1471
1733
1983
2213
2459
2735
2971
3127
3272
3473
3679
3790
3844
3911
4023
4093
4071
4039
4071
4067
3941
3775
3661
3594
3486
3280
3041
2835
2623
2362
2107
1911
1713
1426
1072
781
559
338
100
-93
-277
-563
-932
-1163
-1136
-1097
-1324
-1719
-1917
-1832
-1751
-1873
-2000
-1952
-1875
-1978
-2105
-1983
-1686
-1542
-1647
-1706
-1525
-1286
-1181
-1082
-873
-689
-684
-711
-515
-162
25
-18
-44
117
313
378
387
504
640
640
531
531
688
759
662
560
571
588
489
316
276
319
248
9
-199
-232
-252
-374
-587
-732
-828
-964
-1125
-1251
-1371
-1541
-1716
-1794
-1837
-2004
-2258
-2394
-2351
-2342
-2488
-2690
-2764
-2750
-2773
-2810
-2780
-2737
-2782
-2864
-2802
-2613
-2484
-2462
-2416
-2254
-2090
-1989
-1846
-1557
-1262
-1117
-1065
-860
-481
-136
82
254
508
801
1068
1310
1628
1964
2177
2319
2519
2825
3115
3280
3376
3523
3714
3834
3878
3940
4065
4123
4078
3993
3962
3973
3900
3762
3601
3452
3284
3128
2947
2731
2468
2191
1972
1774
1544
1256
966
678
420
205
38
-181
-505
-816
-961
-995
-1111
-1363
-1595
-1665
-1690
-1797
-1908
-1877
-1796
-1839
-1992
-2005
-1820
-1634
-1630
-1691
-1620
-1444
-1318
-1249
-1107
-901
-756
-752
-706
-487
-223
-98
-98
-53
116
275
321
352
465
599
615
557
552
648
728
698
616
575
579
538
426
359
360
314
159
-22
-107
-124
-208
-396
-582
-681
-739
-876
-1082
-1245
-1314
-1375
-1520
-1710
-1847
-1919
-2000
-2121
-2212
-2254
-2334
-2469
-2581
-2573
-2508
-2524
-2621
-2685
-2626
-2532
-2511
-2497
-2411
-2272
-2154
-2099
-2003
-1806
-1578
-1375
-1228
-1059
-832
-593
-352
-98
188
465
693
894
1149
1469
1770
2006
2222
2463
2711
2907
3082
3296
3504
3675
3763
3833
3952
4054
4106
4110
4122
4137
4062
3929
3842
3809
3716
3510
3291
3110
2964
2736
2441
2200
2022
1818
1511
1173
899
690
462
220
17
-211
-544
-870
-1001
-980
-1077
-1383
-1681
-1747
-1697
-1767
-1921
-1954
-1855
-1865
-2000
-2056
-1880
-1646
-1612
-1680
-1641
-1458
-1306
-1232
-1091
-866
-724
-745
-710
-479
-201
-84
-117
-71
104
261
290
310
423
547
556
495
507
581
619
568
511
503
490
389
285
243
239
169
9
-148
-228
-276
-397
-532
-657
-749
-854
-993
-1150
-1284
-1359
-1434
-1542
-1703
-1856
-1952
-1995
-2057
-2164
-2282
-2365
-2405
-2458
-2500
-2529
-2547
-2582
-2613
-2600
-2550
-2504
-2500
-2469
-2365
-2235
-2135
-2054
-1938
-1776
-1617
-1464
-1265
-1030
-794
-618
-472
-236
90
389
604
801
1032
1308
1590
1853
2098
2337
2548
2731
2908
3118
3329
3499
3628
3710
3801
3869
3931
3996
4036
4004
3913
3815
3748
3690
3581
3431
3241
3044
2838
2622
2419
2221
1980
1707
1424
1151
885
638
417
203
-41
-344
-636
-822
-939
-1083
-1284
-1487
-1637
-1744
-1836
-1907
-1928
-1957
-2034
-2108
-2086
-1990
-1920
-1890
-1859
-1750
-1630
-1564
-1485
-1330
-1141
-1012
-954
-866
-701
-515
-390
-300
-192
-83
6
93
220
344
398
382
414
514
606
591
518
521
570
553
477
411
386
368
276
177
105
46
-46
-152
-231
-309
-421
-572
-675
-736
-825
-979
-1148
-1236
-1286
-1394
-1530
-1639
-1694
-1763
-1912
-2039
-2062
-2074
-2140
-2258
-2326
-2320
-2316
-2352
-2376
-2323
-2278
-2295
-2314
-2226
-2054
-1931
-1890
-1809
-1659
-1474
-1306
-1144
-925
-692
-523
-371
-147
164
473
683
872
1103
1393
1664
1916
2152
2389
2630
2806
2977
3183
3403
3578
3700
3788
3857
3929
4013
4066
4083
4051
3979
3890
3811
3731
3639
3504
3300
3066
2841
2673
2507
2250
1941
1657
1424
1197
910
635
399
179
-105
-410
-619
-764
-935
-1182
-1399
-1527
-1639
-1784
-1913
-1954
-1950
-2026
-2148
-2182
-2075
-1969
-1980
-2022
-1948
-1797
-1675
-1630
-1551
-1370
-1214
-1138
-1078
-909
-723
-597
-527
-418
-256
-142
-99
-35
123
241
255
220
271
384
433
385
337
351
366
300
222
193
168
101
-30
-131
-180
-250
-378
-499
-591
-690
-819
-968
-1056
-1106
-1211
-1371
-1510
-1583
-1654
-1760
-1874
-1956
-2036
-2133
-2231
-2272
-2271
-2317
-2392
-2459
-2449
-2420
-2412
-2414
-2384
-2341
-2295
-2245
-2159
-2024
-1896
-1787
-1680
-1530
-1372
-1171
-975
-775
-573
-376
-164
92
369
636
874
1097
1346
1597
1873
2129
2386
2601
2800
2993
3196
3397
3583
3739
3852
3951
4002
4061
4134
4219
4211
4134
4046
3991
3939
3822
3682
3534
3368
3140
2873
2666
2515
2316
2008
1648
1371
1151
918
630
359
129
-157
-483
-750
-879
-974
-1204
-1501
-1707
-1779
-1829
-1960
-2084
-2120
-2116
-2194
-2303
-2267
-2105
-2014
-2044
-2071
-1969
-1786
-1669
-1593
-1460
-1283
-1167
-1112
-1002
-774
-569
-484
-430
-326
-159
-22
41
122
234
304
300
301
398
475
465
424
405
413
386
316
282
263
194
72
-29
-83
-139
-251
-380
-463
-556
-680
-796
-856
-931
-1072
-1245
-1331
-1341
-1422
-1581
-1704
-1730
-1756
-1856
-1982
-1996
-1972
-2032
-2159
-2207
-2131
-2077
-2130
-2177
-2117
-2024
-2011
-2033
-1920
-1729
-1614
-1612
-1551
-1331
-1095
-971
-861
-651
-403
-228
-120
124
474
735
876
1037
1325
1646
1853
2007
2266
2574
2765
2864
3027
3297
3542
3637
3675
3799
3947
3993
4010
4068
4134
4087
3958
3859
3844
3784
3614
3429
3259
3088
2841
2602
2418
2237
1976
1639
1350
1126
883
598
344
107
-173
-487
-731
-865
-1021
-1264
-1510
-1643
-1724
-1879
-2045
-2096
-2067
-2115
-2250
-2304
-2191
-2082
-2102
-2131
-2010
-1821
-1758
-1769
-1651
-1379
-1198
-1187
-1147
-926
-676
-607
-603
-450
-197
-79
-115
-80
130
282
260
202
294
447
424
303
288
411
438
291
158
165
215
121
-49
-120
-115
-193
-369
-498
-527
-575
-710
-875
-967
-1022
-1125
-1255
-1347
-1395
-1492
-1621
-1723
-1755
-1801
-1893
-1975
-2011
-2029
-2091
-2125
-2130
-2135
-2157
-2162
-2124
-2081
-2076
-2055
-1967
-1853
-1787
-1751
-1630
-1437
-1284
-1213
-1100
-863
-611
-462
-350
-146
153
416
583
786
1072
1352
1537
1722
1996
2295
2493
2616
2791
3053
3275
3379
3473
3624
3772
3811
3810
3875
3968
3973
3877
3787
3749
3693
3544
3377
3233
3089
2856
2576
2358
2185
1962
1655
1354
1092
863
598
327
67
-187
-435
-669
-869
-1074
-1293
-1494
-1616
-1716
-1859
-2020
-2112
-2101
-2103
-2190
-2266
-2225
-2118
-2086
-2088
-2032
-1894
-1760
-1702
-1621
-1475
-1294
-1180
-1086
-922
-726
-611
-561
-453
-264
-89
-31
-28
51
203
292
307
320
392
443
417
387
402
427
394
331
284
268
225
120
44
9
-36
-145
-283
-367
-417
-474
-584
-705
-810
-900
-986
-1073
-1167
-1269
-1363
-1446
-1522
-1609
-1713
-1796
-1832
-1875
-1943
-2027
-2087
-2108
-2133
-2140
-2124
-2124
-2150
-2150
-2070
-1964
-1896
-1872
-1814
-1651
-1473
-1369
-1287
-1099
-843
-621
-488
-344
-95
191
442
658
897
1144
1371
1578
1854
2155
2387
2535
2699
2950
3203
3352
3445
3578
3738
3865
3880
3891
3939
3999
3994
3903
3819
3753
3659
3518
3362
3215
3041
2810
2570
2368
2181
1940
1648
1363
1134
925
684
388
107
-111
-293
-481
-729
-973
-1161
-1283
-1388
-1538
-1706
-1818
-1878
-1926
-1971
-2011
-2019
-2019
-2019
-1987
-1929
-1868
-1838
-1778
-1667
-1549
-1471
-1426
-1342
-1172
-998
-916
-877
-802
-642
-482
-398
-340
-256
-156
-67
-11
43
126
175
199
229
267
300
282
270
277
285
262
182
118
94
88
44
-53
-173
-253
-305
-398
-493
-595
-701
-799
-911
-1011
-1104
-1221
-1334
-1418
-1501
-1606
-1727
-1840
-1887
-1910
-1971
-2066
-2149
-2184
-2175
-2164
-2169
-2174
-2184
-2136
-2066
-1994
-1916
-1835
-1726
-1595
-1460
-1335
-1207
-1027
-813
-629
-461
-294
-74
154
381
599
822
1059
1257
1447
1672
1925
2136
2294
2442
2645
2839
2977
3080
3195
3331
3416
3457
3483
3535
3592
3584
3537
3491
3443
3370
3258
3155
3054
2915
2722
2529
2379
2220
1999
1762
1546
1338
1116
868
619
407
215
-6
-243
-474
-669
-848
-1021
-1182
-1327
-1473
-1622
-1730
-1806
-1856
-1921
-1975
-1997
-1994
-1995
-1984
-1934
-1863
-1780
-1730
-1658
-1560
-1427
-1305
-1192
-1056
-941
-840
-732
-570
-413
-301
-213
-128
-18
89
151
208
275
339
367
352
364
408
426
379
335
305
269
212
135
84
28
-70
-174
-259
-322
-398
-524
-630
-696
-774
-889
-997
-1068
-1121
-1190
-1298
-1389
-1460
-1527
-1587
-1637
-1673
-1731
-1805
-1857
-1848
-1837
-1874
-1937
-1958
-1925
-1902
-1909
-1893
-1827
-1775
-1736
-1697
-1613
-1497
-1390
-1280
-1148
-1005
-887
-737
-534
-286
-82
61
233
489
790
1030
1215
1421
1692
1954
2181
2387
2622
2860
3043
3211
3387
3562
3676
3774
3884
3980
4009
3968
3948
3969
3962
3853
3696
3562
3442
3284
3073
2849
2638
2402
2126
1869
1626
1363
1063
784
539
276
-23
-314
-503
-637
-838
-1112
-1350
-1476
-1542
-1642
-1757
-1834
-1893
-1967
-2005
-1960
-1870
-1842
-1878
-1843
-1720
-1603
-1546
-1482
-1346
-1204
-1144
-1119
-1005
-824
-677
-644
-626
-537
-417
-336
-284
-209
-155
-145
-160
-104
-7
38
-8
-43
0
53
44
-6
13
64
68
-5
-41
-7
9
-16
-66
-79
-104
-173
-228
-235
-255
-324
-444
-537
-579
-635
-752
-862
-941
-1035
-1178
-1342
-1439
-1507
-1609
-1760
-1883
-1994
-2104
-2202
-2261
-2285
-2362
-2466
-2527
-2497
-2440
-2415
-2402
-2341
-2231
-2136
-2033
-1865
-1631
-1431
-1302
-1123
-844
-525
-265
-44
235
546
829
1080
1371
1695
1972
2178
2376
2640
2904
3098
3234
3385
3566
3676
3710
3766
3870
3919
3876
3791
3747
3730
3654
3530
3389
3259
3092
2882
2700
2557
2380
2141
1881
1672
1493
1290
1066
861
691
487
252
57
-77
-211
-367
-541
-696
-844
-968
-1063
-1116
-1179
-1311
-1445
-1500
-1487
-1495
-1546
-1595
-1605
-1604
-1609
-1595
-1530
-1471
-1447
-1454
-1430
-1332
-1236
-1156
-1088
-992
-921
-864
-768
-611
-442
-354
-316
-243
-111
26
123
194
268
335
386
433
493
556
581
563
548
526
489
433
392
354
276
149
-4
-118
-200
-302
-458
-630
-785
-945
-1116
-1264
-1386
-1505
-1672
-1855
-2009
-2116
-2191
-2286
-2374
-2455
-2538
-2604
-2644
-2616
-2563
-2541
-2541
-2529
-2449
-2333
-2200
-2072
-1946
-1823
-1701
-1531
-1345
-1129
-909
-713
-533
-354
-139
105
363
600
795
984
1191
1420
1653
1869
2071
2255
2422
2592
2745
2907
3064
3186
3297
3357
3415
3493
3569
3623
3631
3598
3553
3515
3477
3420
3333
3221
3071
2925
2779
2613
2427
2225
2011
1806
1573
1324
1075
834
623
392
136
-136
-356
-538
-734
-943
-1144
-1320
-1467
-1611
-1736
-1836
-1924
-2007
-2075
-2097
-2096
-2112
-2122
-2084
-2006
-1912
-1865
-1810
-1701
-1551
-1420
-1323
-1198
-1063
-929
-801
-669
-523
-392
-293
-179
-58
52
121
191
275
356
392
391
433
481
507
477
442
417
415
389
323
269
209
124
35
-16
-68
-155
-296
-426
-495
-540
-638
-775
-892
-982
-1087
-1208
-1293
-1346
-1457
-1608
-1742
-1807
-1835
-1910
-2019
-2118
-2161
-2226
-2288
-2296
-2278
-2283
-2347
-2399
-2347
-2235
-2158
-2117
-2056
-1944
-1824
-1703
-1550
-1318
-1122
-968
-800
-582
-294
-22
224
460
714
968
1217
1500
1801
2060
2272
2491
2744
2985
3180
3338
3510
3689
3811
3884
3945
4021
4066
4058
4033
3995
3931
3821
3695
3573
3439
3266
3060
2838
2633
2411
2146
1907
1691
1470
1188
892
644
440
234
-1
-222
-448
-650
-831
-976
-1090
-1230
-1382
-1523
-1610
-1646
-1700
-1767
-1808
-1814
-1808
-1831
-1824
-1770
-1692
-1647
-1628
-1585
-1512
-1418
-1326
-1232
-1144
-1081
-1027
-942
-833
-708
-638
-586
-512
-410
-320
-251
-183
-113
-34
6
34
90
146
180
201
218
235
230
213
211
219
189
130
61
12
-34
-103
-194
-285
-358
-460
-580
-708
-810
-913
-1028
-1154
-1289
-1422
-1551
-1662
-1755
-1859
-1968
-2069
-2166
-2209
-2260
-2317
-2371
-2388
-2380
-2389
-2368
-2306
-2218
-2156
-2087
-1982
-1846
-1678
-1525
-1372
-1182
-990
-790
-576
-333
-83
135
326
562
838
1085
1300
1498
1719
1940
2139
2315
2521
2706
2832
2940
3063
3188
3294
3358
3377
3397
3417
3411
3394
3387
3336
3237
3113
3028
2970
2861
2693
2497
2336
2194
2038
1867
1692
1501
1280
1068
884
742
568
352
138
-35
-167
-330
-491
-638
-768
-915
-1063
-1159
-1226
-1302
-1414
-1509
-1557
-1569
-1593
-1617
-1628
-1636
-1641
-1612
-1540
-1470
-1429
-1393
-1329
-1218
-1101
-1014
-929
-837
-725
-619
-514
-380
-251
-173
-106
-22
101
204
268
315
369
429
456
479
506
537
509
453
420
406
374
300
204
132
36
-69
-171
-278
-389
-535
-674
-785
-886
-1029
-1173
-1314
-1423
-1530
-1648
-1751
-1836
-1905
-2005
-2080
-2121
-2152
-2193
-2231
-2234
-2213
-2182
-2148
-2116
-2045
-1980
-1908
-1805
-1680
-1563
-1451
-1320
-1171
-987
-844
-689
-513
-322
-133
42
234
421
610
795
986
1186
1366
1527
1682
1861
2032
2172
2307
2445
2574
2675
2772
2857
2949
3018
3064
3093
3126
3147
3140
3119
3086
3047
2979
2902
2830
2743
2634
2494
2349
2225
2087
1928
1743
1569
1390
1213
1037
851
664
458
265
83
-89
-272
-434
-603
-744
-882
-1020
-1143
-1261
-1349
-1447
-1523
-1585
-1624
-1660
-1697
-1700
-1688
-1665
-1643
-1615
-1565
-1500
-1429
-1358
-1260
-1172
-1096
-1003
-895
-788
-682
-590
-516
-428
-339
-242
-168
-102
-60
-15
27
66
94
95
96
72
44
28
15
-30
-85
-143
-205
-270
-339
-401
-467
-554
-655
-746
-809
-868
-951
-1045
-1130
-1198
-1249
-1302
-1356
-1396
-1449
-1497
-1535
-1533
-1535
-1549
-1577
-1577
-1548
-1524
-1502
-1481
-1423
-1382
-1340
-1292
-1204
-1118
-1059
-999
-912
-797
-698
-611
-516
-383
-282
-183
-60
66
200
315
429
569
724
852
948
1077
1234
1367
1475
1593
1719
1833
1932
2011
2123
2239
2304
2342
2400
2488
2532
2532
2549
2572
2572
2529
2499
2478
2443
2367
2261
2191
2121
2025
1887
1768
1650
1517
1368
1224
1110
972
809
641
512
402
268
114
-22
-131
-249
-367
-452
-521
-607
-704
-781
-815
-828
-870
-918
-942
-947
-956
-957
-941
-913
-895
-907
-888
-833
-780
-765
-759
-742
-697
-668
-651
-613
-588
-571
-594
-587
-547
-535
-552
-582
-592
-583
-610
-638
-639
-652
-696
-756
-786
-782
-784
-849
-895
-924
-940
-962
-980
-973
-987
-1034
-1071
-1065
-1020
-1000
-1036
-1062
-1049
-1017
-1004
-983
-941
-910
-919
-919
-877
-801
-735
-743
-750
-708
-647
-610
-566
-516
-483
-475
-455
-379
-293
-238
-244
-242
-180
-96
-31
6
63
95
117
169
258
357
402
408
432
527
617
673
721
770
821
859
895
978
1058
1080
1068
1087
1166
1235
1261
1252
1273
1289
1285
1293
1332
1356
1318
1266
1245
1277
1287
1257
1205
1169
1152
1122
1088
1075
1046
981
904
867
872
868
816
740
695
676
640
590
567
537
473
395
360
377
374
291
195
151
146
111
41
-13
-60
-122
-204
-252
-269
-315
-424
-521
-572
-604
-650
-733
-802
-859
-926
-999
-1048
-1053
-1091
-1182
-1253
-1270
-1260
-1277
-1317
-1344
-1337
-1336
-1346
-1326
-1281
-1247
-1259
-1257
-1201
-1122
-1066
-1053
-1006
-933
-868
-815
-753
-658
-600
-564
-517
-423
-319
-271
-244
-193
-111
-44
-14
22
83
124
138
145
189
240
252
217
215
240
247
233
206
218
210
170
138
136
139
111
53
28
45
37
-4
-38
-51
-59
-78
-92
-88
-82
-85
-118
-109
-67
-50
-51
-52
-29
21
41
58
92
132
156
177
229
301
354
360
395
449
520
563
601
643
686
724
750
799
854
899
897
909
944
996
1024
1027
1042
1047
1057
1059
1069
1103
1101
1067
1041
1046
1055
1037
998
952
915
888
866
823
790
744
658
594
563
541
481
391
311
246
196
140
78
10
-74
-169
-246
-292
-330
-405
-521
-611
-687
-723
-764
-831
-894
-974
-1042
-1092
-1103
-1119
-1163
-1236
-1276
-1285
-1265
-1246
-1261
-1274
-1288
-1274
-1237
-1184
-1138
-1120
-1113
-1074
-995
-902
-832
-790
-748
-691
-611
-520
-427
-347
-298
-256
-186
-85
11
78
115
154
210
277
350
417
443
455
465
491
551
585
598
568
535
538
565
584
560
526
483
449
437
433
412
375
317
267
240
235
221
181
129
81
62
56
43
19
-15
-53
-75
-79
-65
-69
-91
-124
-135
-126
-104
-84
-84
-95
-108
-94
-60
-29
-12
-9
-18
3
32
79
104
95
107
121
149
183
211
224
222
232
250
289
328
336
325
319
345
351
376
392
389
385
367
385
396
401
389
366
351
350
350
339
314
291
267
239
216
204
182
141
100
61
36
7
-34
-72
-102
-145
-193
-231
-241
-262
-325
-376
-411
-434
-466
-508
-537
-570
-594
-620
-639
-639
-656
-677
-704
-710
-708
-708
-713
-712
-703
-695
-692
-685
-656
-626
-603
-599
-572
-524
-487
-455
-424
-379
-337
-301
-259
-200
-151
-110
-70
-29
35
86
129
170
211
260
304
341
388
438
454
479
510
552
588
594
613
629
642
660
666
679
692
680
664
654
664
667
650
615
599
591
588
568
545
520
480
453
427
422
396
363
325
302
286
263
229
207
182
150
131
111
107
86
69
41
31
22
6
-17
-32
-34
-43
-54
-75
-76
-79
-90
-99
-98
-107
-108
-127
-126
-117
-126
-133
-144
-133
-135
-142
-151
-148
-152
-175
-178
-173
-179
-171
-180
-190
-200
-198
-193
-202
-193
-188
-199
-209
-193
-186
-186
-195
-199
-194
-192
-187
-179
-187
-191
-202
-202
-186
-182
-189
-209
-216
-219
-214
-216
-215
-227
-238
-252
-251
-230
-237
-253
-271
-274
-273
-274
-260
-261
-264
-271
-275
-259
-246
-235
-237
-244
-232
-213
-196
-174
-177
-168
-157
-145
-114
-81
-66
-70
-50
-33
-7
28
42
56
68
86
114
140
157
164
158
165
190
221
232
232
231
223
228
248
263
256
247
242
236
239
243
240
230
214
209
215
224
225
221
207
198
203
205
202
208
188
181
177
175
186
181
179
169
170
169
173
187
168
155
163
164
165
161
151
136
127
118
117
119
110
97
77
54
36
35
23
6
-12
-29
-38
-52
-61
-81
-91
-95
-112
-113
-121
-143
-157
-166
-170
-180
-183
-196
-198
-209
-220
-216
-214
-214
-225
-225
-227
-225
-239
-242
-237
-252
-258
-256
-256
-257
-256
-258
-268
-273
-271
-277
-275
-277
-285
-288
-284
-294
-285
-283
-278
-278
-278
-263
-254
-232
-235
-219
-205
-194
-173
-155
-149
-149
-138
-122
-96
-72
-47
-31
-2
17
38
64
89
111
130
148
171
194
214
231
246
267
273
288
302
313
317
326
328
331
341
347
347
351
356
354
359
360
357
345
337
319
320
323
310
304
290
284
273
264
256
242
228
220
215
205
193
187
178
155
147
140
131
129
116
91
81
78
75
67
47
34
18
20
15
0
-12
-22
-35
-52
-54
-64
-69
-82
-95
-105
-118
-121
-131
-141
-148
-160
-168
-167
-173
-186
-192
-200
-205
-201
-200
-212
-219
-220
-225
-216
-202
-206
-209
-214
-210
-209
-207
-205
-209
-212
-208
-205
-217
-208
-209
-215
-212
-220
-209
-203
-202
-199
-196
-192
-180
-180
-174
-166
-162
-158
-155
-142
-137
-130
-120
-116
-105
-90
-73
-50
-51
-47
-39
-20
-5
12
32
43
60
59
78
92
108
121
129
141
162
180
180
195
199
200
211
223
234
238
247
255
259
268
273
284
279
288
294
295
301
300
297
292
299
301
306
295
300
297
294
290
285
278
268
266
254
254
237
234
229
215
200
195
186
173
157
147
131
98
87
64
50
39
19
9
-12
-26
-28
-47
-62
-70
-81
-95
-100
-115
-120
-128
-139
-148
-157
-162
-171
-173
-190
-194
-185
-191
-196
-196
-198
-200
-202
-204
-202
-204
-209
-216
-214
-220
-222
-228
-234
-232
-227
-233
-235
-233
-247
-244
-246
-253
-243
-245
-247
-244
-238
-237
-228
-218
-217
-209
-208
-197
-192
-190
-181
-174
-158
-143
-132
-119
-106
-86
-79
-70
-64
-51
-36
-36
-14
-9
1
12
29
35
41
58
63
85
101
110
110
118
131
138
145
159
158
157
168
168
184
193
189
201
201
202
206
212
221
224
224
227
231
231
237
234
245
246
250
250
248
254
247
237
237
246
237
234
228
225
212
203
189
181
178
168
155
144
137
119
112
87
83
70
53
42
24
17
6
-13
-23
-36
-51
-54
-62
-79
-85
-95
-107
-111
-130
-129
-138
-143
-151
-163
-167
-170
-172
-176
-174
-170
-170
-182
-173
-177
-180
-182
-193
-196
-184
-178
-184
-181
-180
-180
-181
-178
-173
-167
-170
-170
-168
-167
-158
-160
-161
-160
-161
-158
-149
-143
-145
-142
-138
-126
-114
-105
-99
-86
-78
-69
-67
-66
-47
-41
-38
-36
-19
-13
-2
0
7
23
16
23
20
27
32
34
29
34
47
48
59
70
69
63
64
73
77
73
86
89
92
90
105
114
109
108
115
114
106
126
133
127
130
141
151
153
153
165
167
154
155
164
164
167
170
165
165
160
156
154
149
138
139
130
115
112
106
104
97
96
87
75
67
60
58
47
34
35
31
12
9
7
-5
-12
-26
-26
-32
-49
-51
-60
-66
-67
-74
-86
-91
-82
-79
-95
-107
-108
-108
-114
-111
-114
-124
-136
-138
-131
-141
-131
-127
-136
-148
-145
-142
-143
-137
-143
-139
-151
-142
-133
-139
-135
-125
-129
-135
-130
-128
-117
-113
-111
-114
-112
-109
-97
-88
-88
-84
-82
-76
-61
-53
-47
-45
-50
-41
-38
-19
-15
-19
-16
-14
-4
-1
13
25
27
29
30
36
38
47
50
45
46
52
61
72
75
67
63
62
79
80
81
91
92
91
94
94
89
87
82
88
89
94
95
98
95
97
105
96
94
97
98
95
89
84
89
86
86
80
82
75
65
70
72
59
60
62
57
54
49
60
44
41
37
43
28
25
29
21
16
12
19
8
9
5
4
-6
-9
-7
-15
-22
-27
-32
-31
-38
-41
-48
-55
-45
-55
-61
-68
-67
-54
-57
-66
-71
-72
-73
-71
-69
-76
-83
-79
-82
-90
-81
-78
-79
-82
-92
-79
-69
-77
-83
-79
-82
-73
-73
-76
-76
-69
-69
-74
-67
-64
-61
-64
-61
-53
-48
-50
-41
-42
-37
-38
-22
-4
-6
-7
1
12
5
19
24
9
14
18
17
26
32
48
51
46
61
63
67
73
84
82
75
73
79
95
92
87
89
94
98
98
99
92
97
101
96
92
94
92
89
97
103
105
101
101
96
96
88
85
95
98
86
83
88
80
80
73
70
67
57
54
62
55
47
45
35
33
36
27
12
10
9
1
-12
-16
-16
-24
-39
-39
-40
-44
-56
-56
-65
-78
-88
-89
-89
-87
-89
-100
-106
-106
-96
-97
-101
-110
-107
-114
-116
-111
-101
-104
-111
-108
-106
-105
-98
-93
-94
-89
-95
-83
-88
-80
-79
-90
-94
-89
-92
-97
-92
-95
-83
-95
-93
-79
-70
-69
-60
-56
-55
-43
-36
-37
-40
-36
-19
-14
-11
-11
-7
9
0
12
21
26
39
43
48
46
57
81
75
70
75
76
83
79
89
83
71
79
84
94
98
94
95
86
94
95
88
95
97
88
91
88
94
106
94
88
88
100
90
95
97
95
89
82
92
86
81
67
70
64
69
71
67
64
54
43
33
39
39
28
23
15
4
6
-3
-5
1
-7
-18
-25
-31
-31
-38
-40
-39
-45
-45
-50
-45
-55
-55
-55
-69
-62
-54
-54
-59
-73
-68
-74
-73
-75
-77
-69
-76
-76
-80
-82
-72
-72
-82
-77
-70
-65
-73
-75
-84
-88
-83
-85
-79
-83
-79
-86
-85
-83
-86
-79
-73
-71
-82
-69
-68
-69
-63
-63
-53
-59
-41
-27
-28
-31
-31
-25
-26
-15
-17
-10
-5
4
8
9
20
23
21
29
37
44
50
54
59
57
61
60
60
58
65
61
66
73
68
80
76
73
80
74
75
75
80
86
82
88
83
85
92
86
86
82
83
88
86
87
84
84
86
80
85
75
75
70
65
65
66
65
60
63
67
64
59
51
35
40
37
39
31
12
12
12
12
5
-1
0
4
1
-3
-6
3
-5
-8
-3
-13
-16
-19
-32
-33
-34
-38
-40
-38
-29
-33
-33
-33
-40
-45
-41
-48
-53
-55
-53
-47
-53
-64
-60
-57
-65
-57
-60
-68
-68
-65
-72
-66
-64
-58
-65
-70
-67
-73
-65
-75
-72
-68
-62
-64
-61
-56
-60
-47
-47
-57
-63
-61
-54
-53
-48
-45
-50
-48
-49
-49
-43
-32
-19
-21
-13
-17
-15
-12
-20
-13
-12
1
0
-3
4
4
7
13
10
8
11
2
15
5
5
10
11
17
17
23
17
13
9
16
16
10
22
23
14
22
14
16
12
3
10
6
10
6
11
16
20
14
24
30
22
15
13
18
14
4
10
9
8
10
10
7
1
13
8
5
4
4
1
-1
5
11
3
7
7
3
7
-1
-6
-17
-6
-13
-10
-6
-15
-12
-12
-14
-9
-4
-2
-3
0
0
-10
1
-3
6
8
-9
-6
-8
-9
-1
-3
-2
-3
-3
-4
-6
7
-10
-7
4
-7
-7
-10
-19
-11
-6
-10
-19
-28
-28
-24
-27
-39
-42
-49
-50
-53
-52
-45
-47
-41
-34
-41
-35
-35
-29
-21
-12
-12
-16
-10
-6
13
11
11
16
19
16
19
25
29
26
31
38
32
43
43
48
52
55
51
48
54
60
58
56
50
41
47
51
49
42
37
39
41
37
41
47
53
60
61
58
63
61
60
63
58
56
55
50
43
41
39
38
42
38
32
31
30
26
14
9
14
19
17
14
10
14
21
12
10
8
13
10
-1
-6
-10
-13
-14
-23
-24
-24
-29
-31
-31
-25
-26
-23
-17
-13
-16
-17
-23
-14
-17
-14
-7
-13
-6
-17
-17
-18
-20
-23
-22
-20
-30
-23
-34
-34
-34
-30
-22
-29
-15
-16
-17
-22
-24
-16
-27
-29
-31
-41
-46
-56
-60
-54
-54
-52
-60
-54
-35
-35
-32
-24
-21
-15
-15
-14
-3
-9
-7
-3
-7
1
1
0
-2
-6
-1
-7
-3
-1
-1
5
0
7
1
1
6
13
13
12
16
3
10
9
9
10
-2
1
-7
-5
-2
-6
-2
-4
-7
0
7
10
19
17
26
28
33
34
39
47
43
41
42
39
33
25
19
21
23
19
17
18
8
14
14
14
18
22
21
19
26
19
20
21
15
7
8
1
-4
-5
-6
-6
-9
-8
-5
0
3
-5
0
6
4
16
15
18
16
18
22
25
30
24
26
22
15
6
11
12
13
10
1
5
16
8
5
5
1
9
3
4
7
-3
4
6
-7
-13
-13
-14
-22
-25
-21
-24
-29
-33
-34
-28
-29
-16
-11
-14
-7
0
16
23
24
18
21
20
21
19
15
15
11
15
6
9
10
7
6
3
7
14
7
12
15
14
16
13
0
-5
5
-2
-4
-10
-16
-11
-16
-16
-13
-13
-12
-21
-11
-10
-3
2
-4
-3
3
14
16
19
17
21
22
31
24
16
13
14
13
11
11
0
6
2
3
-1
4
-1
-9
-9
-11
-12
-9
-6
-19
-23
-16
-8
-16
-19
-25
-29
-25
-30
-32
-38
-36
-33
-37
-31
-26
-10
-9
-2
7
-3
7
13
12
6
1
8
4
10
16
9
10
0
4
9
3
4
6
16
12
9
10
8
2
1
-3
-7
-6
-7
-14
-13
-13
-29
-28
-30
-30
-25
-27
-35
-35
-26
-22
-16
-18
-13
-11
-17
-7
0
-1
6
0
-3
6
4
9
14
9
13
16
10
9
3
0
12
10
12
11
10
8
7
-1
-7
-10
-13
-14
-19
-19
-29
-32
-32
-32
-38
-34
-39
-36
-36
-41
-25
-29
-17
-15
-13
-7
-4
-5
-1
0
4
9
0
10
0
3
2
6
0
3
18
9
1
3
13
17
9
1
8
-1
2
-3
-6
-7
-12
-16
-22
-23
-34
-33
-31
-37
-38
-31
-17
-19
-28
-28
-23
-17
-16
-12
-7
2
1
2
9
9
7
13
16
16
13
13
9
4
9
9
23
18
16
16
14
19
11
13
7
10
2
-3
-6
-20
-12
-17
-27
-28
-32
-31
-32
-34
-36
-32
-28
-30
-18
-11
-5
-3
-2
4
13
16
16
18
11
15
14
19
27
27
17
12
7
7
13
18
19
24
18
8
17
19
19
12
2
7
9
4
-2
-12
-13
-18
-17
-13
-14
-8
-12
-20
-12
-9
-4
-5
-6
11
12
19
18
26
22
19
16
21
29
21
25
26
29
23
25
25
27
26
31
33
31
35
26
25
17
18
12
1
10
2
0
13
7
0
-7
-5
-15
-22
-27
-31
-20
-19
-22
-15
0
-7
-8
-7
-14
-4
5
7
12
16
23
27
22
18
28
28
32
28
31
28
24
26
17
26
16
16
17
7
7
6
3
4
-3
-10
-16
-18
-7
-16
-22
-24
-30
-30
-23
-23
-30
-26
-24
-23
-22
-13
-13
-15
-6
-7
0
6
12
9
9
16
12
22
25
27
27
28
22
22
33
29
19
13
13
1
-1
-4
3
-7
-7
-4
-16
-12
-12
-17
-18
-22
-30
-26
-30
-32
-31
-24
-17
-17
-14
-9
-13
-8
-3
-11
2
0
1
10
3
15
17
18
25
20
23
21
25
29
18
21
29
23
13
17
18
11
13
12
12
6
7
4
-3
-16
-17
-19
-25
-23
-42
-35
-34
-34
-38
-32
-29
-28
-21
-32
-16
-19
-20
-16
-14
-19
-9
9
2
9
13
22
25
17
18
22
21
22
29
25
29
20
15
13
2
9
3
-1
-1
-6
-6
-16
-14
-14
-16
-12
-19
-25
-28
-34
-29
-28
-26
-28
-26
-19
-17
-16
-18
-11
-4
5
2
3
12
13
17
24
29
26
23
32
35
30
35
30
38
34
31
34
22
39
41
29
28
23
18
18
15
7
5
11
-4
-13
-6
-11
-13
-15
-23
-23
-13
-19
-26
-25
-18
-15
-11
-9
-4
12
13
15
15
15
7
16
12
9
22
23
22
32
32
25
34
33
28
20
18
10
3
4
2
-7
-9
-14
-25
-22
-23
-21
-23
-29
-38
-35
-37
-36
-35
-40
-30
-32
-39
-32
-24
-20
-14
-6
-4
0
12
13
19
23
23
28
29
37
41
34
29
38
35
34
36
27
22
22
22
22
19
16
15
10
12
-2
-8
-7
-13
-12
-14
-19
-24
-21
-23
-26
-37
-35
-33
-34
-27
-20
-11
-13
0
-10
-13
-6
-9
0
4
11
12
16
11
6
7
16
20
15
21
21
24
24
25
26
30
22
12
10
-1
14
7
-1
-3
-11
-10
-14
-10
-16
-23
-24
-27
-29
-28
-29
-16
-19
-29
-25
-20
-11
-17
-8
-3
3
7
9
16
16
19
24
23
19
29
25
25
28
25
31
31
32
22
27
19
7
15
3
-2
-1
-6
-6
-11
-24
-24
-35
-40
-40
-38
-37
-44
-32
-38
-31
-28
-35
-28
-30
-32
-21
-18
-17
-16
-7
1
-2
6
7
7
4
8
5
15
16
10
21
22
26
29
30
22
22
19
11
10
6
-4
-1
-8
-13
-13
-21
-25
-30
-25
-30
-29
-32
-38
-33
-33
-35
-34
-25
-19
-19
-14
-14
-16
-6
-4
-8
0
4
7
13
15
16
19
25
16
19
18
26
22
21
21
15
13
19
14
15
15
11
13
1
0
-9
-8
-22
-23
-32
-38
-26
-36
-34
-31
-35
-42
-44
-41
-46
-42
-31
-28
-17
-14
-7
-3
2
-6
-6
8
11
12
16
21
14
14
16
15
13
24
15
25
23
18
17
12
17
4
7
0
0
-4
0
-7
-20
-22
-25
-28
-18
-19
-29
-22
-15
-20
-22
-18
-9
-9
-18
-14
-10
-4
-2
7
14
17
21
22
27
38
41
38
29
43
50
47
44
38
49
41
35
37
27
17
18
19
15
9
13
9
3
0
-15
-6
-8
-18
-21
-19
-24
-18
-18
-23
-22
-22
-21
-13
-10
-9
-3
-3
-6
4
8
3
13
17
23
19
29
29
27
27
25
34
25
32
31
28
35
16
16
19
5
-3
-8
-16
-19
-12
-18
-18
-21
-23
-23
-28
-31
-23
-29
-26
-30
-28
-17
-30
-14
-21
-18
-12
-16
-9
-6
3
4
5
14
20
21
25
23
19
28
40
37
44
44
35
29
43
37
39
35
31
32
11
9
5
2
-7
-16
-25
-19
-28
-22
-28
-31
-18
-26
-23
-26
-25
-28
-18
-22
-22
-10
-14
-2
-1
-4
4
-4
-2
1
4
2
5
5
3
7
12
12
9
15
13
13
12
18
8
4
-4
-6
-7
-13
-14
-16
-20
-29
-24
-22
-30
-43
-48
-47
-43
-48
-39
-31
-36
-32
-25
-35
-25
-25
-35
-26
-25
-19
-17
-3
-6
-1
6
14
21
17
28
25
24
38
34
34
42
35
29
28
30
23
16
16
14
8
5
-6
-10
-12
-12
-20
-20
4
25
-10
-73
-28
-45
-60
-18
-50
-34
-25
-23
-15
-34
-9
-12
-3
-4
4
3
4
16
7
26
17
34
30
33
33
36
33
34
34
28
35
14
25
16
12
2
-1
-10
-7
-16
-23
-22
-34
-28
-36
-39
-36
-41
-43
-39
-48
-40
-33
-29
-24
-20
-27
-13
-11
-9
4
7
12
15
25
26
28
26
25
24
35
30
28
38
38
30
38
30
28
33
22
25
30
17
14
19
6
5
-2
-1
-10
-12
-10
-12
-19
-15
-16
-19
-20
-30
-20
-24
-26
-21
-12
-12
-7
-6
-6
1
4
9
11
24
32
21
29
28
30
46
34
40
31
31
32
35
27
24
26
16
21
16
13
6
-7
-5
8
0
-1
-9
-7
-10
-12
-10
-17
-19
-15
-12
-3
-2
-2
1
0
2
1
4
4
12
9
21
29
37
43
38
38
44
37
39
51
39
46
34
38
41
33
27
32
28
15
17
1
2
-1
-5
-3
-3
-5
-16
-15
-22
-31
-35
-40
-38
-34
-30
-28
-26
-26
-23
-14
-21
-19
-3
-10
-10
-9
-13
4
13
11
17
29
32
32
38
35
29
28
28
28
16
13
3
5
5
-6
-6
-21
-5
-14
-17
-22
-22
-21
-25
-37
-37
-29
-34
-29
-37
-25
-35
-31
-19
-19
-21
-19
-20
-20
-15
-16
-12
-6
0
0
6
3
13
4
3
10
5
1
-2
-4
0
-3
-3
0
-9
4
0
-3
4
0
-12
-9
-9
-21
-19
-22
-22
-25
-23
-25
-28
-16
-26
-31
-18
-18
-31
-25
-19
-28
-16
-16
-10
-6
0
-4
12
13
5
22
8
12
9
8
13
22
33
21
-3
10
14
-2
9
-8
-6
-3
-6
1
-7
-12
-12
-5
-8
-6
-2
-6
-4
-8
1
7
6
0
7
14
6
10
20
20
16
19
16
26
30
34
34
34
35
38
37
29
34
22
28
26
20
10
13
14
5
4
1
4
-4
-5
2
-3
-9
-16
-9
-5
-12
-9
-15
-14
-14
-14
-12
-6
-11
-18
-13
-20
-13
-11
-7
-12
-6
-1
-5
-6
4
15
10
8
3
-2
6
5
2
2
1
4
1
-2
-1
3
5
10
8
15
11
5
6
12
11
15
17
7
9
3
16
4
1
-2
1
7
-1
-2
1
12
0
10
5
1
12
13
17
13
14
22
26
21
20
18
16
16
19
17
15
12
10
7
-3
10
9
3
1
-6
3
-2
-4
-12
-10
-5
-6
-10
-13
-16
-22
-13
-20
-20
-16
-25
-22
-22
-35
-19
-26
-16
-10
-21
-17
-12
-10
-13
-9
-8
5
-3
0
-8
-1
-2
-6
9
6
7
4
4
-2
-6
-6
-4
-4
-1
-3
-11
-12
-15
-14
-12
-16
-16
-15
-18
-16
-15
-12
-12
-14
-12
-14
-17
-16
-17
-12
-19
-20
-15
-16
-12
