78
37
44
37
43
75
58
71
51
46
63
58
46
60
62
32
47
52
29
63
40
44
45
35
21
12
24
32
27
12
48
39
46
48
44
57
54
54
43
44
71
77
42
52
41
48
42
33
67
70
40
55
63
40
61
34
56
56
70
68
34
55
41
50
62
58
38
37
29
37
58
46
30
32
47
54
29
36
36
44
57
58
63
28
42
48
45
28
47
53
65
83
83
87
69
72
63
73
96
93
93
82
63
68
83
92
60
51
63
62
75
69
53
65
41
60
51
59
74
58
72
94
54
52
63
48
57
70
69
63
50
40
45
70
54
35
49
62
51
39
57
26
24
41
40
48
33
50
67
63
51
48
43
70
69
45
54
29
21
34
47
39
58
45
28
28
13
26
13
7
4
-1
15
1
-1
0
9
-17
-8
11
-4
-14
-3
-7
4
-5
15
4
-29
-1
-5
14
16
4
5
33
13
4
25
18
45
53
56
42
29
35
57
46
69
73
51
49
49
61
49
76
68
68
65
70
59
70
63
58
67
38
66
32
32
49
36
37
30
45
32
20
50
37
27
31
34
38
11
11
33
65
62
58
51
54
20
33
56
41
60
37
68
90
69
91
79
84
96
99
98
79
70
83
54
91
102
67
82
83
83
99
65
78
73
55
77
76
49
41
59
82
36
45
57
2
-11
1
12
4
20
18
33
28
26
28
16
41
51
39
54
41
44
35
47
36
74
65
37
60
35
65
62
62
50
69
79
53
58
30
61
53
26
12
21
6
7
33
18
42
21
-7
-4
27
7
1
40
53
45
30
16
28
25
57
48
46
35
48
49
29
17
54
72
52
33
49
56
48
63
72
67
68
97
85
94
92
76
74
57
47
80
79
70
75
63
74
95
71
64
78
84
82
83
78
90
69
92
93
64
75
63
53
61
53
66
67
74
86
95
45
59
79
59
39
39
81
74
53
68
69
46
52
53
41
21
32
42
31
27
34
51
58
64
59
51
42
41
37
56
33
57
59
48
35
29
61
53
20
26
38
44
38
33
30
11
49
60
31
36
46
53
65
51
24
30
32
41
33
39
46
58
47
33
43
46
34
22
35
5
21
32
-7
24
-5
-33
6
-17
-33
-10
-11
-12
-17
-49
-32
-18
-8
-15
-3
10
1
-1
-13
-6
5
20
18
5
11
3
21
31
31
33
32
7
27
9
10
18
40
40
15
28
19
35
42
65
26
11
29
22
-8
4
31
9
-11
2
-7
-16
-13
-24
-41
-33
-26
-35
-36
-28
-24
-31
-22
-31
-34
-48
-65
-85
-86
-71
-95
-82
-47
-55
-43
-54
-48
-58
-64
-64
-69
-54
-43
-45
-30
3
-6
-14
2
-9
-23
-13
3
10
0
30
-12
4
0
-31
29
-8
-10
12
-17
-3
-29
-19
-10
-22
-50
-52
-35
-45
-61
-50
-56
-51
-75
-79
-81
-75
-45
-58
-63
-62
-59
-69
-45
-56
-66
-52
-77
-63
-53
-61
-68
-74
-41
-39
-49
-61
-50
-34
-1
-23
-26
1
-4
16
9
16
32
8
10
37
1
25
22
32
14
17
2
-13
23
-20
-5
-10
1
-18
-7
-7
-13
-5
-20
-3
-26
-3
16
11
-20
-2
13
2
-1
39
13
20
36
17
44
51
39
28
35
38
39
38
45
51
45
46
67
33
43
46
32
27
18
16
26
9
2
20
21
24
5
19
-9
9
7
-4
7
-7
-11
3
12
23
14
-2
10
23
2
10
36
-3
5
33
30
34
30
58
71
45
63
46
48
56
55
64
52
48
42
47
36
61
44
52
48
39
-4
24
-2
-7
15
-6
-4
-18
-12
28
24
22
2
-6
-1
5
15
8
23
33
30
49
14
35
56
33
28
49
72
50
71
63
65
62
91
83
70
75
89
73
73
46
39
65
30
60
69
51
62
55
45
43
35
51
77
44
30
52
49
45
23
46
73
37
56
61
58
61
41
29
50
70
66
79
65
81
67
53
77
59
59
58
74
74
85
89
89
101
87
113
111
109
124
76
66
94
112
125
118
123
89
100
83
62
84
74
76
84
102
108
91
70
76
73
68
67
65
60
62
71
61
63
59
65
82
82
60
79
70
57
89
87
92
63
62
94
89
87
93
85
109
118
96
114
108
95
88
102
91
106
115
112
136
98
101
123
107
132
99
110
114
110
123
119
127
117
127
113
96
124
116
110
116
112
93
95
100
117
128
123
122
109
116
87
107
109
117
113
88
92
105
101
108
103
101
117
92
98
113
88
100
99
113
105
77
101
102
110
116
121
99
87
106
79
93
120
113
121
152
131
115
129
105
148
139
139
125
133
150
150
138
142
143
149
167
137
140
151
167
157
157
165
150
134
159
151
166
156
180
153
157
168
144
166
137
135
142
162
129
128
141
129
112
106
119
140
126
129
111
115
135
128
145
130
125
123
153
139
142
126
130
144
163
176
162
171
173
173
162
162
162
187
181
163
176
157
168
155
155
148
154
144
127
122
135
152
112
113
142
115
97
91
78
122
104
115
98
76
92
78
92
92
94
93
96
111
100
89
104
90
92
102
108
67
98
120
128
109
95
129
99
127
124
124
136
145
145
153
146
151
138
134
130
142
142
118
131
103
104
101
119
129
120
114
109
109
116
126
135
120
92
104
139
118
117
133
99
120
130
120
123
123
120
130
144
129
130
114
114
138
132
133
133
146
125
147
157
145
156
156
158
144
142
154
170
156
149
145
134
149
128
155
151
145
152
161
165
154
147
166
147
164
169
147
167
175
169
145
160
154
164
142
148
136
152
159
177
160
128
154
150
161
137
151
155
133
140
94
119
98
124
115
103
106
117
85
63
61
100
113
74
72
82
65
65
89
81
91
104
122
107
114
138
127
100
143
136
133
141
136
135
129
136
158
170
165
175
170
164
161
165
162
151
149
126
137
157
144
108
106
119
96
126
110
119
114
121
131
101
115
106
98
108
111
113
105
87
100
105
55
95
99
97
108
113
109
110
113
114
120
115
98
145
133
136
118
106
141
134
160
138
136
134
142
151
160
151
164
167
172
156
162
163
182
157
147
149
163
166
161
174
142
159
132
152
154
148
141
159
143
120
134
92
117
127
136
114
128
122
95
120
130
109
127
120
109
92
95
151
120
151
131
141
157
97
123
133
133
148
125
134
149
118
151
133
153
148
119
123
138
154
131
125
111
125
130
139
141
116
116
133
128
96
63
82
90
80
88
62
58
76
57
61
85
56
93
105
98
108
85
65
102
110
114
107
113
136
111
111
109
123
112
117
125
127
134
138
130
132
147
135
137
133
152
134
138
150
139
153
153
141
136
128
129
121
113
116
106
110
108
103
89
98
87
76
79
84
87
65
74
100
102
81
101
84
83
114
102
80
118
127
112
134
124
119
135
130
118
126
138
124
137
159
126
149
165
149
173
142
126
163
166
156
137
117
161
135
160
149
133
144
123
141
116
117
132
152
139
135
128
131
137
162
173
144
115
140
144
144
144
124
147
138
133
156
141
117
129
105
128
135
132
146
115
120
124
109
134
131
123
140
129
147
121
127
149
143
131
151
145
116
149
148
126
149
140
144
155
160
143
147
161
153
156
183
198
173
207
182
186
178
156
183
170
157
161
170
173
142
121
165
165
142
149
144
144
149
150
103
104
120
138
127
131
119
131
119
136
141
119
116
120
125
135
131
111
111
114
138
146
132
107
140
144
126
145
139
127
155
165
155
158
178
174
181
187
171
184
163
161
161
158
154
155
138
150
162
131
133
112
122
139
131
124
120
112
114
128
128
96
105
117
95
101
102
118
130
105
116
128
116
128
113
121
122
115
121
115
109
122
145
144
119
123
137
136
137
129
159
152
144
137
151
157
148
130
169
169
164
139
144
148
135
157
141
130
111
147
125
133
131
119
156
135
129
128
133
123
117
84
116
123
99
96
99
120
140
138
146
114
135
168
160
167
144
154
148
159
193
162
156
156
149
138
136
151
155
146
125
107
124
168
146
170
163
134
146
129
131
136
148
152
132
142
131
164
144
147
154
137
129
143
137
144
138
141
147
132
188
148
182
185
176
152
158
179
158
158
166
170
165
163
172
178
174
210
158
177
164
174
156
144
172
137
127
154
177
160
156
191
178
129
148
153
171
164
141
162
125
165
133
137
173
140
160
161
168
158
156
172
177
176
187
179
186
162
165
167
167
182
162
167
151
155
166
162
167
164
151
159
163
134
127
158
150
141
130
141
150
140
152
147
147
151
155
157
146
137
133
120
112
127
141
110
121
142
143
135
129
126
152
143
140
152
132
157
164
133
142
150
125
132
128
90
89
104
104
125
104
124
114
90
111
117
102
131
114
101
129
103
127
124
134
119
96
93
106
100
99
93
85
78
96
113
101
94
81
79
79
88
78
84
94
84
92
81
72
53
90
68
65
84
82
96
94
72
63
84
93
80
93
108
92
84
95
123
117
114
97
86
94
112
106
120
147
132
110
101
120
112
81
121
97
118
89
77
90
97
100
85
107
89
108
102
116
106
86
108
70
80
114
100
92
82
70
96
107
111
101
79
82
101
78
94
104
76
91
106
99
123
117
114
111
107
108
98
85
98
117
97
125
132
143
108
113
113
121
117
103
96
103
108
115
101
85
100
98
116
105
107
101
97
101
97
81
61
79
91
57
79
94
81
63
66
93
67
64
83
56
49
54
50
84
75
90
72
56
79
70
65
61
59
71
75
61
82
63
73
91
96
95
97
115
101
97
113
108
113
109
117
123
141
121
121
137
131
133
113
84
111
123
101
125
101
114
112
113
95
99
91
88
78
65
60
69
65
58
61
37
35
11
42
62
51
55
40
40
42
37
54
51
24
7
51
47
19
33
36
50
62
86
75
85
84
84
97
109
129
114
127
131
109
117
130
160
129
101
115
124
113
90
110
81
98
83
46
72
57
49
73
45
39
22
28
43
41
70
37
57
35
43
45
14
72
36
31
39
34
54
33
44
33
30
51
56
72
69
51
64
57
57
64
61
86
81
95
86
66
72
87
90
58
49
66
75
82
59
43
71
65
44
56
62
35
16
29
32
32
22
56
71
68
78
45
71
84
79
55
53
71
47
33
20
30
51
53
50
48
70
82
50
38
41
39
66
75
73
61
68
58
60
53
47
78
21
34
32
35
13
22
32
38
13
19
16
21
42
16
22
-10
9
17
31
34
27
44
43
3
38
41
10
29
36
30
-2
14
13
31
7
27
20
-9
10
21
11
-2
7
9
11
-4
8
8
1
12
11
26
7
42
41
36
6
10
16
-16
-4
4
1
28
18
16
43
33
35
21
4
14
48
55
51
37
44
62
32
30
54
56
38
40
45
55
43
42
39
54
55
46
36
35
47
53
51
43
57
41
60
37
10
30
28
40
46
57
42
29
16
34
42
16
23
30
14
28
-4
-32
-1
-16
-36
-25
-9
-19
-5
4
-42
-30
-27
-36
-15
-15
-9
-29
-36
-59
-25
2
-6
-5
7
-2
-7
13
12
-6
-9
10
-2
15
13
14
13
-1
11
7
14
2
26
10
45
5
6
14
17
19
8
15
-12
-12
-30
-25
-6
-19
19
18
-8
7
2
-12
3
8
-2
-2
-3
-17
-17
-16
2
-19
17
-6
-9
-5
11
19
25
32
36
28
29
21
0
14
6
31
20
38
37
56
39
29
49
25
50
47
44
58
27
27
30
48
49
44
69
67
53
68
69
66
62
51
37
31
34
25
25
20
28
24
8
12
-11
-20
-37
-26
-19
-44
-22
-4
-24
-45
-54
-41
-25
-21
-39
-21
-12
-23
-28
-30
-37
-47
-42
-35
-36
0
3
8
11
17
14
7
7
15
9
14
21
18
11
42
44
21
33
30
50
40
32
41
47
51
67
57
94
70
22
27
22
39
44
36
36
22
35
17
33
2
8
16
14
18
4
14
39
22
9
27
6
11
30
30
4
37
-12
7
18
30
38
22
6
16
33
31
54
34
19
42
43
44
51
56
77
46
39
24
37
28
19
22
34
30
19
19
6
15
20
19
13
18
13
-2
-7
-9
-3
-23
-15
19
-6
-4
-23
-16
-14
-32
-21
-30
-42
-16
-33
-28
-9
-18
-34
-30
-6
-7
-6
-15
-10
-5
-4
9
6
1
4
16
7
4
10
16
1
-10
20
26
37
27
24
14
7
13
9
35
-3
12
-10
-8
-3
-24
-10
7
0
7
10
-30
-14
4
-17
-12
14
-13
3
4
-14
-12
-3
31
36
39
15
21
45
32
34
41
59
41
73
78
62
71
65
61
44
93
84
61
101
83
82
89
88
100
85
69
71
85
85
70
89
68
64
63
63
49
74
39
50
51
48
47
15
42
30
36
36
36
13
33
47
34
20
27
26
43
76
58
38
40
60
89
88
85
87
54
73
67
67
82
68
86
84
73
83
65
52
66
73
81
78
96
97
78
89
71
78
106
88
73
90
74
64
98
98
88
71
74
97
92
97
135
110
79
81
70
106
82
81
78
69
110
93
88
73
78
115
81
81
66
54
71
69
69
46
87
53
58
105
63
58
66
74
78
69
78
57
82
90
84
77
93
81
82
120
81
111
114
115
119
79
114
96
82
80
70
94
49
60
52
42
64
63
65
77
76
69
65
53
57
72
71
40
58
31
57
55
66
60
73
74
69
75
77
78
42
53
22
43
49
54
73
47
41
42
45
35
56
35
38
49
44
65
54
34
43
46
52
50
48
58
67
50
59
57
42
70
92
73
81
70
61
70
78
72
41
42
35
37
69
72
69
70
73
60
49
71
55
77
87
91
91
80
66
75
52
69
77
61
84
81
59
54
40
58
44
53
36
22
59
66
35
38
43
62
47
34
67
40
50
60
44
50
55
48
44
34
29
57
53
44
38
20
55
54
42
30
60
30
41
62
39
50
33
48
58
57
54
63
55
64
89
69
60
50
34
45
53
43
60
41
31
28
31
48
28
45
26
18
25
25
17
16
40
32
13
15
30
-2
7
19
17
31
3
17
17
2
0
1
13
-10
-13
-11
-1
-7
-12
12
15
0
-1
21
22
16
30
35
6
14
28
-3
12
-3
-5
0
23
20
-5
18
-1
9
6
14
19
16
22
16
16
-8
13
-4
11
34
32
17
16
-3
5
21
13
6
-19
-22
-11
-21
-34
-23
-4
-13
-6
-1
-10
-11
-15
5
22
16
26
17
21
49
33
22
37
32
28
29
23
36
60
66
33
49
48
70
54
33
27
7
6
15
8
-7
11
0
7
4
12
-27
-18
-45
-11
-2
-5
1
-16
-1
-24
-2
-6
-11
-23
-11
-32
-29
-29
-56
-40
-48
-83
-68
-55
-48
-23
-11
-22
-33
-43
-48
-33
-9
-37
-23
-8
-25
-31
-35
-17
-14
-16
-38
-16
-15
-22
2
-22
-11
3
-27
-8
3
-20
-15
-19
-5
-34
-28
-22
-22
-23
-51
-53
-29
-27
-32
-36
-41
-32
-52
-45
-29
-56
-34
-25
-24
-4
-25
-36
-54
-26
-27
-35
-46
-45
14
-16
-11
-18
-28
-24
-17
-41
-42
-21
-39
-42
-27
-22
-19
-24
-10
-19
-3
-35
-25
-32
-37
-24
-35
-25
-20
-22
-11
-29
-41
-20
-31
-32
-30
-28
-48
-49
-25
-25
-46
-61
-67
-37
-57
-39
-46
-67
-56
-50
-49
-64
-48
-42
-51
-52
-67
-66
-77
-69
-64
-50
-49
-65
-43
-61
-74
-52
-38
-56
-71
-47
-74
-77
-66
-93
-85
-101
-76
-68
-53
-79
-79
-70
-72
-56
-74
-67
-97
-74
-46
-48
-63
-77
-52
-36
-28
-49
-58
-61
-52
-69
-52
-35
-46
-64
-50
-56
-37
-31
-45
-44
-61
-66
-68
-73
-65
-83
-90
-89
-81
-76
-87
-77
-75
-69
-88
-82
-69
-69
-63
-72
-65
-98
-91
-62
-80
-77
-74
-91
-92
-86
-90
-77
-77
-90
-81
-68
-86
-74
-81
-75
-63
-46
-73
-75
-68
-75
-70
-63
-77
-91
-77
-84
-103
-111
-93
-94
-100
-92
-117
-102
-114
-115
-106
-137
-122
-134
-131
-118
-97
-116
-97
-134
-120
-124
-149
-128
-125
-124
-104
-104
-132
-129
-124
-110
-100
-107
-92
-81
-104
-121
-100
-102
-81
-93
-113
-83
-86
-100
-97
-77
-105
-92
-76
-92
-73
-66
-78
-87
-83
-86
-98
-109
-100
-97
-89
-105
-106
-107
-99
-85
-88
-124
-109
-80
-99
-123
-104
-80
-115
-92
-117
-114
-109
-122
-92
-111
-123
-138
-122
-106
-106
-97
-99
-100
-114
-117
-90
-86
-110
-109
-107
-110
-83
-99
-93
-92
-101
-97
-92
-110
-92
-98
-90
-108
-107
-90
-114
-109
-121
-114
-142
-115
-92
-106
-119
-126
-111
-91
-110
-98
-110
-121
-118
-91
-89
-126
-125
-145
-134
-107
-124
-122
-133
-104
-113
-132
-106
-118
-126
-142
-140
-149
-151
-135
-159
-121
-144
-150
-135
-132
-136
-128
-117
-122
-110
-134
-118
-101
-89
-109
-103
-119
-118
-120
-134
-130
-139
-122
-108
-118
-118
-116
-135
-119
-104
-98
-97
-111
-106
-117
-133
-112
-98
-131
-110
-101
-94
-106
-118
-104
-86
-93
-94
-103
-87
-99
-116
-101
-131
-114
-105
-110
-118
-101
-118
-120
-125
-123
-115
-163
-151
-132
-142
-132
-128
-120
-141
-145
-141
-122
-141
-125
-115
-103
-84
-103
-90
-101
-94
-92
-91
-84
-86
-105
-76
-79
-83
-71
-77
-83
-86
-62
-68
-61
-89
-76
-96
-73
-97
-132
-117
-133
-111
-120
-117
-134
-118
-129
-121
-111
-143
-146
-116
-111
-134
-134
-154
-144
-133
-133
-141
-125
-140
-117
-126
-164
-95
-100
-146
-142
-118
-139
-128
-134
-123
-123
-109
-98
-129
-96
-98
-108
-106
-118
-104
-110
-118
-105
-118
-133
-130
-142
-124
-116
-102
-107
-117
-120
-131
-111
-122
-126
-105
-112
-121
-103
-116
-136
-129
-120
-125
-126
-116
-132
-129
-111
-116
-110
-79
-87
-94
-105
-104
-98
-92
-86
-85
-114
-93
-115
-125
-84
-100
-103
-117
-113
-95
-99
-102
-108
-113
-101
-117
-102
-122
-122
-110
-93
-108
-115
-118
-119
-104
-109
-126
-130
-109
-153
-115
-129
-162
-144
-145
-138
-125
-116
-99
-116
-140
-131
-100
-113
-113
-103
-133
-112
-127
-123
-120
-132
-109
-109
-113
-132
-125
-110
-106
-108
-120
-103
-112
-135
-134
-134
-129
-114
-110
-144
-142
-115
-137
-138
-122
-117
-104
-112
-113
-119
-129
-120
-127
-131
-112
-120
-109
-109
-112
-86
-98
-108
-108
-89
-105
-103
-113
-128
-89
-98
-96
-90
-108
-99
-89
-76
-84
-95
-90
-78
-65
-59
-69
-84
-95
-94
-77
-66
-87
-91
-62
-75
-69
-103
-100
-52
-69
-87
-102
-76
-82
-60
-72
-58
-53
-51
-49
-84
-108
-82
-79
-70
-78
-87
-70
-96
-99
-97
-89
-107
-79
-90
-93
-78
-62
-37
-56
-54
-73
-76
-90
-75
-70
-65
-63
-97
-83
-79
-58
-76
-76
-86
-83
-63
-94
-92
-81
-97
-122
-103
-92
-103
-102
-97
-84
-89
-94
-93
-96
-104
-105
-84
-88
-102
-75
-84
-79
-86
-106
-71
-74
-78
-85
-105
-91
-77
-83
-82
-70
-80
-65
-88
-89
-67
-62
-73
-78
-61
-63
-74
-59
-50
-57
-47
-66
-63
-68
-77
-42
-47
-52
-71
-51
-40
-69
-48
-79
-78
-44
-56
-76
-73
-75
-80
-68
-78
-71
-58
-62
-52
-81
-70
-60
-62
-25
-57
-65
-73
-43
-61
-62
-31
-36
-48
-62
-37
-54
-35
-49
-31
-26
-28
-1
-3
-5
-39
-31
-32
-31
-3
-27
-51
-20
-41
-52
-28
-31
-50
-61
-50
-51
-72
-49
-55
-54
-47
-56
-41
-45
-54
-47
-44
-54
-54
-87
-92
-66
-71
-93
-87
-100
-96
-73
-83
-66
-62
-92
-113
-86
-96
-125
-109
-97
-108
-79
-107
-92
-87
-78
-93
-119
-95
-99
-79
-97
-53
-63
-75
-86
-75
-92
-96
-89
-82
-64
-86
-85
-92
-86
-73
-84
-95
-101
-85
-69
-82
-94
-121
-114
-96
-95
-87
-96
-117
-89
-81
-104
-107
-99
-94
-79
-111
-92
-80
-118
-72
-91
-88
-81
-106
-91
-108
-96
-89
-87
-97
-82
-87
-101
-66
-54
-74
-61
-56
-59
-52
-89
-76
-61
-77
-69
-86
-50
-59
-75
-56
-67
-58
-59
-60
-39
-42
-57
-59
-66
-69
-81
-69
-68
-80
-108
-106
-89
-99
-83
-83
-97
-98
-100
-86
-88
-126
-101
-104
-114
-126
-122
-87
-97
-96
-101
-107
-117
-76
-95
-126
-96
-101
-108
-121
-133
-131
-115
-94
-106
-117
-103
-108
-97
-130
-124
-139
-121
-124
-135
-120
-144
-117
-113
-100
-94
-92
-80
-91
-103
-104
-116
-102
-104
-97
-96
-110
-112
-118
-84
-106
-103
-94
-84
-93
-95
-110
-94
-91
-80
-77
-111
-94
-97
-113
-115
-121
-121
-85
-105
-80
-47
-79
-72
-54
-58
-63
-55
-57
-60
-83
-69
-79
-83
-55
-75
-69
-56
-42
-74
-43
-72
-65
-72
-81
-81
-74
-59
-87
-50
-70
-60
-63
-55
-76
-55
-62
-77
-38
-74
-71
-50
-72
-89
-74
-68
-52
-63
-80
-109
-94
-85
-96
-100
-109
-98
-87
-84
-94
-80
-97
-104
-117
-125
-114
-101
-76
-98
-102
-116
-113
-125
-107
-127
-131
-141
-116
-108
-117
-92
-97
-88
-106
-97
-122
-114
-107
-114
-109
-111
-107
-117
-126
-130
-152
-132
-116
-135
-126
-138
-140
-131
-137
-150
-140
-154
-130
-125
-118
-135
-131
-131
-148
-151
-163
-162
-150
-161
-153
-139
-141
-118
-129
-124
-109
-128
-128
-138
-138
-137
-158
-145
-122
-159
-144
-117
-135
-118
-139
-133
-146
-159
-128
-153
-142
-141
-138
-142
-158
-148
-145
-125
-143
-153
-152
-125
-135
-129
-149
-141
-162
-149
-131
-153
-137
-142
-110
-110
-99
-119
-141
-140
-150
-120
-145
-158
-159
-161
-164
-188
-177
-167
-163
-173
-162
-140
-131
-138
-182
-160
-158
-159
-148
-165
-168
-172
-150
-147
-157
-147
-161
-164
-156
-161
-153
-161
-171
-176
-164
-176
-190
-175
-190
-183
-162
-157
-166
-165
-180
-187
-193
-168
-160
-186
-182
-167
-176
-187
-164
-170
-147
-174
-185
-165
-178
-195
-183
-188
-200
-159
-162
-168
-165
-170
-163
-156
-167
-167
-159
-158
-146
-141
-134
-146
-168
-174
-179
-151
-173
-171
-161
-176
-164
-158
-183
-179
-175
-160
-153
-169
-184
-181
-169
-171
-149
-161
-142
-134
-148
-150
-152
-158
-161
-147
-139
-145
-144
-154
-177
-156
-157
-157
-153
-180
-167
-155
-163
-164
-148
-157
-157
-187
-153
-159
-162
-167
-155
-173
-189
-173
-164
-189
-194
-183
-187
-204
-185
-176
-203
-185
-213
-199
-179
-206
-172
-180
-192
-189
-179
-183
-180
-173
-170
-180
-199
-201
-179
-182
-177
-182
-194
-174
-184
-157
-155
-162
-159
-182
-152
-178
-174
-148
-154
-165
-165
-144
-172
-146
-143
-162
-148
-155
-156
-175
-169
-159
-170
-172
-178
-158
-170
-175
-163
-150
-163
-164
-162
-169
-170
-164
-158
-164
-154
-163
-147
-121
-133
-159
-156
-128
-147
-153
-139
-154
-159
-137
-138
-137
-128
-144
-136
-136
-124
-136
-149
-146
-139
-147
-147
-123
-108
-115
-145
-130
-120
-129
-107
-113
-132
-129
-120
-119
-107
-121
-130
-119
-129
-138
-135
-121
-140
-127
-136
-120
-115
-102
-114
-134
-160
-140
-112
-145
-140
-134
-113
-122
-124
-116
-99
-130
-134
-115
-126
-81
-102
-109
-93
-115
-131
-117
-123
-134
-102
-126
-112
-119
-111
-96
-121
-121
-105
-98
-95
-91
-96
-100
-107
-113
-94
-73
-101
-112
-100
-103
-91
-110
-112
-89
-116
-104
-116
-92
-98
-87
-71
-84
-84
-90
-96
-109
-107
-105
-90
-94
-75
-84
-88
-87
-90
-101
-86
-85
-101
-85
-91
-105
-84
-74
-109
-105
-98
-88
-97
-107
-74
-88
-85
-71
-76
-83
-67
-51
-72
-57
-56
-57
-55
-56
-35
-58
-53
-73
-42
-38
-59
-68
-64
-93
-66
-86
-75
-60
-86
-54
-52
-76
-93
-64
-73
-49
-57
-87
-90
-83
-65
-72
-61
-68
-55
-62
-57
-91
-63
-58
-79
-70
-70
-71
-53
-62
-99
-67
-49
-40
-41
-33
-40
-36
-33
-41
-29
-44
-46
-49
-44
-51
-24
-9
-31
-46
-28
-20
-64
-28
-25
-32
-35
-55
-36
-54
-62
-52
-47
-64
-39
-70
-62
-63
-83
-49
-67
-71
-31
-62
-63
-63
-79
-61
-72
-52
-57
-67
-78
-74
-69
-100
-93
-75
-105
-110
-82
-85
-58
-73
-67
-98
-106
-68
-93
-91
-81
-78
-101
-85
-77
-83
-60
-59
-80
-65
-81
-82
-72
-75
-73
-57
-55
-58
-55
-95
-73
-79
-72
-57
-52
-47
-29
-48
-68
-52
-68
-47
-46
-49
-57
-43
-47
-36
-22
-44
-24
-14
1
-31
-26
-18
-35
-30
-42
-39
-47
-26
-41
-33
-25
-42
-37
-65
-42
-21
-30
-12
4
-13
-12
-4
7
-8
14
-4
-9
-6
14
-5
-3
19
8
13
6
2
-10
3
-7
7
19
0
21
10
-26
-22
-15
-22
-30
-14
-13
-6
1
-11
-6
-12
-6
-17
-16
-22
-10
2
-34
-50
-59
-76
-67
-96
-117
-120
-132
-127
-156
-165
-173
-173
-169
-209
-215
-239
-220
-247
-254
-230
-236
-247
-228
-226
-226
-218
-224
-217
-224
-185
-202
-182
-195
-179
-154
-148
-139
-131
-120
-119
-90
-92
-72
-69
-73
-57
-39
3
13
20
28
59
57
57
70
91
105
125
152
166
166
165
164
154
184
173
166
185
167
193
194
199
174
190
177
174
177
160
153
168
167
121
116
98
114
121
92
99
107
125
136
150
137
170
176
197
227
236
263
239
248
248
249
241
239
217
195
133
74
31
-40
-113
-156
-247
-323
-349
-393
-447
-493
-496
-531
-513
-532
-553
-544
-503
-492
-488
-474
-462
-417
-410
-359
-355
-357
-323
-323
-288
-295
-301
-298
-307
-333
-346
-365
-385
-411
-382
-381
-388
-376
-350
-342
-334
-301
-260
-216
-214
-163
-151
-113
-81
-61
-36
15
71
89
87
124
134
162
174
162
170
195
175
149
165
134
156
171
152
129
120
72
81
63
61
38
31
33
39
68
71
118
153
188
199
190
178
141
117
67
26
12
-21
-48
-92
-73
-75
-84
-47
-32
-32
-17
-16
-36
-52
-79
-91
-87
-144
-156
-170
-181
-156
-137
-166
-138
-102
-123
-95
-90
-79
-74
-95
-121
-118
-119
-123
-139
-129
-64
-67
-130
-194
-245
-296
-383
-481
-523
-511
-460
-451
-459
-392
-262
-155
-102
-70
12
134
179
119
101
152
162
149
131
161
236
279
331
407
495
576
633
669
714
754
737
714
689
735
735
730
774
782
820
848
878
941
992
1053
1102
1092
1143
1171
1187
1170
1145
1155
1183
1171
1157
1189
1230
1184
1177
1135
1104
1075
1053
992
904
847
775
668
550
442
333
242
173
98
33
13
-36
-86
-108
-134
-136
-187
-190
-184
-191
-208
-209
-188
-174
-149
-161
-174
-145
-174
-186
-233
-291
-360
-497
-560
-678
-818
-983
-1123
-1235
-1350
-1452
-1562
-1625
-1662
-1639
-1648
-1653
-1594
-1552
-1508
-1464
-1411
-1333
-1272
-1250
-1216
-1197
-1208
-1224
-1233
-1219
-1215
-1215
-1167
-1097
-1073
-1048
-1012
-921
-852
-823
-769
-755
-698
-634
-583
-547
-454
-374
-302
-219
-125
12
122
261
369
501
664
790
901
1055
1177
1335
1444
1533
1656
1777
1815
1871
1962
2050
2133
2148
2197
2254
2299
2340
2374
2401
2425
2412
2389
2355
2319
2241
2156
2083
1961
1775
1488
1125
792
476
202
-52
-283
-477
-622
-750
-788
-753
-724
-677
-607
-492
-419
-397
-337
-316
-264
-213
-180
-159
-142
-81
-51
35
94
128
101
58
28
-53
-151
-309
-438
-588
-740
-882
-1020
-1105
-1132
-1134
-1142
-1080
-999
-964
-871
-869
-952
-1041
-1188
-1239
-1286
-1369
-1445
-1456
-1365
-1294
-1225
-1115
-951
-805
-726
-684
-645
-667
-773
-958
-1095
-1203
-1354
-1498
-1608
-1647
-1642
-1610
-1520
-1445
-1347
-1270
-1218
-1145
-1108
-1058
-1072
-1056
-1028
-1004
-958
-891
-770
-669
-535
-372
-218
4
154
255
354
507
611
715
803
866
974
1046
1119
1243
1409
1562
1714
1794
1920
2094
2212
2285
2349
2462
2567
2665
2752
2836
2909
2986
3040
3101
3138
3163
3122
3052
3003
2847
2619
2210
1743
1247
784
401
-11
-373
-672
-900
-1063
-1127
-1128
-1100
-1020
-894
-782
-664
-571
-504
-449
-373
-291
-225
-147
-79
19
163
285
427
503
561
583
541
465
328
117
-120
-346
-573
-804
-1035
-1242
-1373
-1450
-1506
-1474
-1476
-1428
-1376
-1353
-1356
-1434
-1489
-1596
-1714
-1806
-1867
-1888
-1826
-1732
-1612
-1443
-1254
-1037
-834
-688
-572
-521
-487
-568
-693
-854
-1043
-1210
-1348
-1497
-1616
-1628
-1629
-1617
-1558
-1457
-1394
-1354
-1313
-1287
-1311
-1291
-1310
-1309
-1271
-1194
-1153
-1060
-872
-698
-585
-415
-220
-85
64
135
247
361
420
467
533
611
738
811
933
1090
1312
1498
1672
1872
2066
2261
2345
2498
2627
2809
2926
2966
3058
3185
3243
3338
3428
3513
3593
3619
3664
3650
3587
3493
3251
2894
2377
1798
1239
696
196
-341
-797
-1162
-1405
-1543
-1608
-1550
-1465
-1341
-1169
-1028
-882
-734
-664
-611
-520
-423
-320
-195
-74
121
318
536
771
933
1042
1122
1110
1037
849
594
341
29
-305
-684
-1028
-1305
-1513
-1654
-1796
-1829
-1814
-1785
-1730
-1664
-1620
-1667
-1755
-1837
-1911
-2038
-2158
-2166
-2113
-2022
-1893
-1656
-1355
-1066
-838
-604
-363
-210
-159
-264
-388
-579
-793
-1072
-1318
-1528
-1709
-1826
-1923
-1903
-1854
-1792
-1721
-1661
-1626
-1609
-1597
-1582
-1595
-1656
-1660
-1612
-1541
-1390
-1222
-1007
-710
-423
-96
229
507
731
868
976
1021
994
955
903
859
878
941
1032
1189
1360
1599
1857
2116
2339
2561
2787
2963
3128
3229
3323
3399
3463
3576
3636
3746
3858
3996
4085
4119
4158
4145
4134
3971
3667
3144
2449
1717
1035
401
-263
-892
-1426
-1820
-2062
-2163
-2111
-2009
-1865
-1668
-1444
-1247
-1027
-925
-850
-739
-667
-585
-481
-314
-107
126
428
719
1014
1289
1509
1637
1651
1547
1318
1070
727
350
-61
-513
-889
-1212
-1474
-1634
-1766
-1799
-1800
-1806
-1774
-1705
-1705
-1800
-1942
-2097
-2223
-2315
-2431
-2516
-2468
-2303
-2059
-1815
-1476
-1073
-727
-475
-228
-42
17
-90
-269
-528
-821
-1113
-1444
-1698
-1921
-2070
-2137
-2099
-2008
-1889
-1773
-1723
-1640
-1576
-1534
-1524
-1567
-1633
-1650
-1643
-1596
-1435
-1238
-979
-709
-374
-28
291
538
720
856
982
1033
1047
1045
1008
1039
1054
1178
1289
1471
1710
1887
2093
2299
2612
2831
3001
3175
3264
3394
3456
3574
3635
3747
3861
3969
4059
4147
4247
4289
4331
4257
4112
3930
3618
3021
2241
1453
782
104
-523
-1144
-1645
-1984
-2214
-2272
-2206
-2056
-1894
-1734
-1510
-1285
-1063
-981
-909
-832
-789
-634
-497
-303
-40
252
573
871
1202
1482
1690
1855
1825
1695
1512
1207
843
452
-23
-444
-826
-1175
-1437
-1644
-1739
-1818
-1831
-1824
-1845
-1835
-1828
-1851
-1953
-2093
-2228
-2287
-2295
-2305
-2295
-2206
-1996
-1791
-1575
-1386
-1082
-817
-705
-612
-499
-484
-595
-796
-955
-1109
-1317
-1485
-1698
-1827
-1895
-2005
-2021
-2013
-1986
-1976
-1974
-1995
-1943
-1883
-1862
-1832
-1784
-1656
-1533
-1374
-1194
-944
-727
-492
-302
-52
150
309
420
539
572
598
658
708
776
870
981
1095
1276
1432
1629
1813
2010
2186
2358
2562
2745
2884
3085
3223
3373
3539
3716
3897
4046
4216
4394
4516
4597
4678
4648
4633
4500
4228
3839
3255
2550
1785
1057
368
-338
-997
-1532
-1979
-2294
-2446
-2471
-2399
-2294
-2132
-1920
-1706
-1502
-1357
-1245
-1112
-988
-847
-672
-426
-152
146
479
826
1187
1473
1750
1903
1964
1883
1723
1490
1108
773
351
-105
-522
-899
-1212
-1476
-1681
-1822
-1919
-1989
-2045
-2080
-2127
-2150
-2172
-2287
-2397
-2494
-2549
-2508
-2389
-2293
-2091
-1869
-1664
-1420
-1138
-926
-790
-707
-673
-699
-789
-902
-1073
-1251
-1415
-1564
-1689
-1774
-1814
-1843
-1941
-1980
-1987
-2012
-2032
-2074
-2137
-2179
-2192
-2173
-2097
-2020
-1857
-1678
-1444
-1188
-903
-597
-345
-84
85
284
393
455
481
521
539
576
655
685
821
1004
1194
1336
1544
1799
2001
2136
2282
2493
2640
2758
2862
3044
3200
3325
3477
3664
3882
4115
4270
4380
4534
4638
4660
4581
4478
4285
3902
3314
2617
1891
1266
585
-95
-765
-1292
-1680
-1975
-2128
-2143
-2067
-2033
-1968
-1808
-1604
-1463
-1384
-1288
-1184
-1077
-943
-796
-566
-278
7
369
713
1048
1387
1662
1818
1883
1864
1713
1516
1225
890
512
137
-272
-627
-929
-1176
-1402
-1542
-1649
-1750
-1789
-1851
-1924
-2012
-2052
-2143
-2216
-2292
-2378
-2386
-2325
-2222
-2065
-1856
-1580
-1350
-1132
-871
-658
-494
-473
-593
-658
-841
-1012
-1237
-1465
-1637
-1818
-1911
-1964
-1946
-1916
-1885
-1872
-1870
-1855
-1850
-1899
-1975
-2062
-2129
-2167
-2199
-2164
-2015
-1851
-1645
-1391
-1059
-683
-349
-71
154
345
508
620
637
604
539
514
501
535
550
666
803
966
1225
1500
1808
2054
2239
2389
2573
2750
2926
3084
3182
3289
3446
3607
3792
4022
4254
4477
4628
4784
4979
5042
4989
4860
4659
4285
3753
2949
2099
1293
527
-218
-976
-1599
-2098
-2429
-2610
-2631
-2575
-2453
-2355
-2147
-1892
-1686
-1527
-1434
-1325
-1206
-1089
-950
-704
-427
-82
242
609
1034
1421
1782
2003
2166
2196
2083
1893
1620
1298
862
386
-87
-536
-941
-1256
-1529
-1696
-1796
-1897
-1996
-2052
-2105
-2139
-2199
-2277
-2389
-2461
-2493
-2540
-2526
-2423
-2272
-2079
-1835
-1610
-1400
-1180
-925
-733
-617
-568
-575
-620
-717
-846
-966
-1141
-1285
-1451
-1558
-1622
-1722
-1745
-1828
-1897
-1938
-2001
-2039
-2068
-2123
-2154
-2139
-2095
-2005
-1863
-1697
-1496
-1264
-1000
-719
-471
-230
-22
159
317
427
500
550
593
659
712
780
887
1015
1150
1370
1514
1677
1870
2038
2231
2349
2461
2552
2693
2817
2937
3067
3239
3440
3666
3933
4223
4479
4705
4929
5046
5125
5109
4974
4791
4412
3856
3055
2190
1405
614
-129
-826
-1446
-1949
-2273
-2435
-2470
-2417
-2308
-2183
-2036
-1853
-1670
-1539
-1457
-1387
-1303
-1207
-1065
-847
-546
-203
169
573
984
1411
1815
2071
2231
2321
2255
2073
1792
1458
1037
571
112
-337
-718
-1049
-1302
-1505
-1658
-1747
-1848
-1918
-1959
-2005
-2085
-2213
-2289
-2411
-2530
-2618
-2648
-2582
-2458
-2322
-2156
-1847
-1584
-1309
-1030
-776
-556
-486
-428
-398
-452
-565
-747
-947
-1182
-1373
-1524
-1666
-1795
-1866
-1924
-1948
-1960
-1955
-1926
-1899
-1901
-1904
-1870
-1830
-1773
-1684
-1592
-1449
-1272
-1098
-869
-631
-374
-129
73
264
440
594
695
769
848
909
962
1026
1135
1235
1341
1500
1664
1840
2005
2170
2359
2534
2709
2899
2980
3078
3222
3329
3453
3575
3773
3947
4144
4363
4568
4706
4817
4874
4834
4760
4483
4013
3325
2531
1750
962
189
-571
-1258
-1801
-2181
-2436
-2466
-2427
-2321
-2121
-1952
-1753
-1550
-1398
-1299
-1228
-1187
-1136
-1067
-931
-694
-423
-102
250
683
1093
1497
1833
2102
2221
2245
2165
1933
1615
1224
793
297
-166
-616
-969
-1253
-1460
-1582
-1702
-1789
-1800
-1811
-1822
-1871
-1960
-2046
-2173
-2333
-2490
-2571
-2548
-2498
-2414
-2302
-2055
-1824
-1580
-1282
-1005
-758
-646
-593
-559
-547
-636
-782
-970
-1148
-1292
-1486
-1583
-1648
-1704
-1791
-1807
-1819
-1794
-1779
-1805
-1821
-1839
-1830
-1841
-1782
-1734
-1653
-1560
-1394
-1144
-913
-634
-367
-124
105
325
504
656
752
768
810
828
873
946
1037
1131
1276
1449
1662
1886
2127
2353
2561
2748
2880
3041
3156
3240
3338
3453
3531
3669
3834
4024
4284
4486
4662
4803
4936
5001
4906
4670
4260
3624
2797
1944
1107
286
-515
-1290
-1908
-2346
-2592
-2668
-2635
-2512
-2296
-2095
-1857
-1582
-1424
-1303
-1237
-1203
-1150
-1138
-1028
-814
-586
-264
84
518
987
1416
1851
2141
2322
2397
2355
2164
1873
1513
1045
505
5
-464
-869
-1192
-1471
-1629
-1715
-1787
-1808
-1799
-1789
-1802
-1845
-1926
-2037
-2173
-2317
-2424
-2548
-2564
-2570
-2483
-2329
-2116
-1885
-1581
-1249
-1014
-774
-595
-451
-412
-474
-583
-746
-941
-1170
-1402
-1608
-1731
-1876
-1961
-2001
-2012
-1954
-1926
-1864
-1797
-1732
-1702
-1662
-1645
-1605
-1503
-1477
-1384
-1246
-1088
-886
-702
-478
-252
-29
183
348
490
617
747
847
914
976
1066
1160
1227
1391
1523
1676
1849
2025
2251
2462
2636
2800
2987
3150
3330
3450
3609
3806
3949
4144
4299
4441
4579
4693
4720
4683
4607
4421
4097
3560
2841
2089
1354
613
-154
-874
-1508
-1996
-2343
-2582
-2620
-2579
-2488
-2318
-2111
-1868
-1635
-1445
-1325
-1181
-1075
-989
-862
-687
-479
-228
100
436
806
1173
1544
1879
2068
2206
2249
2147
1948
1686
1326
873
421
-47
-479
-853
-1170
-1431
-1617
-1716
-1767
-1816
-1796
-1807
-1814
-1841
-1880
-1924
-2013
-2097
-2145
-2129
-2090
-2072
-2129
-2070
-1940
-1704
-1521
-1365
-1169
-977
-836
-740
-660
-618
-630
-796
-973
-1133
-1275
-1430
-1627
-1808
-1968
-2058
-2085
-2110
-2041
-1984
-1924
-1818
-1717
-1582
-1459
-1349
-1241
-1185
-1055
-946
-834
-720
-614
-438
-257
-89
93
285
460
638
802
944
1094
1247
1356
1461
1536
1673
1807
1927
2013
2155
2355
2539
2741
2943
3184
3413
3612
3847
4098
4336
4487
4628
4761
4848
4823
4772
4662
4494
4226
3752
3155
2454
1739
1034
357
-329
-983
-1569
-1998
-2278
-2440
-2501
-2513
-2436
-2307
-2123
-1925
-1675
-1528
-1394
-1217
-1083
-907
-759
-496
-256
49
373
691
1038
1357
1687
1920
2062
2107
2111
2015
1821
1554
1231
814
387
-4
-406
-746
-1050
-1279
-1498
-1643
-1707
-1804
-1809
-1836
-1844
-1923
-1976
-2035
-2119
-2154
-2198
-2165
-2166
-2100
-1982
-1898
-1751
-1571
-1336
-1128
-951
-839
-693
-589
-597
-608
-665
-786
-975
-1185
-1396
-1533
-1697
-1859
-1971
-2083
-2079
-2062
-2029
-1945
-1827
-1769
-1671
-1571
-1469
-1364
-1286
-1188
-1128
-998
-889
-709
-607
-459
-262
-92
99
247
445
604
757
869
966
1114
1186
1287
1375
1477
1624
1769
1932
2098
2314
2519
2772
2978
3192
3428
3638
3827
3989
4151
4322
4524
4649
4754
4771
4766
4744
4624
4404
4033
3441
2720
2047
1372
652
-119
-841
-1427
-1934
-2303
-2503
-2584
-2592
-2514
-2381
-2214
-1965
-1725
-1533
-1362
-1199
-1075
-946
-776
-589
-390
-125
181
481
846
1219
1550
1826
2048
2195
2247
2179
2033
1779
1467
1088
638
208
-221
-618
-953
-1260
-1500
-1652
-1748
-1816
-1873
-1871
-1849
-1888
-1952
-1969
-1969
-2009
-2073
-2157
-2233
-2224
-2207
-2180
-2085
-1902
-1688
-1444
-1217
-979
-737
-580
-511
-469
-470
-548
-719
-937
-1189
-1430
-1634
-1859
-2025
-2159
-2243
-2253
-2174
-2088
-1920
-1821
-1704
-1575
-1475
-1386
-1315
-1234
-1184
-1109
-1015
-933
-844
-666
-489
-321
-116
76
266
475
675
865
950
1042
1140
1202
1245
1319
1414
1506
1650
1822
2027
2246
2467
2704
2945
3204
3453
3664
3874
4040
4216
4353
4482
4621
4664
4669
4593
4566
4426
4213
3858
3283
2606
1918
1287
588
-106
-822
-1447
-1942
-2307
-2535
-2658
-2679
-2652
-2508
-2324
-2091
-1877
-1654
-1448
-1270
-1110
-922
-765
-568
-368
-137
150
409
751
1089
1411
1687
1896
2040
2085
2084
1973
1770
1493
1149
722
279
-146
-530
-892
-1240
-1525
-1704
-1852
-1953
-1986
-2001
-2020
-2003
-1987
-2038
-2035
-2050
-2096
-2123
-2102
-2091
-2062
-2040
-1933
-1768
-1576
-1401
-1220
-1020
-856
-721
-646
-584
-610
-667
-807
-1020
-1182
-1394
-1592
-1788
-1960
-2087
-2159
-2181
-2199
-2129
-2084
-1991
-1888
-1804
-1686
-1565
-1474
-1421
-1358
-1283
-1149
-1068
-968
-836
-651
-464
-298
-87
105
294
471
618
765
891
1025
1131
1208
1293
1404
1506
1578
1703
1854
2026
2212
2417
2639
2857
3063
3285
3502
3720
3930
4129
4293
4485
4634
4685
4686
4665
4579
4409
4123
3686
3091
2410
1744
1070
382
-293
-949
-1497
-1935
-2251
-2451
-2564
-2591
-2554
-2427
-2297
-2117
-1922
-1757
-1599
-1447
-1336
-1168
-982
-802
-541
-288
7
321
673
1032
1358
1620
1840
1953
2003
1979
1848
1678
1381
1054
668
247
-158
-540
-906
-1196
-1423
-1612
-1771
-1845
-1929
-1945
-1980
-1974
-1971
-2020
-2005
-2007
-1980
-1979
-1939
-1865
-1833
-1773
-1719
-1603
-1443
-1314
-1233
-1118
-985
-930
-871
-854
-820
-835
-959
-1086
-1225
-1331
-1496
-1638
-1791
-1929
-2032
-2097
-2166
-2203
-2174
-2181
-2117
-2066
-1981
-1856
-1730
-1603
-1527
-1370
-1216
-1057
-892
-763
-614
-454
-298
-174
-13
108
225
355
478
621
777
880
1019
1141
1286
1442
1579
1748
1836
2002
2168
2313
2401
2580
2755
2932
3106
3267
3491
3701
3896
4101
4327
4506
4662
4733
4719
4698
4550
4301
3903
3338
2690
1960
1274
566
-116
-762
-1363
-1774
-2112
-2324
-2409
-2448
-2376
-2273
-2137
-2002
-1826
-1691
-1586
-1455
-1386
-1294
-1186
-1044
-846
-632
-344
-22
324
679
1027
1338
1630
1813
1914
1923
1860
1723
1488
1174
805
425
-2
-399
-755
-1049
-1289
-1490
-1632
-1716
-1787
-1828
-1842
-1870
-1938
-1986
-2040
-2112
-2186
-2289
-2361
-2424
-2441
-2381
-2285
-2089
-1859
-1632
-1362
-1090
-852
-606
-427
-352
-322
-352
-494
-645
-852
-1069
-1322
-1544
-1722
-1891
-1962
-2005
-1979
-1926
-1840
-1750
-1632
-1522
-1476
-1411
-1406
-1388
-1392
-1391
-1387
-1360
-1287
-1216
-1050
-879
-663
-428
-190
92
365
590
819
1005
1137
1241
1310
1364
1410
1427
1492
1536
1627
1714
1824
2039
2201
2402
2609
2872
3097
3353
3546
3752
3949
4098
4267
4355
4441
4458
4434
4400
4285
4126
3853
3459
2969
2408
1886
1318
721
110
-476
-1003
-1423
-1755
-2030
-2220
-2285
-2339
-2310
-2212
-2079
-1918
-1811
-1625
-1490
-1343
-1178
-1023
-813
-627
-402
-151
90
357
616
886
1154
1325
1485
1602
1665
1639
1543
1389
1162
913
600
279
-44
-385
-685
-984
-1214
-1432
-1595
-1711
-1825
-1904
-1973
-2026
-2081
-2135
-2209
-2334
-2421
-2464
-2514
-2495
-2500
-2409
-2263
-2049
-1828
-1553
-1250
-1020
-804
-632
-485
-410
-406
-515
-668
-794
-994
-1214
-1405
-1599
-1745
-1818
-1864
-1868
-1802
-1750
-1666
-1587
-1500
-1410
-1314
-1279
-1256
-1240
-1241
-1223
-1218
-1165
-1103
-998
-843
-666
-450
-183
45
288
544
771
1003
1214
1362
1444
1535
1622
1641
1703
1735
1813
1901
1981
2092
2291
2499
2702
2933
3149
3408
3608
3803
4000
4159
4312
4395
4428
4424
4396
4269
4079
3804
3444
2981
2435
1910
1360
809
208
-306
-796
-1241
-1542
-1807
-2019
-2128
-2229
-2221
-2184
-2097
-1966
-1863
-1716
-1607
-1487
-1345
-1152
-985
-792
-564
-323
-73
192
487
791
1028
1229
1394
1535
1627
1617
1557
1451
1305
1054
765
469
164
-136
-447
-730
-959
-1179
-1333
-1487
-1604
-1744
-1828
-1904
-1980
-2034
-2112
-2205
-2327
-2412
-2461
-2477
-2484
-2467
-2383
-2206
-2031
-1787
-1544
-1294
-1024
-819
-617
-463
-403
-434
-511
-642
-835
-1008
-1200
-1430
-1595
-1727
-1810
-1868
-1846
-1773
-1696
-1597
-1480
-1375
-1287
-1175
-1134
-1119
-1127
-1122
-1105
-1096
-1050
-955
-869
-725
-574
-351
-145
121
374
592
877
1100
1312
1469
1612
1720
1831
1917
1973
2049
2123
2232
2294
2422
2562
2745
2948
3137
3294
3526
3722
3911
4081
4207
4305
4347
4352
4246
4120
3877
3545
3102
2560
1975
1435
879
279
-278
-758
-1182
-1492
-1749
-1916
-2017
-2068
-2058
-2016
-1915
-1838
-1764
-1689
-1598
-1542
-1438
-1350
-1222
-1045
-862
-650
-371
-72
222
534
811
1069
1281
1459
1600
1641
1621
1545
1366
1128
865
579
282
-29
-311
-578
-829
-985
-1154
-1283
-1392
-1469
-1544
-1603
-1713
-1803
-1849
-1940
-2065
-2224
-2344
-2432
-2446
-2451
-2431
-2327
-2180
-1989
-1742
-1507
-1272
-1022
-818
-676
-585
-533
-536
-610
-787
-968
-1140
-1324
-1490
-1662
-1781
-1832
-1815
-1799
-1726
-1634
-1546
-1426
-1320
-1216
-1148
-1114
-1113
-1104
-1101
-1083
-1078
-1023
-965
-907
-784
-614
-406
-195
31
253
499
729
956
1129
1280
1435
1532
1606
1659
1725
1809
1877
1977
2076
2202
2352
2516
2725
2931
3168
3356
3600
3765
3977
4147
4239
4297
4298
4247
4138
3972
3697
3340
2857
2331
1804
1271
718
211
-291
-750
-1172
-1496
-1737
-1889
-2003
-2070
-2074
-2044
-2017
-1917
-1843
-1756
-1682
-1609
-1466
-1337
-1188
-979
-786
-574
-303
-50
249
552
815
1064
1251
1425
1499
1549
1546
1450
1291
1094
834
529
276
-45
-299
-565
-784
-983
-1151
-1296
-1412
-1499
-1631
-1705
-1781
-1856
-1963
-2031
-2099
-2193
-2287
-2365
-2380
-2346
-2286
-2194
-2065
-1883
-1671
-1443
-1210
-1009
-847
-729
-644
-580
-607
-655
-749
-911
-1049
-1225
-1376
-1493
-1602
-1704
-1737
-1754
-1702
-1639
-1578
-1504
-1416
-1355
-1319
-1285
-1261
-1219
-1197
-1164
-1129
-1078
-1018
-938
-790
-630
-442
-257
-27
167
382
620
821
1012
1194
1348
1442
1565
1671
1781
1877
1894
1971
2073
2179
2329
2447
2595
2742
2934
3099
3274
3464
3673
3842
4005
4083
4138
4204
4138
4042
3859
3605
3241
2736
2240
1723
1188
666
133
-346
-785
-1136
-1415
-1656
-1772
-1836
-1885
-1870
-1843
-1784
-1726
-1672
-1571
-1544
-1472
-1374
-1270
-1150
-1015
-820
-617
-403
-135
176
470
725
990
1188
1333
1455
1532
1513
1416
1265
1077
845
560
255
-25
-285
-516
-743
-935
-1059
-1174
-1256
-1334
-1430
-1535
-1636
-1703
-1791
-1925
-2036
-2171
-2269
-2370
-2417
-2413
-2367
-2291
-2155
-1965
-1740
-1484
-1268
-1059
-836
-691
-585
-549
-565
-617
-719
-880
-1041
-1213
-1371
-1492
-1584
-1656
-1694
-1665
-1592
-1519
-1443
-1340
-1240
-1176
-1118
-1086
-1064
-1043
-1052
-1040
-1049
-1045
-976
-924
-789
-675
-497
-250
-79
195
427
680
882
1051
1254
1362
1470
1554
1595
1629
1673
1733
1787
1843
1955
2105
2275
2440
2654
2893
3087
3332
3543
3752
3909
4033
4128
4163
4151
4096
3979
3837
3613
3289
2896
2426
1967
1488
1032
557
86
-369
-765
-1073
-1347
-1538
-1724
-1839
-1902
-1950
-1908
-1886
-1845
-1799
-1710
-1598
-1492
-1353
-1172
-1016
-811
-583
-350
-84
182
428
673
891
1097
1250
1385
1443
1457
1429
1321
1197
1024
814
571
336
74
-183
-410
-610
-815
-988
-1125
-1279
-1378
-1507
-1624
-1750
-1849
-1932
-2033
-2112
-2208
-2292
-2341
-2279
-2239
-2209
-2114
-1992
-1804
-1606
-1433
-1209
-1036
-893
-795
-707
-685
-680
-736
-840
-945
-1082
-1183
-1295
-1403
-1474
-1524
-1555
-1533
-1521
-1449
-1398
-1335
-1303
-1233
-1211
-1217
-1191
-1190
-1158
-1152
-1114
-1071
-985
-892
-763
-607
-412
-234
-22
192
402
622
797
990
1126
1264
1360
1458
1535
1613
1648
1693
1787
1869
1976
2087
2224
2392
2589
2750
2943
3122
3333
3478
3639
3775
3863
3927
3945
3971
3908
3810
3689
3460
3153
2782
2343
1901
1445
993
499
38
-383
-765
-1097
-1332
-1563
-1731
-1838
-1879
-1885
-1859
-1808
-1742
-1659
-1598
-1494
-1395
-1251
-1132
-961
-785
-600
-392
-161
79
319
567
750
936
1106
1219
1310
1346
1321
1253
1114
931
751
535
300
48
-201
-432
-650
-848
-994
-1130
-1249
-1367
-1480
-1575
-1646
-1719
-1802
-1877
-1954
-2004
-2086
-2138
-2146
-2127
-2107
-2056
-1957
-1813
-1711
-1541
-1365
-1197
-1030
-961
-865
-812
-791
-812
-888
-980
-1048
-1155
-1257
-1354
-1448
-1508
-1541
-1555
-1537
-1481
-1428
-1357
-1299
-1253
-1169
-1117
-1087
-1052
-1030
-994
-993
-932
-868
-778
-671
-555
-401
-227
-69
133
351
528
727
912
1085
1215
1365
1493
1587
1676
1723
1784
1887
1978
2105
2238
2370
2514
2684
2861
3060
3269
3458
3648
3804
3930
4030
4084
4118
4072
3949
3796
3572
3235
2835
2357
1872
1402
915
430
-41
-443
-806
-1077
-1317
-1494
-1613
-1700
-1715
-1718
-1673
-1646
-1596
-1542
-1475
-1405
-1352
-1247
-1133
-1004
-825
-635
-422
-183
73
354
567
789
1006
1182
1308
1375
1406
1378
1282
1159
985
747
521
279
48
-166
-416
-589
-758
-914
-1002
-1144
-1228
-1304
-1404
-1477
-1581
-1673
-1777
-1862
-1973
-2075
-2131
-2173
-2159
-2146
-2088
-1978
-1832
-1665
-1510
-1354
-1157
-1028
-903
-786
-742
-704
-748
-812
-870
-975
-1096
-1158
-1289
-1353
-1403
-1454
-1424
-1416
-1358
-1309
-1262
-1163
-1122
-1063
-1026
-1027
-965
-949
-927
-920
-912
-863
-798
-716
-593
-481
-340
-161
11
221
408
604
796
976
1119
1288
1409
1526
1628
1702
1781
1856
1949
2062
2156
2310
2499
2661
2835
3047
3233
3413
3560
3704
3861
3943
4023
4031
3993
3893
3749
3538
3270
2890
2475
2017
1573
1112
646
201
-224
-605
-909
-1145
-1345
-1475
-1570
-1639
-1657
-1620
-1585
-1544
-1467
-1405
-1365
-1284
-1193
-1041
-914
-770
-587
-411
-180
53
267
510
725
933
1117
1225
1334
1371
1350
1283
1151
1019
813
619
409
181
-55
-243
-421
-623
-774
-907
-1030
-1145
-1229
-1332
-1394
-1468
-1547
-1651
-1752
-1841
-1978
-2057
-2079
-2129
-2134
-2105
-2012
-1882
-1732
-1584
-1411
-1205
-1014
-898
-773
-688
-635
-635
-685
-756
-850
-969
-1090
-1189
-1272
-1340
-1386
-1402
-1406
-1341
-1289
-1214
-1146
-1082
-1005
-949
-886
-860
-869
-853
-856
-861
-865
-828
-761
-669
-579
-453
-273
-81
104
326
565
763
954
1109
1292
1466
1545
1647
1715
1769
1855
1914
1993
2091
2223
2392
2514
2679
2854
3070
3260
3441
3603
3767
3886
3931
3964
3923
3854
3692
3488
3212
2892
2490
2034
1580
1154
759
326
-71
-451
-749
-979
-1181
-1333
-1445
-1504
-1555
-1557
-1555
-1539
-1491
-1446
-1411
-1367
-1284
-1165
-1057
-929
-744
-560
-379
-173
73
302
512
704
859
997
1089
1166
1157
1115
1044
910
737
568
372
162
-44
-236
-383
-572
-707
-834
-963
-1063
-1196
-1272
-1384
-1504
-1599
-1731
-1815
-1939
-2081
-2162
-2219
-2244
-2259
-2205
-2156
-2011
-1863
-1713
-1529
-1360
-1151
-989
-882
-780
-743
-738
-771
-832
-929
-1001
-1114
-1222
-1281
-1337
-1355
-1367
-1338
-1295
-1246
-1190
-1125
-1083
-1020
-988
-974
-971
-963
-979
-978
-969
-972
-942
-871
-774
-656
-503
-324
-146
46
237
441
603
788
911
1031
1160
1241
1328
1409
1488
1538
1592
1697
1789
1920
2074
2226
2405
2600
2771
2938
3128
3274
3395
3527
3616
3656
3669
3660
3616
3529
3361
3172
2935
2619
2288
1872
1493
1132
730
339
-14
-355
-640
-904
-1099
-1245
-1380
-1461
-1521
-1517
-1497
-1498
-1483
-1403
-1319
-1262
-1134
-1043
-926
-770
-637
-486
-332
-131
48
215
379
538
664
799
885
912
929
913
867
772
674
524
341
169
-9
-202
-386
-551
-720
-873
-1013
-1159
-1268
-1380
-1464
-1584
-1689
-1783
-1857
-1938
-2047
-2064
-2098
-2117
-2065
-2002
-1949
-1837
-1700
-1568
-1410
-1278
-1153
-1029
-900
-854
-822
-807
-842
-863
-941
-1014
-1046
-1099
-1194
-1219
-1258
-1277
-1252
-1223
-1173
-1168
-1111
-1058
-1031
-991
-968
-986
-958
-931
-907
-873
-844
-815
-730
-639
-521
-394
-243
-73
53
225
395
566
732
873
1009
1127
1272
1368
1474
1555
1628
1716
1787
1905
2040
2161
2278
2407
2516
2688
2852
3009
3153
3262
3387
3486
3582
3631
3620
3569
3497
3371
3172
2918
2612
2243
1835
1420
1038
605
210
-120
-476
-742
-988
-1150
-1273
-1374
-1433
-1471
-1447
-1436
-1396
-1372
-1343
-1277
-1235
-1167
-1122
-1010
-917
-796
-645
-472
-290
-127
82
264
429
620
740
823
927
942
910
825
729
614
427
238
53
-167
-356
-527
-744
-902
-1007
-1160
-1277
-1404
-1475
-1564
-1649
-1707
-1805
-1868
-1933
-1997
-2081
-2101
-2081
-2096
-2037
-1963
-1873
-1738
-1592
-1461
-1317
-1185
-1070
-982
-926
-879
-876
-869
-910
-940
-1025
-1094
-1163
-1245
-1276
-1339
-1335
-1357
-1321
-1297
-1242
-1195
-1166
-1106
-1076
-1054
-1061
-1011
-1016
-1015
-984
-956
-921
-844
-732
-615
-510
-367
-182
-20
118
309
487
673
822
957
1076
1155
1255
1348
1419
1483
1575
1672
1761
1846
1970
2097
2271
2389
2520
2663
2808
2955
3088
3188
3289
3398
3429
3461
3449
3382
3249
3091
2864
2570
2221
1873
1487
1110
722
348
-19
-340
-618
-856
-1038
-1200
-1318
-1359
-1384
-1424
-1409
-1396
-1367
-1335
-1297
-1229
-1153
-1094
-1030
-959
-850
-741
-595
-434
-267
-108
59
226
375
538
675
765
788
794
746
695
558
434
289
71
-85
-272
-491
-629
-803
-982
-1108
-1197
-1295
-1415
-1486
-1589
-1657
-1709
-1791
-1871
-1901
-1989
-2004
-2015
-2005
-1979
-1923
-1813
-1691
-1584
-1472
-1326
-1200
-1082
-1006
-918
-870
-825
-802
-857
-862
-925
-1023
-1061
-1149
-1196
-1237
-1253
-1261
-1281
-1289
-1241
-1193
-1183
-1170
-1130
-1098
-1059
-1057
-1053
-1005
-980
-958
-875
-833
-781
-664
-568
-413
-274
-106
51
223
409
568
720
843
981
1097
1184
1267
1353
1424
1513
1552
1667
1742
1844
1971
2071
2211
2319
2460
2582
2712
2867
2955
3040
3163
3224
3261
3252
3227
3177
3045
2899
2671
2382
2097
1723
1385
1059
663
367
30
-293
-510
-719
-899
-1004
-1093
-1177
-1223
-1230
-1213
-1232
-1193
-1194
-1130
-1086
-1054
-976
-918
-862
-776
-649
-529
-376
-246
-100
74
232
365
496
610
682
713
752
689
632
514
400
246
54
-106
-288
-461
-610
-754
-889
-1000
-1117
-1210
-1305
-1372
-1460
-1533
-1599
-1670
-1708
-1741
-1776
-1803
-1799
-1761
-1706
-1645
-1539
-1442
-1355
-1207
-1106
-988
-869
-813
-744
-708
-662
-681
-717
-733
-800
-855
-915
-946
-976
-1019
-1060
-1066
-1068
-1062
-1035
-1009
-986
-937
-938
-903
-887
-879
-863
-835
-800
-752
-678
-606
-520
-404
-257
-139
13
140
294
437
598
714
822
984
1077
1181
1279
1377
1452
1532
1625
1723
1813
1871
1984
2072
2182
2279
2363
2454
2554
2649
2749
2852
2937
3008
3057
3103
3101
3079
2993
2898
2755
2541
2300
1993
1675
1361
1042
688
350
81
-222
-438
-632
-795
-895
-1019
-1065
-1087
-1104
-1074
-1050
-1052
-1005
-979
-923
-904
-857
-777
-750
-676
-597
-482
-354
-231
-78
79
211
345
471
555
617
663
659
641
564
466
353
209
36
-114
-291
-435
-569
-704
-811
-919
-1034
-1122
-1186
-1275
-1307
-1358
-1408
-1464
-1554
-1581
-1599
-1614
-1624
-1613
-1560
-1518
-1417
-1351
-1280
-1145
-1039
-934
-870
-762
-695
-674
-636
-636
-650
-674
-707
-775
-816
-869
-908
-926
-970
-988
-987
-965
-945
-916
-884
-851
-852
-831
-784
-755
-720
-710
-662
-638
-600
-513
-449
-329
-238
-110
44
159
312
460
608
745
839
947
1074
1174
1288
1338
1418
1501
1559
1666
1736
1824
1897
1992
2070
2164
2272
2337
2454
2538
2615
2708
2783
2831
2910
2931
2912
2911
2873
2774
2629
2491
2297
2059
1793
1521
1244
953
643
372
124
-104
-301
-462
-619
-713
-768
-851
-888
-892
-886
-882
-867
-874
-845
-797
-760
-705
-667
-644
-554
-486
-388
-317
-182
-23
84
176
312
402
470
505
522
550
484
436
341
226
95
-9
-153
-307
-455
-575
-726
-857
-935
-1056
-1125
-1195
-1270
-1324
-1381
-1449
-1509
-1527
-1542
-1548
-1552
-1520
-1508
-1429
-1406
-1333
-1245
-1155
-1048
-992
-896
-851
-771
-724
-691
-697
-667
-670
-698
-740
-741
-756
-790
-804
-846
-812
-845
-832
-843
-823
-793
-788
-782
-757
-701
-688
-684
-651
-620
-574
-514
-445
-362
-286
-188
-87
33
151
278
392
500
618
728
822
937
1004
1073
1176
1236
1317
1356
1409
1509
1573
1630
1709
1789
1882
1929
2024
2087
2144
2228
2263
2338
2378
2455
2471
2518
2588
2577
2549
2502
2430
2320
2179
1974
1766
1559
1299
1054
800
505
266
10
-173
-355
-517
-666
-787
-846
-898
-922
-929
-941
-941
-924
-925
-896
-851
-830
-796
-744
-700
-649
-547
-455
-362
-281
-173
-69
44
142
201
269
320
352
332
269
253
195
86
-36
-157
-260
-397
-524
-663
-786
-890
-1006
-1108
-1194
-1259
-1308
-1352
-1376
-1426
-1440
-1447
-1449
-1448
-1451
-1404
-1370
-1319
-1285
-1244
-1167
-1126
-1075
-1018
-958
-896
-835
-828
-768
-753
-744
-706
-722
-710
-749
-770
-794
-818
-816
-880
-875
-851
-873
-866
-856
-855
-805
-768
-745
-722
-694
-616
-585
-546
-477
-394
-326
-257
-169
-77
51
133
219
356
463
563
659
771
863
945
1058
1095
1155
1218
1266
1327
1377
1423
1466
1534
1571
1659
1718
1778
1817
1857
1922
1964
2052
2111
2152
2204
2275
2309
2294
2300
2279
2211
2119
1999
1834
1657
1449
1215
994
764
569
334
112
-82
-207
-356
-482
-580
-652
-702
-743
-747
-812
-797
-832
-834
-825
-838
-842
-828
-817
-788
-718
-675
-607
-538
-440
-355
-245
-153
-68
22
94
182
195
164
178
138
55
-4
-120
-211
-310
-417
-541
-668
-760
-844
-903
-1005
-1089
-1166
-1189
-1237
-1243
-1278
-1321
-1316
-1323
-1344
-1330
-1301
-1307
-1283
-1252
-1214
-1152
-1101
-1048
-983
-930
-878
-823
-771
-751
-709
-684
-679
-690
-705
-678
-697
-714
-718
-733
-750
-759
-753
-755
-749
-764
-742
-742
-720
-696
-639
-650
-626
-564
-508
-445
-366
-307
-211
-129
-30
63
143
233
316
386
444
563
596
667
740
810
867
923
954
1011
1058
1102
1160
1168
1253
1266
1321
1369
1424
1454
1502
1557
1591
1624
1669
1742
1781
1816
1848
1899
1942
1991
1998
1996
1961
1901
1829
1718
1567
1394
1232
1016
814
604
394
210
22
-150
-289
-402
-489
-545
-598
-613
-646
-674
-684
-718
-753
-738
-750
-756
-801
-798
-784
-788
-776
-714
-656
-607
-517
-432
-347
-269
-160
-95
-49
-6
41
38
0
-25
-97
-188
-270
-362
-468
-570
-652
-766
-847
-906
-958
-995
-1061
-1086
-1101
-1118
-1128
-1144
-1187
-1177
-1172
-1181
-1186
-1188
-1154
-1150
-1138
-1086
-1042
-1028
-969
-922
-855
-834
-811
-767
-727
-698
-690
-676
-681
-668
-701
-703
-715
-697
-716
-705
-725
-730
-698
-727
-693
-688
-643
-644
-590
-549
-527
-512
-458
-412
-357
-290
-234
-138
-103
-7
92
128
207
265
311
397
427
470
533
540
582
608
651
681
713
767
813
843
874
921
983
1022
1043
1071
1117
1146
1174
1184
1205
1224
1258
1285
1286
1311
1316
1369
1407
1465
1503
1547
1537
1550
1549
1513
1489
1393
1299
1163
1040
882
709
545
409
225
98
-21
-153
-233
-330
-383
-459
-483
-503
-532
-542
-557
-574
-596
-621
-638
-661
-705
-690
-707
-710
-688
-664
-625
-584
-528
-476
-398
-316
-262
-212
-184
-176
-148
-151
-171
-246
-268
-318
-403
-472
-578
-630
-720
-786
-854
-912
-979
-1014
-1026
-1041
-1056
-1063
-1024
-1022
-998
-983
-980
-979
-978
-968
-951
-972
-953
-945
-981
-921
-900
-889
-871
-824
-790
-743
-720
-690
-622
-605
-578
-528
-519
-543
-505
-498
-497
-500
-515
-518
-515
-513
-521
-509
-483
-456
-427
-387
-361
-264
-217
-199
-120
-73
-18
31
77
114
143
174
182
203
199
235
240
247
281
328
349
361
436
485
536
569
597
636
688
698
732
757
759
776
787
777
785
784
814
831
847
872
901
947
978
1000
1022
1035
1020
1039
1052
1046
1035
999
1012
1009
977
947
931
914
890
820
769
706
640
550
473
395
309
245
140
67
-44
-108
-189
-226
-276
-353
-411
-441
-463
-527
-492
-528
-535
-511
-549
-524
-532
-528
-488
-501
-474
-481
-467
-464
-478
-451
-471
-441
-412
-432
-454
-445
-440
-473
-496
-523
-561
-613
-636
-660
-707
-745
-771
-802
-841
-847
-829
-873
-858
-883
-877
-872
-888
-855
-862
-840
-807
-809
-809
-775
-742
-706
-669
-628
-632
-596
-564
-512
-501
-485
-431
-429
-389
-371
-349
-330
-303
-278
-276
-248
-218
-219
-226
-181
-146
-144
-150
-120
-108
-105
-98
-67
-70
-41
-20
-30
-2
15
46
80
97
101
122
129
135
149
126
190
160
188
215
240
277
296
324
365
402
394
423
446
462
456
469
466
485
478
465
454
446
458
450
458
473
445
442
458
449
454
461
469
467
479
501
465
482
475
467
468
445
429
418
433
440
451
432
462
477
510
522
535
550
577
550
510
485
459
449
391
331
309
244
164
122
55
8
-33
-94
-154
-191
-222
-257
-302
-354
-392
-431
-467
-502
-559
-560
-590
-591
-591
-626
-624
-627
-637
-648
-681
-682
-702
-712
-664
-683
-680
-684
-693
-688
-662
-631
-628
-597
-580
-573
-561
-551
-526
-548
-537
-548
-535
-517
-528
-509
-514
-477
-449
-450
-412
-387
-350
-324
-296
-286
-239
-187
-204
-179
-183
-159
-151
-167
-170
-157
-166
-178
-149
-124
-136
-144
-113
-106
-97
-47
-46
-58
-41
-22
-16
-16
21
40
32
22
19
38
-3
-37
-33
-54
-27
-57
-35
-42
-25
-19
-33
-29
-14
31
2
56
88
83
110
140
145
148
127
144
152
140
154
138
137
125
130
130
146
159
140
137
164
190
194
210
205
217
217
229
228
237
237
222
241
233
224
190
182
186
217
186
178
213
188
204
218
205
206
161
207
195
189
186
161
168
143
105
47
42
-14
-26
-43
-72
-67
-55
-55
-60
-52
-39
-65
-52
-42
-59
-71
-98
-76
-132
-156
-198
-220
-232
-268
-282
-285
-268
-257
-243
-239
-235
-218
-190
-175
-171
-163
-156
-157
-160
-141
-122
-138
-135
-167
-162
-167
-149
-147
-141
-92
-81
-48
-73
-63
-65
-70
-67
-54
-58
-79
-75
-92
-104
-93
-78
-71
-64
-74
-89
-60
-47
-59
-44
-14
6
-10
-8
11
8
-15
-12
-43
-55
-45
-51
-55
-46
-18
-28
-20
23
35
43
47
61
71
35
47
60
16
-25
-25
-39
-57
-58
-63
-69
-35
-38
-27
-15
-7
8
1
14
32
40
11
51
8
0
-1
-31
-6
-30
-8
1
1
8
19
3
21
38
16
27
17
-1
13
4
-22
-26
-34
-19
-25
-4
1
-36
-19
-11
-22
-17
-2
-9
3
3
8
5
5
33
35
25
21
9
-26
-34
-38
-80
-68
-88
-115
-107
-113
-98
-82
-87
-68
-39
-12
-16
-13
-25
-4
-41
-55
-40
-73
-100
-136
-118
-154
-167
-152
-125
-115
-98
-69
-63
-67
-42
-23
-36
-35
-31
-20
-26
-43
-55
-76
-103
-137
-121
-110
-121
-90
-79
-99
-78
-50
-27
-15
-48
-43
-45
-61
-59
-82
-96
-104
-86
-65
-84
-60
-48
-63
-46
-27
-42
-42
-5
-13
-25
-37
-64
-82
-114
-145
-165
-196
-231
-218
-265
-274
-274
-287
-262
-251
-226
-199
-198
-171
-147
-152
-147
-163
-136
-129
-111
-101
-94
-76
-86
-129
-156
-130
-159
-163
-131
-168
-157
-172
-145
-135
-139
-115
-125
-115
-126
-145
-139
-110
-122
-116
-136
-153
-135
-113
-96
-103
-78
-66
-87
-99
-72
-110
-126
-157
-161
-180
-183
-149
-153
-135
-139
-123
-112
-113
-72
-61
-46
-29
-31
-14
-42
-51
-55
-45
-70
-102
-108
-112
-106
-111
-104
-74
-18
-5
21
26
52
59
26
48
15
7
-12
-81
-118
-128
-172
-156
-162
-156
-120
-119
-73
-77
-39
25
21
35
39
53
69
33
44
37
14
-33
-50
-63
-122
-131
-163
-156
-164
-168
-137
-135
-121
-96
-87
-67
-41
-66
-69
-64
-93
-114
-106
-115
-169
-184
-179
-232
-227
-214
-214
-237
-231
-219
-210
-198
-193
-190
-187
-170
-151
-166
-179
-147
-143
-165
-178
-157
-178
-198
-220
-206
-200
-204
-204
-166
-154
-136
-115
-62
-64
-56
-34
-42
-32
-33
-45
-79
-86
-122
-153
-193
-198
-207
-235
-248
-247
-235
-209
-202
-206
-153
-127
-127
-120
-98
-100
-100
-115
-149
-163
-194
-213
-210
-205
-224
-209
-166
-176
-147
-105
-104
-116
-82
-79
-88
-99
-57
-88
-131
-136
-171
-163
-164
-164
-153
-163
-174
-158
-135
-104
-87
-80
-70
-50
-34
-20
-39
-18
3
-27
-13
-20
-60
-79
-79
-92
-87
-78
-79
-94
-108
-100
-77
-90
-89
-72
-71
-53
-57
-70
-45
-66
-52
-79
-103
-104
-97
-135
-120
-89
-120
-108
-96
-79
-80
-64
-28
-30
-45
-43
-15
-51
-61
-34
-67
-80
-124
-109
-122
-126
-145
-138
-146
-146
-161
-164
-138
-142
-130
-125
-128
-119
-119
-135
-134
-147
-160
-171
-164
-173
-190
-176
-158
-141
-125
-132
-92
-98
-101
-61
-34
-44
-39
-28
-41
-37
-75
-100
-102
-102
-168
-172
-184
-183
-105
-71
-68
-56
-36
-34
-16
-22
-8
-15
8
-5
-24
-60
-85
-115
-152
-142
-164
-177
-196
-167
-174
-177
-175
-156
-142
-142
-122
-130
-77
-78
-79
-86
-79
-79
-130
-136
-163
-184
-179
-208
-234
-233
-224
-220
-217
-197
-195
-178
-152
-127
-98
-54
-27
-12
-4
18
-4
-13
2
-8
-22
-33
-32
-21
-26
-24
-3
-19
-11
15
13
24
30
25
7
-21
-33
-39
-52
-90
-100
-118
-149
-135
-138
-158
-170
-155
-138
-110
-106
-106
-92
-95
-64
-68
-25
-25
-33
-22
-54
-43
-71
-89
-119
-158
-133
-153
-171
-148
-174
-167
-135
-134
-105
-117
-65
-27
-43
-37
-11
-9
-26
-31
-86
-90
-100
-120
-115
-120
-135
-87
-74
-81
-68
-48
-42
-37
9
6
5
28
9
-20
-4
-24
-42
-64
-57
-73
-105
-108
-87
-96
-88
-74
-56
-55
-60
-58
-49
-18
-44
-20
-9
-30
-49
-39
-94
-93
-68
-126
-120
-129
-126
-119
-131
-109
-104
-101
-113
-95
-35
-45
-48
-34
-14
-37
-51
-28
-37
-65
-67
-75
-81
-95
-93
-92
-77
-65
-48
-53
-52
-17
-31
-45
-37
-42
-17
-22
6
-9
-37
-21
-32
-14
-25
-28
-7
-2
-8
-20
-9
19
13
38
17
30
38
46
48
41
58
33
11
1
-2
20
0
3
-7
6
4
-2
23
26
27
9
27
40
17
10
0
18
12
1
4
4
-7
-13
-47
-31
-3
6
20
22
36
18
12
20
27
30
23
6
28
21
12
22
30
39
44
42
24
67
62
59
52
50
37
63
54
34
32
-1
5
6
29
-11
-28
4
12
-13
-27
-12
-25
-34
-1
25
32
62
50
62
44
14
28
13
21
-8
-21
-15
-28
-60
-46
-35
-35
-23
-38
-13
-2
8
23
7
21
35
32
12
17
10
12
-11
-21
-25
-22
-20
3
-22
-27
1
31
24
33
36
33
41
57
55
36
45
52
42
31
21
-6
0
15
14
16
-4
-6
21
5
18
-3
-12
18
12
16
26
4
31
28
16
39
37
21
32
22
47
45
35
32
37
48
52
40
48
38
43
53
49
64
63
66
74
68
58
88
86
92
78
90
90
96
84
91
100
103
107
106
117
115
125
114
109
91
103
85
122
120
107
134
122
98
102
113
115
113
96
77
92
85
84
108
90
95
92
76
84
94
101
75
87
118
88
74
71
67
49
52
70
71
66
77
74
63
79
81
62
92
81
89
96
112
117
94
108
96
116
105
110
96
92
79
58
66
65
65
74
80
58
76
98
110
98
92
116
134
117
107
134
121
122
130
107
102
125
105
114
119
119
133
125
145
149
149
154
159
201
193
202
164
141
147
171
147
137
124
109
127
98
116
117
115
97
126
135
128
146
142
142
164
140
145
151
136
152
157
129
141
138
135
143
149
150
140
137
134
164
145
177
173
156
181
156
164
169
159
152
170
173
163
155
165
157
133
149
175
164
140
174
163
158
174
165
181
183
169
168
175
172
179
169
179
187
171
146
157
151
127
134
138
155
143
119
112
126
127
125
135
122
128
137
148
181
150
166
140
137
150
124
132
130
111
105
101
127
89
84
101
131
122
116
117
128
110
97
119
101
126
131
130
132
130
102
103
113
100
99
86
86
95
100
84
96
85
87
93
89
74
94
82
85
99
87
97
91
100
83
89
103
97
91
110
113
114
125
99
88
94
99
94
90
115
78
99
119
102
90
89
86
85
82
89
101
84
88
94
107
111
127
116
125
128
105
108
110
112
91
102
98
90
96
70
82
78
82
93
90
96
98
89
80
82
102
94
82
107
101
92
97
80
88
92
95
101
103
89
116
86
90
103
99
93
72
94
83
100
100
92
83
77
79
92
94
101
75
61
102
100
97
103
105
98
104
90
99
112
101
91
115
98
86
102
90
104
112
93
101
99
63
84
85
85
99
97
103
89
86
86
73
82
95
86
74
85
78
58
60
78
100
98
69
64
72
71
78
90
72
66
72
78
68
55
36
68
59
39
61
57
63
71
64
79
76
95
87
80
97
79
94
114
113
84
80
108
99
87
91
78
74
90
60
65
77
66
80
61
72
81
77
90
79
39
75
65
67
73
78
75
56
55
53
66
49
54
70
32
29
48
52
50
16
19
24
38
34
35
26
17
11
11
19
1
13
20
-1
-2
5
-24
10
39
22
28
17
19
39
23
35
30
30
10
36
36
18
38
25
20
41
21
12
30
34
35
28
27
23
13
-9
-5
-5
3
3
18
4
7
-7
7
-16
-15
14
-3
-6
-5
3
-14
-40
-49
-45
-14
-11
9
-4
-16
-15
-34
-30
-4
-14
-33
-33
-10
-4
15
-4
-2
4
-11
-3
-18
4
2
19
8
16
18
3
33
23
27
37
5
16
30
44
45
48
53
56
65
58
37
56
62
65
57
70
73
67
73
63
66
60
69
55
47
85
66
55
69
59
73
76
57
74
90
101
95
79
100
83
92
85
87
97
70
75
59
70
71
70
55
75
87
90
76
108
87
75
99
84
78
52
79
79
93
98
105
105
88
95
100
98
97
92
103
100
120
108
108
111
99
129
140
123
111
110
117
102
103
143
118
124
132
121
107
104
142
115
120
140
113
119
153
158
119
127
144
154
118
127
135
117
119
128
131
103
125
110
106
124
123
126
141
145
140
140
124
140
102
106
160
144
149
144
142
121
134
140
106
139
146
135
138
153
166
153
123
144
141
125
163
154
135
134
142
151
152
128
128
129
133
144
128
142
143
143
152
158
158
132
172
152
121
136
145
169
144
167
144
149
143
132
150
140
145
135
132
140
126
130
142
137
127
134
131
127
116
123
121
128
110
99
109
113
124
98
127
120
110
99
98
144
106
90
123
104
103
98
125
136
100
112
112
118
131
102
103
111
115
125
123
133
108
94
120
90
82
118
105
109
90
93
108
82
106
90
80
80
92
90
73
104
107
93
86
78
99
65
73
92
82
70
99
70
34
78
77
96
87
84
63
81
62
49
66
78
78
55
72
64
82
67
59
94
64
99
70
66
70
59
50
52
81
57
44
22
45
66
47
59
46
31
33
51
45
26
10
19
15
17
13
8
12
13
12
4
9
31
28
43
2
25
21
10
23
12
22
24
3
32
14
16
27
16
36
38
22
25
19
32
45
16
30
40
35
32
45
42
24
34
26
10
-14
9
4
-25
1
-15
-23
13
-19
-24
-13
-29
-27
-40
-12
-18
-21
-10
-24
-32
-28
-21
-43
-26
5
-33
-56
-45
-30
-21
-62
-78
-64
-61
-52
-51
-45
-39
-41
-41
-27
-43
-60
-63
-54
-32
-47
-48
-60
-38
-46
-74
-30
-58
-54
-57
-70
-58
-64
-53
-62
-51
-44
-36
-49
-39
-61
-43
-42
-58
-34
-26
-39
-15
-6
-46
-25
-44
-61
-25
-34
-23
-46
-22
-35
-33
-21
-37
-29
-36
-41
-54
-30
-7
-6
-29
-44
-39
-21
-31
-4
-19
-24
-30
-22
-20
-14
1
-16
1
-22
-34
-36
-33
-36
-53
-20
-29
-37
-62
-54
-40
-56
-33
-39
-46
-35
-19
-1
-33
-47
-15
-32
-27
-37
-37
-18
-24
-39
-42
-44
-77
-57
-49
-37
-38
-40
-53
-32
-18
-48
-50
-49
-42
-33
-38
-49
-48
-18
-27
-17
-33
-32
-12
-24
-43
-29
-13
-28
-25
-33
-41
-62
-52
-24
-39
-4
-5
-29
-17
-12
-14
1
-16
-15
-6
-3
17
-9
-10
-29
1
-6
8
0
-24
-8
7
-9
-3
10
-3
-2
-15
-25
-31
-5
-8
1
-9
18
19
27
40
45
50
32
29
35
36
38
33
20
42
22
34
33
36
32
22
43
39
45
62
65
64
54
64
69
93
79
61
66
65
62
69
59
53
64
52
85
76
70
82
62
71
67
76
63
67
100
74
73
87
92
94
109
100
101
105
87
109
108
87
97
103
100
106
109
114
99
83
113
108
91
101
132
128
126
109
101
138
130
141
136
139
140
127
144
113
144
123
122
116
87
107
94
113
124
89
99
105
84
130
64
78
90
82
96
94
62
91
74
95
85
58
78
46
68
53
49
51
49
51
50
38
22
34
49
39
43
55
55
49
45
54
33
25
40
41
48
44
41
18
42
39
39
22
30
19
1
14
3
-28
-31
-15
-4
4
-14
24
-14
-19
-3
-10
-27
-28
-23
-53
-35
-44
-27
-39
-56
-49
-52
-67
-72
-48
-86
-82
-80
-71
-101
-95
-85
-85
-90
-89
-80
-88
-80
-82
-91
-82
-84
-111
-102
-92
-104
-131
-131
-154
-132
-137
-122
-131
-143
-132
-118
-125
-143
-139
-133
-137
-153
-135
-151
-121
-132
-141
-122
-141
-144
-124
-133
-141
-145
-138
-137
-149
-160
-174
-153
-160
-150
-139
-150
-156
-150
-152
-154
-168
-153
-153
-137
-169
-160
-143
-148
-139
-115
-132
-157
-162
-160
-137
-158
-167
-154
-158
-173
-159
-171
-169
-182
-168
-192
-205
-186
-178
-198
-184
-180
-214
-166
-175
-204
-191
-195
-195
-171
-192
-205
-182
-182
-206
-178
-193
-187
-189
-209
-169
-189
-193
-177
-173
-175
-180
-179
-160
-174
-151
-180
-157
-186
-186
-148
-174
-176
-191
-187
-191
-193
-203
-179
-204
-216
-212
-205
-226
-214
-213
-233
-227
-231
-204
-201
-197
-232
-211
-224
-210
-225
-250
-241
-219
-188
-241
-218
-218
-221
-240
-231
-233
-228
-233
-240
-230
-245
-250
-235
-226
-227
-208
-208
-227
-221
-196
-212
-196
-226
-220
-205
-219
-229
-241
-236
-217
-230
-229
-233
-243
-223
-217
-216
-227
-206
-209
-204
-224
-198
-200
-185
-189
-198
-213
-234
-216
-181
-192
-171
-166
-182
-181
-191
-166
-174
-162
-171
-188
-189
-197
-203
-196
-190
-179
-193
-183
-171
-200
-186
-198
-202
-198
-184
-156
-196
-185
-193
-199
-208
-175
-186
-209
-187
-183
-187
-204
-202
-203
-172
-177
-206
-193
-186
-185
-167
-161
-156
-147
-184
-168
-167
-167
-160
-168
-160
-160
-167
-196
-168
-172
-185
-174
-170
-181
-175
-174
-182
-172
-170
-193
-166
-157
-186
-159
-164
-175
-165
-160
-149
-151
-182
-153
-154
-158
-167
-170
-185
-183
-175
-179
-172
-173
-176
-173
-173
-164
-158
-156
-159
-144
-112
-133
-130
-134
-153
-136
-117
-150
-152
-148
-149
-136
-133
-146
-153
-138
-127
-125
-143
-139
-132
-135
-150
-141
-140
-153
-148
-147
-136
-142
-154
-123
-146
-137
-146
-132
-151
-135
-117
-128
-126
-123
-129
-141
-120
-136
-123
-130
-135
-153
-144
-140
-122
-116
-98
-79
-96
-97
-100
-106
-114
-83
-109
-113
-98
-102
-104
-101
-106
-110
-104
-120
-120
-95
-106
-129
-105
-116
-94
-91
-84
-89
-108
-114
-110
-111
-126
-89
-110
-98
-112
-104
-115
-127
-112
-108
-70
-93
-87
-76
-80
-86
-104
-74
-68
-98
-78
-84
-103
-101
-90
-69
-39
-44
-54
-60
-69
-65
-90
-85
-87
-108
-89
-94
-91
-94
-115
-98
-87
-121
-101
-83
-124
-91
-95
-98
-107
-109
-105
-88
-84
-106
-88
-90
-105
-93
-91
-100
-100
-105
-106
-118
-99
-104
-110
-107
-86
-96
-122
-121
-117
-122
-103
-86
-72
-87
-96
-111
-113
-91
-80
-112
-126
-77
-89
-109
-107
-92
-98
-105
-109
-113
-100
-109
-118
-96
-96
-97
-118
-98
-109
-112
-107
-103
-93
-111
-88
-100
-114
-115
-105
-114
-137
-107
-114
-111
-95
-116
-107
-130
-128
-114
-111
-109
-129
-111
-124
-117
-120
-130
-122
-112
-104
-112
-105
-104
-126
-104
-94
-103
-119
-109
-117
-120
-102
-122
-122
-131
-93
-122
-116
-101
-117
-119
-135
-112
-102
-108
-108
-106
-98
-109
-129
-119
-119
-96
-89
-98
-92
-91
-100
-84
-114
-98
-94
-83
-73
-76
-75
-77
-81
-73
-57
-94
-79
-79
-77
-92
-108
-87
-79
-85
-59
-85
-99
-75
-93
-105
-96
-88
-83
-73
-86
-57
-42
-80
-70
-51
-77
-71
-61
-78
-65
-79
-119
-83
-99
-107
-103
-77
-109
-123
-131
-124
-110
-133
-108
-105
-113
-89
-103
-100
-124
-122
-114
-109
-105
-132
-103
-113
-113
-112
-104
-123
-120
-109
-95
-86
-107
-125
-128
-109
-154
-155
-136
-116
-110
-107
-112
-116
-105
-99
-129
-119
-134
-141
-136
-136
-130
-138
-149
-129
-143
-118
-117
-151
-143
-130
-129
-125
-128
-122
-114
-137
-141
-141
-131
-124
-138
-164
-128
-141
-124
-125
-134
-129
-147
-114
-134
-142
-133
-111
-103
-104
-110
-83
-124
-144
-133
-133
-120
-152
-130
-130
-107
-105
-117
-129
-116
-108
-114
-113
-132
-121
-122
-98
-114
-119
-112
-120
-110
-93
-118
-87
-96
-107
-94
-133
-109
-145
-137
-113
-96
-82
-107
-111
-87
-78
-101
-104
-112
-106
-106
-88
-93
-95
-101
-94
-94
-100
-99
-96
-105
-108
-73
-103
-118
-109
-87
-97
-122
-85
-100
-105
-112
-87
-84
-75
-73
-95
-102
-102
-61
-92
-108
-92
-107
-109
-100
-124
-117
-112
-95
-92
-90
-100
-133
-82
-75
-71
-67
-81
-95
-91
-70
-69
-74
-62
-68
-92
-72
-100
-86
-59
-69
-85
-68
-58
-73
-71
-62
-56
-50
-33
-36
-38
-58
-66
-68
-68
-57
-81
-63
-61
-75
-84
-67
-65
-55
-74
-71
-44
-49
-53
-63
-72
-53
-54
-76
-50
-56
-44
-37
-46
-52
-17
-19
-32
-14
-20
-23
-15
-7
-12
-1
-26
-38
-30
-33
-16
-21
-37
-44
-44
-35
-45
-44
-30
-39
-5
-27
-31
-38
-46
-51
-23
-15
-55
-33
-44
-46
-52
-51
-34
-27
-47
-50
-43
-49
-23
-42
-29
-25
-51
-55
-50
-71
-36
-28
-38
-9
-19
-23
-19
-37
-5
9
9
0
-7
4
-5
-35
-21
-10
-17
3
1
29
-25
-21
-21
-17
-2
-6
-16
-26
-38
-37
-30
1
1
-1
-6
-13
-20
3
-16
-5
11
28
21
16
15
-3
-3
-9
24
-8
16
12
-5
-6
15
46
20
32
27
38
40
30
31
33
29
36
32
55
51
23
44
55
40
45
46
36
39
42
35
35
53
47
38
36
38
47
40
48
68
49
31
46
43
29
49
41
46
42
24
61
42
43
46
29
41
41
34
61
53
50
38
45
52
57
54
58
68
36
52
53
66
55
67
58
31
32
66
52
39
54
75
62
72
72
51
78
59
64
46
44
60
63
27
51
49
39
44
29
29
59
46
32
41
10
33
20
28
48
37
23
42
31
19
36
37
45
45
26
30
52
38
44
30
35
66
52
63
47
48
47
52
54
36
43
54
59
48
24
43
49
37
44
20
6
26
36
56
18
32
23
14
49
37
46
29
25
38
35
24
35
29
27
28
47
29
31
33
25
41
38
29
28
53
55
45
52
21
26
54
24
43
48
43
49
69
72
58
70
48
58
54
32
54
36
28
44
47
45
57
72
34
33
25
42
47
31
24
44
46
11
42
49
56
42
40
37
34
30
72
32
21
40
21
9
1
30
23
36
30
48
68
30
35
33
54
51
54
31
33
76
56
54
29
71
70
51
45
48
42
50
81
75
57
52
65
63
39
44
52
56
61
73
54
39
22
39
44
53
41
33
53
21
44
42
26
35
42
43
57
60
49
46
38
73
54
81
77
78
80
52
81
83
91
100
72
82
81
84
104
63
64
61
58
76
67
70
79
80
60
54
38
21
28
75
40
40
65
49
65
64
67
72
60
70
73
73
77
75
81
99
74
79
91
56
78
64
82
48
77
74
63
81
67
86
60
64
68
85
92
75
68
78
84
90
89
115
95
99
92
108
140
99
116
95
78
89
90
97
76
89
90
81
72
102
112
79
84
102
93
89
97
74
108
103
86
108
101
100
82
94
88
81
110
106
82
109
98
93
119
121
96
90
98
75
82
106
104
86
99
123
143
128
114
130
111
117
106
106
123
126
158
153
143
134
132
160
142
150
152
134
133
145
154
162
169
139
141
141
131
112
139
127
130
150
153
139
140
166
137
152
147
138
138
143
157
151
125
139
158
154
155
162
158
142
168
158
153
150
157
148
135
155
154
133
