48
46
44
40
21
6
14
31
15
28
29
50
69
54
47
53
70
38
34
33
-6
-12
-10
20
17
31
54
58
81
95
72
69
117
82
94
83
61
48
63
68
90
111
96
145
143
136
110
99
92
114
129
104
100
99
100
106
97
99
110
105
95
103
84
86
118
126
126
108
104
75
53
75
60
65
95
127
126
126
110
114
109
77
89
81
100
68
65
54
54
91
103
122
143
116
79
69
54
47
32
30
39
66
110
108
81
103
134
96
92
72
103
104
99
76
67
93
99
86
91
121
107
103
108
102
96
109
107
64
52
56
114
138
127
139
128
115
97
123
123
88
77
88
105
103
119
124
97
87
81
72
75
89
68
53
46
86
128
96
99
123
98
106
125
102
107
87
94
108
108
134
145
154
140
113
110
103
77
78
100
83
100
121
153
159
163
153
147
145
132
122
139
151
141
131
124
126
89
80
82
61
105
109
75
79
68
109
73
58
74
67
93
88
83
111
136
130
98
101
106
99
106
121
110
117
129
104
89
69
63
74
80
75
89
76
79
94
114
105
100
118
113
126
143
121
103
82
61
74
87
78
84
95
96
84
95
105
84
84
63
72
75
107
119
92
94
97
107
108
109
129
117
129
130
116
134
146
122
117
75
80
73
62
45
34
23
23
54
74
49
15
27
62
49
25
65
56
31
19
27
29
35
65
60
63
53
74
88
65
59
38
54
58
81
82
75
49
54
65
37
75
101
100
96
58
31
17
6
18
22
15
12
-4
-6
2
41
22
24
15
23
44
47
34
28
57
42
58
42
49
44
20
22
18
30
22
19
-10
10
21
14
6
1
17
29
22
5
33
1
-21
-14
-22
-21
-5
-28
-5
-11
-20
0
1
43
48
42
17
29
4
-1
-22
-29
-35
-70
-85
-101
-102
-91
-37
-4
-24
-34
-20
-7
2
-9
-13
-51
-28
-28
-28
-33
-45
-13
-16
-37
-22
-38
-29
-21
-29
-23
-42
-24
-39
-48
-39
-37
-23
-31
-21
-37
-50
-51
-48
-63
-72
-78
-109
-89
-110
-87
-53
-40
-18
-20
1
1
-8
-31
-65
-72
-58
-56
-69
-38
-11
-12
-12
-6
-1
3
16
49
6
-6
9
-15
-15
-27
-35
-46
-46
-29
-3
2
-10
-12
-39
-26
-23
-16
-12
-29
-6
-9
-12
-3
1
31
18
34
34
36
37
19
18
7
14
7
23
46
35
50
45
72
55
45
34
-16
-24
-6
-24
-54
-19
-12
-10
-22
-3
0
17
44
25
37
17
18
17
48
63
60
73
43
40
46
44
78
88
93
113
92
93
89
59
23
25
26
23
23
10
26
25
24
-6
-6
6
13
3
13
36
15
29
31
75
73
75
62
61
67
62
107
82
54
29
29
23
23
29
13
56
45
76
81
70
88
111
112
91
117
125
131
106
105
105
102
93
127
142
129
140
135
136
164
147
130
127
102
73
77
115
127
113
107
145
142
136
137
123
126
124
100
118
101
110
140
132
146
141
158
147
143
134
121
142
155
152
132
148
137
131
102
123
153
134
159
187
194
184
165
136
135
138
158
151
142
170
152
139
150
173
194
200
175
177
190
172
166
175
147
157
157
154
171
170
159
174
179
155
144
155
149
154
164
182
179
163
201
187
163
171
184
203
194
206
205
220
202
191
197
171
175
150
159
192
185
191
198
232
217
188
167
156
169
194
202
185
173
167
186
178
195
196
183
211
207
171
177
184
196
196
181
168
191
214
238
191
180
197
185
174
143
165
155
161
200
195
213
218
202
229
208
223
219
186
185
184
160
174
171
156
163
145
151
175
212
213
220
231
213
209
193
189
203
218
202
226
207
208
215
221
242
227
194
181
176
152
197
186
184
162
162
198
185
186
188
165
181
186
175
223
228
230
219
189
180
162
217
204
192
186
156
155
141
175
143
137
138
127
128
163
210
184
196
186
180
168
176
177
172
140
109
136
128
133
107
92
98
122
142
170
181
144
139
126
120
95
89
128
97
108
94
104
103
114
108
106
113
108
125
110
135
107
76
74
103
115
93
86
60
77
71
85
95
95
102
65
80
67
71
70
41
52
11
3
-9
35
66
69
66
42
44
57
55
62
-6
-11
-25
-13
50
40
69
71
67
51
17
40
7
-33
-28
-19
1
17
31
46
29
2
6
8
-14
-11
-14
-39
-58
-48
-5
-8
7
-17
-29
13
-19
-18
-2
-10
-20
-26
-11
1
-43
-36
-30
-26
-16
-48
-2
-19
36
30
10
19
1
-4
1
-12
-7
8
-1
-17
-46
-69
-97
-70
-55
-20
-10
-31
-10
-32
-51
-67
-84
-94
-102
-89
-102
-74
-77
-78
-83
-54
-50
-61
-47
-39
-45
-54
-76
-99
-144
-104
-97
-78
-68
-60
-58
-90
-64
-55
-38
-68
-81
-99
-83
-83
-52
-39
-75
-47
-71
-86
-75
-76
-91
-102
-122
-96
-100
-86
-52
-81
-74
-79
-69
-65
-57
-38
-68
-77
-68
-80
-60
-55
-56
-61
-116
-91
-69
-56
-81
-68
-34
-64
-62
-47
-53
-72
-53
-88
-74
-60
-71
-72
-66
-71
-94
-97
-104
-84
-63
-36
-34
-61
-65
-68
-52
-52
-74
-41
-50
-23
-45
-39
-40
-63
-78
-62
-66
-110
-105
-126
-126
-104
-67
-65
-44
-41
-96
-87
-84
-68
-80
-52
-28
-49
-53
-67
-40
-30
19
5
-17
-31
-29
-15
-1
-20
-36
-60
-46
-28
-27
13
7
30
11
-16
-6
-14
-9
-5
-38
-29
-20
-25
-14
-38
-3
1
-28
3
37
5
2
5
-13
-33
-42
-15
-5
11
8
-24
1
-14
-21
5
-15
-30
-24
-5
1
-7
8
21
2
18
10
14
1
-2
18
16
24
0
13
-29
-33
-19
-14
-15
-50
-22
-12
12
12
35
51
84
65
24
39
22
30
15
5
-17
-16
-6
11
16
22
17
23
37
28
27
42
29
-7
10
48
60
68
70
50
78
57
41
26
46
39
17
15
-9
43
43
62
57
64
62
64
103
89
97
96
83
87
96
87
75
87
66
44
12
28
23
7
12
3
26
28
43
51
42
16
32
63
64
56
78
81
81
72
80
63
90
79
51
78
39
13
5
18
-12
-4
3
15
79
92
106
107
105
100
113
94
108
94
88
79
91
94
109
103
96
106
96
135
120
103
40
54
53
78
115
100
94
111
143
146
154
131
127
108
89
91
75
88
80
87
88
111
98
95
87
86
126
107
136
142
155
168
122
87
83
81
78
101
116
136
137
83
92
117
84
105
107
108
155
142
129
124
106
112
98
108
123
95
124
117
77
112
116
77
95
97
82
116
99
114
149
117
108
113
122
131
137
149
149
141
118
122
131
132
116
147
149
135
147
130
123
95
121
99
106
97
106
120
87
101
110
103
124
129
131
100
98
75
96
96
85
147
124
132
139
151
126
149
141
113
141
153
175
173
143
174
164
155
178
160
183
157
149
120
103
139
160
174
176
164
145
147
156
164
177
175
194
166
166
190
181
189
187
172
132
107
122
121
114
116
139
152
182
160
171
181
175
160
157
167
141
151
153
133
129
157
146
170
188
190
184
185
177
156
176
177
167
173
177
157
163
181
170
189
187
179
180
160
148
111
118
149
156
171
156
170
161
161
163
151
147
106
134
161
126
125
125
92
95
96
120
151
155
149
184
161
144
152
142
136
150
154
176
178
179
181
172
150
101
95
101
128
126
122
108
110
132
144
183
194
193
210
210
168
162
172
170
175
148
139
151
139
117
112
127
157
146
152
150
143
155
156
139
163
184
167
199
213
207
168
156
122
113
134
118
121
96
107
110
123
139
149
146
121
151
147
171
167
164
158
143
142
132
144
161
141
137
166
156
184
186
193
194
166
167
165
135
142
136
146
162
142
149
148
139
142
154
143
119
106
124
125
104
79
76
80
66
72
61
87
88
100
75
82
68
33
66
95
104
115
116
94
91
90
119
89
130
136
129
119
91
87
70
73
74
79
80
78
81
76
95
107
103
113
111
127
121
130
103
102
122
86
76
77
87
98
115
109
91
97
78
97
91
89
100
101
77
51
29
44
56
76
61
68
82
42
68
80
82
54
70
61
22
28
17
36
50
59
90
103
94
84
82
68
37
34
39
30
50
75
56
101
113
120
133
123
130
96
111
70
84
83
67
82
30
65
101
110
120
116
92
113
123
128
94
78
76
60
86
71
61
63
66
65
80
66
57
87
67
44
49
35
35
19
15
59
49
56
59
88
71
70
83
56
65
82
79
97
101
64
90
79
86
104
93
80
70
78
110
102
97
80
87
108
91
87
61
36
52
71
68
83
61
53
52
52
53
69
36
15
68
88
92
100
112
125
115
119
89
56
61
33
25
43
41
46
53
43
73
59
61
84
53
45
63
72
71
67
36
61
75
68
62
68
48
20
23
34
50
60
62
51
37
66
61
64
87
77
61
25
10
34
67
50
57
73
73
75
71
114
100
104
101
77
79
93
107
76
102
87
32
16
56
24
38
78
74
44
30
45
47
36
52
47
43
36
8
39
26
13
33
21
22
17
8
58
24
65
73
27
52
56
73
46
38
58
22
36
24
27
58
73
42
38
4
8
30
11
25
37
36
38
22
53
54
53
46
37
45
15
22
13
20
39
42
33
33
35
29
26
29
23
-16
-8
8
8
9
5
-10
5
1
7
21
22
30
31
52
36
39
24
26
17
-20
15
7
-22
-7
-9
-8
3
10
3
-27
-23
-10
-7
33
15
-10
-9
-16
4
-22
-44
-38
-16
1
-8
13
9
4
24
-29
-36
-50
-42
-12
-29
-28
-31
-29
-4
-6
-34
-30
-46
-36
-28
-71
-87
-59
-54
-48
-43
-71
-47
-21
-22
-36
-39
-54
-33
-41
-53
-64
-66
-37
-44
-56
-52
-19
-17
-1
1
1
30
-10
-66
-70
-41
-36
-3
-7
-23
-35
-29
-36
-15
-18
-28
-34
-22
-2
10
16
-28
-6
-27
-58
-76
-57
-73
-74
-60
-37
-18
-34
-30
-55
-64
-85
-111
-67
-76
-63
-18
10
4
6
8
10
-3
-5
-12
-29
-15
-28
-57
-47
-13
-31
-31
-35
0
24
27
26
18
48
11
16
-6
-10
-38
-58
-44
-33
-10
-19
-11
7
6
1
-3
-43
-54
-23
-44
-34
-25
-46
-22
-30
-32
-25
-38
-34
-24
-25
-15
-5
2
8
17
35
27
43
51
22
28
-3
12
7
-17
-16
-28
-66
-56
-55
-51
-68
-50
-34
-9
-22
-45
-18
-25
-16
-65
-52
-77
-88
-63
-42
-30
-38
-31
-42
-6
36
15
41
39
5
-25
-2
-21
-44
-10
-24
-3
-11
-16
10
9
-13
-13
-31
-33
-38
-46
-39
-33
-2
-38
-45
-47
-85
-100
-117
-107
-89
-74
-65
-39
-38
-20
-20
9
8
-23
-11
-27
-28
-39
-36
-34
-45
-38
-44
-3
10
-6
-12
-47
-35
-34
-46
-22
-23
-32
-22
-51
-46
-23
-51
-52
-47
-46
-82
-90
-82
-41
-53
-30
-30
-56
-38
-38
-42
-62
-66
-42
-30
-40
-55
-53
-25
-18
3
1
-12
-23
-52
-66
-72
-67
-59
-28
-9
-40
-44
-32
-40
-26
-20
-67
-65
-60
-45
-44
-49
-43
-45
-32
-42
-63
-54
-46
-6
-21
-54
-58
-43
-9
15
20
-7
-13
-30
-40
-85
-62
-16
-12
-23
-9
-18
-39
-2
-30
-74
-63
-71
-62
-73
-46
-34
-2
30
41
28
2
12
-33
-46
-52
-45
-36
-45
-60
-61
-62
-76
-58
-43
-78
-58
-44
-62
-50
-28
-57
-89
-68
-97
-49
-56
-49
-11
-3
-8
6
3
-4
20
-20
-10
-15
-50
-29
-57
-41
-16
-15
-32
0
27
-1
24
26
29
19
1
-25
-25
-31
-51
-69
-73
-60
-65
-46
-63
-50
-44
-69
-56
-55
-46
-76
-70
-52
-35
-23
-50
-58
-53
-30
-31
-34
-58
-53
-39
-35
-24
-28
-43
-50
-26
-48
-57
-44
-30
-10
-26
-40
-53
-90
-91
-68
-91
-82
-67
-56
-61
-80
-46
-60
-60
-70
-76
-63
-55
-57
-91
-95
-125
-115
-87
-43
-75
-66
-26
-37
-22
-42
-55
-28
-64
-55
-54
-54
-73
-62
-58
-59
-64
-85
-92
-92
-97
-107
-100
-108
-95
-90
-73
-71
-97
-76
-84
-115
-95
-92
-69
-31
-50
-66
-67
-62
-92
-105
-107
-76
-85
-81
-88
-97
-81
-80
-102
-113
-100
-116
-99
-81
-84
-86
-67
-87
-90
-93
-74
-101
-98
-86
-121
-112
-128
-115
-101
-88
-79
-102
-82
-99
-98
-115
-107
-110
-155
-133
-104
-82
-101
-88
-99
-111
-96
-90
-75
-81
-128
-105
-103
-76
-49
-27
-38
-37
-30
-39
-26
-23
-14
-48
-59
-51
-43
-54
-37
-32
-12
-42
-88
-55
-85
-80
-80
-88
-82
-73
-52
-54
-32
-36
-53
-35
-71
-104
-112
-98
-78
-79
-63
-83
-77
-67
-51
-53
-5
6
-8
-48
-67
-60
-89
-69
-45
-51
-32
-52
-71
-79
-76
-94
-83
-92
-92
-82
-68
-42
-70
-29
-15
-24
-18
-44
-30
-26
-50
-72
-81
-62
-91
-90
-86
-92
-124
-84
-71
-50
-48
-77
-40
-18
11
4
19
1
0
1
-12
-15
-34
-2
-61
-66
-29
-24
-42
-67
-88
-77
-62
-80
-86
-82
-65
-84
-64
-63
-55
-33
-37
-17
-6
-8
-47
-52
-21
-42
-53
-43
-43
-60
-67
-63
-40
-1
-7
-14
-33
-68
-62
-86
-89
-64
-57
-27
-26
-34
13
-24
-21
-18
-49
-33
-28
-26
-10
-17
-20
-15
7
21
28
29
7
7
-9
-37
-21
-35
-32
-38
-32
-9
4
11
-24
-19
-30
-16
-21
-1
-22
-22
-30
-38
-21
-55
-49
-35
-5
-12
-34
-67
-42
-45
-46
-21
-7
5
-15
0
-30
-28
-46
-65
-43
-53
-63
-42
-6
-15
33
34
30
28
-18
-33
-40
-75
-80
-91
-83
-39
-22
16
4
7
17
-3
7
12
30
7
24
9
-4
-14
-27
-31
22
13
20
32
-9
5
-7
-4
11
7
20
13
21
26
11
-1
-32
-51
-70
-55
-41
-36
-45
-41
-34
-30
-7
4
-16
-11
-29
-53
-24
-32
-4
8
10
26
18
27
18
43
25
32
34
24
17
5
-15
-10
-2
-10
-38
-38
-49
-45
9
4
-24
-43
-69
-48
-33
6
17
35
29
1
27
12
19
0
-15
-10
-40
-37
-37
-23
-32
-5
-22
-21
-15
-4
7
-20
29
-22
-20
-34
-15
9
7
6
-29
31
45
29
29
20
30
40
46
54
51
47
-5
-8
6
22
12
1
-14
-1
-11
-10
-25
-1
25
43
68
59
82
60
46
57
21
2
22
51
58
38
55
68
23
10
6
15
1
-8
-8
26
4
4
-1
-21
-22
-25
-7
-20
1
-21
-11
-2
-15
0
25
10
24
31
29
-2
-4
30
-13
-7
-43
-18
16
11
53
17
28
9
-5
-2
-11
-21
-7
4
31
39
28
30
23
2
-7
-46
-91
-85
-65
-37
-43
-40
-46
-51
-44
-28
-33
-16
-16
-17
-35
-18
-9
-40
-67
-106
-77
-57
-59
-70
-59
-48
-56
-51
-26
-19
-32
-39
-7
-44
-19
-24
-36
-29
-36
-29
-7
21
-13
-6
-32
-25
-36
-19
-33
-61
-61
-53
-51
-50
-7
-25
-13
-33
-48
-39
-43
-40
-53
-38
-33
-50
-20
-21
-27
-12
-21
-48
-29
-1
-6
-10
-34
-16
-15
-27
-49
-75
-37
-66
-87
-63
-28
26
-10
-15
1
-4
-4
-22
-31
-46
-43
-39
-34
-14
-36
-13
-6
-47
-53
-72
-84
-84
-85
-55
-63
-60
-58
-47
-24
-36
-44
-19
9
-13
1
-7
-49
-20
-17
-18
-7
-24
-46
-61
-103
-77
-60
-76
-107
-103
-73
-87
-65
-81
-78
-83
-87
-108
-105
-84
-85
-62
-101
-91
-77
-80
-89
-49
-36
-28
-14
-25
-64
-80
-50
-79
-60
-76
-86
-78
-84
-84
-93
-84
-88
-59
-81
-66
-73
-87
-74
-77
-85
-115
-91
-107
-100
-120
-112
-114
-105
-111
-119
-91
-92
-97
-126
-122
-123
-134
-114
-126
-126
-121
-126
-144
-148
-116
-135
-142
-107
-110
-113
-90
-85
-91
-89
-65
-72
-92
-62
-39
-57
-60
-64
-63
-62
-62
-69
-66
-71
-51
-69
-102
-60
-92
-95
-91
-105
-116
-147
-155
-147
-123
-90
-127
-120
-135
-151
-112
-149
-151
-142
-141
-109
-96
-66
-76
-84
-130
-108
-75
-108
-92
-76
-81
-95
-89
-96
-71
-93
-58
-73
-80
-77
-114
-105
-93
-83
-97
-87
-122
-107
-138
-130
-143
-122
-95
-93
-94
-95
-71
-72
-90
-115
-119
-148
-106
-124
-104
-109
-85
-46
-51
-33
-61
-48
-84
-97
-110
-117
-148
-100
-89
-101
-71
-79
-82
-97
-81
-127
-94
-76
-91
-88
-146
-139
-129
-132
-94
-97
-77
-87
-105
-96
-102
-110
-132
-146
-142
-134
-112
-101
-96
-114
-108
-102
-97
-68
-39
-38
-70
-70
-59
-79
-64
-56
-57
-48
-53
-59
-59
-23
-20
-34
-33
-26
-38
-24
2
-30
-53
-77
-57
-77
-95
-82
-85
-84
-99
-60
-54
-41
2
-22
-30
-27
-45
-13
-12
-51
-31
-24
-27
-42
-36
-40
-32
-8
-36
-29
-39
-45
-22
-36
-59
-78
-42
-54
-9
-4
8
46
55
62
31
36
23
-6
-26
-9
-25
-16
-16
-35
-14
-34
-37
-13
-22
-14
-2
-27
-39
-17
-52
-39
9
70
35
24
44
-17
-32
-29
-56
-41
-34
-37
-46
-34
12
2
1
2
-12
-2
23
14
-6
34
51
54
8
18
36
45
31
13
11
6
39
17
35
-2
11
29
20
3
-2
-1
12
-11
-42
-6
-35
-7
10
6
16
36
40
45
34
18
-14
-34
-43
-34
4
-3
26
28
19
21
-6
-35
-31
-37
-49
-15
5
-9
10
13
-3
-12
-38
-36
-33
0
-10
-32
-11
-22
-12
-12
29
13
-15
-26
-23
-5
-27
-3
-25
-27
-9
-10
26
34
-2
30
28
28
73
37
26
-9
4
-8
-20
-14
11
-4
-17
-22
-55
-66
-56
-50
-52
-34
-12
-24
-21
-34
-29
-29
-31
-28
-61
-36
-44
-48
-53
-55
-43
-64
-50
-56
-40
-51
-34
8
-8
-29
-54
-33
-17
-21
-22
-4
-24
-1
27
15
-16
-56
-47
-51
-56
-24
0
14
-35
-75
-63
-60
-80
-73
-88
-87
-93
-80
-42
-60
-48
-32
-37
-41
-45
-6
-9
-20
-13
-10
-38
-52
-47
-46
-61
-70
-59
-61
-35
-40
-48
-28
-55
-86
-80
-86
-43
-17
-28
1
8
-21
-40
-54
-44
-36
-39
-44
-56
-43
-58
-51
-67
-74
-53
-43
-58
-62
-48
-28
-24
-26
-4
-18
-19
-13
3
-60
-52
-67
-66
-21
-18
7
28
33
19
4
17
0
-33
-29
-32
-14
15
9
18
-20
1
8
5
33
-8
-8
-19
-49
-48
-59
-52
-88
-66
-58
-23
-35
-48
-2
12
12
-29
-29
-12
-33
-22
16
29
64
49
38
3
-1
-27
-27
-16
7
41
26
42
21
6
-21
-14
-13
-18
-12
10
20
39
17
28
12
-11
-22
-19
-2
-18
-36
-14
-15
-10
12
-18
1
23
40
69
82
43
19
-15
-19
30
25
23
28
37
54
28
23
26
-15
18
21
-7
27
-1
-19
16
13
1
5
-11
15
10
-18
-22
-11
-25
-10
-37
-49
-49
-50
-46
-28
15
10
1
0
9
4
5
-20
-13
7
18
32
42
43
31
23
22
20
1
27
17
18
12
14
19
8
-27
-7
-19
-28
-22
-50
-36
-12
-1
-10
-21
-18
9
17
25
25
21
-7
-19
-11
10
18
7
-1
-1
-6
10
26
27
30
54
39
22
41
45
53
78
83
88
90
84
69
33
57
71
60
57
66
56
70
45
66
79
69
78
73
54
61
58
58
46
51
6
-3
-17
-3
21
11
36
41
33
51
74
48
35
22
53
54
82
104
109
110
103
107
105
110
120
127
124
143
104
102
116
100
102
100
121
110
130
106
117
130
100
123
158
162
162
121
112
104
131
153
161
189
180
150
131
123
149
171
160
198
171
168
164
162
162
198
211
182
208
207
220
218
200
212
223
238
212
218
221
235
252
228
250
257
217
218
189
183
194
179
169
172
236
223
256
268
250
273
268
289
281
276
273
249
238
233
262
240
244
258
268
289
274
281
268
237
252
287
254
282
268
264
275
249
275
262
249
212
224
240
262
296
304
324
315
313
323
291
292
249
248
249
263
287
305
286
287
290
266
259
281
322
314
316
289
319
347
362
340
323
315
260
251
260
254
243
268
271
296
288
286
279
298
282
291
301
308
325
319
308
282
273
253
257
277
305
308
331
320
310
323
334
326
299
309
306
292
316
335
309
292
292
360
376
355
387
321
314
294
302
304
291
278
268
271
311
354
347
318
327
325
314
322
295
296
300
314
322
320
314
312
338
323
338
346
347
378
374
363
354
359
326
318
340
327
320
319
353
365
356
345
355
353
371
369
352
340
338
331
333
369
375
346
332
343
358
363
404
389
367
374
337
334
318
322
341
344
333
339
345
337
358
388
387
343
355
361
374
373
379
382
391
436
422
429
446
439
435
409
396
417
384
353
329
325
322
321
348
353
361
330
325
344
309
365
326
315
302
280
303
290
341
360
376
354
336
365
342
339
334
320
358
372
380
368
352
364
367
377
369
364
364
347
337
330
312
325
329
319
325
302
298
318
293
286
295
285
265
270
291
280
284
283
283
315
332
332
338
335
313
288
302
301
306
322
306
302
293
277
302
324
289
271
298
309
312
313
316
273
279
280
267
283
268
285
272
272
263
263
245
269
220
218
223
213
238
209
205
192
211
197
187
185
237
251
228
235
220
222
208
205
204
223
212
226
253
187
215
194
174
177
181
174
151
152
149
140
109
104
156
139
152
187
177
182
160
170
160
154
159
142
149
157
112
93
78
60
61
69
70
88
96
107
149
139
122
133
130
111
111
145
166
128
105
123
101
102
120
99
72
80
75
85
85
76
72
41
39
34
22
44
40
28
59
72
71
75
107
87
51
15
-3
11
12
20
41
44
48
59
67
22
31
30
0
31
44
44
33
46
49
71
44
43
72
78
41
38
25
-5
13
10
25
27
66
56
54
35
13
33
13
-11
9
-1
9
48
0
8
-3
-7
-11
10
10
-8
13
7
39
41
40
6
10
1
-9
12
-2
29
5
1
8
-3
-3
12
12
19
-3
5
2
-7
29
22
52
38
35
22
14
42
42
29
21
-6
13
24
17
-4
-26
2
-1
22
48
45
59
54
13
9
-5
-22
-22
8
0
16
21
-6
1
9
20
6
21
14
22
13
-8
-28
-37
-13
-18
-27
-48
-63
-61
-88
-44
-57
-72
-55
-84
-64
-42
-39
-25
-23
-27
-8
-32
-37
-63
-56
-39
-26
-29
-27
-22
-45
-40
-58
-45
-31
-8
-32
12
28
21
26
9
-15
-54
-70
-105
-107
-93
-98
-88
-109
-130
-137
-115
-121
-129
-110
-124
-126
-131
-112
-139
-131
-149
-157
-128
-143
-140
-118
-111
-92
-65
-69
-93
-92
-92
-100
-112
-149
-171
-169
-163
-156
-150
-149
-153
-130
-125
-87
-117
-120
-86
-87
-103
-102
-61
-92
-79
-96
-141
-132
-167
-181
-177
-211
-207
-218
-190
-182
-161
-164
-182
-180
-149
-124
-123
-91
-97
-108
-118
-154
-135
-154
-151
-122
-156
-180
-163
-171
-150
-147
-165
-153
-149
-136
-162
-190
-141
-161
-159
-169
-164
-174
-192
-175
-180
-157
-160
-157
-196
-203
-195
-197
-202
-214
-207
-208
-199
-172
-137
-107
-93
-110
-99
-120
-124
-139
-121
-107
-138
-147
-184
-162
-157
-147
-116
-111
-95
-136
-121
-107
-150
-184
-210
-212
-190
-175
-180
-139
-154
-153
-159
-149
-138
-124
-148
-175
-164
-186
-190
-185
-191
-209
-152
-160
-161
-151
-177
-144
-148
-162
-154
-160
-161
-132
-142
-157
-165
-164
-161
-157
-148
-110
-148
-183
-170
-160
-138
-141
-124
-103
-113
-129
-125
-142
-150
-173
-197
-187
-205
-172
-146
-128
-115
-146
-137
-175
-210
-217
-213
-192
-181
-161
-131
-93
-126
-127
-147
-156
-133
-136
-131
-140
-170
-134
-131
-145
-123
-141
-142
-126
-134
-153
-150
-146
-151
-144
-115
-146
-144
-113
-139
-157
-174
-153
-121
-150
-123
-119
-128
-134
-163
-151
-109
-113
-132
-152
-150
-153
-137
-152
-180
-194
-206
-191
-182
-154
-135
-170
-173
-206
-190
-197
-203
-190
-182
-152
-156
-164
-171
-141
-160
-159
-144
-153
-176
-183
-171
-171
-163
-158
-157
-156
-171
-173
-181
-204
-212
-204
-220
-212
-209
-174
-183
-158
-154
-132
-127
-146
-133
-148
-155
-194
-184
-195
-163
-133
-151
-148
-177
-186
-190
-191
-191
-204
-198
-201
-204
-174
-170
-186
-202
-192
-168
-195
-180
-197
-166
-193
-199
-174
-213
-203
-190
-191
-163
-167
-149
-132
-134
-125
-166
-161
-179
-161
-142
-130
-139
-142
-139
-132
-143
-127
-119
-106
-86
-98
-102
-143
-132
-173
-147
-127
-117
-118
-157
-139
-144
-102
-118
-127
-147
-145
-127
-161
-166
-176
-170
-165
-169
-144
-159
-134
-123
-118
-110
-111
-111
-105
-96
-107
-123
-149
-156
-153
-179
-173
-162
-161
-140
-105
-76
-115
-122
-122
-115
-136
-164
-169
-174
-180
-159
-168
-142
-92
-122
-121
-124
-125
-136
-134
-150
-138
-140
-159
-160
-147
-126
-121
-128
-103
-95
-111
-107
-136
-163
-165
-137
-133
-137
-145
-121
-103
-135
-129
-105
-103
-108
-97
-127
-127
-122
-130
-115
-102
-90
-100
-82
-84
-86
-101
-97
-101
-89
-86
-95
-97
-117
-135
-160
-171
-137
-135
-118
-110
-120
-73
-83
-82
-88
-66
-82
-106
-78
-78
-116
-134
-111
-90
-73
-107
-124
-113
-139
-132
-123
-139
-162
-176
-169
-132
-101
-75
-88
-56
-96
-142
-152
-143
-126
-128
-143
-159
-156
-167
-137
-115
-91
-76
-113
-132
-110
-139
-132
-121
-126
-117
-148
-165
-165
-129
-158
-172
-169
-175
-184
-181
-146
-119
-88
-109
-118
-119
-154
-133
-130
-143
-159
-211
-211
-191
-189
-188
-185
-187
-206
-186
-162
-166
-175
-171
-182
-155
-143
-122
-98
-119
-105
-121
-133
-155
-163
-152
-149
-141
-134
-158
-157
-135
-138
-153
-139
-137
-126
-124
-93
-86
-96
-100
-125
-128
-137
-149
-164
-160
-163
-144
-161
-138
-124
-152
-171
-190
-185
-170
-147
-125
-123
-85
-88
-85
-96
-110
-90
-107
-104
-114
-114
-108
-98
-103
-97
-101
-101
-100
-111
-111
-126
-103
-106
-92
-96
-118
-141
-156
-99
-77
-41
-51
-69
-66
-55
-71
-29
-41
-53
-56
-79
-40
-10
-12
-43
-56
-68
-75
-44
-42
-57
-46
-10
-26
-15
-45
-22
-19
-32
6
-30
-14
-14
-29
-56
-21
-6
-28
-33
-13
-21
-42
-44
-46
-62
-37
-29
-15
-32
-46
-48
-52
-39
-52
-69
-56
-26
-13
21
45
43
12
-2
-5
-17
-41
2
38
43
54
26
35
30
4
-7
-10
-24
-36
1
21
25
8
21
47
48
89
76
64
36
-15
-4
1
-10
-23
-35
-19
-22
-16
-18
11
10
14
5
14
9
-31
-20
-30
-34
-8
18
34
10
5
17
14
10
5
-21
18
23
19
25
23
8
-14
-6
22
39
82
73
28
26
30
34
9
19
17
22
10
19
83
93
88
70
35
9
25
6
16
3
-31
-56
-41
-15
-21
21
4
-7
23
11
39
51
28
3
-16
-35
-11
-15
-2
18
38
38
32
31
7
48
47
38
50
72
59
33
52
40
34
54
46
42
8
-3
1
11
19
42
71
74
48
28
70
80
38
30
43
10
13
14
-4
15
31
23
64
58
68
69
75
83
73
86
68
91
51
48
28
25
44
17
25
34
-9
-3
11
15
12
29
76
41
80
58
59
81
85
105
70
93
92
103
91
85
70
64
66
63
54
49
64
75
72
48
77
84
81
112
98
114
118
82
74
87
59
51
78
74
60
74
58
93
97
74
60
46
54
33
41
52
57
60
68
69
58
60
55
58
50
63
90
78
86
87
72
67
67
57
72
56
66
69
60
92
68
97
107
118
103
81
83
63
62
52
56
43
72
75
73
118
141
132
110
106
99
88
70
37
38
35
36
70
71
86
90
97
106
96
72
45
74
75
65
75
79
69
64
95
111
95
82
87
70
61
69
60
50
71
64
56
56
42
22
29
45
53
44
41
29
23
17
20
0
-17
-24
-6
7
2
41
31
46
84
68
72
72
44
60
57
53
68
61
44
54
33
37
36
61
82
73
67
52
45
50
55
25
2
9
27
28
28
14
1
8
13
9
17
20
18
15
-17
-32
3
18
27
30
19
19
20
29
31
3
9
-1
-7
-11
-16
11
3
6
11
29
8
13
6
25
37
11
-2
27
24
5
3
-29
-29
-12
5
-15
-37
-20
-22
-9
-9
-25
-30
-19
-34
-19
-3
-13
-10
-22
23
17
19
9
-23
-54
-50
-56
-29
4
-18
-11
-17
-43
-36
12
19
-3
-21
-28
-37
-45
-35
-3
-26
-26
-17
-2
-21
-23
-16
-70
-54
-78
-67
-62
-65
-71
-98
-104
-88
-78
-73
-38
-42
-80
-88
-58
-68
-64
-49
-55
-69
-68
-92
-65
-45
-79
-102
-82
-87
-68
-35
-39
-43
-51
-64
-63
-53
-77
-92
-72
-81
-84
-57
-62
-58
-82
-54
-29
-40
-51
-67
-91
-110
-77
-67
-96
-67
-52
-60
-80
-72
-52
-60
-79
-62
-38
-34
-26
-56
-35
-35
-48
-51
-50
-60
-77
-78
-55
-62
-75
-73
-44
-40
-22
-22
-62
-78
-81
-47
-62
-57
-55
-56
-61
-82
-107
-123
-99
-110
-89
-59
-52
-56
-48
-27
-40
-38
-44
-52
-71
-68
-72
-28
-68
-99
-78
-84
-79
-104
-72
-78
-63
-37
-72
-70
-73
-112
-68
-66
-45
-62
-68
-88
-94
-86
-129
-130
-166
-167
-160
-133
-113
-103
-120
-128
-123
-133
-100
-78
-68
-56
-46
-70
-69
-99
-77
-70
-98
-86
-87
-86
-98
-120
-129
-123
-104
-87
-107
-102
-99
-105
-123
-122
-116
-136
-144
-138
-113
-109
-113
-105
-91
-110
-116
-110
-140
-136
-122
-102
-107
-132
-160
-157
-120
-121
-106
-114
-97
-107
-85
-84
-104
-130
-150
-112
-135
-127
-143
-170
-151
-138
-124
-139
-138
-115
-153
-156
-157
-186
-177
-188
-174
-146
-139
-94
-118
-127
-101
-140
-165
-148
-142
-139
-132
-120
-131
-129
-133
-136
-120
-125
-153
-151
-166
-155
-149
-155
-175
-166
-150
-122
-116
-151
-150
-138
-149
-150
-134
-141
-123
-131
-131
-148
-155
-162
-187
-165
-137
-152
-136
-135
-166
-156
-142
-130
-106
-95
-128
-124
-177
-180
-165
-205
-160
-148
-109
-89
-122
-124
-117
-128
-128
-114
-135
-145
-139
-127
-151
-159
-132
-128
-114
-120
-115
-109
-100
-117
-128
-169
-150
-133
-151
-143
-128
-112
-147
-158
-144
-144
-129
-155
-154
-153
-155
-152
-161
-130
-110
-128
-129
-117
-136
-132
-136
-117
-122
-141
-133
-134
-112
-102
-105
-89
-98
-142
-149
-120
-149
-166
-152
-136
-146
-146
-148
-134
-124
-135
-142
-147
-143
-139
-151
-136
-154
-158
-129
-167
-128
-122
-112
-130
-154
-143
-161
-175
-177
-198
-226
-206
-184
-146
-148
-118
-121
-132
-114
-104
-117
-156
-149
-161
-152
-154
-156
-140
-136
-130
-103
-120
-139
-169
-160
-125
-138
-135
-158
-153
-143
-148
-154
-149
-125
-101
-124
-134
-161
-184
-165
-166
-166
-144
-145
-165
-128
-117
-141
-179
-183
-179
-200
-175
-167
-171
-143
-112
-95
-130
-130
-114
-124
-115
-105
-134
-152
-169
-183
-182
-188
-170
-168
-182
-210
-220
-225
-210
-186
-214
-241
-219
-230
-219
-198
-221
-225
-260
-271
-277
-231
-176
-197
-162
-188
-178
-161
-189
-183
-189
-193
-238
-197
-210
-226
-181
-187
-179
-188
-200
-229
-242
-213
-230
-226
-222
-240
-236
-238
-232
-234
-237
-232
-231
-243
-236
-254
-273
-268
-311
-301
-285
-275
-264
-274
-261
-260
-250
-243
-268
-265
-261
-261
-266
-271
-267
-254
-253
-255
-247
-230
-210
-227
-203
-195
-218
-224
-214
-223
-231
-224
-239
-257
-246
-248
-271
-268
-270
-271
-256
-259
-250
-274
-264
-228
-234
-238
-256
-274
-289
-298
-285
-297
-302
-266
-273
-265
-276
-276
-267
-286
-269
-269
-272
-267
-252
-236
-190
-198
-212
-215
-231
-236
-248
-263
-292
-300
-307
-301
-288
-281
-289
-324
-314
-315
-286
-291
-269
-259
-263
-270
-304
-326
-313
-340
-326
-299
-307
-290
-266
-206
-221
-217
-240
-269
-289
-306
-283
-280
-268
-278
-261
-260
-252
-257
-285
-285
-287
-303
-297
-310
-300
-310
-276
-240
-261
-237
-262
-270
-276
-278
-289
-306
-311
-310
-301
-317
-309
-311
-304
-300
-266
-275
-260
-271
-280
-265
-266
-252
-291
-258
-286
-313
-307
-283
-304
-292
-302
-301
-298
-293
-296
-293
-284
-306
-299
-309
-294
-317
-271
-284
-305
-289
-290
-325
-317
-301
-320
-291
-346
-362
-378
-357
-349
-328
-369
-400
-405
-426
-378
-369
-345
-350
-362
-375
-349
-323
-317
-291
-297
-331
-336
-343
-325
-324
-317
-288
-315
-305
-314
-328
-325
-344
-354
-337
-361
-358
-339
-355
-342
-369
-350
-349
-351
-337
-347
-333
-386
-399
-411
-422
-373
-359
-350
-332
-332
-340
-326
-381
-390
-382
-377
-380
-396
-389
-362
-365
-363
-364
-396
-393
-412
-389
-396
-418
-403
-392
-341
-340
-347
-360
-371
-411
-446
-451
-445
-444
-437
-450
-422
-405
-429
-392
-438
-400
-407
-427
-425
-431
-437
-469
-450
-412
-402
-404
-400
-437
-421
-396
-395
-401
-395
-399
-384
-368
-366
-341
-338
-332
-343
-342
-364
-355
-333
-329
-324
-294
-283
-307
-282
-298
-272
-280
-295
-284
-316
-318
-301
-295
-316
-316
-344
-324
-330
-298
-239
-240
-210
-208
-172
-149
-140
-182
-180
-188
-195
-162
-165
-162
-152
-177
-180
-188
-201
-204
-234
-211
-217
-211
-241
-247
-234
-235
-230
-237
-260
-248
-269
-271
-289
-291
-276
-283
-267
-284
-272
-292
-326
-340
-333
-313
-293
-316
-323
-306
-318
-314
-298
-311
-302
-304
-322
-334
-360
-363
-361
-386
-374
-345
-338
-344
-354
-361
-381
-390
-433
-425
-415
-428
-403
-433
-419
-414
-411
-410
-420
-400
-388
-381
-385
-405
-427
-423
-424
-395
-377
-376
-342
-354
-387
-371
-372
-366
-364
-333
-336
-343
-352
-353
-344
-318
-307
-318
-269
-262
-259
-250
-229
-240
-216
-200
-199
-177
-183
-191
-188
-194
-197
-208
-236
-192
-202
-193
-172
-139
-162
-176
-162
-138
-147
-147
-117
-132
-127
-145
-99
-95
-104
-107
-101
-99
-94
-73
-101
-130
-133
-154
-132
-127
-132
-128
-134
-175
-198
-218
-246
-245
-241
-213
-218
-248
-283
-269
-249
-257
-229
-276
-338
-332
-345
-378
-384
-412
-395
-374
-373
-373
-356
-341
-390
-401
-390
-374
-389
-394
-390
-406
-452
-469
-473
-505
-518
-536
-523
-544
-570
-542
-580
-586
-618
-650
-655
-653
-663
-647
-649
-674
-660
-659
-640
-645
-634
-612
-619
-607
-551
-582
-602
-626
-654
-667
-620
-594
-602
-580
-587
-563
-558
-494
-466
-457
-475
-494
-432
-365
-309
-239
-155
-42
39
75
165
257
330
394
476
538
561
600
709
773
807
876
947
954
972
1034
1086
1131
1146
1165
1229
1232
1238
1257
1228
1204
1210
1245
1271
1207
1186
1139
1139
1115
1080
1047
1020
974
868
859
824
781
758
715
690
633
512
418
315
204
64
-65
-196
-281
-394
-469
-549
-606
-688
-770
-843
-940
-1002
-1061
-1095
-1141
-1163
-1232
-1302
-1332
-1373
-1452
-1499
-1568
-1696
-1757
-1814
-1954
-2046
-2047
-2095
-2095
-2084
-2126
-2099
-2042
-1989
-1960
-1896
-1858
-1799
-1798
-1770
-1739
-1736
-1764
-1773
-1759
-1731
-1716
-1692
-1641
-1605
-1553
-1458
-1326
-1240
-1168
-1078
-999
-948
-889
-864
-850
-790
-745
-668
-538
-436
-325
-217
-59
60
266
440
580
697
822
974
1063
1159
1275
1416
1485
1559
1658
1792
1898
2028
2128
2250
2403
2531
2593
2709
2789
2814
2888
2915
2913
2858
2813
2780
2666
2545
2379
2192
1993
1719
1469
1182
906
620
381
159
-71
-301
-516
-728
-915
-1020
-1102
-1166
-1210
-1253
-1256
-1220
-1184
-1164
-1082
-998
-978
-938
-893
-853
-832
-832
-829
-838
-846
-815
-780
-738
-727
-755
-784
-813
-808
-847
-891
-944
-1030
-1104
-1203
-1267
-1301
-1356
-1424
-1496
-1517
-1592
-1653
-1655
-1658
-1655
-1637
-1578
-1574
-1520
-1421
-1327
-1245
-1199
-1171
-1111
-1030
-959
-937
-911
-886
-932
-953
-1028
-1091
-1145
-1251
-1322
-1397
-1466
-1553
-1629
-1689
-1742
-1767
-1780
-1744
-1725
-1729
-1724
-1688
-1639
-1596
-1501
-1392
-1230
-1105
-963
-796
-576
-432
-286
-119
45
235
444
612
822
1019
1217
1418
1605
1831
2042
2244
2438
2645
2852
3043
3197
3335
3431
3592
3680
3793
3837
3912
3932
3930
3963
3910
3769
3652
3454
3187
2855
2509
2138
1710
1265
885
515
144
-187
-441
-697
-903
-1050
-1146
-1220
-1270
-1297
-1315
-1309
-1339
-1308
-1252
-1261
-1229
-1206
-1159
-1108
-1099
-1057
-1006
-989
-914
-832
-768
-687
-620
-590
-593
-590
-628
-664
-774
-865
-974
-1152
-1325
-1508
-1611
-1746
-1876
-1990
-2081
-2097
-2114
-2120
-2110
-2088
-2040
-1979
-1903
-1792
-1678
-1606
-1492
-1425
-1314
-1235
-1147
-1050
-977
-893
-851
-788
-770
-763
-763
-763
-821
-846
-886
-970
-1038
-1106
-1190
-1278
-1349
-1433
-1457
-1476
-1531
-1528
-1513
-1460
-1382
-1320
-1236
-1142
-998
-871
-707
-554
-382
-237
-88
97
229
414
624
851
1095
1303
1563
1816
2062
2324
2597
2853
3072
3289
3499
3687
3823
3964
4099
4251
4325
4388
4469
4532
4552
4530
4502
4395
4228
3984
3708
3341
2970
2500
2056
1617
1147
715
312
-56
-432
-790
-1018
-1216
-1348
-1486
-1575
-1630
-1611
-1606
-1581
-1542
-1543
-1460
-1441
-1369
-1327
-1229
-1147
-1073
-990
-902
-848
-703
-582
-462
-367
-294
-221
-189
-184
-217
-268
-363
-482
-644
-780
-1025
-1270
-1495
-1652
-1832
-2000
-2123
-2236
-2266
-2302
-2277
-2287
-2258
-2217
-2115
-2038
-1925
-1842
-1763
-1656
-1525
-1397
-1311
-1177
-1065
-979
-891
-815
-766
-758
-754
-719
-736
-712
-735
-740
-761
-824
-904
-977
-1023
-1115
-1210
-1270
-1311
-1354
-1375
-1353
-1335
-1271
-1221
-1097
-951
-839
-687
-537
-380
-252
-51
176
362
580
804
1069
1307
1538
1782
2021
2305
2549
2781
3051
3326
3595
3841
4035
4271
4482
4630
4769
4888
4981
5069
5126
5123
5098
5037
4950
4786
4536
4256
3852
3425
2931
2409
1866
1376
893
404
-18
-447
-826
-1160
-1400
-1597
-1744
-1881
-1995
-2088
-2076
-2116
-2088
-2066
-1999
-1972
-1905
-1791
-1680
-1561
-1409
-1277
-1130
-950
-777
-561
-353
-146
-41
64
172
241
250
245
215
106
-74
-281
-508
-705
-932
-1182
-1377
-1616
-1827
-2021
-2155
-2279
-2421
-2512
-2566
-2622
-2626
-2601
-2579
-2519
-2449
-2343
-2224
-2096
-1920
-1746
-1612
-1391
-1252
-1106
-959
-821
-748
-687
-611
-600
-585
-572
-606
-657
-694
-727
-749
-787
-833
-874
-898
-885
-905
-986
-1020
-1066
-1109
-1121
-1107
-1056
-993
-903
-811
-672
-522
-377
-186
38
262
508
812
1092
1384
1693
2009
2291
2578
2831
3109
3376
3649
3863
4084
4321
4559
4796
4947
5137
5297
5404
5481
5554
5572
5532
5442
5280
5047
4696
4248
3772
3221
2656
2051
1493
975
387
-155
-635
-1052
-1435
-1711
-1960
-2154
-2292
-2387
-2459
-2486
-2542
-2540
-2529
-2510
-2453
-2407
-2297
-2197
-2074
-1887
-1707
-1472
-1228
-925
-632
-347
-105
115
302
476
588
670
672
616
530
351
149
-64
-297
-563
-832
-1126
-1376
-1663
-1860
-2057
-2219
-2417
-2575
-2707
-2813
-2897
-2978
-3037
-3069
-3065
-3023
-2916
-2823
-2696
-2556
-2345
-2177
-1985
-1768
-1555
-1365
-1174
-998
-794
-645
-539
-476
-425
-410
-404
-408
-430
-459
-512
-570
-626
-681
-740
-762
-819
-845
-898
-927
-930
-947
-929
-892
-874
-857
-776
-687
-544
-388
-208
28
276
514
767
1075
1353
1599
1901
2144
2408
2655
2886
3106
3359
3557
3767
4018
4204
4411
4583
4722
4853
4959
5081
5199
5228
5253
5219
5119
4884
4573
4218
3810
3292
2738
2165
1590
1049
450
-102
-600
-1002
-1357
-1648
-1885
-2120
-2291
-2441
-2519
-2562
-2596
-2608
-2570
-2558
-2532
-2476
-2421
-2296
-2177
-2046
-1874
-1635
-1401
-1123
-853
-561
-271
-18
221
428
559
677
707
678
595
463
263
37
-234
-529
-848
-1173
-1441
-1718
-1973
-2204
-2420
-2611
-2787
-2935
-3062
-3145
-3191
-3210
-3223
-3192
-3118
-3038
-2936
-2836
-2699
-2547
-2393
-2209
-2015
-1826
-1617
-1424
-1158
-933
-750
-572
-442
-296
-186
-84
-28
5
-13
-32
-48
-103
-184
-267
-342
-446
-536
-635
-706
-783
-794
-832
-841
-795
-734
-608
-498
-362
-213
-42
128
317
514
776
1020
1261
1556
1791
2048
2294
2585
2871
3201
3501
3807
4152
4467
4730
5006
5254
5481
5642
5764
5871
5868
5788
5641
5429
5102
4754
4305
3804
3271
2707
2105
1516
955
411
-103
-586
-963
-1297
-1618
-1885
-2107
-2315
-2497
-2648
-2741
-2808
-2895
-2953
-2967
-2945
-2929
-2821
-2655
-2435
-2203
-1937
-1628
-1276
-930
-603
-294
17
267
491
669
810
903
926
900
829
713
575
392
186
-3
-290
-515
-774
-1044
-1311
-1575
-1808
-2053
-2294
-2535
-2783
-2999
-3218
-3423
-3539
-3587
-3638
-3637
-3558
-3438
-3298
-3128
-2938
-2726
-2465
-2186
-1940
-1703
-1476
-1239
-1061
-897
-714
-568
-426
-322
-234
-156
-136
-49
47
94
112
140
129
92
90
46
25
-66
-155
-200
-259
-274
-300
-283
-298
-265
-146
-22
135
345
614
869
1138
1429
1738
2049
2359
2663
2883
3184
3486
3827
4072
4355
4625
4893
5137
5332
5573
5783
5904
5961
6022
5976
5836
5579
5227
4822
4328
3717
3097
2443
1777
1097
487
-118
-625
-1044
-1438
-1786
-2058
-2277
-2455
-2620
-2749
-2839
-2924
-3039
-3129
-3150
-3136
-3147
-3100
-2959
-2802
-2615
-2352
-2039
-1750
-1354
-947
-533
-147
200
529
793
1013
1101
1171
1192
1168
1067
920
765
530
323
72
-155
-397
-638
-945
-1207
-1458
-1691
-1941
-2236
-2491
-2661
-2839
-3041
-3156
-3276
-3365
-3413
-3417
-3396
-3304
-3210
-3032
-2836
-2615
-2348
-2111
-1835
-1586
-1311
-1054
-830
-621
-440
-226
-67
70
187
273
367
442
484
508
514
516
480
447
378
291
190
75
-29
-158
-231
-311
-381
-424
-402
-336
-252
-134
51
244
453
647
851
1145
1398
1668
1935
2244
2544
2850
3184
3523
3857
4188
4530
4881
5213
5490
5760
5972
6170
6287
6345
6326
6199
5967
5607
5151
4638
4021
3421
2758
2103
1436
781
191
-329
-777
-1159
-1501
-1796
-2031
-2218
-2421
-2594
-2753
-2890
-3030
-3189
-3250
-3269
-3305
-3239
-3129
-2994
-2795
-2567
-2258
-1908
-1495
-1101
-726
-336
19
373
648
853
1024
1129
1185
1170
1089
973
815
562
319
62
-213
-507
-775
-1057
-1351
-1612
-1866
-2119
-2359
-2566
-2802
-2989
-3200
-3352
-3458
-3562
-3624
-3581
-3516
-3441
-3303
-3142
-2908
-2644
-2357
-2063
-1766
-1475
-1198
-934
-651
-407
-155
62
278
458
614
746
822
904
970
968
981
995
965
862
788
701
621
543
459
388
290
282
290
287
291
335
381
436
547
708
885
1043
1247
1502
1823
2105
2382
2753
3174
3559
3897
4246
4607
4909
5160
5446
5688
5859
5968
6053
6043
5958
5756
5443
5086
4643
4118
3538
2962
2332
1755
1154
543
30
-398
-809
-1214
-1565
-1854
-2114
-2331
-2510
-2690
-2831
-3006
-3154
-3239
-3300
-3342
-3319
-3253
-3130
-2947
-2740
-2448
-2105
-1706
-1345
-978
-583
-203
145
438
695
920
1061
1186
1201
1152
1064
933
730
481
258
-16
-296
-563
-823
-1058
-1280
-1511
-1703
-1918
-2126
-2332
-2536
-2708
-2891
-3049
-3161
-3289
-3404
-3453
-3422
-3361
-3286
-3146
-2912
-2678
-2422
-2136
-1816
-1450
-1145
-801
-456
-184
56
228
414
553
658
760
811
881
918
954
941
964
953
959
984
970
980
966
909
819
743
706
658
601
550
539
550
601
710
816
967
1170
1454
1736
2070
2443
2855
3222
3596
3991
4354
4672
4945
5243
5418
5573
5671
5766
5754
5629
5495
5228
4942
4553
4132
3639
3128
2613
2088
1562
1014
537
52
-371
-771
-1172
-1554
-1873
-2173
-2435
-2674
-2896
-3061
-3197
-3337
-3392
-3451
-3470
-3414
-3342
-3163
-2988
-2716
-2431
-2089
-1713
-1360
-1013
-664
-327
-14
266
489
662
781
925
951
941
887
819
690
486
281
56
-176
-417
-651
-903
-1148
-1421
-1679
-1905
-2156
-2378
-2635
-2864
-3015
-3154
-3270
-3366
-3409
-3461
-3398
-3335
-3213
-3054
-2877
-2660
-2414
-2129
-1860
-1536
-1221
-892
-600
-343
-124
91
299
476
595
691
769
868
968
1013
1035
1033
1031
1024
1009
1011
1018
971
953
955
939
895
878
848
836
827
860
969
1046
1161
1367
1587
1910
2193
2548
2904
3277
3649
3975
4355
4682
4993
5220
5412
5522
5641
5624
5559
5398
5132
4849
4445
4060
3623
3169
2717
2171
1655
1141
677
284
-90
-452
-776
-1134
-1419
-1710
-1989
-2255
-2513
-2722
-2964
-3191
-3345
-3452
-3533
-3511
-3487
-3396
-3238
-3009
-2725
-2420
-2082
-1703
-1330
-947
-608
-269
-8
206
341
454
540
570
549
483
448
343
188
68
-67
-230
-384
-538
-708
-892
-1063
-1273
-1475
-1675
-1903
-2145
-2374
-2593
-2786
-2956
-3120
-3248
-3327
-3386
-3364
-3271
-3155
-2977
-2790
-2540
-2247
-1953
-1630
-1318
-1013
-740
-480
-269
-44
108
216
329
427
526
577
700
772
854
921
971
1046
1093
1113
1126
1138
1131
1125
1095
1107
1087
1047
1053
1025
1060
1092
1177
1280
1439
1648
1897
2223
2527
2890
3254
3678
4046
4336
4638
4933
5161
5325
5418
5478
5429
5346
5182
4906
4631
4256
3868
3447
3002
2532
2020
1557
1100
684
304
-92
-431
-754
-1088
-1385
-1704
-2022
-2277
-2525
-2764
-2981
-3129
-3297
-3424
-3476
-3503
-3446
-3324
-3169
-2989
-2719
-2422
-2128
-1819
-1469
-1170
-852
-578
-309
-93
77
230
288
321
312
250
173
83
-52
-182
-311
-441
-606
-731
-813
-938
-1083
-1228
-1367
-1574
-1733
-1902
-2150
-2385
-2581
-2731
-2891
-3049
-3148
-3197
-3189
-3140
-3066
-2889
-2702
-2481
-2225
-1950
-1687
-1401
-1105
-831
-584
-388
-204
-88
-3
77
177
237
303
348
428
536
652
749
880
1015
1139
1240
1326
1373
1410
1410
1381
1321
1292
1265
1247
1256
1306
1403
1539
1750
1976
2248
2530
2855
3187
3536
3879
4226
4516
4797
5024
5194
5275
5310
5209
5012
4776
4450
4106
3712
3275
2823
2352
1896
1481
1081
737
397
78
-210
-495
-776
-1059
-1349
-1620
-1895
-2199
-2458
-2702
-2950
-3136
-3299
-3362
-3411
-3429
-3401
-3283
-3117
-2906
-2631
-2353
-2048
-1709
-1370
-1090
-807
-577
-369
-188
-61
36
100
106
97
52
-3
-63
-213
-296
-374
-452
-579
-680
-815
-960
-1106
-1275
-1477
-1685
-1897
-2113
-2311
-2508
-2668
-2843
-2923
-3037
-3114
-3158
-3111
-3035
-2958
-2802
-2643
-2399
-2201
-1953
-1663
-1436
-1192
-964
-728
-534
-417
-260
-94
7
95
186
309
385
457
536
591
692
796
899
988
1093
1186
1247
1312
1382
1396
1439
1474
1499
1547
1623
1726
1845
2031
2215
2443
2686
2964
3291
3601
3951
4267
4579
4810
5017
5182
5297
5294
5176
5004
4727
4406
4013
3593
3110
2638
2180
1678
1225
776
423
58
-295
-538
-823
-1046
-1240
-1426
-1621
-1865
-2101
-2317
-2561
-2771
-2948
-3121
-3260
-3361
-3368
-3346
-3239
-3044
-2813
-2562
-2269
-1959
-1646
-1279
-986
-706
-481
-303
-148
-35
9
-21
-50
-140
-243
-346
-430
-538
-669
-746
-833
-937
-1004
-1110
-1166
-1244
-1340
-1447
-1609
-1756
-1944
-2124
-2302
-2492
-2648
-2817
-2942
-3021
-3062
-3047
-2999
-2884
-2712
-2552
-2328
-2053
-1760
-1481
-1229
-970
-771
-560
-447
-338
-263
-199
-148
-129
-78
-72
10
51
167
276
403
568
724
882
1047
1203
1300
1418
1463
1505
1567
1575
1551
1571
1644
1688
1792
1940
2200
2487
2805
3170
3508
3907
4265
4603
4893
5168
5304
5369
5388
5280
5097
4801
4462
4045
3586
3099
2640
2190
1709
1279
900
555
257
-13
-257
-534
-790
-998
-1256
-1456
-1723
-1979
-2209
-2479
-2735
-2948
-3120
-3264
-3358
-3376
-3314
-3208
-3015
-2745
-2485
-2176
-1841
-1499
-1195
-935
-671
-428
-253
-149
-56
-9
-12
-46
-120
-197
-257
-349
-446
-507
-572
-651
-783
-866
-945
-1045
-1113
-1243
-1368
-1527
-1732
-1906
-2081
-2239
-2369
-2512
-2649
-2756
-2835
-2843
-2838
-2798
-2675
-2549
-2353
-2158
-1972
-1667
-1382
-1107
-854
-606
-397
-247
-173
-94
-17
10
45
79
117
155
211
242
344
429
585
739
888
1049
1178
1299
1387
1472
1503
1527
1526
1605
1642
1710
1812
1970
2220
2478
2788
3090
3404
3762
4155
4509
4829
5097
5305
5454
5537
5510
5346
5156
4841
4491
4109
3659
3159
2649
2196
1723
1317
897
575
268
-9
-256
-494
-706
-904
-1144
-1360
-1619
-1899
-2158
-2438
-2674
-2884
-3053
-3190
-3249
-3238
-3179
-3082
-2894
-2656
-2358
-2063
-1722
-1387
-1052
-742
-537
-323
-193
-70
-25
-26
-70
-171
-234
-355
-497
-685
-775
-871
-927
-953
-1022
-1040
-1095
-1174
-1195
-1244
-1366
-1497
-1676
-1816
-1974
-2170
-2358
-2549
-2676
-2797
-2862
-2896
-2884
-2770
-2639
-2491
-2270
-2005
-1727
-1401
-1139
-827
-582
-394
-225
-134
-59
-20
34
12
1
-10
-21
14
86
212
301
438
649
824
956
1076
1208
1327
1389
1446
1511
1505
1506
1552
1588
1684
1796
1973
2211
2483
2759
3135
3520
3885
4221
4607
4947
5192
5440
5515
5529
5443
5199
4910
4572
4155
3684
3198
2727
2251
1774
1330
971
632
348
58
-182
-397
-585
-778
-968
-1172
-1437
-1672
-1962
-2195
-2504
-2751
-2959
-3107
-3196
-3267
-3237
-3140
-2966
-2702
-2372
-2043
-1721
-1370
-988
-705
-442
-248
-72
55
115
99
48
-25
-128
-256
-393
-542
-686
-753
-830
-892
-937
-1004
-1074
-1091
-1136
-1189
-1279
-1395
-1508
-1648
-1804
-1996
-2178
-2348
-2517
-2683
-2821
-2846
-2844
-2794
-2677
-2474
-2241
-1974
-1672
-1384
-1058
-782
-522
-296
-127
-7
52
108
94
79
15
15
29
1
60
111
207
353
533
683
883
1059
1213
1330
1405
1498
1521
1535
1552
1550
1554
1600
1739
1905
2103
2378
2684
3070
3457
3848
4223
4587
4914
5134
5354
5478
5490
5347
5133
4829
4466
4039
3595
3126
2594
2126
1675
1299
934
613
382
142
-75
-259
-461
-692
-918
-1144
-1363
-1599
-1883
-2124
-2350
-2586
-2801
-2974
-3077
-3114
-3093
-3018
-2809
-2565
-2282
-1955
-1636
-1277
-943
-645
-375
-157
-33
65
138
152
95
30
-113
-291
-459
-574
-676
-807
-878
-926
-983
-1050
-1064
-1085
-1103
-1157
-1220
-1335
-1445
-1615
-1806
-1993
-2195
-2347
-2522
-2655
-2715
-2726
-2721
-2679
-2571
-2353
-2131
-1884
-1616
-1306
-1017
-741
-453
-258
-79
36
79
77
82
70
25
-19
-121
-132
-60
91
219
374
574
739
918
1049
1201
1322
1451
1534
1563
1625
1661
1711
1772
1889
1997
2130
2337
2591
2889
3228
3600
3938
4274
4579
4853
5079
5257
5292
5209
5032
4781
4471
4038
3573
3076
2595
2083
1634
1175
789
456
174
-98
-313
-462
-652
-764
-917
-1084
-1276
-1478
-1747
-1993
-2264
-2507
-2723
-2933
-3058
-3123
-3131
-3066
-2915
-2683
-2444
-2142
-1804
-1459
-1119
-807
-488
-232
-39
87
161
194
161
113
-64
-210
-381
-574
-690
-807
-923
-1015
-1073
-1096
-1049
-1065
-1048
-1058
-1104
-1198
-1297
-1439
-1581
-1770
-1951
-2143
-2352
-2494
-2656
-2727
-2769
-2761
-2656
-2462
-2257
-1999
-1699
-1378
-1096
-829
-578
-355
-108
15
74
113
111
71
9
-42
-100
-98
-60
3
123
280
443
644
847
1009
1189
1363
1431
1507
1550
1594
1609
1616
1645
1687
1773
1912
2099
2336
2620
2921
3278
3657
4054
4378
4664
4880
5027
5075
5029
4882
4635
4311
3956
3513
3035
2621
2156
1718
1263
875
547
256
43
-154
-310
-482
-648
-795
-968
-1178
-1413
-1637
-1901
-2159
-2409
-2637
-2842
-3006
-3075
-3109
-3060
-2926
-2763
-2531
-2276
-1976
-1610
-1252
-907
-607
-370
-169
-17
90
162
109
14
-97
-230
-361
-557
-734
-901
-999
-1114
-1198
-1195
-1175
-1197
-1194
-1203
-1256
-1294
-1377
-1498
-1635
-1818
-1978
-2172
-2383
-2546
-2726
-2836
-2884
-2879
-2819
-2729
-2576
-2374
-2143
-1843
-1556
-1197
-884
-576
-375
-219
-77
-23
-18
-75
-122
-230
-295
-324
-325
-285
-160
-18
195
412
651
900
1089
1289
1410
1545
1636
1687
1666
1713
1713
1722
1795
1867
2013
2176
2431
2717
3099
3451
3780
4129
4432
4676
4844
4977
4965
4816
4563
4259
3897
3454
2999
2522
2038
1581
1156
777
483
242
41
-143
-286
-399
-522
-649
-765
-920
-1112
-1316
-1550
-1808
-2097
-2384
-2619
-2812
-2964
-3038
-3048
-2942
-2812
-2605
-2313
-1988
-1621
-1234
-908
-575
-294
-115
8
78
121
102
46
-57
-255
-398
-580
-768
-903
-1073
-1149
-1186
-1222
-1249
-1229
-1196
-1176
-1193
-1195
-1234
-1301
-1419
-1517
-1722
-1939
-2118
-2372
-2536
-2659
-2743
-2744
-2702
-2621
-2450
-2225
-1952
-1690
-1374
-1072
-813
-548
-349
-147
-27
27
52
6
-68
-170
-267
-313
-341
-313
-202
-38
145
379
633
821
1063
1229
1358
1456
1558
1625
1698
1748
1746
1813
1911
1990
2107
2280
2464
2694
2938
3246
3582
3867
4142
4428
4623
4753
4771
4676
4506
4228
3881
3431
2996
2523
2031
1550
1126
743
399
124
-135
-316
-501
-614
-723
-807
-888
-1004
-1152
-1314
-1488
-1723
-1923
-2160
-2388
-2590
-2756
-2842
-2897
-2859
-2764
-2607
-2357
-2101
-1749
-1400
-1091
-738
-419
-198
-22
107
175
210
175
96
-61
-231
-376
-555
-727
-866
-997
-1084
-1155
-1172
-1202
-1141
-1125
-1109
-1075
-1146
-1152
-1276
-1406
-1514
-1700
-1868
-2065
-2243
-2366
-2512
-2572
-2581
-2569
-2453
-2272
-2039
-1779
-1489
-1211
-878
-600
-346
-150
-15
46
59
10
-53
-115
-198
-260
-255
-225
-185
-66
72
245
444
671
846
1016
1204
1343
1457
1549
1630
1694
1740
1797
1895
1995
2097
2221
2349
2549
2785
3055
3351
3618
3920
4194
4382
4492
4503
4469
4348
4149
3869
3503
3116
2692
2253
1792
1364
983
608
249
-9
-229
-438
-566
-699
-829
-935
-1054
-1189
-1300
-1471
-1682
-1890
-2093
-2311
-2505
-2686
-2802
-2856
-2840
-2771
-2649
-2462
-2225
-1960
-1639
-1362
-1042
-778
-531
-300
-129
-36
18
24
-33
-75
-219
-384
-554
-760
-933
-1043
-1127
-1212
-1228
-1244
-1196
-1186
-1203
-1184
-1209
-1223
-1256
-1315
-1437
-1544
-1696
-1854
-2004
-2157
-2277
-2392
-2470
-2458
-2381
-2259
-2097
-1910
-1665
-1397
-1103
-785
-535
-291
-157
-34
47
51
-7
-52
-133
-202
-208
-193
-180
-123
21
122
282
467
670
897
1122
1271
1408
1520
1599
1677
1738
1762
1770
1809
1853
1924
2052
2207
2437
2652
2962
3289
3597
3885
4137
4402
4586
4676
4638
4510
4281
4004
3696
3311
2883
2463
2014
1591
1169
832
544
289
67
-109
-288
-448
-586
-699
-817
-972
-1135
-1338
-1522
-1716
-1955
-2215
-2434
-2645
-2802
-2881
-2880
-2791
-2678
-2518
-2289
-2100
-1773
-1461
-1163
-842
-612
-395
-197
-71
-2
39
9
-89
-205
-297
-445
-603
-715
-821
-901
-969
-1024
-1047
-1038
-1035
-1020
-1038
-1041
-1094
-1148
-1256
-1370
-1511
-1701
-1851
-2066
-2180
-2266
-2381
-2447
-2469
-2439
-2368
-2227
-2026
-1825
-1584
-1298
-1046
-790
-570
-420
-279
-177
-145
-145
-166
-205
-269
-316
-318
-317
-261
-182
-47
150
317
516
670
877
1023
1136
1240
1290
1331
1357
1384
1388
1415
1485
1638
1825
2019
2294
2530
2762
3011
3273
3552
3804
4044
4195
4346
4401
4374
4243
4092
3866
3585
3244
2892
2494
2104
1743
1387
1080
803
546
339
143
-61
-195
-354
-527
-742
-890
-1094
-1310
-1516
-1732
-1940
-2148
-2302
-2446
-2540
-2634
-2637
-2578
-2471
-2317
-2130
-1904
-1610
-1312
-1036
-800
-618
-420
-233
-91
-35
64
107
101
79
36
-61
-175
-275
-371
-462
-564
-639
-711
-730
-807
-870
-915
-997
-1076
-1165
-1248
-1367
-1497
-1646
-1816
-1967
-2105
-2201
-2292
-2365
-2372
-2345
-2281
-2218
-2056
-1865
-1673
-1472
-1247
-993
-813
-650
-472
-346
-268
-233
-216
-229
-225
-244
-231
-179
-125
-42
67
207
291
449
624
755
903
994
1083
1118
1126
1191
1240
1223
1277
1370
1452
1599
1759
1925
2122
2371
2622
2895
3155
3398
3684
3916
4070
4209
4275
4231
4096
3907
3715
3430
3157
2840
2492
2139
1787
1486
1194
912
683
457
263
97
-95
-269
-448
-626
-842
-1040
-1267
-1472
-1700
-1963
-2143
-2308
-2467
-2593
-2657
-2676
-2689
-2583
-2421
-2261
-2053
-1845
-1579
-1354
-1115
-923
-721
-559
-465
-368
-345
-318
-329
-358
-376
-469
-494
-562
-627
-689
-757
-808
-859
-874
-909
-928
-997
-1057
-1139
-1231
-1333
-1445
-1575
-1710
-1850
-2011
-2126
-2241
-2313
-2380
-2403
-2376
-2318
-2199
-2074
-1952
-1787
-1561
-1356
-1142
-955
-757
-603
-522
-480
-455
-431
-412
-402
-396
-346
-327
-262
-192
-101
-3
116
259
378
495
567
674
737
782
840
861
848
876
954
1010
1132
1264
1387
1534
1734
1955
2187
2438
2664
2894
3121
3323
3511
3663
3787
3896
3936
3921
3856
3725
3538
3314
3060
2802
2524
2226
1950
1652
1389
1126
881
670
444
248
41
-155
-368
-544
-756
-1012
-1204
-1393
-1608
-1812
-1982
-2149
-2277
-2364
-2424
-2466
-2474
-2383
-2258
-2115
-1947
-1715
-1488
-1288
-1084
-893
-716
-617
-534
-491
-447
-416
-401
-377
-402
-440
-491
-519
-581
-632
-676
-731
-751
-817
-877
-942
-1069
-1142
-1200
-1276
-1395
-1507
-1630
-1767
-1883
-1960
-2039
-2126
-2241
-2275
-2300
-2326
-2299
-2222
-2089
-1976
-1827
-1659
-1435
-1234
-1079
-893
-718
-603
-498
-407
-390
-354
-358
-367
-331
-309
-248
-160
-104
-22
112
238
322
457
616
709
794
848
861
876
923
945
967
1010
1058
1094
1178
1329
1488
1697
1910
2161
2387
2664
2922
3113
3343
3523
3664
3738
3797
3829
3784
3712
3572
3410
3232
2999
2759
2473
2192
1952
1700
1439
1221
998
803
624
419
179
-71
-308
-504
-740
-964
-1189
-1390
-1619
-1829
-1934
-2089
-2190
-2278
-2338
-2318
-2288
-2237
-2116
-1959
-1780
-1589
-1422
-1262
-1096
-939
-808
-647
-536
-460
-398
-395
-407
-378
-362
-373
-357
-380
-405
-430
-479
-516
-554
-638
-716
-805
-894
-1007
-1100
-1222
-1373
-1490
-1631
-1713
-1837
-1950
-2032
-2143
-2175
-2201
-2230
-2199
-2196
-2125
-2008
-1908
-1781
-1621
-1475
-1324
-1187
-1037
-901
-810
-697
-609
-587
-533
-430
-376
-303
-233
-147
-86
11
75
131
204
273
348
395
500
528
584
639
647
662
690
727
763
804
883
936
1043
1192
1356
1587
1772
1966
2183
2382
2550
2721
2870
3000
3122
3239
3328
3423
3455
3454
3424
3367
3284
3180
3020
2807
2584
2343
2133
1893
1655
1382
1147
910
641
400
153
-74
-282
-508
-715
-907
-1136
-1276
-1441
-1600
-1760
-1882
-1982
-2044
-2104
-2145
-2106
-2082
-2020
-1955
-1849
-1711
-1557
-1397
-1236
-1065
-940
-815
-659
-567
-480
-398
-330
-316
-281
-258
-318
-326
-374
-426
-485
-552
-607
-683
-763
-854
-931
-1012
-1098
-1166
-1280
-1384
-1470
-1539
-1589
-1625
-1722
-1815
-1859
-1942
-1950
-1950
-1923
-1887
-1828
-1761
-1654
-1540
-1401
-1250
-1122
-962
-807
-643
-508
-398
-281
-190
-127
-76
-10
49
60
112
142
165
224
278
346
428
480
527
619
670
708
757
809
802
840
856
880
912
927
971
1021
1113
1233
1422
1562
1752
1934
2123
2322
2489
2707
2887
3019
3149
3248
3322
3349
3354
3325
3281
3230
3138
3026
2883
2730
2552
2371
2165
1949
1729
1493
1246
1022
806
560
351
155
-104
-386
-597
-780
-967
-1147
-1309
-1495
-1654
-1757
-1862
-1927
-1979
-1995
-1985
-1981
-1963
-1879
-1768
-1662
-1524
-1424
-1286
-1146
-990
-857
-757
-676
-606
-571
-533
-440
-400
-365
-365
-410
-450
-474
-515
-561
-623
-663
-745
-827
-851
-901
-931
-1021
-1107
-1177
-1239
-1299
-1353
-1411
-1441
-1485
-1554
-1608
-1656
-1598
-1587
-1541
-1480
-1403
-1298
-1191
-1041
-952
-790
-647
-516
-344
-227
-129
-32
55
112
195
255
305
367
408
474
503
555
606
628
653
672
701
699
711
752
779
817
835
819
827
861
894
920
961
982
1085
1153
1248
1323
1423
1557
1712
1904
2068
2244
2372
2554
2641
2783
2884
2937
3025
3082
3134
3173
3171
3176
3141
3093
3038
2919
2835
2674
2499
2294
2040
1809
1553
1316
1107
876
660
422
198
-20
-222
-435
-613
-793
-973
-1148
-1302
-1417
-1516
-1580
-1633
-1641
-1667
-1681
-1624
-1623
-1613
-1537
-1502
-1396
-1268
-1159
-1008
-881
-722
-623
-494
-380
-333
-273
-291
-282
-294
-317
-321
-355
-395
-431
-489
-536
-564
-605
-663
-694
-722
-763
-797
-865
-920
-959
-1066
-1139
-1171
-1197
-1237
-1303
-1316
-1326
-1301
-1288
-1208
-1168
-1084
-981
-854
-699
-593
-435
-298
-152
-45
33
118
187
261
329
360
408
459
502
541
537
576
587
603
632
635
647
643
653
674
655
637
607
608
591
583
595
602
672
694
737
804
825
884
949
1069
1217
1284
1378
1494
1614
1756
1872
2004
2136
2203
2323
2402
2478
2545
2615
2695
2746
2783
2784
2746
2716
2647
2543
2429
2264
2155
1973
1782
1577
1384
1190
963
776
578
384
198
29
-144
-303
-468
-681
-786
-906
-1021
-1119
-1214
-1278
-1357
-1438
-1437
-1474
-1478
-1447
-1411
-1364
-1327
-1239
-1120
-991
-892
-779
-692
-620
-548
-462
-455
-411
-376
-371
-355
-389
-425
-451
-475
-477
-483
-507
-514
-566
-594
-627
-642
-689
-732
-721
-760
-759
-778
-790
-820
-827
-868
-886
-889
-904
-847
-797
-735
-721
-637
-550
-449
-346
-241
-120
-82
11
91
174
254
298
332
373
363
403
414
421
419
380
396
419
396
367
384
377
391
382
391
372
341
332
329
299
253
231
203
165
146
146
159
226
261
345
446
533
605
694
783
897
1023
1099
1207
1315
1424
1553
1606
1661
1742
1748
1807
1844
1851
1885
1910
1930
1968
1985
1997
1958
1956
1919
1858
1801
1684
1608
1460
1318
1154
996
833
683
537
371
198
48
-107
-249
-316
-368
-494
-585
-594
-718
-736
-792
-816
-868
-906
-899
-940
-948
-994
-1003
-1012
-989
-958
-925
-917
-884
-834
-778
-708
-666
-628
-617
-623
-579
-549
-568
-535
-535
-523
-542
-588
-598
-636
-655
-670
-662
-624
-636
-627
-571
-558
-528
-505
-502
-485
-475
-456
-447
-447
-431
-435
-379
-355
-331
-311
-264
-200
-149
-89
-18
68
118
170
220
273
274
265
298
265
220
219
211
203
195
203
219
222
239
259
286
280
273
291
258
255
211
208
211
161
167
131
112
140
176
223
315
371
401
410
457
514
535
574
632
655
725
802
844
884
951
1020
1061
1131
1199
1269
1298
1348
1390
1447
1506
1547
1571
1594
1596
1572
1554
1515
1475
1461
1404
1362
1314
1237
1166
1103
1039
973
884
777
680
593
535
472
399
332
252
144
14
-50
-166
-258
-326
-366
-441
-510
-539
-577
-633
-688
-701
-736
-733
-729
-687
-666
-665
-667
-632
-650
-603
-585
-582
-583
-597
-580
-570
-533
-540
-523
-476
-464
-459
-436
-381
-326
-293
-308
-327
-299
-315
-317
-323
-340
-314
-346
-344
-349
-347
-335
-347
-360
-398
-388
-413
-430
-445
-441
-439
-407
-340
-328
-262
-232
-249
-246
-255
-232
-216
-220
-206
-199
-144
-126
-113
-94
-64
-13
-20
-21
6
31
44
36
46
73
71
93
65
75
86
83
100
76
77
109
115
109
112
102
136
139
142
160
166
198
234
296
339
354
375
455
522
590
621
671
712
730
764
823
877
922
938
987
1031
1069
1131
1156
1209
1216
1238
1222
1189
1191
1135
1099
1038
1023
1010
983
964
896
850
780
725
652
556
491
439
385
331
253
204
160
98
67
50
-9
-39
-69
-98
-148
-184
-223
-252
-271
-294
-313
-331
-317
-328
-329
-338
-348
-337
-358
-354
-372
-382
-417
-422
-440
-441
-422
-439
-460
-497
-504
-500
-526
-545
-547
-555
-529
-529
-530
-525
-520
-536
-536
-500
-513
-542
-522
-548
-560
-587
-592
-601
-645
-618
-604
-577
-557
-579
-531
-475
-417
-388
-300
-258
-283
-232
-218
-222
-233
-225
-244
-282
-287
-307
-316
-290
-281
-253
-250
-236
-184
-148
-135
-102
-76
-80
-44
-43
-72
-105
-114
-147
-185
-199
-249
-263
-273
-264
-197
-177
-95
-47
22
115
127
138
151
249
234
270
283
277
322
308
329
358
405
417
449
470
512
561
603
641
711
748
791
842
850
848
835
820
798
778
730
694
672
615
585
578
583
551
520
531
530
510
511
507
525
538
548
521
492
490
448
428
347
261
220
147
112
66
34
1
-22
-20
-20
-45
-52
-54
-78
-112
-176
-218
-253
-291
-338
-374
-415
-467
-528
-584
-620
-649
-673
-702
-707
-711
-709
-658
-624
-592
-593
-594
-570
-600
-597
-615
-610
-580
-611
-581
-562
-563
-542
-525
-480
-469
-395
-359
-339
-322
-315
-305
-282
-278
-285
-287
-305
-313
-344
-347
-338
-365
-359
-338
-315
-294
-303
-265
-224
-235
-245
-264
-272
-230
-240
-254
-243
-195
-152
-170
-159
-125
-68
-59
-40
-16
6
33
17
35
76
155
161
204
195
212
257
261
300
262
242
234
253
234
239
231
231
248
262
285
274
287
296
296
308
314
334
326
310
291
272
257
233
255
264
275
297
310
332
363
372
403
447
429
440
402
393
400
350
361
357
322
335
338
314
323
320
279
231
238
218
178
189
166
156
150
153
128
103
64
14
-58
-108
-139
-190
-185
-188
-200
-215
-213
-222
-195
-211
-193
-233
-267
-296
-347
-340
-371
-400
-440
-460
-430
-462
-448
-445
-463
-468
-501
-514
-499
-470
-453
-433
-419
-407
-405
-384
-345
-334
-366
-382
-432
-471
-447
-456
-464
-433
-422
-394
-398
-368
-300
-259
-224
-225
-214
-203
-206
-196
-187
-217
-238
-223
-194
-192
-186
-157
-184
-192
-204
-171
-177
-183
-149
-128
-90
-87
-84
-49
-50
-43
-57
-61
-23
3
15
-20
0
-2
-22
-35
-43
-25
-21
-12
-37
-81
-65
-54
-51
-47
-46
-38
-54
-70
-74
-67
-68
-81
-72
-22
-8
17
-5
-7
33
16
34
22
21
39
36
1
-22
-25
-38
-21
-12
-4
-34
9
41
20
27
20
40
45
32
32
55
20
-8
-9
-21
-16
-3
14
17
33
2
8
16
-9
-27
-68
-53
-12
-8
-29
-50
-82
-92
-73
-69
-87
-65
-73
-64
-82
-88
-85
-121
-131
-136
-149
-172
-156
-145
-125
-86
-85
-89
-88
-94
-91
-129
-161
-209
-213
-227
-211
-184
-211
-177
-168
-178
-194
-198
-187
-181
-194
-191
-237
-239
-248
-236
-232
-222
-165
-171
-139
-149
-146
-123
-98
-101
-82
-46
-76
-60
-84
-104
-97
-111
-129
-129
-170
-179
-150
-157
-150
-160
-138
-102
-34
17
35
34
41
28
20
-30
-40
-58
-133
-139
-160
-188
-168
-147
-142
-149
-112
-67
-56
-12
0
15
-10
4
-9
-41
-31
-77
-106
-128
-124
-156
-169
-159
-141
-153
-113
-66
-16
0
-3
-11
-41
-28
-15
-29
-81
-91
-91
-109
-127
-123
-160
-172
-187
-178
-154
-162
-149
-128
-76
-78
-79
-75
-93
-62
-79
-125
-114
-152
-173
-155
-192
-197
-220
-192
-173
-156
-145
-119
-99
-77
-44
-8
21
56
29
19
14
-3
-15
-39
-44
-56
-85
-104
-71
-84
-67
-56
-18
-2
31
30
22
58
32
20
14
11
-9
-44
-75
-96
-113
-103
-88
-92
-55
-39
-9
-31
-57
-54
-58
-62
-76
-36
-35
-37
-4
-14
-24
-18
-11
-13
5
-17
-26
-39
-24
13
29
60
82
109
102
97
86
94
92
71
62
45
34
42
53
37
14
11
-32
-36
5
9
20
53
50
58
81
112
111
96
110
98
72
49
79
52
18
-6
-23
-11
-22
-23
-12
31
54
59
68
94
101
69
55
66
55
59
43
30
55
52
54
53
54
12
-24
-25
-34
-29
14
55
40
35
59
61
75
72
42
92
70
78
66
66
86
77
74
52
57
41
55
76
90
94
142
127
120
129
125
134
152
167
170
146
137
140
140
162
120
86
111
78
103
131
150
149
120
133
143
148
137
125
86
97
100
83
89
80
88
71
64
63
51
55
73
74
107
131
121
88
94
63
74
73
88
87
56
82
75
80
92
133
148
168
161
152
183
151
145
134
134
131
135
151
177
185
205
167
163
189
168
143
134
158
134
104
106
95
79
106
96
91
106
164
184
229
214
179
189
150
145
132
115
101
124
131
127
127
139
133
166
162
169
194
142
171
170
199
186
165
153
158
146
115
116
89
88
90
105
138
141
148
134
139
108
106
128
133
139
143
167
177
183
157
160
142
128
124
156
149
140
160
141
132
114
89
56
71
44
30
26
36
43
65
79
87
86
60
89
78
98
92
75
73
84
62
38
37
50
38
20
45
57
55
107
158
136
166
130
117
93
72
50
35
35
30
40
52
89
59
72
53
41
48
23
70
55
84
67
73
79
40
75
62
22
-4
21
40
58
47
70
61
39
96
67
77
59
43
50
42
62
77
97
60
64
47
54
82
101
106
91
63
51
71
74
77
77
75
71
88
85
67
34
30
40
40
59
79
93
85
90
81
42
52
57
56
49
68
76
91
63
45
32
37
60
55
55
26
39
26
42
5
-7
39
40
24
17
14
19
31
5
7
34
51
68
58
28
27
-23
11
27
22
34
3
10
-6
4
20
1
-29
-10
-7
-22
-28
-44
-26
-34
-14
-2
4
22
15
26
20
-3
9
40
33
9
31
37
43
34
48
61
76
78
62
69
32
64
42
45
40
19
43
63
71
45
56
45
48
50
56
69
73
103
106
75
81
80
61
16
50
56
65
97
122
153
129
128
140
135
130
150
155
155
148
119
122
117
125
137
121
135
117
136
130
106
131
109
115
114
104
109
124
113
108
112
127
106
77
66
31
56
85
79
78
75
70
63
86
71
61
68
80
102
89
81
80
72
46
65
67
75
84
72
111
107
95
84
87
65
40
33
14
-3
37
61
38
50
32
50
6
21
43
45
56
24
-14
15
25
-7
3
-12
22
45
52
53
59
68
53
40
34
18
26
35
39
37
63
49
55
89
55
42
44
40
30
42
41
26
39
40
70
37
37
67
76
71
68
79
58
74
64
43
44
48
53
28
44
57
29
67
97
107
94
68
79
102
115
113
130
163
180
152
125
153
149
148
150
140
134
108
103
120
110
127
84
78
104
121
151
164
171
173
160
156
149
138
173
162
147
132
157
138
110
125
127
108
85
114
117
113
118
112
143
137
146
136
132
126
103
82
96
85
67
82
57
79
63
68
68
95
94
109
124
86
99
75
78
106
97
114
90
84
106
106
74
65
81
79
81
90
95
78
85
71
56
51
35
40
58
73
89
98
83
88
91
97
134
134
130
128
123
126
128
113
103
98
114
81
64
71
55
68
88
101
93
111
119
132
118
115
145
125
103
105
106
92
89
72
66
105
134
152
157
131
129
129
137
163
162
145
127
125
108
125
137
138
114
120
138
165
178
164
142
151
151
150
172
193
194
169
167
152
124
122
149
156
132
114
103
73
74
104
130
129
121
138
140
132
102
86
87
90
102
93
113
126
102
122
122
114
109
81
70
42
49
42
43
70
75
60
33
27
25
21
15
5
13
36
63
49
9
-20
-24
15
25
54
81
77
37
50
83
71
54
66
62
80
47
77
91
79
122
103
76
98
101
112
120
83
67
35
50
32
36
45
57
33
31
43
34
36
41
57
40
33
53
65
78
54
36
37
15
30
57
47
43
62
92
93
87
77
50
44
69
65
86
97
81
64
66
101
95
96
84
65
82
91
104
86
72
73
59
77
40
55
92
118
105
60
79
51
49
33
21
24
5
39
46
55
71
51
39
56
70
69
37
56
20
42
68
71
58
53
62
59
29
2
7
5
3
-24
1
-4
10
15
16
32
18
15
-8
5
7
1
-2
-5
-17
-18
18
-8
-16
-27
-24
-33
-22
-27
-25
-14
-45
-30
-16
-16
-37
-37
-44
-11
-34
-51
-30
-51
-34
-40
-24
-17
3
9
16
17
-14
-5
-32
-72
-71
-74
-86
-52
-40
-21
-19
4
30
-12
-15
-40
-16
5
-7
-14
-5
-6
8
-4
-24
-28
-29
-12
6
10
-17
-5
41
19
2
26
12
7
6
5
-16
-14
-13
-28
-24
-18
-25
-34
-47
-59
-44
-20
-52
-52
-49
-49
-41
-34
-62
-37
-49
-93
-79
-87
-80
-60
-72
-61
-39
-59
-43
-63
-38
-57
-63
-73
-88
-70
-87
-76
-71
-60
-60
-66
-58
-36
-42
-2
-8
-9
-18
-27
-56
-74
-59
-49
-28
-46
-39
-71
-58
-54
-66
-69
-51
-54
-65
-106
-144
-134
-141
-104
-114
-97
-90
-98
-121
-144
-120
-117
-84
-91
-103
-76
-76
-86
-110
-116
-136
-125
-101
-116
-104
-109
-115
-114
-124
-118
-122
-107
-64
-62
-72
-76
-108
-77
-84
-94
-79
-49
-41
-56
-44
-62
-47
-54
-59
-84
-82
-79
-48
-37
-45
-7
-44
-18
-19
-19
-41
-57
-23
-51
-37
-61
-25
12
13
-1
-10
-38
-60
-45
-68
-45
-42
-24
-24
-66
-50
-62
-81
-78
-95
-65
-34
-55
-20
-69
-88
-70
-58
-39
-32
-6
-22
-36
-24
11
9
8
5
-3
-12
-35
-36
-32
-64
-45
-23
-14
30
8
-9
-25
-23
-20
-5
-7
-38
-37
-29
23
5
-13
-38
-39
-36
-45
-34
-40
-33
-9
-3
-24
-17
6
-3
-4
1
11
13
5
31
33
37
41
43
38
51
65
75
65
37
28
18
25
49
61
61
71
38
14
28
66
104
95
101
96
104
95
114
100
83
48
52
69
40
37
30
56
33
40
48
73
62
39
86
72
94
100
89
99
86
99
90
93
93
90
91
79
101
80
79
98
88
76
88
74
82
107
112
93
81
119
130
99
99
79
76
110
110
141
126
122
129
95
87
56
45
52
56
66
80
72
88
101
116
111
29
38
62
66
40
68
74
78
110
85
122
95
102
93
68
75
63
106
116
95
63
48
69
83
86
68
65
39
53
78
75
68
80
91
66
81
55
104
120
94
98
76
110
121
87
110
111
119
109
104
112
104
127
111
143
150
163
155
123
122
108
123
122
103
122
128
129
121
136
114
112
139
72
78
68
48
39
25
38
17
53
71
92
96
96
103
103
142
130
122
123
124
121
114
141
102
106
124
78
94
115
128
129
119
108
91
115
102
111
96
94
104
89
82
98
107
114
135
124
134
98
112
107
120
120
89
78
78
88
90
92
113
105
136
160
150
120
120
114
105
104
111
141
155
144
123
139
120
125
133
86
93
89
92
87
55
27
24
22
42
55
51
72
77
52
64
74
60
52
44
82
79
73
84
74
110
87
69
62
83
71
91
81
50
63
72
105
107
96
55
67
70
74
87
80
118
71
63
79
59
72
78
29
16
20
34
10
22
36
53
81
47
30
-4
-12
15
7
15
3
2
35
24
46
41
47
35
54
53
21
38
25
10
20
20
20
26
24
49
17
10
24
-5
14
11
4
-1
-14
15
14
25
4
-31
-48
-65
-68
-101
-116
-49
-51
-58
-58
-49
-41
-54
-25
-27
-18
-15
6
-26
-14
-28
-18
-11
-43
-38
-49
-65
-50
-62
-95
-91
-90
-64
-98
-96
-101
-59
-42
-57
-73
-82
-71
-84
-79
-99
-114
-104
-94
-93
-76
-63
-63
-86
-97
-66
-63
-85
-102
-126
-123
-129
-93
-93
-74
-79
-94
-87
-87
-79
-91
-99
-114
-99
-95
-67
-54
-51
-56
-52
-97
-125
-139
-164
-151
-162
-142
-111
-101
-101
-95
-133
-148
-142
-155
-173
-152
-145
-148
-172
-142
-120
-128
-124
-118
-124
-110
-119
-89
-76
-85
-77
-102
-121
-114
-107
-92
-75
-94
-107
-97
-97
-129
-111
-114
-117
-122
-95
-98
-120
-123
-150
-141
-160
-129
-139
-132
-123
-124
-149
-150
-122
-117
-94
-100
-70
-92
-96
-80
-96
-94
-161
-161
-148
-138
-123
-157
-126
-156
-148
-115
-150
-125
-138
-140
-130
-123
-109
-103
-70
-99
-119
-122
-118
-111
-122
-125
-118
-106
-106
-83
-54
-53
-68
-70
-84
-76
-54
-69
-105
-75
-90
-131
-97
-131
-128
-124
-120
-117
-124
-90
-81
-62
-71
-64
-81
-72
-73
-56
-32
-69
-88
-44
-27
-12
8
-21
-24
-28
-21
-25
-11
-9
-25
-32
2
-3
-55
-56
-72
-63
-44
-56
3
-4
-6
-4
-14
7
-10
-17
-37
-39
-39
-48
-17
-44
-23
9
-9
1
3
-20
-18
17
-8
18
10
21
19
9
15
11
-4
-25
-65
-59
-20
-29
-32
-34
-5
8
7
37
40
51
44
54
52
14
30
14
27
3
8
25
4
18
6
-12
37
19
4
4
16
18
-12
-23
4
26
15
21
5
18
8
-4
3
39
73
79
74
41
29
30
22
27
38
2
15
48
59
67
73
56
55
49
65
56
32
43
43
58
45
55
66
55
85
105
86
76
75
58
61
68
88
77
77
56
64
74
95
128
138
90
82
82
76
96
76
74
74
83
70
81
60
71
80
62
40
28
51
37
34
51
24
26
15
-10
31
24
27
34
51
87
88
100
99
77
66
86
86
103
78
68
69
76
84
90
95
89
97
103
123
127
126
108
105
95
115
106
77
81
122
155
140
106
99
91
115
92
58
64
53
48
38
48
52
66
86
110
96
92
58
43
52
49
49
67
85
82
109
117
101
121
93
75
70
61
81
56
68
91
105
95
98
76
79
78
83
86
59
70
67
38
29
81
111
97
84
95
63
70
72
75
71
69
75
63
86
69
107
96
84
114
81
83
103
127
139
143
129
96
91
86
88
92
72
87
29
16
45
63
64
62
63
33
19
28
33
15
44
76
72
81
77
67
51
65
104
66
49
36
42
52
44
45
56
50
51
46
58
69
62
62
55
60
31
27
38
56
47
49
53
13
1
-37
-59
-83
-57
-25
3
24
28
20
19
15
8
7
-5
-35
-35
10
57
55
63
91
101
66
54
75
44
70
57
20
27
42
20
21
45
49
40
29
1
-9
-40
-8
14
23
57
60
49
35
41
4
9
-2
20
33
26
53
57
59
53
38
-13
-8
-13
-28
7
11
40
48
35
44
16
1
-31
-13
16
-6
14
18
23
19
-10
-23
3
11
-3
-32
-14
-14
-32
-36
-29
-25
-5
3
-5
-34
-20
-12
-49
-25
-50
-31
-32
-49
-38
-39
-61
-45
-11
-3
-16
-23
6
19
-2
14
34
10
-1
-12
-23
-20
-42
-59
-2
-12
20
1
-29
-3
-14
-22
-14
10
-6
-16
-25
5
-8
-34
-14
-25
-50
-35
-39
-27
-39
-56
-38
-22
-26
-4
-4
7
24
16
-9
-24
-10
-11
-17
-14
-2
-13
4
-26
-11
-37
-32
-56
-29
-29
-18
43
13
31
20
24
-3
-11
-30
-6
45
18
3
33
15
3
-30
-56
-25
21
29
19
25
-6
-28
-47
-54
-51
-21
-1
0
8
16
-11
-15
-16
-19
-18
-29
-34
-6
-11
12
20
-16
-19
-65
-43
-14
-17
-20
-28
-58
-65
-15
-39
-30
-25
-30
-2
-12
17
3
-8
-15
-19
-11
-47
-58
-63
-67
-78
-88
-62
-62
-45
-5
4
28
41
50
39
37
45
26
34
47
58
43
4
-10
11
29
38
-9
0
18
0
-14
-61
-61
-32
-14
-15
-3
22
41
43
22
32
2
6
6
-18
0
-9
-33
-25
-5
14
41
48
58
92
45
43
46
44
71
54
58
97
56
62
85
70
84
78
72
70
56
18
32
33
28
57
64
64
65
57
69
65
83
74
76
79
72
78
86
68
76
85
101
88
110
113
114
106
91
105
111
78
57
65
77
80
75
94
98
91
122
120
116
107
129
136
134
137
135
122
109
111
108
105
97
118
133
159
200
188
194
191
133
111
68
78
89
97
102
75
106
105
87
93
112
139
119
118
139
150
140
115
131
144
130
88
132
133
133
169
143
135
120
117
93
110
101
133
153
130
145
149
152
133
125
147
132
109
103
97
113
114
130
111
72
92
143
132
165
187
180
165
173
161
145
143
160
178
166
161
152
167
156
174
206
176
179
181
198
180
174
172
182
182
154
151
117
130
143
144
150
141
121
147
123
131
121
104
89
105
119
114
129
107
97
93
101
93
97
89
97
115
133
110
133
108
65
78
91
112
107
134
146
142
133
109
97
96
78
66
61
64
74
88
81
96
101
94
83
81
67
71
65
36
70
56
31
40
33
42
34
55
69
74
50
37
19
5
1
-23
-25
-27
-4
-3
10
-10
-12
7
22
24
39
7
3
25
4
14
5
30
25
21
34
-6
13
-23
-48
-29
-35
-22
-38
-25
-17
-10
-12
-9
9
10
13
18
18
56
69
53
55
50
3
-9
-19
10
-20
-10
1
-7
0
-1
-19
-40
-37
-34
-54
-39
-52
-49
2
24
0
-32
-32
-75
-60
-65
-71
-56
-70
-65
-58
-48
-56
-47
-84
-74
-58
-37
-1
-17
30
21
4
-2
-5
23
21
30
24
-2
-3
-1
-11
-15
-5
2
7
0
-18
-34
-58
-62
-56
-59
-40
-32
-14
16
11
9
5
-22
-59
-93
-94
-75
-84
-102
-93
-90
-69
-62
-57
-79
-29
-31
-20
-44
-53
-46
-54
-38
-43
-17
-42
-28
-23
-28
-11
-38
-71
-82
-92
-84
-95
-89
-86
-88
-100
-127
-114
-107
-103
-113
-113
-100
-105
-114
-108
-107
-94
-119
-116
-86
-102
-101
-102
-66
-73
-55
-63
-53
-45
-75
-110
-97
-87
-96
-83
-62
-76
-92
-86
-81
-84
-102
-87
-63
-81
-85
-105
-115
-114
-120
-115
-75
-70
-66
-43
-53
-107
-132
-123
-139
-135
-141
-80
-75
-62
-37
-48
-71
-75
-64
-65
-49
-22
-45
-60
-73
-66
-84
-112
-103
-82
-73
-56
-51
-72
-56
-66
-66
-51
-59
-64
-44
-49
-58
-52
-65
-62
-88
-86
-69
-86
-76
-66
-32
-37
-37
-59
-52
-46
-31
-30
-48
-37
-62
-57
-41
-34
-30
-36
-13
-9
-4
19
-3
-3
-25
-44
-51
-41
-29
-28
-26
-31
3
-3
-17
-9
-13
-17
-25
-43
-40
-49
-26
-12
19
7
21
33
12
6
3
19
34
45
32
28
-2
8
1
29
30
35
24
6
16
-22
-9
10
16
23
41
53
47
35
28
33
35
26
25
51
55
44
30
-3
-19
-34
-26
-27
-1
-13
1
20
23
29
10
53
47
6
2
-16
-33
-24
10
11
37
49
39
38
27
25
31
42
39
51
41
48
23
21
33
9
32
67
63
74
71
35
50
35
24
52
41
52
48
52
40
27
24
56
29
-10
-14
-11
-3
13
39
35
57
51
68
33
51
73
98
97
98
78
64
54
20
5
19
38
42
68
107
128
121
101
79
70
57
61
70
82
70
73
90
62
51
66
67
84
73
93
57
89
78
76
112
87
71
23
44
46
65
53
39
68
74
87
82
67
61
81
60
58
85
92
93
103
101
99
97
104
131
135
140
113
102
98
93
105
69
30
63
76
67
107
102
68
80
114
85
66
80
71
53
77
66
85
87
115
124
93
66
48
30
22
68
65
93
95
102
67
79
90
108
124
69
105
87
74
100
58
91
118
116
88
98
61
36
35
25
2
-3
24
15
52
70
94
110
104
101
112
104
106
129
94
124
144
138
134
132
124
115
94
117
101
77
95
87
105
101
133
149
176
160
131
126
108
141
104
111
128
108
136
103
79
78
53
64
64
63
66
50
59
35
26
58
69
69
91
119
116
126
99
94
138
140
144
139
121
130
143
142
144
104
119
83
83
79
107
133
120
110
93
118
126
125
107
90
100
110
110
135
120
104
96
86
59
95
114
121
117
100
86
113
142
123
132
119
114
130
118
132
125
120
134
132
141
117
121
125
130
150
172
147
132
123
73
63
70
71
65
44
49
44
54
75
67
45
39
58
66
59
99
76
86
91
79
90
76
91
83
98
88
95
128
89
77
120
125
101
89
91
78
94
87
69
108
80
99
118
103
107
90
84
59
41
56
51
35
71
51
48
42
52
47
72
60
37
68
59
52
94
110
104
90
62
48
85
75
52
39
43
82
65
73
29
32
47
12
-2
-2
35
60
66
85
77
48
47
23
27
18
16
26
57
82
48
32
33
44
47
15
18
10
-8
5
-23
-38
-36
1
7
39
47
55
61
46
79
57
62
40
38
48
12
23
30
50
36
34
10
35
36
20
-4
2
3
-18
11
-16
0
-26
-55
-47
-23
-10
19
25
11
29
49
28
18
26
1
-24
-24
-20
-21
-32
-15
10
29
41
31
14
8
4
-27
-34
-35
-34
-25
3
8
52
44
15
4
-9
-9
-27
-20
-25
-8
32
-5
2
-11
-1
3
-22
-21
-35
-18
-18
-7
-6
-39
-34
-16
-18
-2
19
20
16
18
-1
-23
-27
-47
-59
-74
-47
-33
-56
-32
-45
-63
-37
-34
-7
20
-9
-12
-37
-30
-28
-26
-24
-32
-26
-54
-42
6
-10
-53
-73
-88
-82
-69
-71
-92
-77
-79
-81
-66
-72
-67
-34
-51
-41
-47
-21
-45
-65
-50
-70
-87
-91
-83
-94
-104
-77
-57
-24
-30
-32
-9
-24
-43
-55
-32
-61
-55
-44
-40
-26
-32
-47
-50
-47
-34
-8
-44
-37
-42
-51
-69
-102
-117
-111
-102
-102
-89
-93
-60
-63
-82
-75
-55
-70
-71
-62
-26
3
-5
15
2
-19
-38
-50
-78
-84
-69
-75
-74
-70
-69
-47
-37
-60
-56
-54
-67
-65
-62
-53
-77
-101
-82
-95
-79
-93
-101
-85
-109
-109
-122
-141
-122
-114
-96
-70
-70
-74
-98
-80
-75
-81
-86
-122
-118
-122
-121
-122
-80
-93
-91
-79
-118
-99
-95
-79
-132
-113
-89
-104
-86
-106
-114
-116
-88
-97
-114
-139
-141
-153
-137
-133
-131
-100
-133
-105
-106
-132
-119
-140
-117
-116
-97
-97
-105
-123
-136
-123
-109
-80
-97
-82
-80
-89
-101
-102
-122
-115
-143
-116
-152
-135
-148
-168
-126
-134
-102
-99
-113
-139
-103
-95
-107
-94
-96
-116
-110
-115
-137
-127
-125
-134
-143
-133
-133
-138
-127
-124
-102
-84
-78
-77
-54
-71
-64
-86
-119
-97
-114
-133
-141
-105
-85
-125
-127
-68
-89
-90
-89
-88
-75
-52
-51
-49
-61
-75
-73
-55
-96
-120
-134
-142
-134
-150
-117
-152
-154
-141
-181
-199
-187
-176
-160
-134
-124
-143
-132
-147
-157
-161
-142
-143
-144
-95
-135
-149
-104
-119
-109
-119
-134
-124
-158
-156
-158
-138
-120
-112
-106
-132
-138
-146
-161
-157
-147
-174
-162
-148
-169
-172
-186
-195
-203
-188
-151
-140
-128
-141
-130
-103
-112
-122
-117
-125
-144
-139
-116
-110
-115
-134
-147
-168
-147
-133
-136
-111
-108
-140
-125
-163
-207
-194
-180
-167
-186
-150
-173
-170
-150
-181
-155
-172
-160
-152
-136
-174
-182
-164
-171
-158
-176
-153
-169
-170
-161
-192
-153
-109
-125
-94
-136
-128
-136
-152
-123
-133
-118
-121
-135
-171
-156
-131
-126
-153
-156
-160
-155
-164
-153
-149
-173
-159
-184
-145
-152
-170
-162
-160
-149
-170
-157
-180
-165
-169
-162
-162
-182
-151
-155
-125
-133
-109
-112
-122
-141
-154
-130
-144
-131
-112
-126
-143
-111
-109
-114
-121
-96
-130
-151
-148
-162
-158
-163
-138
-172
-197
-187
-189
-169
-150
-136
-161
-174
-181
-157
-192
-167
-151
-176
-136
-148
-146
-125
-122
-115
-122
-136
-133
-115
-105
-104
-136
-160
-119
-139
-147
-163
-143
-134
-128
-104
-105
-111
-115
-114
-117
-140
-163
-158
-178
-138
-153
-154
-132
-140
-129
-132
-144
-172
-143
-183
-181
-205
-178
-151
-147
-127
-113
-132
-147
-142
-159
-145
-154
-161
-168
-169
-151
-116
-108
-104
-93
-98
-81
-98
-102
-78
-85
-83
-94
-107
-91
-83
-92
-111
-99
-135
-137
-115
-114
-98
-121
-114
-131
-136
-131
-107
-74
-84
-101
-116
-88
-110
-107
-96
-108
-89
-107
-120
-123
-129
-140
-145
-157
-171
-156
-143
-101
-73
-58
-60
-48
-42
-70
-62
-82
-122
-115
-131
-125
-141
-202
-155
-155
-159
-124
-96
-96
-111
-121
-114
-103
-123
-130
-118
-102
-121
-111
-80
-45
-44
-69
-65
-96
-68
-72
-80
-86
-90
-105
-112
-125
-139
-102
-115
-94
-99
-102
-101
-86
-80
-108
-100
-105
-113
-115
-110
-106
-92
-90
-99
-97
-114
-126
-121
-130
-136
-123
-134
-131
-151
-164
-155
-151
-106
-105
-103
-136
-123
-112
-116
-105
-115
-86
-94
-111
-102
-109
-84
-122
-123
-127
-123
-123
-116
-118
-122
-110
-123
-110
-109
-92
-93
-104
-104
-94
-110
-105
-110
-137
-134
-119
-148
-135
-131
-114
-129
-122
-119
-116
-129
-137
-146
-138
-95
-91
-84
-82
-70
-83
-82
-140
-160
-169
-123
-115
-96
-92
-91
-83
-104
-108
-115
-108
-148
-127
-129
-129
-103
-119
-119
-120
-121
-126
-108
-125
-117
-124
-109
-137
-116
-85
-98
-98
-100
-72
-88
-97
-116
-135
-126
-79
-93
-102
-120
-124
-116
-113
-113
-114
-96
-103
-99
-123
-82
-93
-75
-56
-70
-63
-66
-76
-104
-102
-87
-110
-125
-109
-101
-114
-100
-96
-116
-114
-108
-105
-109
-87
-87
-111
-120
-119
-123
-123
-94
-62
-53
-55
-102
-133
-128
-127
-139
-129
-131
-117
-109
-83
-76
-100
-118
-128
-126
-128
-139
-152
-101
-107
-131
-129
-132
-125
-110
-120
-146
-146
-146
-132
-132
-140
-165
-168
-186
-190
-192
-161
-158
-106
-100
-119
-97
-84
-81
-75
-65
-82
-89
-112
-89
-77
-109
-126
-98
-122
-105
-98
-116
-102
-115
-82
-65
-79
-89
-82
-89
-117
-129
-133
-117
-123
-174
-149
-132
-140
-124
-126
-140
-124
-118
-114
-121
-131
-112
-70
-98
-107
-98
-105
-104
-133
-121
-150
-168
-145
-150
-129
-121
-106
-90
-87
-81
-98
-115
-110
-120
-127
-131
-111
-127
-131
-159
-168
-170
-163
-126
-141
-133
-128
-122
-121
-91
-93
-93
-114
-120
-130
-133
-121
-143
-121
-123
-124
-96
-97
-101
-90
-115
-137
-131
-141
-165
-148
-119
-113
-91
-91
-93
-106
-122
-138
-125
-124
-122
-124
-148
-112
-124
-88
-105
-96
-84
-111
-155
-171
-163
-158
-148
-138
-153
-169
-149
-149
-124
-115
-111
-86
-63
-76
-79
-97
-102
-103
-118
-139
-159
-142
-121
-138
-151
-141
-136
-139
-108
-90
-82
-40
-51
-48
-64
-101
-96
-117
-105
-116
-116
-110
-125
-148
-118
-95
-101
-68
-100
-132
-154
-129
-120
-129
-126
-115
-104
-99
-99
-93
-71
-68
-63
-54
-68
-63
-38
-28
-14
-22
-37
-42
-40
-28
-20
-43
-47
-27
-48
-72
-47
-29
-44
-74
-57
-67
-71
-82
-62
-48
-58
-65
-88
-74
-96
-116
-134
-143
-98
-77
-60
-69
-45
-40
-36
-47
-70
-65
-77
-58
-79
-42
-59
-23
-42
-30
-20
-46
-13
-34
-31
-56
-48
-61
-72
-42
-102
-86
-87
-99
-66
-107
-73
-71
-34
-50
-95
-68
-41
-41
-49
-44
-73
-16
-55
-46
-37
-75
-75
-61
-26
-46
-79
-82
-44
-51
-47
-49
-37
-46
-69
-49
-34
-46
-48
-54
-60
-43
-57
-45
-49
-41
-24
-48
-44
-33
-21
-47
-72
-69
-79
-90
-75
-71
-92
-117
-101
-65
-94
-67
-56
-49
-54
-33
13
-36
-40
-24
-63
-81
-64
-91
-100
-77
-92
-93
-67
-86
-66
-37
-37
-48
-41
-62
-43
-29
-41
-62
-77
-76
-102
-97
-83
-48
-56
-63
-81
-88
-64
-66
-64
-74
-95
-87
-108
-103
-97
-66
-53
-87
-61
-67
-74
-58
-20
0
-14
-30
-67
-94
-100
-114
-105
-84
-63
-66
-109
-100
-91
-86
-80
-95
-56
-64
-62
-75
-59
-70
-62
-55
-73
-46
-72
-57
-58
-76
-80
-90
-152
-131
-137
-142
-111
-109
-91
-77
-61
-78
-111
-116
-93
-82
-64
-43
-16
-36
-29
-56
-64
-75
-114
-103
-128
-153
-132
-118
-118
-91
-125
-121
-95
-104
-122
-108
-105
-115
-111
-102
-88
-45
-76
-119
-138
-157
-152
-119
-83
-85
-74
-69
-81
-108
-95
-101
-73
-86
-76
-72
-59
-42
-28
-43
-40
-55
-93
-78
-82
-95
-112
-87
-104
-106
-112
-136
-143
-120
-158
-155
-105
-102
-112
-86
-67
-77
-83
-102
-105
-123
-112
-96
-122
-92
-87
-96
-87
-87
-89
-65
-70
-50
-25
-63
-60
-64
-53
-70
-54
-60
-57
-29
-55
-56
-64
-60
-66
-66
-53
-74
-60
-64
-74
-69
-56
-75
-80
-83
-78
-102
-129
-100
-72
-59
-94
-113
-94
-84
-95
-91
-79
-63
-38
-63
-44
-45
-24
-11
-52
-50
-68
-90
-73
-55
-69
-72
-83
-87
-92
-85
-74
-83
-65
-104
-99
-117
-121
-61
-60
-26
-33
-44
-25
-49
-25
-38
-82
-82
-98
-117
-128
-96
-76
-83
-84
-95
-66
-51
-38
-34
-54
-34
-27
-26
-15
16
-12
-26
-18
-32
-19
-18
-16
6
3
-17
-41
-35
-31
-67
-78
-101
-131
-87
-69
-50
-41
-43
-17
-23
-16
-37
-41
-46
-85
-88
-113
-87
-67
-49
-51
-49
-50
-67
-70
-54
-53
-55
-53
-57
-65
-63
-44
-34
3
-33
-29
-21
-16
10
-25
3
-20
-12
7
-11
10
-12
-8
-17
-18
-53
-78
-75
-78
-87
-50
-45
-51
-2
-41
-22
-41
-36
-49
-40
-5
-6
18
-23
-34
-38
-35
-47
-74
-99
-83
-39
-27
4
31
28
21
25
49
18
9
10
0
20
22
13
-29
-38
-46
-61
-60
-63
-41
-56
-57
-31
-31
-37
-2
12
8
3
6
17
-27
-45
-46
-24
1
5
11
2
14
38
7
21
15
10
-25
-28
1
18
12
-10
-5
-24
-27
-61
-26
-36
-49
-26
-20
5
23
18
29
74
19
-3
-2
-9
-18
-2
-6
-33
-9
-40
-57
-41
-24
-32
-6
-8
19
32
35
63
70
61
21
27
9
41
23
19
22
33
27
1
8
56
52
39
39
15
23
4
-26
-42
-8
4
-12
-7
-18
-15
-11
8
20
7
41
34
55
68
59
39
20
33
34
9
-8
4
4
27
26
35
7
8
34
54
65
72
89
44
56
85
84
100
104
69
68
53
83
60
79
95
77
68
50
65
43
37
91
105
121
124
112
117
116
99
137
125
74
105
97
119
130
147
146
137
110
82
52
63
92
78
56
80
123
119
121
127
114
106
92
89
70
78
100
136
131
112
128
114
100
105
53
90
117
79
108
108
85
87
80
70
63
91
121
116
154
181
168
157
138
138
135
140
143
132
110
104
69
52
79
92
103
114
118
97
89
112
115
105
111
118
128
105
123
123
129
123
97
91
52
68
60
48
47
55
84
88
92
102
147
131
137
143
136
106
98
95
98
92
93
88
99
117
132
153
147
134
144
138
114
116
105
112
112
107
70
44
44
63
57
58
73
74
74
79
107
130
146
150
134
128
71
63
59
66
77
103
97
81
142
87
86
67
67
90
110
102
96
99
104
109
108
122
121
126
86
82
78
75
94
82
68
67
57
66
116
126
121
127
103
116
113
108
120
116
64
62
47
44
53
52
90
85
102
79
120
132
105
106
78
69
43
45
55
75
87
121
148
153
135
120
120
114
69
89
90
92
82
87
115
104
120
79
61
87
48
48
61
84
85
79
60
52
70
49
72
83
99
78
83
103
126
134
74
62
90
67
81
90
58
71
62
66
72
73
75
67
110
93
87
96
59
65
75
91
114
73
78
92
80
63
96
100
105
97
58
35
6
13
20
-5
-10
0
28
63
54
80
71
63
72
57
89
82
67
79
43
62
68
79
62
48
58
33
44
45
61
59
31
27
32
38
41
54
70
82
80
56
52
