23
16
9
13
27
5
12
16
26
33
-16
-1
-16
4
-3
20
5
10
-16
-38
-34
-41
-18
-5
1
28
58
34
42
49
40
29
1
23
44
52
64
49
72
46
70
92
80
71
44
10
48
55
91
76
48
50
34
31
40
48
37
30
25
51
48
15
15
42
45
65
103
99
55
52
52
78
58
39
30
61
60
87
85
80
95
82
89
111
101
78
107
79
72
84
85
81
79
68
64
63
38
63
74
46
89
58
36
64
83
111
146
119
83
74
60
71
52
84
78
102
108
93
108
72
64
67
45
16
30
44
62
115
112
102
96
114
80
68
60
72
80
56
76
68
70
89
94
73
59
75
48
85
110
55
59
49
33
44
87
80
105
129
104
129
107
128
126
118
103
99
113
82
97
95
85
73
94
103
125
130
157
176
125
99
90
129
121
100
105
110
121
121
122
86
94
74
103
99
113
135
125
120
133
100
66
51
63
79
62
96
90
123
114
124
132
133
121
148
111
88
92
69
94
99
117
133
148
167
173
159
138
118
78
55
86
88
95
130
152
164
172
166
166
162
133
151
157
155
166
139
133
154
170
136
169
153
174
171
145
155
149
155
137
137
125
142
144
154
153
155
172
180
163
186
188
175
175
199
198
157
153
175
151
139
142
130
146
166
150
136
134
136
140
100
98
112
110
105
140
153
152
145
147
163
182
199
179
190
149
138
142
122
151
165
190
183
192
200
164
168
178
168
173
166
167
149
151
159
140
127
114
126
134
143
150
159
155
150
152
115
113
104
85
89
119
111
137
147
148
188
188
195
167
147
105
90
107
106
93
105
104
104
99
129
137
111
107
86
75
38
17
58
89
95
94
113
110
148
136
105
103
94
85
65
57
67
56
81
101
110
134
133
116
87
100
89
128
119
115
85
88
84
60
57
52
72
83
100
87
87
88
106
111
97
114
98
97
102
113
87
78
67
62
49
77
87
77
76
55
79
72
66
38
36
49
48
47
34
51
69
76
71
67
63
73
61
67
48
62
91
100
97
109
98
88
114
105
88
104
102
104
91
56
53
42
37
96
92
88
131
131
117
94
88
55
51
33
29
45
15
28
35
48
71
85
118
107
94
83
80
55
88
103
117
105
101
119
95
98
53
62
36
36
46
33
49
50
47
77
89
51
48
51
38
46
30
31
46
39
74
74
57
63
52
42
55
17
9
29
18
29
34
49
41
40
44
61
82
47
39
26
9
18
16
15
26
36
61
69
47
24
19
-4
-14
10
17
0
4
-29
-36
-36
8
45
4
16
-27
-8
-20
-14
10
-32
-39
-29
-17
-5
6
28
18
24
-5
-43
-47
-41
-63
-38
-6
-21
18
38
45
54
0
-1
-2
-1
18
24
22
-9
-10
-27
-24
-33
-16
-17
-8
-12
-25
-5
-27
-15
-5
-25
-15
-48
-42
-9
-4
-18
-56
-41
-24
-18
-45
-2
13
-9
11
14
32
6
5
33
28
28
49
37
26
7
-27
-7
-18
-26
2
-39
-51
-32
-17
-33
-10
11
-32
-28
-17
-4
-7
-5
-3
-25
-21
-10
-14
3
39
48
56
9
30
24
33
26
9
26
3
3
-2
3
-40
-16
-21
8
41
34
80
36
62
46
13
31
4
-11
-33
-69
-62
-60
-55
-68
-75
-36
-43
-47
-35
-63
-43
-41
-51
-46
-38
-35
-32
-54
-38
-34
-44
-40
-39
-26
-19
-27
-45
-2
-16
-30
-28
-21
-23
-25
9
-4
5
-32
-39
-39
-44
-53
-74
-59
-88
-86
-110
-89
-86
-69
-63
-66
-33
-36
-14
-34
-53
-67
-78
-74
-51
-21
1
25
31
46
38
53
40
12
-1
-31
-39
-24
-16
-22
-7
-12
16
-7
19
1
0
6
14
14
-12
1
-24
-20
-33
-21
-7
8
-11
-12
4
6
16
3
-1
6
7
-4
23
42
25
26
35
43
36
51
58
70
43
33
38
26
46
42
20
13
7
6
30
66
60
62
52
57
33
27
4
12
37
28
46
38
53
81
73
52
70
55
64
44
36
53
4
33
15
36
20
13
23
31
45
45
54
52
59
27
56
38
73
102
82
88
66
72
74
92
114
109
112
91
80
86
63
62
60
67
82
74
58
49
60
45
21
24
18
53
63
57
45
71
77
58
65
57
48
24
32
11
-21
-32
-14
34
18
29
65
82
93
81
96
71
103
95
72
82
38
62
6
30
30
25
34
31
19
14
23
13
34
38
11
17
-6
-6
-2
-9
10
9
23
6
17
33
74
67
56
45
30
29
28
8
13
40
37
30
29
67
83
53
37
46
45
54
43
16
36
28
1
-17
-21
-18
-40
-17
4
7
16
31
44
21
9
41
28
46
21
-1
7
3
37
33
20
50
30
61
62
42
46
55
57
22
33
24
38
71
62
103
68
51
54
59
72
29
-7
-37
-15
-2
21
32
21
2
2
-21
-20
-25
-31
-11
-20
7
-4
12
8
1
7
20
27
0
23
26
3
0
-23
-10
-13
-34
-29
-25
-35
-38
-33
-24
-13
10
9
12
-4
-27
10
1
-20
6
16
2
16
29
10
-17
5
-15
-12
-19
-29
1
-62
-25
-27
-47
-27
-43
-31
-16
-10
-19
-22
-20
-10
6
14
-21
6
-4
-24
5
2
7
32
35
29
22
25
18
24
12
-2
-17
-35
-1
-49
-31
-37
-20
7
-22
4
13
50
38
3
-27
-28
-42
-37
-36
-78
-81
-55
-65
-50
-15
-36
-23
-6
-9
-8
-8
-18
-17
-8
-11
-17
16
22
12
1
5
7
3
-16
4
31
1
10
-12
-29
-16
-6
-2
17
22
22
22
5
7
-14
8
-5
-29
-26
4
8
-24
-1
-1
-22
-22
-37
-38
-17
-32
-39
-45
-64
-40
-34
-24
-47
-43
-38
-26
21
17
22
17
1
-11
-28
-32
-40
-60
-89
-94
-62
-71
-28
-21
-35
-22
-18
-21
11
8
-18
-8
-2
-36
-27
-51
-53
-51
-30
-29
-19
-9
-36
-22
-28
-46
-60
-39
-33
-22
-30
-15
-6
2
-14
-38
-36
-36
-40
-50
-47
-47
-67
-87
-60
-76
-37
-9
19
22
14
32
-14
-38
-46
-34
-36
-37
-45
15
6
-7
-20
-31
-29
-47
-39
-64
-72
-69
-59
-50
-14
-6
-12
-6
-6
-17
-14
-49
-35
-22
-39
-31
-56
-55
-42
-26
-43
-13
4
-1
7
-24
2
1
-1
-2
-21
-25
-12
-24
-49
-53
-52
-12
-34
-15
3
-9
22
20
12
-15
-68
-118
-111
-95
-76
-84
-52
-54
-20
15
4
-3
13
44
2
9
-29
-20
-19
-11
-4
4
-7
-20
-1
-20
-6
-14
-32
-49
-50
-62
-59
-67
-69
-63
-59
-37
-15
-4
-18
-53
-47
-34
-47
-36
-36
-20
-7
8
2
-4
-10
-9
-2
6
0
-26
1
-17
-18
-10
-32
-70
-28
-51
-54
-29
-51
-39
-50
-34
-43
-36
-53
-39
-28
-58
-64
-83
-82
-108
-93
-74
-61
-38
-64
-19
7
-14
-22
-25
-15
-19
-1
-23
-36
-18
-24
16
30
27
11
20
56
41
29
31
-1
-1
-16
-58
-16
-17
-14
11
2
-24
-29
-43
-16
-39
-25
-30
-50
-65
-67
-43
-34
-16
-7
9
15
22
-18
-14
-17
-14
1
16
-5
-32
-15
-14
8
15
7
-10
-15
-18
-3
1
-25
-32
-36
-5
9
39
13
1
-15
-18
21
-15
-1
5
-9
16
-14
-11
-10
0
-21
-40
-7
-19
-6
-25
13
13
-9
6
-12
-23
-6
-12
-7
-9
-17
-17
-5
2
-38
-52
-72
-68
-57
-17
-32
-29
-4
5
-4
-5
-29
-36
-49
-61
-67
-55
-74
-81
-50
-40
-17
-33
-11
-50
-71
-49
-69
-56
-34
-31
-48
-39
-36
-48
-75
-85
-42
-46
-25
-21
-17
-13
-12
8
-3
-24
-3
9
-8
16
0
-46
-61
-69
-86
-51
-59
-52
-55
-73
-35
-78
-47
-51
-62
-49
-66
-93
-132
-128
-104
-83
-70
-52
-29
-44
-33
19
-15
-14
-21
-36
-30
-22
-19
-24
-28
-16
17
7
18
-1
4
16
-28
-7
-15
-36
-41
-53
-48
-28
-21
-42
-47
-54
-37
-23
-50
-50
-46
-39
-29
-30
-11
-32
-33
-11
-12
-20
-25
-2
-26
-29
-29
-55
-46
-52
-23
-35
-13
-14
-11
-8
-35
-32
-18
-27
-72
-42
-38
-51
-60
-67
-46
-44
-29
-24
-11
-38
-47
-51
-61
-69
-71
-76
-88
-67
-67
-29
-51
-34
-8
1
-24
-19
-15
-39
-41
-34
-42
2
-9
-47
-46
-58
-26
-46
-30
11
-6
19
11
2
-19
-45
-53
-52
-57
-64
-67
-90
-78
-63
-63
-56
-64
-78
-58
-48
-62
-47
-46
-40
-57
-60
-32
-34
-41
-41
-22
-32
-65
-68
-57
-44
-47
-77
-50
-36
-51
-28
-8
-11
-1
7
-21
4
-11
-23
-17
-37
-38
-65
-49
-82
-87
-51
-31
-37
-42
-46
-28
-31
19
-6
-15
-2
-39
-48
-48
-24
-35
-5
-49
-15
-28
-27
14
-16
-26
-53
-90
-75
-59
-39
-7
11
-8
-10
6
34
6
-3
-3
-12
-5
-45
-59
-46
-49
-53
-49
-40
-25
-24
-18
-43
-87
-93
-96
-106
-88
-65
-58
-39
-32
-27
-16
-18
3
-3
-6
-17
-16
-8
-24
-16
-15
-10
8
18
19
19
23
0
6
28
44
68
35
-1
3
-19
-8
1
-23
-42
-11
-12
-25
6
-17
-5
16
-7
-13
-10
5
21
-5
-12
-6
-29
-12
5
0
-18
-3
24
21
3
-2
-20
-1
0
9
-4
0
-6
-18
-9
-29
-25
8
18
8
16
-7
-11
-14
-24
-11
-22
-35
-36
-8
-33
-25
-2
24
19
-13
6
1
-28
-30
-35
-41
-68
-25
1
38
52
44
42
29
31
13
15
-5
-14
12
-2
30
39
6
28
-5
-14
-9
-22
-5
-20
-30
-20
-36
-20
-27
-28
-4
13
27
12
39
40
49
27
10
33
28
17
20
-27
-15
-7
1
40
17
15
24
22
32
51
34
51
36
39
47
9
40
56
42
55
49
52
53
69
83
25
9
23
29
33
45
66
68
77
84
90
80
26
20
26
5
28
23
30
23
31
37
26
27
45
59
70
81
83
76
66
60
36
57
60
39
57
65
93
95
84
100
99
103
120
112
115
111
86
71
59
51
52
74
70
83
94
81
94
116
121
110
135
132
95
71
82
79
72
93
88
98
93
88
111
131
145
129
136
137
111
96
96
98
101
88
98
97
90
99
128
143
137
132
115
105
102
79
104
106
117
125
172
182
186
199
159
135
111
98
103
116
129
114
129
179
164
174
150
155
140
126
136
152
145
155
180
161
185
175
183
197
166
166
127
117
150
125
157
167
168
195
182
167
177
183
184
136
126
119
69
87
66
52
102
99
115
125
141
128
99
142
127
107
134
121
115
141
164
176
170
141
154
151
169
198
192
200
196
179
179
180
153
136
156
162
172
154
141
155
153
138
132
136
117
138
102
100
136
122
108
101
99
97
86
74
75
60
51
93
97
64
84
108
72
64
95
102
121
139
97
80
84
88
85
88
120
119
113
100
120
135
133
108
98
104
109
105
98
110
62
61
38
14
38
28
32
19
34
52
135
137
128
116
110
74
38
39
53
59
65
74
105
119
105
59
55
43
57
58
39
58
54
85
98
85
83
90
66
87
74
67
50
50
62
84
102
111
112
72
69
66
77
62
57
62
69
93
119
139
155
152
157
151
156
141
116
113
101
114
97
77
74
58
95
145
137
136
111
87
91
94
60
68
56
63
80
80
94
65
54
57
60
48
54
61
42
48
73
68
53
68
51
63
89
90
117
130
123
121
115
105
69
91
80
67
87
105
90
85
81
49
65
41
44
76
50
55
58
97
114
99
111
103
88
85
88
77
83
57
59
47
72
33
10
42
50
57
56
64
82
66
44
61
83
71
60
47
34
57
39
44
64
78
69
86
90
57
65
84
107
96
68
89
61
58
57
30
61
53
76
94
106
119
100
86
61
70
55
53
48
52
65
45
58
60
75
101
85
89
49
37
43
36
57
69
101
102
94
86
78
65
51
39
44
53
58
69
88
71
51
70
100
105
133
137
125
72
37
42
21
14
44
36
56
74
53
69
64
69
87
57
51
69
78
93
103
58
54
77
81
73
25
55
69
51
72
43
45
53
41
34
33
45
32
-5
16
21
2
27
37
27
12
-5
19
19
10
4
-39
-18
-10
12
32
18
31
36
35
40
52
59
51
35
57
34
31
6
19
45
47
64
59
89
88
58
62
49
41
38
6
45
7
-29
3
10
21
6
20
11
-7
-5
3
-7
-21
-7
-8
-11
-30
-45
-34
-20
-14
10
47
19
-13
-19
-26
-54
-26
-7
-1
22
16
20
34
6
32
23
31
33
-5
10
4
21
29
26
5
-10
7
-11
-11
-5
-11
5
-1
-3
11
35
59
43
9
5
-31
-51
-35
-22
-23
-15
-8
-7
-6
32
8
7
3
-24
-50
-60
-28
-52
-55
-64
-46
-47
-15
4
-5
0
-24
-33
-34
-31
-46
-44
-20
-35
-24
-28
-22
-22
-58
-79
-48
-26
-15
-10
5
-16
-17
-28
-30
-1
-5
-13
-18
-3
11
30
13
23
-1
-15
-21
-19
16
0
7
-17
-14
-16
-3
-4
8
2
-43
-7
-24
-28
-35
-65
-65
-61
-77
-72
-77
-76
-57
-52
-37
-22
-15
-38
-64
-92
-63
-62
-41
-9
-6
-1
-35
-47
-27
-50
-27
-3
-11
25
4
16
15
10
22
28
12
11
17
-4
-39
-56
-62
-58
-72
-57
-37
-63
-49
-69
-48
-16
-52
-21
-22
-16
-38
-59
-77
-110
-72
-39
-18
7
1
17
-4
-23
-19
-29
-5
-27
-11
-13
-10
-33
-15
-11
-16
0
-46
-35
-15
-2
-31
-34
-24
-21
-35
-20
-14
-6
-11
-3
-8
-49
-18
-26
2
26
2
11
18
8
-16
-9
5
-53
-30
9
1
16
0
-22
-17
-7
-1
5
-22
-48
-45
6
14
32
39
-15
-18
-39
-29
-27
-18
-19
-44
-44
-38
-34
-28
-9
-21
-43
-25
-19
-17
-4
21
-13
-36
-9
-12
5
4
22
20
-28
-35
-1
4
15
29
-1
-16
-3
-20
3
20
-4
-43
-74
-62
-51
-23
0
-3
-17
-18
1
-18
-23
-2
-18
-21
-1
-18
-18
-32
-60
-47
-33
7
15
-16
-43
-44
-42
-41
-26
-26
-20
0
9
19
3
5
21
2
8
6
-10
-29
-18
-15
-16
-7
-27
-28
-23
-40
-31
-13
8
11
1
13
13
15
6
18
32
13
-9
-9
-27
-30
-51
-37
4
18
39
21
-12
2
-11
-20
-19
-39
-75
-59
-39
10
37
9
19
-10
-21
-7
-7
-19
-11
-6
6
-2
-5
-18
-6
1
-16
-8
0
-2
-3
-1
4
-5
-11
-12
-6
-21
-24
7
20
-1
-11
-1
-44
-58
-50
-53
-73
-48
-26
-18
-20
-7
5
29
37
5
22
41
58
20
1
-16
-3
-19
-41
-7
3
13
22
18
-13
-11
-19
-33
-15
-6
1
12
12
-5
12
19
21
-29
-29
-24
-11
-5
2
17
1
3
-12
-26
-22
-43
-25
-14
-36
-22
4
8
9
15
25
8
39
42
73
76
31
34
28
48
28
40
30
19
20
14
4
3
3
4
3
10
3
10
52
20
19
0
-15
-22
-12
-12
-26
-28
-27
8
-14
-3
-17
-42
-48
-24
-26
-50
-38
-29
-22
-40
-57
-48
-11
-27
-18
-17
17
9
13
3
-24
-34
-16
-38
-21
14
8
52
39
53
54
45
43
-14
-24
-55
-40
-28
-14
0
-6
-9
13
28
4
8
53
33
31
41
36
38
36
63
3
29
3
14
33
-5
18
30
51
28
35
23
40
33
21
7
11
16
21
10
-18
10
9
7
56
51
8
62
38
35
45
9
14
11
-11
-23
-20
13
18
40
33
46
54
71
66
43
20
16
44
52
49
28
33
35
52
44
59
53
57
58
83
83
84
76
21
21
9
-6
-7
21
27
32
40
34
44
10
8
-3
-22
7
14
15
36
20
6
16
11
17
8
55
39
45
52
20
29
34
28
35
36
62
88
85
71
58
31
0
19
-5
-36
-34
-7
9
20
50
60
58
67
48
31
16
8
33
62
18
23
1
-15
-19
-41
-5
14
-3
36
4
4
-13
-42
-4
11
23
13
32
12
15
2
-14
2
7
31
16
22
-12
0
2
-23
-23
-31
-11
-26
-50
-24
-29
-51
-41
-45
-29
-7
-37
-4
-34
-71
-47
-34
-54
-46
-37
-44
-21
-16
-4
-9
28
8
5
-4
-41
-23
-16
-31
-20
-35
-29
-24
-5
0
-29
-19
-38
-69
-45
-27
-3
-16
-2
-9
-3
-3
-41
-41
-61
-50
-48
-37
-42
-35
-38
-54
-27
-35
-59
-33
-24
-9
-19
-24
-9
-18
4
0
-13
12
27
14
13
-18
11
31
29
48
49
71
50
62
46
1
1
3
-4
-23
15
14
-1
6
-6
12
-9
-26
-41
-44
-27
-25
-32
-19
3
10
18
44
50
23
14
-1
-7
-12
-40
-32
-34
-10
-10
13
39
36
50
41
28
23
5
-15
-2
-5
-28
-10
-6
11
47
43
27
21
10
4
-5
8
19
26
14
-1
18
12
-3
-24
-21
-13
-32
13
14
11
34
22
53
88
75
76
77
57
63
51
53
44
26
33
-6
7
21
16
30
23
17
-21
-14
-24
16
55
35
33
-6
-4
-10
12
13
-6
0
5
19
25
36
54
34
15
39
27
29
31
8
-3
3
18
5
30
58
32
58
45
41
38
57
74
65
41
8
28
-3
9
16
0
-1
5
1
17
35
41
63
72
85
72
34
27
40
18
27
26
20
14
22
9
10
52
30
37
10
15
25
26
65
50
63
79
67
85
65
68
53
51
43
56
60
45
32
24
6
11
-2
19
-3
19
45
38
51
22
73
71
82
68
65
64
23
-2
9
30
11
30
55
58
32
40
36
29
50
75
57
69
64
36
57
56
56
80
62
34
49
38
63
98
75
63
45
17
51
75
101
100
77
106
102
101
91
113
96
89
95
49
37
39
34
44
54
45
59
38
61
28
43
55
64
78
90
102
58
80
72
76
68
63
55
96
88
78
81
80
68
30
-1
31
57
62
86
44
43
26
50
57
62
61
71
80
86
82
72
57
24
50
59
65
52
23
11
48
39
40
56
46
66
45
45
40
38
33
20
35
68
83
71
43
44
46
16
44
36
29
20
5
27
20
26
8
19
45
35
23
16
-6
-28
-6
8
18
16
-7
3
29
27
26
57
17
44
27
11
5
5
0
-2
-6
5
31
10
39
37
28
17
50
1
-7
-6
-5
-22
-36
-6
-16
6
27
25
11
29
10
13
17
-26
-15
0
-37
-31
-13
-3
8
-31
-22
-4
-19
12
24
13
16
-14
5
23
24
18
15
26
5
-1
10
11
19
5
4
10
29
36
43
21
5
-25
-36
18
24
36
33
30
63
64
49
21
-2
8
-5
6
-4
-5
3
-13
3
-2
20
13
-12
13
6
-5
26
-9
-13
19
22
16
43
46
72
64
50
53
36
-19
4
-1
-19
4
25
44
13
35
36
71
76
41
22
11
-2
-12
-2
25
26
-6
-4
33
39
43
39
28
-4
6
0
-16
-12
16
-8
8
-10
22
40
40
21
3
8
9
-18
25
28
10
-16
-25
-19
-51
-42
-56
-10
1
0
-4
-18
-14
-28
-48
-24
-51
-55
-76
-62
-56
-13
-12
-2
16
29
5
16
20
-10
13
18
8
25
6
-2
-12
-1
39
43
66
63
71
13
9
-48
-52
-17
-19
4
25
42
55
16
-19
6
-37
-25
-25
-23
-32
-48
-36
-46
-31
-73
-72
-31
-16
-22
-2
12
-11
1
10
22
23
22
0
-37
-28
-31
-26
-62
-72
-55
-59
-53
-78
-55
-65
-51
-57
-73
-65
-57
-8
-26
-17
-12
-38
-44
-55
-41
-48
-79
-78
-111
-88
-93
-84
-60
-61
-31
-34
-14
-22
-19
-4
6
-29
-46
-12
-9
-27
-24
-4
-7
-6
-3
36
25
53
38
40
69
11
11
-22
-7
-44
-37
32
28
46
52
68
60
80
59
63
58
-5
35
29
32
19
27
33
34
22
-10
-23
-39
-53
-65
-6
14
39
30
23
-18
-54
-53
-41
-59
-34
-23
-13
-7
-4
-3
-19
-14
2
-7
-24
-34
-58
-38
-60
-64
-121
-126
-134
-95
-115
-132
-134
-136
-120
-120
-108
-105
-67
-57
-49
-41
-70
-62
-64
-86
-72
-74
-40
-23
-60
-81
-89
-95
-92
-88
-53
-35
-33
-39
-48
2
31
36
41
24
9
12
16
-23
-88
-82
-91
-106
-65
-72
-57
-94
-69
-58
-45
14
3
22
37
70
88
45
60
58
19
26
31
30
33
33
21
18
-18
-22
-7
-41
-57
-72
-61
-49
-38
-64
-88
-70
-72
-59
-23
-15
-30
-33
-18
-6
2
36
8
-45
-86
-132
-166
-174
-231
-256
-238
-237
-226
-209
-205
-164
-182
-158
-142
-135
-76
-67
-56
-61
-55
-61
-53
-77
-52
-66
-80
-112
-149
-188
-208
-218
-199
-201
-232
-235
-217
-222
-191
-171
-150
-107
-72
-48
-58
-81
-89
-73
-90
-82
-90
-101
-112
-93
-83
-93
-112
-88
-67
-52
-32
5
43
65
53
66
79
62
94
79
99
114
88
105
70
67
33
6
15
5
14
4
17
3
-11
-52
-24
-7
-7
14
10
26
17
25
10
14
-26
-33
-76
-99
-125
-145
-126
-189
-204
-242
-248
-281
-281
-263
-251
-269
-302
-271
-229
-170
-157
-170
-184
-217
-190
-204
-200
-193
-223
-232
-244
-281
-299
-306
-311
-347
-345
-351
-358
-331
-339
-312
-323
-294
-316
-288
-290
-269
-221
-205
-167
-194
-133
-151
-113
-109
-119
-88
-55
-19
-30
-10
40
72
73
62
84
95
55
15
26
34
13
-14
-7
29
18
40
26
77
120
171
209
260
311
318
344
323
345
294
305
314
278
237
189
204
158
172
148
147
181
167
182
184
219
224
225
218
294
374
347
368
366
314
270
236
247
250
235
176
223
237
229
179
198
188
181
169
135
98
58
72
46
42
44
33
18
27
-13
7
-33
-42
-26
-4
-5
-28
14
20
0
13
20
-7
-72
-84
-112
-164
-202
-260
-284
-337
-400
-455
-530
-576
-648
-756
-839
-892
-962
-1032
-1082
-1129
-1180
-1229
-1241
-1264
-1288
-1309
-1364
-1345
-1338
-1351
-1312
-1264
-1250
-1262
-1240
-1207
-1167
-1113
-1073
-1032
-1003
-957
-885
-831
-763
-654
-571
-472
-372
-271
-177
-89
-22
63
176
243
370
462
586
716
851
960
1026
1137
1209
1297
1412
1483
1597
1686
1770
1871
1991
2055
2142
2272
2368
2448
2504
2544
2615
2644
2718
2763
2860
2906
2962
2971
2895
2868
2671
2506
2272
2002
1724
1399
1070
763
507
218
-77
-289
-487
-627
-800
-956
-1135
-1316
-1462
-1595
-1726
-1859
-1927
-2030
-2061
-2096
-2071
-2007
-1912
-1794
-1680
-1534
-1408
-1234
-1149
-1065
-1006
-931
-895
-917
-940
-996
-1010
-1047
-1089
-1086
-1100
-1072
-1114
-1189
-1239
-1291
-1379
-1544
-1676
-1820
-1953
-2073
-2205
-2292
-2320
-2346
-2318
-2239
-2180
-2083
-2003
-1916
-1843
-1781
-1651
-1600
-1516
-1452
-1355
-1216
-1106
-963
-818
-642
-506
-333
-147
10
173
256
362
437
525
576
598
654
691
795
899
1039
1250
1449
1646
1844
2076
2265
2393
2492
2590
2681
2801
2922
3005
3137
3230
3373
3476
3556
3632
3631
3649
3632
3581
3432
3196
2947
2604
2176
1802
1412
1029
657
284
-10
-252
-468
-654
-841
-1001
-1211
-1392
-1557
-1713
-1901
-2062
-2213
-2327
-2399
-2429
-2347
-2232
-2101
-1944
-1770
-1535
-1322
-1120
-928
-767
-594
-502
-409
-333
-299
-311
-355
-385
-362
-420
-458
-515
-518
-549
-657
-741
-848
-978
-1140
-1327
-1569
-1770
-1977
-2210
-2376
-2513
-2606
-2686
-2715
-2731
-2696
-2641
-2588
-2542
-2489
-2382
-2326
-2286
-2217
-2167
-2089
-1977
-1871
-1710
-1532
-1342
-1149
-945
-769
-597
-502
-373
-232
-155
-62
-26
68
148
231
286
343
465
586
733
864
1009
1174
1308
1489
1685
1841
2057
2244
2450
2629
2817
3005
3167
3315
3465
3629
3739
3869
3960
4024
4027
4044
4047
4030
3958
3822
3643
3412
3065
2697
2353
2034
1645
1248
867
472
101
-292
-598
-861
-1093
-1339
-1595
-1795
-1984
-2208
-2390
-2546
-2646
-2753
-2818
-2782
-2708
-2580
-2444
-2252
-2043
-1880
-1638
-1436
-1195
-996
-859
-703
-618
-567
-525
-511
-480
-432
-411
-439
-461
-473
-578
-644
-746
-818
-907
-1056
-1210
-1404
-1597
-1797
-1991
-2173
-2337
-2503
-2605
-2703
-2783
-2847
-2862
-2839
-2798
-2707
-2676
-2605
-2528
-2484
-2421
-2354
-2253
-2099
-1968
-1804
-1638
-1445
-1279
-1103
-877
-671
-498
-331
-168
2
166
320
457
545
651
721
827
966
1075
1160
1288
1436
1546
1670
1798
1931
2110
2302
2455
2659
2830
2997
3133
3286
3433
3606
3712
3746
3861
3943
4027
4047
4061
4067
4092
4077
3917
3696
3394
3068
2725
2373
1962
1494
1059
633
254
-112
-472
-756
-1004
-1251
-1481
-1678
-1860
-2068
-2258
-2442
-2566
-2662
-2742
-2767
-2746
-2708
-2621
-2505
-2382
-2203
-2011
-1747
-1543
-1326
-1155
-992
-835
-728
-667
-650
-597
-555
-576
-594
-613
-618
-620
-691
-744
-786
-832
-920
-1030
-1184
-1354
-1564
-1784
-1988
-2185
-2364
-2590
-2723
-2843
-2926
-2972
-2976
-2938
-2903
-2823
-2758
-2700
-2635
-2574
-2486
-2396
-2321
-2195
-2085
-1932
-1798
-1614
-1412
-1227
-1001
-792
-524
-293
-100
159
349
523
673
810
937
1022
1132
1208
1256
1295
1354
1454
1588
1718
1900
2061
2252
2440
2611
2843
3025
3182
3292
3426
3580
3693
3849
3934
4039
4154
4259
4400
4484
4541
4507
4455
4268
4027
3698
3333
2948
2480
2025
1480
1031
575
136
-239
-547
-794
-1018
-1171
-1428
-1611
-1808
-1998
-2165
-2390
-2550
-2738
-2886
-3024
-3094
-3121
-3101
-3001
-2890
-2698
-2453
-2205
-1947
-1709
-1487
-1273
-1075
-961
-885
-857
-793
-770
-782
-771
-747
-745
-745
-738
-721
-726
-775
-793
-874
-1008
-1190
-1381
-1594
-1842
-2078
-2290
-2466
-2629
-2788
-2834
-2878
-2885
-2859
-2828
-2740
-2638
-2517
-2397
-2308
-2223
-2141
-2051
-1970
-1904
-1824
-1639
-1518
-1341
-1140
-943
-666
-431
-162
42
256
481
678
839
945
1009
1035
1077
1130
1160
1227
1334
1421
1536
1685
1864
2092
2324
2494
2730
2922
3045
3194
3329
3460
3589
3701
3781
3909
4074
4147
4281
4409
4535
4602
4673
4730
4647
4457
4150
3860
3509
3118
2617
2139
1688
1200
721
331
29
-251
-504
-779
-1020
-1241
-1506
-1748
-1985
-2240
-2503
-2745
-2944
-3122
-3290
-3399
-3416
-3356
-3234
-3059
-2827
-2535
-2236
-1940
-1702
-1482
-1263
-1119
-1056
-984
-953
-968
-994
-1027
-976
-1009
-1020
-980
-965
-914
-911
-907
-911
-977
-1089
-1254
-1417
-1629
-1855
-2072
-2295
-2413
-2562
-2673
-2719
-2767
-2766
-2751
-2688
-2637
-2527
-2411
-2267
-2150
-2061
-1963
-1919
-1835
-1729
-1602
-1471
-1312
-1118
-930
-715
-454
-166
105
340
586
733
896
988
1044
1094
1080
1116
1137
1215
1234
1317
1440
1587
1790
1997
2222
2446
2642
2802
2996
3146
3305
3421
3527
3674
3818
3978
4110
4245
4437
4591
4739
4804
4927
4958
4931
4770
4521
4237
3812
3380
2876
2413
1877
1379
957
540
195
-143
-414
-698
-924
-1169
-1428
-1681
-1914
-2223
-2563
-2828
-3070
-3269
-3476
-3594
-3622
-3616
-3571
-3415
-3212
-2938
-2652
-2324
-2035
-1812
-1612
-1414
-1250
-1144
-1116
-1109
-1110
-1140
-1142
-1158
-1153
-1111
-1131
-1127
-1100
-1036
-962
-968
-1022
-1118
-1254
-1409
-1591
-1808
-1988
-2177
-2383
-2525
-2622
-2695
-2681
-2699
-2647
-2564
-2493
-2366
-2262
-2131
-2038
-1960
-1846
-1786
-1666
-1582
-1477
-1377
-1233
-1031
-837
-556
-376
-138
134
393
599
768
913
1036
1097
1130
1154
1176
1193
1235
1270
1403
1530
1644
1770
1942
2154
2306
2509
2737
2962
3143
3316
3491
3694
3850
4003
4188
4359
4543
4696
4795
4944
5051
5136
5092
4962
4772
4494
4161
3734
3258
2746
2216
1709
1240
761
294
-102
-405
-753
-1024
-1282
-1506
-1737
-1993
-2266
-2562
-2807
-3015
-3234
-3427
-3514
-3620
-3591
-3574
-3497
-3305
-3131
-2867
-2613
-2349
-2137
-1950
-1763
-1575
-1434
-1382
-1320
-1286
-1291
-1319
-1322
-1306
-1272
-1274
-1253
-1197
-1126
-1093
-1100
-1156
-1236
-1301
-1414
-1570
-1735
-1849
-2048
-2239
-2397
-2503
-2590
-2705
-2748
-2748
-2711
-2641
-2555
-2430
-2291
-2171
-2029
-1908
-1790
-1689
-1585
-1453
-1348
-1203
-1061
-927
-751
-566
-402
-204
16
225
475
652
806
934
987
1049
1109
1150
1196
1249
1316
1418
1583
1758
1891
2077
2274
2472
2705
2925
3196
3400
3675
3915
4138
4346
4468
4658
4810
4930
5027
5085
5100
5130
5013
4825
4554
4280
3956
3553
3057
2574
2069
1544
1063
623
246
-74
-410
-733
-1068
-1381
-1625
-1913
-2193
-2455
-2705
-2938
-3173
-3369
-3518
-3635
-3673
-3687
-3628
-3464
-3286
-3084
-2874
-2664
-2422
-2217
-1999
-1846
-1656
-1523
-1493
-1453
-1430
-1361
-1333
-1316
-1284
-1275
-1216
-1179
-1122
-1052
-1046
-1095
-1157
-1214
-1295
-1385
-1537
-1705
-1838
-2014
-2179
-2302
-2382
-2450
-2520
-2521
-2532
-2466
-2415
-2335
-2251
-2125
-1986
-1913
-1793
-1697
-1622
-1543
-1491
-1407
-1313
-1182
-1037
-855
-670
-492
-249
-28
196
408
632
797
937
1045
1113
1176
1213
1286
1361
1394
1476
1594
1781
1964
2165
2421
2646
2930
3154
3394
3655
3859
4067
4257
4389
4531
4682
4809
4939
5011
5087
5089
5006
4910
4698
4439
4146
3791
3381
2936
2476
1976
1505
1037
635
230
-157
-556
-945
-1301
-1564
-1832
-2103
-2342
-2565
-2811
-3014
-3159
-3314
-3415
-3541
-3598
-3611
-3562
-3444
-3277
-3062
-2852
-2623
-2405
-2233
-2052
-1859
-1718
-1607
-1524
-1443
-1388
-1344
-1311
-1266
-1249
-1233
-1212
-1207
-1159
-1160
-1158
-1177
-1228
-1272
-1331
-1429
-1555
-1703
-1829
-1949
-2042
-2166
-2227
-2267
-2356
-2338
-2337
-2327
-2252
-2182
-2111
-2004
-1899
-1785
-1685
-1585
-1488
-1405
-1321
-1211
-1057
-932
-774
-577
-434
-271
-84
108
299
466
604
712
871
973
1080
1190
1248
1344
1452
1570
1687
1848
2004
2174
2422
2644
2924
3194
3445
3701
3906
4098
4253
4393
4554
4709
4819
4886
4925
4928
4952
4865
4707
4484
4232
3965
3631
3216
2822
2411
1957
1503
1080
706
321
-23
-380
-692
-983
-1300
-1571
-1797
-2045
-2328
-2589
-2803
-2979
-3163
-3308
-3404
-3442
-3439
-3446
-3339
-3211
-3047
-2881
-2701
-2485
-2299
-2090
-1923
-1780
-1682
-1628
-1547
-1505
-1462
-1443
-1386
-1352
-1346
-1318
-1274
-1215
-1160
-1149
-1170
-1192
-1189
-1246
-1333
-1436
-1531
-1638
-1789
-1916
-1952
-1981
-2076
-2126
-2170
-2159
-2164
-2137
-2117
-2047
-1997
-1917
-1830
-1764
-1652
-1572
-1475
-1389
-1291
-1188
-1100
-961
-798
-555
-380
-221
3
195
346
489
649
756
906
1009
1108
1218
1306
1432
1513
1675
1795
1958
2127
2318
2584
2811
3089
3318
3542
3739
3944
4144
4328
4547
4677
4784
4881
4923
4970
4929
4831
4659
4421
4134
3803
3450
3077
2682
2255
1809
1424
1036
667
320
-55
-379
-724
-1057
-1354
-1638
-1979
-2245
-2505
-2787
-3001
-3219
-3387
-3510
-3602
-3650
-3652
-3561
-3424
-3264
-3063
-2844
-2654
-2533
-2362
-2206
-2068
-1956
-1893
-1809
-1760
-1706
-1647
-1584
-1520
-1446
-1355
-1303
-1256
-1179
-1145
-1140
-1150
-1187
-1217
-1292
-1379
-1464
-1529
-1622
-1730
-1821
-1878
-1933
-1969
-2007
-2022
-2017
-2006
-1957
-1892
-1834
-1780
-1703
-1637
-1590
-1526
-1485
-1392
-1302
-1183
-1059
-858
-711
-494
-302
-129
115
289
461
570
711
813
880
1001
1104
1195
1293
1426
1545
1671
1863
2007
2207
2407
2581
2804
2990
3229
3427
3620
3826
3991
4215
4393
4576
4699
4817
4927
4974
5017
4943
4842
4652
4355
4056
3705
3313
2895
2418
2015
1610
1225
839
493
166
-187
-493
-794
-1089
-1405
-1658
-1937
-2257
-2559
-2810
-3055
-3278
-3426
-3558
-3645
-3654
-3608
-3534
-3408
-3196
-2990
-2774
-2592
-2441
-2308
-2136
-2011
-1954
-1869
-1806
-1750
-1731
-1690
-1630
-1553
-1502
-1428
-1333
-1274
-1172
-1127
-1097
-1120
-1118
-1150
-1230
-1319
-1418
-1531
-1640
-1737
-1860
-1899
-1962
-1988
-2015
-1988
-1957
-1894
-1814
-1764
-1721
-1668
-1595
-1543
-1469
-1413
-1361
-1279
-1183
-1063
-909
-750
-639
-484
-342
-189
74
229
401
560
664
821
949
1046
1159
1279
1354
1438
1528
1640
1770
1924
2108
2293
2488
2692
2913
3156
3390
3582
3791
3973
4189
4313
4466
4583
4696
4757
4789
4789
4686
4551
4388
4162
3866
3614
3294
2951
2620
2251
1838
1491
1108
752
427
56
-328
-690
-971
-1304
-1614
-1875
-2145
-2401
-2661
-2843
-2992
-3140
-3272
-3350
-3351
-3332
-3234
-3107
-2945
-2788
-2602
-2449
-2321
-2164
-1998
-1835
-1708
-1616
-1559
-1463
-1407
-1376
-1290
-1244
-1210
-1127
-1057
-984
-934
-867
-847
-854
-863
-898
-945
-1049
-1145
-1246
-1336
-1449
-1545
-1589
-1646
-1671
-1711
-1728
-1694
-1634
-1618
-1596
-1540
-1472
-1428
-1393
-1334
-1310
-1241
-1155
-1028
-933
-790
-609
-500
-334
-175
6
167
347
511
671
809
910
1043
1140
1226
1328
1425
1560
1665
1842
2045
2216
2377
2539
2789
2962
3186
3358
3581
3820
4002
4187
4315
4441
4581
4666
4744
4799
4794
4730
4550
4335
4101
3839
3514
3174
2837
2454
2095
1710
1358
1023
691
349
-19
-345
-635
-917
-1221
-1490
-1776
-2077
-2350
-2609
-2825
-3037
-3233
-3318
-3403
-3379
-3364
-3304
-3168
-3032
-2858
-2679
-2495
-2320
-2163
-2031
-1890
-1751
-1670
-1622
-1564
-1513
-1454
-1413
-1339
-1257
-1161
-1077
-1049
-954
-881
-805
-794
-809
-807
-858
-927
-1039
-1138
-1261
-1396
-1466
-1560
-1637
-1644
-1655
-1652
-1649
-1642
-1596
-1526
-1490
-1434
-1390
-1337
-1276
-1252
-1199
-1140
-1122
-1038
-960
-848
-729
-587
-417
-198
44
236
449
640
783
906
1005
1090
1189
1260
1322
1448
1542
1681
1840
2006
2186
2415
2655
2920
3151
3347
3565
3788
3965
4151
4300
4475
4600
4651
4733
4770
4680
4564
4383
4188
4006
3774
3556
3276
2981
2627
2300
1946
1574
1206
851
500
151
-203
-494
-820
-1138
-1465
-1776
-2065
-2300
-2532
-2736
-2928
-3051
-3135
-3199
-3256
-3265
-3219
-3111
-3002
-2861
-2706
-2563
-2379
-2252
-2134
-2015
-1912
-1824
-1731
-1650
-1578
-1469
-1369
-1309
-1228
-1146
-1039
-984
-937
-903
-857
-815
-839
-877
-945
-980
-1032
-1135
-1208
-1312
-1399
-1462
-1556
-1600
-1635
-1654
-1673
-1695
-1685
-1687
-1664
-1588
-1543
-1486
-1411
-1323
-1235
-1186
-1114
-1011
-915
-822
-688
-536
-385
-188
20
208
358
566
745
891
1013
1112
1260
1359
1456
1554
1675
1772
1858
1973
2137
2386
2604
2815
3041
3301
3516
3734
3957
4107
4251
4394
4489
4602
4681
4706
4711
4640
4538
4392
4168
3929
3618
3318
2982
2632
2281
1905
1566
1203
894
537
225
-114
-433
-695
-998
-1307
-1573
-1846
-2126
-2375
-2624
-2798
-2924
-3016
-3070
-3122
-3110
-3058
-2947
-2818
-2651
-2489
-2292
-2093
-1936
-1786
-1676
-1543
-1428
-1371
-1348
-1271
-1169
-1101
-1035
-982
-896
-808
-752
-700
-666
-620
-597
-611
-617
-642
-731
-785
-890
-1028
-1134
-1238
-1338
-1435
-1530
-1529
-1550
-1572
-1566
-1532
-1514
-1464
-1413
-1341
-1337
-1336
-1289
-1268
-1227
-1174
-1078
-988
-836
-693
-498
-307
-105
100
241
400
537
665
830
979
1106
1209
1323
1442
1555
1659
1824
1977
2135
2268
2462
2641
2850
3069
3278
3501
3700
3868
4000
4114
4272
4321
4410
4451
4473
4478
4419
4303
4134
3970
3729
3461
3166
2842
2468
2126
1756
1447
1100
768
407
93
-203
-523
-832
-1121
-1402
-1707
-1939
-2167
-2399
-2591
-2744
-2876
-2974
-3039
-3100
-3084
-3038
-2941
-2821
-2682
-2478
-2333
-2163
-1982
-1818
-1654
-1522
-1450
-1387
-1296
-1217
-1197
-1150
-1106
-1058
-973
-899
-825
-760
-711
-677
-638
-640
-654
-706
-787
-863
-962
-1076
-1199
-1307
-1426
-1507
-1607
-1681
-1691
-1715
-1723
-1685
-1673
-1643
-1577
-1529
-1481
-1441
-1397
-1345
-1287
-1219
-1129
-1041
-915
-809
-691
-553
-377
-178
24
242
458
648
835
996
1104
1192
1255
1329
1389
1463
1596
1723
1892
2054
2276
2434
2630
2836
3029
3252
3437
3648
3828
3995
4129
4254
4346
4384
4421
4363
4285
4155
3984
3802
3573
3350
3087
2792
2507
2206
1861
1522
1219
872
538
233
-119
-393
-682
-1020
-1316
-1585
-1833
-2084
-2348
-2541
-2715
-2849
-2964
-3023
-3067
-3073
-3020
-2969
-2851
-2711
-2576
-2397
-2226
-2086
-1956
-1869
-1759
-1662
-1590
-1492
-1414
-1305
-1221
-1172
-1110
-1039
-951
-879
-833
-787
-761
-729
-684
-734
-758
-826
-906
-959
-1100
-1188
-1291
-1421
-1488
-1572
-1622
-1668
-1679
-1654
-1670
-1705
-1674
-1655
-1618
-1547
-1488
-1416
-1348
-1271
-1163
-1074
-956
-839
-703
-565
-456
-303
-121
49
236
417
579
762
912
1076
1157
1274
1385
1446
1581
1675
1808
1953
2080
2254
2412
2630
2844
3048
3279
3512
3738
3887
4026
4177
4276
4381
4410
4442
4415
4332
4202
4057
3874
3637
3414
3165
2853
2575
2278
1959
1633
1319
1035
703
401
61
-255
-578
-907
-1169
-1475
-1799
-2094
-2350
-2499
-2703
-2887
-2976
-3060
-3089
-3106
-3089
-3000
-2867
-2729
-2593
-2449
-2301
-2119
-2032
-1909
-1788
-1724
-1642
-1580
-1431
-1335
-1268
-1153
-1064
-950
-911
-878
-814
-780
-735
-736
-697
-726
-784
-860
-947
-1024
-1108
-1215
-1336
-1400
-1443
-1527
-1565
-1560
-1630
-1656
-1630
-1602
-1562
-1553
-1484
-1455
-1422
-1358
-1339
-1246
-1199
-1137
-1059
-947
-807
-650
-469
-284
-95
123
295
454
632
765
875
969
1030
1143
1276
1403
1552
1696
1825
1960
2091
2258
2448
2659
2844
3023
3211
3390
3576
3726
3845
3944
4056
4142
4211
4302
4312
4287
4244
4116
3977
3776
3542
3286
2980
2665
2310
1957
1661
1327
999
661
371
64
-237
-494
-760
-1015
-1282
-1559
-1796
-2056
-2312
-2506
-2667
-2844
-2958
-3036
-3073
-3009
-2963
-2894
-2784
-2661
-2510
-2323
-2157
-1987
-1861
-1741
-1616
-1523
-1456
-1404
-1354
-1288
-1203
-1146
-1080
-1001
-945
-872
-832
-769
-737
-705
-709
-707
-758
-819
-903
-998
-1102
-1232
-1347
-1406
-1480
-1573
-1608
-1620
-1615
-1623
-1628
-1592
-1509
-1473
-1433
-1410
-1397
-1354
-1305
-1219
-1129
-1061
-917
-780
-648
-477
-311
-115
43
225
378
515
677
810
948
1060
1167
1277
1383
1516
1608
1750
1844
1998
2120
2253
2460
2616
2761
2909
3102
3283
3442
3626
3791
3971
4110
4235
4325
4338
4336
4230
4062
3901
3665
3436
3176
2899
2644
2381
2110
1796
1509
1197
935
612
317
28
-276
-586
-896
-1221
-1511
-1788
-2090
-2318
-2520
-2680
-2854
-2969
-3042
-3078
-3071
-3028
-2926
-2846
-2727
-2584
-2439
-2289
-2154
-2034
-1890
-1776
-1693
-1618
-1513
-1396
-1334
-1280
-1203
-1112
-1004
-905
-825
-742
-690
-650
-640
-641
-648
-709
-771
-868
-964
-1060
-1182
-1282
-1356
-1391
-1474
-1541
-1550
-1528
-1508
-1484
-1469
-1439
-1392
-1391
-1379
-1394
-1371
-1342
-1291
-1203
-1087
-940
-822
-663
-518
-371
-196
-5
177
337
486
596
715
865
966
1064
1183
1263
1341
1431
1578
1691
1835
2013
2187
2312
2514
2700
2894
3056
3221
3408
3569
3707
3818
3965
4010
4082
4097
4128
4107
4050
3965
3815
3633
3452
3219
2983
2690
2410
2078
1759
1462
1125
824
460
142
-156
-452
-721
-1004
-1284
-1533
-1775
-1997
-2254
-2467
-2644
-2793
-2936
-3067
-3121
-3143
-3153
-3093
-3009
-2877
-2776
-2617
-2475
-2358
-2189
-2059
-1998
-1868
-1754
-1667
-1550
-1461
-1417
-1340
-1262
-1200
-1133
-1068
-974
-940
-937
-907
-867
-870
-897
-948
-992
-1059
-1131
-1209
-1305
-1389
-1437
-1500
-1486
-1513
-1503
-1499
-1543
-1510
-1512
-1499
-1475
-1441
-1393
-1368
-1292
-1266
-1174
-1072
-977
-845
-727
-549
-418
-274
-116
58
234
407
535
671
804
924
1040
1154
1285
1406
1492
1578
1673
1769
1886
1947
2103
2258
2433
2617
2857
3062
3264
3459
3576
3758
3891
4001
4092
4136
4165
4121
4025
3894
3712
3553
3373
3147
2885
2631
2395
2129
1860
1575
1297
1021
756
464
156
-136
-395
-701
-983
-1288
-1573
-1839
-2097
-2280
-2489
-2636
-2731
-2786
-2840
-2860
-2845
-2771
-2693
-2614
-2519
-2405
-2285
-2156
-2007
-1923
-1844
-1775
-1672
-1559
-1507
-1432
-1318
-1186
-1143
-1049
-966
-926
-821
-774
-730
-695
-704
-724
-780
-869
-921
-980
-1042
-1132
-1218
-1219
-1264
-1371
-1408
-1383
-1395
-1423
-1432
-1404
-1366
-1365
-1316
-1296
-1225
-1190
-1149
-1113
-1077
-1030
-959
-854
-725
-592
-435
-277
-95
83
270
420
518
650
700
757
821
856
937
1021
1148
1278
1394
1549
1683
1869
2053
2235
2410
2565
2729
2890
3038
3168
3276
3384
3447
3548
3670
3782
3854
3911
3953
3923
3869
3798
3659
3458
3243
3006
2709
2376
2076
1738
1435
1104
842
580
304
53
-222
-451
-688
-946
-1193
-1468
-1746
-1955
-2140
-2317
-2491
-2633
-2758
-2903
-2953
-2970
-2968
-2897
-2836
-2732
-2579
-2401
-2208
-2045
-1882
-1776
-1665
-1568
-1481
-1406
-1368
-1314
-1269
-1203
-1124
-1011
-914
-866
-796
-757
-661
-607
-581
-567
-606
-643
-732
-807
-916
-997
-1069
-1149
-1205
-1282
-1342
-1329
-1322
-1341
-1322
-1284
-1235
-1212
-1163
-1124
-1093
-1051
-988
-920
-816
-748
-691
-619
-503
-371
-263
-161
-36
81
187
332
444
601
716
808
900
995
1112
1195
1337
1451
1542
1651
1733
1854
1975
2093
2255
2432
2620
2801
2980
3159
3326
3447
3551
3665
3784
3923
3995
4054
4072
4024
3947
3814
3674
3510
3291
3054
2785
2531
2253
1979
1710
1419
1157
901
609
318
70
-174
-472
-758
-1034
-1314
-1549
-1833
-2058
-2236
-2414
-2553
-2676
-2742
-2792
-2819
-2757
-2694
-2635
-2532
-2379
-2222
-2070
-1928
-1818
-1702
-1624
-1538
-1470
-1359
-1276
-1233
-1137
-1057
-898
-816
-732
-626
-599
-547
-504
-477
-477
-460
-474
-583
-650
-728
-816
-915
-1016
-1068
-1122
-1174
-1222
-1259
-1286
-1294
-1291
-1274
-1262
-1244
-1230
-1216
-1238
-1201
-1197
-1127
-1072
-1027
-936
-872
-749
-651
-555
-394
-254
-134
27
144
286
387
491
565
626
712
805
900
953
1034
1133
1273
1422
1570
1729
1864
2067
2251
2436
2632
2797
2957
3135
3321
3490
3609
3697
3782
3875
3913
3936
3971
3964
3935
3866
3778
3631
3439
3197
2924
2657
2382
2101
1841
1536
1254
952
650
377
65
-217
-496
-798
-1058
-1321
-1559
-1785
-2015
-2230
-2408
-2542
-2647
-2748
-2823
-2873
-2866
-2843
-2797
-2701
-2589
-2469
-2375
-2242
-2117
-1980
-1801
-1709
-1580
-1448
-1341
-1245
-1134
-1015
-943
-858
-786
-738
-650
-573
-514
-481
-493
-453
-457
-486
-564
-628
-719
-828
-883
-1025
-1159
-1222
-1317
-1412
-1461
-1463
-1459
-1496
-1487
-1462
-1412
-1388
-1358
-1308
-1228
-1173
-1176
-1119
-1070
-1020
-898
-796
-696
-583
-469
-367
-240
-114
58
205
274
394
509
586
618
672
766
840
892
977
1052
1181
1337
1508
1658
1807
1966
2124
2309
2499
2655
2810
2985
3152
3293
3418
3550
3644
3697
3736
3797
3794
3741
3694
3562
3426
3298
3081
2834
2620
2338
2070
1759
1475
1209
922
681
418
167
-58
-318
-572
-849
-1111
-1355
-1620
-1848
-2048
-2249
-2414
-2538
-2639
-2705
-2718
-2726
-2698
-2643
-2576
-2458
-2343
-2179
-2021
-1875
-1759
-1653
-1544
-1444
-1365
-1293
-1186
-1117
-1054
-961
-879
-779
-704
-617
-530
-454
-396
-390
-383
-378
-361
-424
-486
-579
-693
-749
-846
-972
-1065
-1153
-1271
-1310
-1375
-1418
-1421
-1449
-1438
-1413
-1360
-1319
-1263
-1210
-1154
-1057
-1053
-1013
-1004
-959
-894
-835
-761
-682
-562
-505
-353
-203
-53
79
196
307
409
493
551
621
701
822
925
1030
1155
1289
1401
1529
1680
1864
2037
2194
2340
2509
2673
2861
3067
3223
3357
3527
3607
3660
3733
3800
3855
3835
3784
3722
3624
3489
3312
3148
2916
2668
2400
2155
1883
1559
1282
1029
752
464
222
-60
-274
-579
-826
-1064
-1313
-1559
-1770
-1969
-2144
-2280
-2436
-2544
-2636
-2694
-2684
-2715
-2682
-2640
-2589
-2464
-2339
-2158
-2007
-1863
-1712
-1589
-1447
-1366
-1279
-1190
-1116
-1013
-954
-901
-865
-798
-742
-706
-634
-550
-516
-492
-465
-493
-531
-600
-673
-782
-881
-970
-1119
-1253
-1335
-1400
-1472
-1521
-1561
-1590
-1570
-1569
-1532
-1510
-1468
-1413
-1422
-1382
-1338
-1291
-1284
-1280
-1262
-1211
-1150
-1060
-942
-828
-673
-563
-432
-283
-171
-45
53
154
248
307
382
438
486
577
674
793
899
1034
1203
1364
1556
1736
1912
2095
2287
2476
2657
2799
2919
2991
3114
3207
3295
3403
3488
3629
3665
3722
3753
3730
3686
3566
3463
3310
3068
2828
2575
2295
1968
1695
1390
1106
882
611
322
76
-148
-386
-603
-850
-1067
-1254
-1473
-1682
-1853
-2018
-2198
-2312
-2428
-2508
-2551
-2560
-2531
-2493
-2394
-2281
-2164
-2025
-1860
-1722
-1570
-1433
-1270
-1161
-1099
-1040
-935
-892
-838
-787
-737
-631
-586
-567
-539
-466
-458
-422
-407
-402
-423
-469
-560
-660
-789
-905
-996
-1133
-1256
-1344
-1415
-1466
-1553
-1580
-1591
-1572
-1578
-1557
-1509
-1508
-1471
-1439
-1401
-1375
-1326
-1293
-1248
-1192
-1199
-1134
-1049
-960
-875
-775
-636
-511
-359
-248
-95
-5
105
187
230
302
356
439
504
611
731
829
971
1072
1203
1312
1445
1661
1879
2113
2281
2427
2581
2731
2839
2975
3069
3180
3252
3380
3476
3582
3682
3688
3705
3676
3644
3560
3418
3241
3069
2828
2576
2285
1992
1674
1404
1112
820
575
301
49
-183
-391
-601
-799
-1025
-1221
-1458
-1643
-1808
-1970
-2120
-2245
-2367
-2445
-2493
-2511
-2482
-2465
-2372
-2250
-2108
-1972
-1819
-1671
-1498
-1351
-1216
-1091
-973
-939
-863
-811
-774
-715
-680
-630
-556
-486
-442
-414
-401
-350
-334
-356
-380
-419
-477
-542
-668
-762
-859
-991
-1127
-1249
-1364
-1476
-1543
-1615
-1639
-1628
-1607
-1563
-1510
-1484
-1390
-1320
-1254
-1205
-1197
-1171
-1178
-1190
-1180
-1176
-1162
-1110
-1038
-921
-764
-627
-482
-323
-201
-73
67
185
289
367
411
425
435
477
541
610
672
788
912
1064
1222
1379
1567
1724
1888
2088
2269
2434
2537
2664
2767
2893
3046
3098
3197
3274
3354
3463
3487
3568
3603
3613
3558
3500
3366
3248
3078
2863
2651
2414
2179
1901
1638
1344
1024
689
412
180
-50
-264
-462
-629
-839
-1046
-1222
-1440
-1614
-1800
-1968
-2123
-2198
-2287
-2320
-2313
-2332
-2306
-2223
-2137
-2025
-1917
-1762
-1635
-1492
-1383
-1243
-1084
-1005
-873
-832
-796
-748
-707
-680
-650
-637
-643
-601
-573
-545
-492
-460
-447
-453
-494
-510
-566
-659
-757
-914
-1048
-1165
-1299
-1399
-1487
-1583
-1642
-1704
-1737
-1680
-1646
-1581
-1520
-1477
-1425
-1387
-1344
-1263
-1251
-1220
-1163
-1133
-1086
-1057
-1047
-960
-853
-785
-663
-559
-443
-347
-233
-106
-15
44
108
140
176
187
188
238
307
408
485
568
693
853
1003
1169
1334
1503
1581
1691
1796
1875
1987
2103
2237
2378
2468
2559
2647
2747
2852
2971
3082
3180
3284
3370
3404
3385
3371
3271
3151
3007
2801
2605
2398
2156
1933
1711
1470
1225
1026
801
625
406
203
-7
-229
-384
-537
-738
-938
-1149
-1364
-1548
-1697
-1854
-1998
-2087
-2161
-2172
-2157
-2092
-2034
-1946
-1849
-1735
-1626
-1539
-1405
-1280
-1201
-1085
-995
-956
-906
-843
-768
-730
-661
-662
-628
-582
-566
-522
-539
-488
-465
-456
-439
-467
-504
-553
-673
-777
-886
-999
-1134
-1223
-1303
-1434
-1491
-1535
-1572
-1577
-1580
-1559
-1522
-1472
-1428
-1362
-1290
-1263
-1276
-1225
-1187
-1175
-1133
-1064
-990
-957
-899
-795
-703
-595
-474
-387
-267
-191
-120
-34
44
77
91
111
125
139
185
178
217
261
288
403
493
643
767
856
1001
1092
1187
1267
1330
1417
1451
1550
1644
1724
1845
1992
2100
2239
2388
2524
2661
2793
2875
2946
3027
3080
3112
3090
3050
2957
2865
2756
2608
2480
2311
2171
1990
1804
1634
1453
1241
1054
885
657
414
213
5
-225
-422
-622
-826
-1012
-1205
-1361
-1492
-1616
-1699
-1781
-1853
-1950
-1995
-2008
-1994
-1938
-1864
-1779
-1698
-1627
-1549
-1465
-1382
-1275
-1166
-1064
-1008
-959
-895
-844
-785
-745
-696
-669
-620
-582
-566
-540
-534
-570
-594
-604
-628
-649
-734
-768
-841
-938
-1008
-1077
-1130
-1194
-1227
-1284
-1317
-1348
-1388
-1374
-1390
-1359
-1314
-1273
-1207
-1136
-1087
-1057
-995
-919
-827
-753
-655
-603
-569
-505
-472
-416
-348
-298
-229
-148
-73
-13
56
136
180
208
195
187
186
190
182
211
249
270
326
386
488
604
656
689
754
797
825
890
960
1015
1126
1267
1404
1508
1623
1713
1832
1954
2084
2220
2275
2388
2472
2540
2598
2654
2736
2797
2805
2794
2777
2713
2657
2557
2436
2304
2175
2036
1886
1724
1581
1369
1154
935
699
501
308
90
-94
-299
-521
-678
-861
-1024
-1183
-1337
-1476
-1632
-1716
-1777
-1842
-1901
-1944
-1912
-1888
-1889
-1841
-1779
-1724
-1614
-1554
-1497
-1437
-1330
-1213
-1147
-1061
-1007
-930
-944
-891
-853
-852
-821
-817
-771
-754
-712
-668
-609
-598
-593
-600
-616
-689
-735
-821
-863
-947
-1027
-1081
-1121
-1132
-1168
-1164
-1172
-1181
-1167
-1124
-1080
-1003
-945
-891
-857
-788
-750
-693
-649
-612
-564
-540
-489
-454
-420
-393
-320
-258
-204
-155
-123
-36
20
91
150
166
160
155
167
175
160
145
122
130
157
191
241
290
382
480
571
622
679
721
760
835
872
944
1025
1086
1172
1229
1356
1469
1580
1701
1817
1939
2044
2140
2230
2325
2376
2441
2459
2493
2479
2484
2455
2413
2384
2346
2282
2170
2083
1963
1855
1763
1637
1476
1350
1179
1021
808
613
454
257
75
-110
-281
-425
-577
-731
-892
-1028
-1122
-1227
-1308
-1371
-1449
-1458
-1482
-1521
-1513
-1527
-1491
-1455
-1421
-1375
-1339
-1268
-1239
-1159
-1061
-983
-885
-834
-755
-700
-645
-589
-570
-497
-461
-465
-413
-414
-405
-420
-413
-408
-421
-422
-423
-435
-465
-512
-549
-587
-618
-633
-669
-712
-762
-817
-849
-858
-863
-811
-805
-764
-717
-673
-589
-557
-487
-444
-398
-358
-330
-287
-272
-253
-235
-201
-141
-107
-64
-44
3
84
138
151
151
187
199
199
180
185
185
206
186
175
194
183
211
231
296
334
419
491
550
659
704
754
801
860
890
921
965
1008
1037
1097
1129
1192
1292
1381
1506
1629
1734
1827
1932
2017
2034
2073
2078
2042
2010
2001
1966
1920
1862
1835
1827
1757
1732
1686
1636
1556
1487
1378
1243
1101
948
777
605
443
260
106
-34
-164
-312
-469
-569
-682
-821
-891
-974
-1039
-1103
-1127
-1164
-1206
-1243
-1280
-1291
-1313
-1299
-1282
-1262
-1265
-1213
-1176
-1112
-1038
-968
-876
-833
-761
-687
-603
-533
-474
-419
-378
-352
-343
-352
-341
-303
-302
-256
-259
-253
-251
-255
-268
-298
-321
-379
-400
-419
-458
-500
-510
-558
-569
-578
-648
-644
-673
-635
-602
-566
-519
-516
-491
-457
-451
-430
-398
-361
-332
-310
-255
-210
-156
-120
-90
-66
-44
-47
-24
-6
11
54
52
66
106
101
131
150
154
171
161
164
143
127
79
80
78
81
76
97
124
154
221
283
366
440
539
603
665
725
775
816
840
884
922
951
1001
1031
1109
1193
1276
1420
1507
1624
1718
1817
1850
1868
1875
1855
1819
1755
1705
1620
1560
1516
1453
1392
1335
1292
1270
1202
1144
1119
1037
933
815
683
539
391
254
107
-14
-166
-280
-398
-524
-623
-701
-745
-788
-796
-806
-774
-798
-772
-767
-789
-772
-771
-767
-782
-794
-816
-788
-755
-726
-660
-576
-508
-451
-396
-335
-273
-239
-209
-169
-156
-182
-156
-174
-210
-207
-219
-244
-284
-297
-340
-370
-395
-421
-436
-450
-471
-516
-517
-519
-545
-553
-583
-611
-645
-666
-672
-689
-684
-679
-694
-693
-655
-589
-590
-585
-517
-468
-382
-357
-260
-201
-191
-185
-182
-175
-181
-159
-196
-208
-197
-198
-170
-130
-95
-43
-8
44
44
37
51
62
39
-15
-50
-95
-164
-177
-161
-162
-128
-81
-35
-3
73
112
183
263
329
398
458
549
601
617
654
656
682
753
793
877
905
930
975
1022
1064
1146
1199
1242
1307
1375
1418
1429
1430
1385
1351
1270
1213
1156
1093
1041
1003
937
901
855
823
799
779
743
699
641
590
505
471
367
254
171
37
-15
-125
-241
-331
-391
-435
-449
-477
-511
-518
-494
-468
-484
-457
-456
-490
-499
-515
-474
-512
-546
-544
-546
-540
-554
-540
-538
-501
-483
-420
-363
-328
-342
-323
-302
-311
-318
-343
-360
-429
-472
-485
-512
-542
-574
-582
-576
-573
-554
-533
-513
-490
-494
-460
-464
-488
-506
-511
-505
-532
-521
-537
-524
-542
-489
-437
-467
-423
-400
-374
-324
-276
-229
-248
-200
-149
-165
-122
-107
-113
-134
-115
-121
-112
-81
-74
-48
-53
-36
-15
20
53
54
105
145
117
131
115
114
112
79
49
29
17
23
65
105
118
192
272
345
374
406
425
446
464
475
469
460
493
540
584
630
697
773
800
810
844
869
908
901
912
909
901
893
920
890
898
892
900
899
892
886
894
875
855
866
800
776
736
624
573
491
420
376
306
251
206
193
161
121
89
38
-29
-56
-112
-166
-227
-296
-316
-380
-443
-490
-547
-584
-589
-632
-648
-617
-612
-600
-570
-560
-561
-560
-515
-495
-483
-474
-469
-499
-500
-520
-540
-528
-522
-501
-479
-468
-445
-430
-404
-391
-400
-352
-352
-343
-356
-334
-371
-407
-398
-404
-403
-438
-410
-441
-404
-424
-414
-397
-375
-336
-319
-307
-314
-295
-288
-271
-253
-219
-219
-192
-167
-151
-161
-159
-125
-114
-109
-89
-115
-91
-53
-39
-9
16
43
54
98
81
80
116
110
107
149
139
154
166
152
152
140
132
156
185
217
250
252
263
277
299
317
317
388
434
452
438
396
342
331
318
328
350
380
420
454
518
568
622
682
713
733
727
685
669
616
606
574
534
483
477
502
487
494
502
506
546
585
582
568
525
507
485
431
395
347
264
210
163
91
52
8
6
15
21
49
63
42
-3
5
-22
-47
-77
-100
-170
-259
-306
-331
-350
-378
-452
-466
-441
-444
-436
-402
-378
-379
-366
-375
-386
-377
-410
-430
-425
-458
-460
-482
-476
-469
-453
-402
-381
-344
-295
-268
-273
-245
-263
-236
-214
-217
-183
-196
-219
-240
-275
-249
-268
-263
-224
-229
-215
-194
-156
-105
-88
-84
-67
-83
-105
-130
-138
-160
-192
-208
-213
-214
-210
-214
-180
-138
-134
-128
-135
-97
-65
-51
-28
-28
-2
-2
-6
7
17
0
-19
-41
-63
-19
27
52
82
139
162
199
220
249
287
328
318
301
266
249
204
190
185
129
172
188
223
240
291
309
340
343
346
382
363
375
325
264
239
180
169
138
144
184
210
241
241
300
354
397
393
411
432
392
372
298
277
251
225
254
239
247
249
236
246
287
255
254
257
237
228
232
209
165
144
128
123
87
51
29
-29
-19
-35
-54
-50
-49
-28
-55
-46
-41
-54
-92
-125
-171
-215
-239
-246
-285
-296
-299
-302
-287
-306
-279
-289
-294
-260
-291
-303
-266
-289
-266
-269
-270
-277
-270
-301
-328
-338
-352
-337
-308
-269
-280
-234
-224
-201
-189
-173
-155
-158
-123
-141
-140
-154
-133
-163
-135
-112
-115
-107
-156
-147
-167
-153
-158
-148
-129
-151
-132
-130
-126
-104
-142
-112
-134
-109
-126
-130
-113
-126
-73
-86
-75
-86
-71
-26
-39
-12
-23
-19
-26
-27
10
20
13
25
36
33
41
64
77
72
48
43
52
53
68
89
105
54
44
37
70
112
122
142
132
134
119
87
95
82
95
70
80
95
90
102
128
152
164
206
205
197
171
179
154
153
140
136
177
183
215
241
263
244
225
237
229
248
261
268
266
229
236
193
184
209
153
131
137
169
170
162
150
136
132
92
52
13
-6
-17
-8
-8
-32
-50
-89
-100
-103
-118
-117
-147
-149
-145
-132
-124
-127
-126
-147
-139
-157
-170
-168
-201
-205
-186
-183
-187
-185
-170
-161
-132
-134
-123
-106
-61
-49
-33
-15
-20
-36
-60
-80
-107
-106
-76
-77
-81
-98
-110
-78
-98
-81
-72
-64
-60
-36
-41
-56
-53
-70
-67
-84
-76
-59
-70
-90
-58
-69
-51
-8
-13
-4
16
-2
-20
-37
-45
-42
-48
-42
-34
-30
-58
-76
-52
-44
-78
-80
-113
-123
-149
-160
-158
-141
-135
-121
-91
-105
-103
-94
-63
-54
-31
-31
-10
-2
0
-7
3
-29
-28
-10
2
18
27
59
41
89
83
99
107
100
115
117
86
60
52
-5
2
-2
-2
-28
-2
-9
-20
-15
-32
-19
-10
6
10
26
3
-5
-17
-20
-36
-49
-62
-71
-88
-95
-92
-94
-105
-85
-18
6
20
34
53
44
58
50
10
-30
-53
-87
-111
-129
-156
-143
-102
-94
-58
-74
-44
-28
-37
-28
-54
-72
-105
-99
-135
-172
-206
-209
-208
-218
-199
-164
-164
-134
-58
-60
-59
-40
-1
20
28
6
1
-7
-18
-40
-53
-65
-87
-87
-96
-94
-89
-55
-65
-36
-26
-32
4
17
33
1
-17
-53
-138
-159
-174
-194
-184
-207
-198
-180
-174
-170
-116
-87
-75
-56
-42
-76
-80
-75
-98
-129
-137
-142
-161
-140
-104
-91
-64
-96
-102
-95
-109
-91
-100
-84
-103
-100
-84
-124
-147
-162
-169
-168
-149
-170
-167
-145
-148
-140
-90
-71
-78
-63
-83
-109
-111
-122
-142
-175
-179
-201
-201
-182
-154
-150
-112
-99
-85
-85
-76
-66
-99
-79
-94
-112
-92
-105
-117
-84
-68
-71
-54
-38
-69
-50
-27
7
16
69
112
86
76
34
8
-22
-49
-80
-66
-71
-87
-79
-62
-76
-44
-8
-15
-24
-30
-45
-80
-108
-109
-159
-156
-170
-159
-153
-149
-162
-165
-143
-155
-97
-77
-63
-46
-19
-25
-4
-13
-38
-36
-46
-50
-65
-73
-79
-70
-46
-55
-61
-41
-37
-15
-51
-85
-105
-109
-133
-141
-184
-182
-170
-200
-189
-209
-181
-173
-162
-136
-146
-117
-130
-132
-139
-142
-172
-197
-201
-216
-198
-208
-210
-201
-172
-194
-214
-209
-170
-161
-154
-179
-193
-219
-222
-241
-262
-244
-249
-242
-254
-232
-232
-199
-210
-171
-197
-200
-183
-191
-168
-206
-214
-234
-218
-206
-186
-178
-161
-151
-129
-111
-125
-142
-151
-144
-178
-175
-194
-198
-197
-187
-178
-121
-142
-159
-155
-158
-142
-125
-113
-124
-87
-93
-107
-109
-109
-99
-115
-133
-136
-126
-122
-149
-139
-130
-138
-96
-59
-64
-70
-55
-64
-71
-81
-85
-82
-99
-111
-133
-125
-157
-143
-111
-75
-55
-58
-28
-39
2
-10
-42
-71
-46
-56
-85
-76
-103
-114
-98
-122
-132
-121
-105
-105
-66
-2
-57
-51
-35
-87
-141
-153
-157
-188
-220
-205
-217
-207
-175
-203
-208
-183
-190
-177
-175
-171
-170
-148
-159
-180
-187
-196
-230
-248
-245
-208
-194
-196
-197
-180
-190
-202
-176
-172
-176
-201
-209
-235
-240
-268
-253
-274
-301
-305
-301
-277
-287
-286
-294
-302
-287
-274
-249
-259
-217
-201
-211
-197
-195
-182
-197
-180
-203
-194
-180
-200
-195
-197
-166
-140
-130
-109
-118
-99
-103
-166
-149
-142
-150
-139
-178
-188
-192
-201
-189
-197
-193
-195
-190
-214
-218
-203
-197
-177
-178
-171
-182
-188
-161
-158
-169
-152
-165
-176
-169
-147
-158
-150
-154
-141
-123
-133
-131
-145
-157
-151
-167
-186
-163
-145
-140
-134
-129
-139
-142
-132
-153
-147
-157
-182
-177
-185
-165
-166
-156
-154
-174
-142
-130
-136
-136
-153
-123
-102
-124
-160
-163
-144
-154
-143
-126
-123
-122
-118
-123
-114
-125
-149
-175
-167
-188
-187
-187
-192
-162
-181
-197
-209
-230
-211
-218
-193
-194
-192
-187
-193
-178
-180
-152
-156
-150
-174
-174
-184
-211
-245
-234
-234
-217
-161
-192
-199
-186
-180
-183
-182
-203
-175
-181
-172
-189
-207
-177
-219
-218
-233
-197
-195
-209
-191
-157
-162
-185
-173
-167
-176
-151
-136
-155
-157
-164
-175
-155
-175
-176
-173
-160
-147
-143
-150
-142
-127
-133
-170
-192
-164
-160
-163
-185
-172
-182
-190
-188
-170
-172
-199
-181
-190
-182
-166
-128
-125
-131
-123
-156
-139
-156
-158
-174
-189
-197
-174
-184
-161
-180
-187
-151
-141
-117
-121
-124
-139
-155
-163
-196
-197
-198
-222
-240
-248
-236
-254
-228
-209
-211
-211
-209
-221
-236
-221
-229
-218
-200
-191
-195
-199
-213
-202
-213
-226
-220
-218
-183
-191
-220
-194
-170
-196
-231
-241
-263
-242
-244
-262
-252
-254
-252
-231
-222
-205
-221
-230
-271
-305
-284
-296
-272
-259
-211
-211
-187
-181
-212
-203
-211
-202
-228
-226
-232
-225
-207
-197
-193
-189
-163
-159
-139
-164
-156
-169
-194
-180
-182
-190
-191
-211
-207
-209
-225
-244
-237
-195
-193
-182
-215
-230
-227
-226
-217
-220
-225
-218
-186
-186
-179
-159
-152
-181
-195
-244
-262
-245
-247
-207
-224
-211
-234
-200
-180
-202
-211
-247
-237
-249
-278
-257
-214
-219
-195
-206
-201
-241
-238
-214
-226
-212
-224
-219
-224
-205
-220
-196
-232
-252
-248
-268
-256
-232
-196
-186
-202
-226
-210
-204
-169
-187
-218
-211
-193
-206
-212
-236
-248
-243
-233
-199
-228
-202
-218
-244
-243
-274
-278
-296
-277
-267
-246
-226
-219
-229
-234
-252
-253
-253
-269
-272
-278
-271
-273
-267
-291
-296
-297
-291
-270
-287
-283
-263
-272
-254
-229
-211
-229
-235
-240
-233
-209
-209
-253
-234
-228
-227
-221
-232
-239
-240
-227
-265
-279
-272
-274
-271
-286
-289
-286
-247
-222
-215
-187
-206
-202
-223
-223
-236
-251
-253
-240
-252
-246
-239
-247
-215
-226
-228
-220
-241
-219
-252
-259
-244
-262
-262
-264
-251
-237
-252
-268
-264
-259
-234
-275
-274
-274
-320
-280
-278
-308
-287
-291
-253
-263
-276
-265
-282
-276
-277
-264
-265
-261
-298
-302
-313
-308
-308
-285
-276
-274
-243
-231
-233
-240
-256
-244
-239
-267
-268
-268
-289
-285
-292
-281
-282
-278
-263
-272
-270
-283
-259
-241
-252
-267
-243
-219
-265
-283
-268
-287
-308
-311
-320
-333
-332
-330
-350
-321
-332
-318
-263
-275
-283
-280
-299
-308
-253
-270
-270
-258
-258
-298
-295
-303
-294
-283
-291
-283
-260
-270
-260
-217
-262
-256
-271
-295
-315
-297
-283
-258
-240
-253
-252
-256
-269
-256
-250
-265
-244
-261
-237
-236
-257
-232
-253
-270
-263
-275
-262
-226
-223
-244
-218
-238
-228
-213
-242
-238
-223
-232
-260
-236
-228
-236
-225
-218
-205
-191
-198
-208
-223
-221
-225
-240
-242
-243
-230
-211
-236
-224
-219
-217
-190
-180
-172
-193
-229
-251
-252
-251
-246
-240
-222
-227
-223
-246
-243
-233
-233
-226
-217
-236
-230
-257
-267
-256
-248
-222
-233
-248
-238
-246
-250
-255
-285
-270
-284
-246
-276
-272
-266
-259
-220
-238
-239
-251
-278
-272
-276
-288
-307
-332
-338
-328
-315
-274
-249
-271
-272
-251
-280
-260
-246
-245
-238
-222
-216
-234
-181
-193
-165
-194
-178
-190
-224
-209
-228
-222
-219
-209
-198
-206
-226
-222
-239
-271
-266
-270
-269
-274
-280
-267
-257
-244
-218
-220
-249
-242
-261
-273
-277
-286
-292
-281
-265
-252
-268
-264
-249
-254
-270
-253
-237
-229
-249
-236
-230
-241
-227
-220
-233
-220
-220
-228
-225
-227
-226
-209
-190
-210
-205
-212
-224
-218
-230
-242
-254
-253
-241
-245
-214
-212
-210
-208
-233
-218
-226
-237
-236
-240
-277
-273
-252
-228
-231
-227
-208
-218
-205
-227
-228
-215
-197
-204
-210
-245
-224
-216
-216
-206
-188
-176
-193
-204
-215
-214
-223
-217
-220
-192
-227
-205
-204
-188
-187
-225
-195
-235
-213
-213
-217
-224
-235
-227
-215
-212
-197
-202
-185
-180
-185
-171
-188
-152
-201
-211
-186
-194
-223
-249
-238
-227
-209
-215
-216
-198
-167
-192
-209
-206
-227
-231
-233
-249
-250
-220
-209
-217
-194
-198
-212
-201
-200
-188
-195
-228
-214
-198
-243
-213
-201
-216
-213
-205
-216
-186
-163
-154
-167
-156
-139
-140
-145
-146
-139
-154
-140
-125
-125
-147
-116
-100
-92
-77
-106
-138
-170
-149
-155
-149
-129
-144
-132
-153
-140
-169
-146
-151
-160
-140
-135
-128
-151
-142
-160
-169
-186
-201
-165
-181
-201
-160
-157
-145
-149
-148
-162
-154
-123
-119
-105
-123
-113
-97
-94
-97
-100
-85
-87
-118
-114
-156
-142
-144
-141
-161
-147
-139
-155
-126
-167
-155
-160
-166
-133
-103
-120
-128
-163
-163
-169
-161
-124
-161
-141
-110
-120
-128
-159
-160
-135
-155
-116
-98
-71
-68
-82
-106
-106
-107
-99
-91
-135
-133
-156
-136
-129
-139
-113
-81
-30
-45
-81
-91
-108
-102
-109
-94
-119
-116
-107
-96
-130
-139
-163
-160
-136
-123
-96
-94
-97
-108
-99
-94
-64
-66
-42
-39
-49
-41
-30
-57
-73
-76
-106
-90
-80
-86
-65
-32
-36
-38
-49
-64
-48
-36
-25
-43
-32
-36
-29
-38
-41
-45
-46
-42
-67
-58
-50
-37
-49
-42
-22
-26
-6
-1
1
-5
-6
-1
1
0
-32
-48
-43
-25
2
3
21
20
60
57
34
41
41
33
-12
-15
-52
-17
4
10
8
25
46
31
81
34
37
33
29
11
25
6
15
-9
-26
-21
-19
-7
0
33
38
67
43
45
39
24
18
19
28
54
50
45
56
48
54
61
70
73
83
89
82
74
70
80
63
74
96
87
101
82
84
72
83
79
88
81
51
33
28
13
26
64
48
77
95
95
97
100
115
107
128
110
87
96
85
79
84
104
101
78
80
98
62
75
68
53
65
88
69
64
50
68
71
30
57
70
64
50
45
74
80
57
75
37
37
51
55
10
39
39
66
86
86
88
81
123
91
103
120
142
133
144
136
128
133
138
148
136
132
122
128
132
142
160
151
125
95
130
130
118
144
134
136
133
132
132
153
174
152
125
99
98
80
77
104
91
117
136
139
145
146
145
162
157
134
135
125
107
111
141
115
140
162
135
147
158
154
187
149
150
162
173
155
143
150
125
113
122
136
147
152
156
154
156
146
107
114
112
99
121
137
133
160
157
169
155
127
133
158
161
158
166
136
115
124
120
138
164
126
119
109
98
114
108
79
80
68
78
104
125
141
150
142
146
134
164
141
155
158
147
146
119
94
113
154
141
138
125
164
167
175
167
164
150
152
129
127
162
156
158
139
172
176
180
194
213
201
195
194
198
156
151
155
135
147
145
127
107
113
89
85
111
91
105
117
145
151
129
130
113
161
162
164
159
159
154
166
152
149
124
129
142
131
175
179
187
184
182
179
207
176
177
161
141
176
161
170
158
130
134
113
95
90
95
94
87
118
99
88
92
85
85
112
124
123
117
148
161
116
148
144
132
123
109
115
112
118
140
140
137
133
145
163
129
105
124
132
121
156
129
122
114
90
139
150
153
140
158
138
150
150
148
130
137
137
140
165
144
129
147
153
127
149
160
154
180
199
197
199
179
151
132
132
131
113
104
133
157
155
138
145
140
131
133
123
119
111
117
103
91
107
114
129
113
117
153
137
147
155
182
159
156
174
151
161
180
169
180
171
170
179
181
212
197
162
158
176
139
150
181
167
160
169
142
124
174
178
190
177
183
211
189
210
213
198
213
212
165
149
145
120
138
130
128
151
141
157
177
188
182
149
148
144
138
158
143
156
166
153
196
178
166
166
159
134
94
145
118
110
138
136
154
181
181
204
225
212
208
182
158
183
177
167
183
172
137
156
134
116
138
142
153
144
113
142
130
123
134
69
93
94
159
184
187
203
149
161
167
174
168
170
170
161
156
144
170
152
148
115
109
124
106
130
123
143
155
164
160
165
132
114
131
102
126
119
155
143
120
143
115
131
152
143
171
196
167
169
183
170
220
213
205
214
187
181
208
208
200
184
166
162
156
190
184
188
195
190
160
177
158
150
178
166
171
166
159
156
164
152
146
130
154
140
142
174
149
134
124
118
116
139
152
158
191
186
174
190
180
185
180
202
212
219
233
254
255
235
220
189
177
185
191
162
169
175
188
188
223
238
251
244
225
223
207
200
216
199
195
192
158
140
126
132
108
148
172
195
181
174
194
158
179
185
183
204
185
179
179
165
123
127
129
160
196
174
189
178
195
211
181
160
176
202
194
175
178
197
179
160
151
160
210
225
212
198
174
200
179
183
171
138
161
153
188
177
225
224
202
204
191
231
207
190
182
172
183
182
221
231
235
239
196
189
183
193
195
175
186
163
172
153
177
185
192
186
172
196
172
183
168
159
135
115
129
122
139
147
149
158
163
181
224
248
252
248
234
204
196
159
152
172
167
176
154
202
206
222
245
219
206
216
229
198
199
197
167
150
141
130
131
164
149
154
169
168
172
205
193
144
162
130
137
130
150
192
193
194
205
217
240
250
204
176
196
233
218
213
230
212
205
212
206
198
195
185
161
168
169
147
143
153
166
172
150
168
212
191
213
187
147
147
141
138
146
164
172
159
184
189
187
228
230
226
214
184
215
200
169
213
170
189
210
213
219
228
191
193
207
194
196
178
176
144
160
174
180
206
185
208
226
194
185
176
152
162
152
162
188
191
209
195
183
191
185
224
226
212
255
218
209
179
163
189
195
245
222
189
197
186
182
176
186
162
172
181
205
197
174
172
163
200
197
248
222
216
239
225
258
267
249
251
224
223
190
183
173
175
187
191
210
191
196
216
220
212
192
183
196
191
201
172
211
206
227
222
199
188
176
199
202
203
212
207
209
207
210
200
172
161
169
173
161
185
196
174
170
200
192
178
182
164
156
153
145
164
189
168
185
191
176
184
201
205
187
201
204
194
220
254
215
242
227
193
226
205
201
230
228
210
234
191
171
179
140
151
174
171
195
196
188
198
203
193
203
187
198
203
179
170
158
153
175
201
223
248
215
187
191
203
212
192
197
192
220
227
201
158
140
197
203
193
203
217
198
195
207
214
213
189
203
185
155
182
195
189
209
227
202
198
180
180
198
212
195
187
221
202
217
193
166
174
216
221
205
202
179
195
161
157
192
232
241
225
269
275
266
275
270
269
271
275
253
244
254
247
229
262
260
277
234
217
218
227
229
231
246
249
282
271
248
211
243
230
261
252
268
277
243
277
205
232
214
234
255
248
231
213
245
275
266
282
297
286
306
286
291
259
229
212
239
245
207
226
187
220
202
221
254
215
249
258
254
217
192
212
193
216
215
227
259
258
220
211
185
214
220
240
234
250
271
269
299
280
322
317
316
294
297
286
272
233
236
229
205
228
225
228
280
284
285
283
267
258
245
258
234
241
251
232
233
226
250
265
255
276
269
285
289
287
279
252
266
253
250
265
283
297
276
284
260
233
252
277
301
305
301
291
289
286
278
256
282
251
234
239
246
278
241
252
255
220
228
235
226
253
242
262
269
278
297
295
259
298
326
261
266
282
268
261
268
255
300
306
303
309
292
292
311
311
318
323
337
341
309
299
280
271
262
279
277
261
275
279
282
262
278
289
274
275
271
263
270
264
284
299
298
302
300
323
328
318
299
278
276
279
294
309
333
358
365
337
333
339
332
332
328
314
305
283
294
315
291
277
288
288
297
314
313
304
289
311
320
297
293
293
270
278
277
269
270
261
282
295
298
298
319
338
348
346
329
358
367
332
320
324
275
289
309
326
331
316
317
288
257
266
282
282
293
309
329
378
420
379
365
350
309
317
327
311
307
302
284
301
320
337
322
326
336
336
318
340
360
368
338
338
371
361
395
418
405
407
393
364
354
373
415
416
426
410
390
369
351
339
330
333
313
310
314
320
306
310
289
243
