-19
-39
-11
-10
-25
-24
5
-1
-26
-12
-26
5
-6
-18
8
-6
10
-9
3
-18
-1
-1
-15
-19
-15
-21
-38
-9
-31
-41
-19
-11
-14
-28
-18
-23
-32
-19
-13
-36
-42
-27
-58
-40
-32
-25
-51
-36
-11
-34
-25
-54
-30
-1
-32
-6
-4
-4
-12
2
-24
-16
-14
-16
-14
-23
-16
-42
-22
-27
6
-22
-28
-23
-24
-17
-14
-2
-22
-4
6
4
3
7
25
-11
17
17
-16
-13
-12
-14
-3
-4
6
-17
16
6
-4
18
8
24
21
4
0
-15
-21
-8
-20
-9
13
-13
-1
3
10
2
8
8
-4
-23
-36
17
-10
21
10
1
1
7
-5
4
-1
-9
1
-9
-4
-32
-8
-14
-18
-10
-5
-2
-25
-22
-13
8
-17
-7
-23
4
1
-12
-10
-1
6
-10
22
8
12
2
-5
34
7
14
-1
-11
-9
-26
-10
-20
4
-16
12
-2
-6
9
5
0
7
-8
-10
6
8
29
17
3
17
16
28
-6
19
26
25
28
22
17
14
21
32
23
13
17
1
10
-16
-16
-12
-32
-4
-23
-19
-6
-13
12
0
-7
11
1
-12
-12
12
8
-3
8
-15
-14
-20
-9
-17
4
11
14
19
21
28
16
15
25
14
8
13
-3
23
13
0
18
0
-22
3
25
-3
-11
30
-2
4
11
26
18
3
2
-2
-1
-7
-6
-3
2
-8
-7
-10
-4
-28
-20
3
-22
-8
12
17
26
9
2
15
25
15
-17
-1
28
10
12
18
-15
7
3
-5
-10
-10
-15
-25
-17
-12
2
-39
-38
-18
-23
-1
-12
15
0
-20
-23
-22
-15
-13
-8
-31
-18
-11
-7
-16
-38
-12
-11
-13
-19
-25
14
11
17
23
18
9
16
1
19
7
0
37
13
-4
-4
-2
-7
-13
10
-6
6
-16
-44
-18
-17
-32
-36
-12
-37
-23
-9
-2
-17
-39
-7
-12
-5
0
-15
6
-8
-17
1
-3
0
-22
-25
-6
-2
-13
-24
-30
-41
-55
-73
-32
-45
-40
-25
-50
-44
-59
-62
-43
-34
-39
-59
-73
-65
-55
-60
-39
-42
-59
-47
-43
-43
-45
-36
-38
-51
-40
-36
-33
-63
-50
-21
-43
-34
-46
-24
-37
-65
-50
-43
-57
-32
-6
-25
-15
-24
-30
-40
-4
-22
-1
-35
-8
-28
-63
-32
-10
7
-11
-29
-12
15
-4
-6
-31
-1
-6
3
-9
-6
-8
-5
9
-13
4
11
-32
-33
-30
-25
-34
-44
-23
-38
-30
-7
-21
-13
-31
-12
-12
-25
-7
7
-3
-7
-1
-1
7
-9
-4
-19
-19
-24
-37
-19
-42
-32
-18
-48
-44
-40
-28
-33
-23
-31
-18
-10
-12
-23
-30
-25
-35
-4
-12
-16
-15
-14
-6
-11
-14
-30
-14
-28
-20
-15
-10
-1
-6
-11
-4
-17
-28
-17
-2
4
-26
-28
-41
-34
-50
-38
-49
-47
-9
-25
-11
-41
-11
-5
-11
-11
-16
-14
-15
-8
-19
-16
-31
-45
-19
-28
-27
15
-33
-18
-23
-34
-24
-23
-35
-28
-31
-28
-11
-33
-18
-17
-22
-22
-41
-37
-50
-43
-15
-21
-33
-44
-38
-18
-15
-7
-10
-21
-11
-25
-24
-8
-16
-2
-2
-11
11
-3
1
-10
-6
-16
-13
-10
5
14
-29
-18
6
7
-7
-13
-36
-31
-23
-27
-29
1
-20
-12
11
-12
2
-2
-36
-8
8
3
-3
1
18
-6
-9
-19
-5
-19
1
17
23
0
-3
14
1
4
3
19
18
13
11
11
5
-2
12
9
-3
34
-2
-16
6
3
-1
7
25
21
22
4
19
8
7
23
13
-1
20
38
21
35
20
8
10
17
8
31
13
8
-2
16
-9
7
19
-2
32
23
35
8
26
-2
16
35
25
21
54
38
1
32
15
23
30
30
13
10
47
63
52
70
33
16
38
25
44
37
26
29
39
62
37
25
56
45
56
43
40
55
35
33
33
33
20
31
37
36
29
28
51
50
53
64
42
42
54
71
31
49
56
47
55
69
67
52
46
44
78
65
59
74
62
53
70
86
84
91
86
69
68
40
39
52
73
78
67
86
70
73
72
84
100
89
104
76
92
78
77
78
68
81
62
86
68
70
89
67
67
75
64
68
68
59
65
73
71
78
50
66
78
61
71
83
87
111
78
67
80
64
77
68
90
77
107
90
79
108
96
93
89
73
83
97
89
105
79
88
89
97
98
98
78
95
103
94
106
106
122
92
106
77
83
109
77
76
93
82
96
82
85
68
101
78
72
104
101
103
76
92
90
92
96
87
83
95
72
71
66
86
79
78
96
101
100
94
101
94
105
114
79
73
84
65
81
100
93
83
74
96
91
81
90
86
84
86
80
66
67
82
63
82
73
66
55
57
50
46
58
64
51
49
56
55
64
50
47
41
60
55
42
49
34
47
46
53
70
68
47
29
46
52
30
56
54
46
60
44
52
44
65
35
67
58
70
74
74
71
57
71
62
74
43
65
70
78
45
49
39
59
78
62
42
36
52
62
52
66
54
42
70
56
56
78
68
43
57
51
55
59
39
68
56
64
65
51
59
60
36
47
71
62
65
58
61
52
48
48
32
32
32
18
34
52
54
48
25
27
44
33
21
14
27
30
28
12
25
27
30
25
4
7
12
10
15
8
2
17
41
29
12
44
21
25
24
25
27
10
10
15
17
24
12
13
30
3
1
4
13
2
0
35
-4
4
30
37
36
46
32
26
41
9
42
39
39
26
22
37
27
38
17
19
4
9
19
35
24
29
30
33
44
30
56
29
37
21
25
39
30
53
44
22
27
34
8
5
16
10
26
37
31
47
28
19
37
24
40
10
25
29
38
33
13
25
20
47
47
47
55
44
47
26
40
40
10
31
29
35
38
34
17
34
39
33
29
23
27
30
20
13
24
40
42
13
8
31
10
-8
-1
10
9
1
2
-3
31
16
18
25
6
6
9
24
8
7
23
24
-1
39
43
19
4
10
14
0
9
8
10
19
17
14
23
25
35
22
53
53
27
52
47
44
22
30
32
25
38
28
45
39
35
61
26
46
49
29
56
36
30
27
-1
18
14
36
37
37
30
47
32
27
33
23
55
36
67
67
55
53
49
40
28
61
19
21
41
32
53
45
41
30
38
17
15
10
18
-1
17
15
11
24
7
15
2
-4
30
-5
5
-5
9
21
21
40
31
11
25
21
-14
5
15
-6
0
18
21
40
10
14
23
22
10
-8
13
10
0
7
17
1
4
22
25
60
27
10
29
21
25
3
9
23
19
15
-9
15
21
-3
-7
-9
-20
-25
-4
16
5
-3
5
17
17
-5
22
8
17
21
17
30
6
35
38
54
27
32
38
16
20
22
42
31
36
47
47
24
29
14
25
28
23
27
25
17
22
54
18
51
49
30
14
9
26
29
16
7
16
25
20
20
17
16
18
36
40
39
39
53
43
37
43
56
44
42
43
43
49
35
75
32
64
74
46
17
26
61
7
48
62
47
45
25
43
59
45
50
42
43
55
41
66
45
39
37
37
23
50
34
36
34
33
63
54
57
31
55
51
48
45
66
42
55
67
62
73
58
87
64
37
57
60
63
75
58
56
62
67
63
28
51
48
77
59
44
49
41
40
47
67
53
66
41
47
51
50
69
57
56
70
34
37
54
49
33
40
19
44
36
45
55
30
33
27
18
22
51
39
39
22
43
71
54
46
72
51
67
35
43
37
36
40
53
43
21
49
37
36
36
26
25
20
22
38
43
31
20
27
30
38
38
48
25
25
40
53
42
33
37
26
18
16
32
11
18
30
42
12
24
-17
-18
8
-14
2
-3
-4
-18
-15
-14
-11
8
-8
-22
11
-11
15
2
-21
-6
-33
-22
-3
0
-1
8
-9
11
-4
-6
18
-21
-16
-12
-25
-15
-15
-54
-10
-27
1
-7
-21
-23
-12
13
10
4
9
23
4
6
13
-3
16
12
-10
11
-31
-2
35
27
23
-2
0
9
13
23
24
20
0
11
-24
11
12
25
8
-1
20
-11
22
24
17
-5
1
-8
19
21
17
20
3
9
-3
-6
5
12
6
2
6
-5
19
17
13
18
23
27
22
18
30
31
7
7
-3
1
7
34
24
5
10
26
29
8
33
19
34
29
26
54
33
14
25
12
22
46
56
35
40
51
48
49
30
37
33
31
23
14
28
39
34
29
4
0
2
1
15
-4
2
-2
-14
-22
8
-5
-18
-8
-5
-15
-1
-17
-8
-22
-40
-33
-23
-29
-7
4
-19
-6
-18
-29
-40
-23
-19
-29
-13
-3
-33
-41
-40
-19
-25
-38
-24
-49
-34
-32
-29
-58
-36
-29
-57
-13
-23
-25
-14
-24
-35
-50
-51
-72
-56
-60
-55
-41
-32
-36
-45
-42
-46
-46
-52
-40
-53
-9
-29
-20
-23
-34
-15
-37
-37
-44
-46
-62
-23
0
-6
-20
-27
-17
-42
-36
-19
-12
-21
-31
-19
-28
-28
-37
-32
-36
-28
-31
-31
-37
-33
-41
-18
-15
-26
-34
-18
-28
-32
-41
-31
-14
-14
-22
-28
-37
-36
-37
-52
-41
-46
-54
-45
-25
-24
-20
-19
-19
-19
-20
-5
-18
-23
-22
-17
-25
2
-6
-21
-8
-2
-31
-19
-28
-35
-29
-70
-64
-41
-26
-35
-22
-54
-48
-51
-32
-25
-48
-37
-30
-52
-38
-48
-67
-56
-64
-66
-58
-58
-51
-38
-54
-44
-49
-44
-65
-68
-65
-42
-20
-62
-26
-36
-35
-48
-59
-37
-39
-35
-22
-47
-35
-19
-48
-35
-20
-34
-25
-45
-52
-40
-24
-33
-53
-44
-40
-23
-46
-18
-8
-30
-39
-50
-28
-20
-38
-28
-24
-18
-32
-18
-15
-12
10
-19
-15
-18
-28
-28
-27
-20
-32
-35
-47
-45
-53
-53
-46
-48
-52
-25
-10
-9
-30
-42
-21
-26
-13
-35
-25
-17
-7
-8
-36
-33
-46
-31
-2
-12
-1
-19
-12
-11
-23
-19
-13
-9
-20
24
-25
-13
-12
-20
6
-19
-22
-36
-4
-6
-12
-10
-28
-25
-27
-8
-5
1
1
-10
-14
-22
-2
-19
-1
6
-20
5
-14
-11
8
-20
1
4
-18
-16
-19
-5
9
-2
10
1
-4
-9
-6
-14
-18
-27
-38
-33
-20
-39
-21
-38
-59
-34
-40
-36
-35
-19
-47
-61
-53
-30
-44
-41
-31
-47
-53
-38
-24
-40
-33
-22
-31
-39
-10
-9
-1
1
7
-16
22
16
20
18
16
26
7
15
15
36
39
59
27
56
21
39
36
63
51
58
79
79
79
59
71
63
79
54
71
61
67
84
76
92
113
121
108
117
123
125
108
134
155
114
135
116
72
62
29
26
5
-38
-19
-44
-74
-97
-136
-115
-120
-139
-139
-156
-165
-185
-178
-186
-199
-199
-206
-183
-190
-185
-173
-189
-210
-189
-192
-181
-194
-216
-203
-224
-198
-212
-200
-216
-222
-212
-211
-197
-207
-175
-155
-156
-131
-114
-98
-63
-56
8
9
38
78
94
136
160
189
206
195
232
229
247
267
220
240
238
209
213
205
176
163
174
166
152
161
173
189
217
224
193
221
229
219
262
283
283
294
268
275
213
180
161
105
90
16
-14
-49
-59
-85
-99
-141
-136
-153
-168
-167
-212
-193
-206
-221
-216
-214
-222
-253
-225
-228
-246
-257
-285
-286
-325
-368
-377
-391
-423
-449
-440
-440
-444
-479
-482
-465
-481
-448
-426
-443
-439
-421
-403
-367
-347
-354
-320
-266
-216
-160
-124
-97
-47
8
53
112
147
152
204
276
293
321
348
369
377
414
401
396
395
361
328
263
219
190
116
84
34
21
31
20
24
32
18
58
52
58
65
70
60
67
84
90
105
115
139
161
188
214
232
254
251
274
286
277
257
266
248
243
249
215
214
171
159
138
123
103
100
66
55
2
-69
-90
-156
-206
-275
-334
-366
-387
-430
-457
-482
-476
-489
-498
-488
-481
-450
-441
-437
-418
-426
-408
-391
-372
-351
-359
-361
-270
-276
-273
-210
-203
-179
-170
-155
-148
-137
-137
-158
-158
-187
-172
-152
-158
-127
-146
-86
-73
-6
54
59
71
100
117
126
130
108
119
159
182
180
201
242
256
249
212
202
176
149
93
58
57
-2
-32
-75
-62
-63
-42
-1
21
67
122
152
149
161
154
99
93
95
29
11
-2
-12
-25
-16
-34
-13
24
14
66
50
56
43
1
-5
-20
-58
-74
-111
-140
-128
-132
-104
-84
-97
-107
-62
-58
-45
-51
-72
-95
-102
-101
-125
-144
-163
-128
-155
-149
-94
-83
-67
-44
-18
-18
-39
-33
-13
-22
-26
-47
-58
-72
-84
-98
-87
-78
-39
-54
-28
2
4
40
16
37
52
36
26
5
-2
40
35
31
53
59
55
72
50
57
53
28
42
43
27
21
-13
-4
15
20
36
25
43
61
70
57
50
14
42
34
10
36
50
36
34
80
114
142
143
158
214
228
207
208
229
262
237
245
218
195
175
159
155
184
202
179
201
210
228
248
224
194
220
216
207
154
98
113
107
135
119
96
106
143
165
114
157
187
170
165
118
160
139
127
84
85
117
84
75
69
63
78
80
62
48
74
52
1
-8
-5
-14
-33
-55
-42
-36
-52
-69
-61
-33
-19
-7
-7
-7
38
40
43
64
35
43
47
42
45
34
36
27
23
33
39
72
35
53
69
61
42
45
42
47
49
61
53
14
19
24
9
-58
-63
-59
-42
-102
-87
-66
-57
-9
-25
17
47
65
37
50
85
109
118
133
142
193
223
164
152
147
205
208
163
213
241
243
267
259
267
291
257
275
313
337
331
290
332
380
441
451
441
495
537
546
576
573
553
532
521
511
479
443
422
411
419
431
381
372
360
369
359
348
285
247
252
278
275
269
237
194
259
280
306
270
231
258
280
255
223
168
180
149
91
66
38
42
-8
1
-23
-44
-72
-112
-130
-138
-175
-244
-271
-339
-373
-398
-416
-468
-504
-524
-552
-564
-596
-638
-656
-658
-659
-698
-740
-751
-737
-726
-749
-766
-745
-728
-708
-669
-661
-632
-582
-580
-560
-494
-470
-446
-413
-366
-330
-278
-232
-174
-73
7
57
112
198
245
315
347
412
435
428
487
559
611
639
704
774
853
912
985
1065
1120
1174
1252
1310
1315
1341
1427
1458
1486
1511
1521
1560
1581
1617
1628
1645
1701
1714
1698
1717
1709
1697
1678
1621
1545
1494
1382
1255
1086
898
702
498
284
121
-84
-288
-399
-519
-608
-658
-686
-682
-696
-666
-648
-613
-549
-511
-451
-397
-338
-287
-190
-124
-35
62
174
254
312
364
405
405
384
364
284
201
101
11
-121
-207
-342
-430
-516
-642
-704
-842
-999
-1182
-1308
-1385
-1493
-1664
-1744
-1764
-1770
-1764
-1727
-1624
-1451
-1314
-1178
-1026
-863
-736
-620
-582
-538
-528
-527
-519
-585
-620
-662
-710
-743
-729
-730
-700
-722
-741
-720
-711
-714
-746
-774
-776
-802
-811
-821
-795
-722
-658
-546
-446
-289
-109
83
300
488
668
856
1038
1215
1362
1455
1509
1567
1672
1766
1800
1819
1939
2022
2080
2144
2247
2323
2361
2367
2384
2348
2297
2266
2178
2063
1910
1773
1585
1372
1134
839
500
219
-25
-258
-565
-767
-891
-1007
-1082
-1115
-1086
-1033
-925
-855
-717
-585
-495
-364
-223
-112
-9
71
176
300
418
525
594
630
675
721
741
681
574
477
345
208
38
-134
-331
-506
-646
-788
-895
-1036
-1134
-1153
-1163
-1191
-1213
-1222
-1255
-1259
-1295
-1340
-1410
-1449
-1448
-1425
-1357
-1315
-1212
-1092
-944
-792
-658
-558
-456
-394
-354
-352
-437
-511
-613
-714
-853
-918
-1059
-1149
-1203
-1233
-1205
-1214
-1169
-1124
-1090
-1063
-1021
-1010
-940
-899
-860
-812
-747
-635
-540
-433
-276
-115
18
160
303
432
542
619
707
793
831
898
964
1046
1171
1271
1414
1542
1703
1786
1919
2079
2187
2283
2329
2374
2395
2415
2328
2301
2312
2295
2220
2132
1989
1871
1681
1414
1073
719
390
18
-252
-554
-815
-997
-1142
-1180
-1152
-1095
-1027
-868
-710
-561
-433
-348
-208
-92
22
82
108
188
303
405
505
624
710
796
863
915
906
851
747
613
466
257
35
-229
-430
-622
-812
-965
-1097
-1157
-1155
-1165
-1137
-1081
-1022
-952
-911
-872
-959
-1017
-1050
-1068
-1098
-1160
-1163
-1100
-1029
-940
-854
-743
-595
-525
-411
-388
-402
-428
-531
-627
-738
-865
-1023
-1139
-1244
-1367
-1394
-1448
-1410
-1348
-1286
-1223
-1176
-1083
-1030
-975
-930
-899
-852
-818
-798
-766
-717
-612
-506
-408
-278
-169
-11
150
255
370
473
520
603
641
695
711
749
816
901
1004
1103
1227
1379
1534
1633
1816
1995
2138
2210
2280
2328
2378
2388
2364
2390
2393
2384
2352
2364
2340
2335
2255
2130
1942
1585
1223
862
500
79
-297
-669
-961
-1178
-1330
-1402
-1414
-1316
-1184
-1030
-854
-690
-506
-342
-236
-127
-47
15
46
128
215
306
389
471
635
761
849
915
941
922
857
711
562
361
95
-156
-449
-682
-898
-1079
-1205
-1294
-1324
-1326
-1294
-1216
-1161
-1089
-1094
-1153
-1179
-1213
-1221
-1309
-1392
-1430
-1368
-1302
-1270
-1125
-932
-768
-581
-479
-383
-271
-205
-255
-353
-473
-631
-814
-989
-1142
-1287
-1385
-1460
-1468
-1407
-1333
-1302
-1218
-1101
-1002
-941
-885
-857
-804
-778
-783
-755
-677
-606
-502
-419
-307
-134
68
252
399
538
639
714
781
828
841
849
852
881
912
986
1075
1205
1343
1491
1707
1910
2101
2245
2383
2454
2540
2563
2532
2575
2536
2499
2436
2372
2345
2291
2219
2106
1896
1589
1266
922
586
194
-182
-558
-895
-1149
-1350
-1467
-1481
-1455
-1383
-1256
-1084
-879
-669
-476
-317
-172
-54
45
150
247
337
394
453
576
675
748
835
910
918
943
906
807
693
504
316
49
-238
-488
-733
-952
-1118
-1274
-1372
-1418
-1453
-1411
-1328
-1257
-1175
-1124
-1114
-1113
-1143
-1128
-1130
-1167
-1207
-1243
-1178
-1146
-1056
-942
-819
-674
-593
-512
-434
-381
-374
-446
-560
-702
-845
-982
-1144
-1285
-1366
-1439
-1501
-1463
-1412
-1321
-1251
-1178
-1048
-922
-835
-775
-726
-698
-692
-684
-659
-596
-549
-473
-367
-241
-79
70
297
441
549
686
742
826
864
886
921
925
948
1008
1099
1201
1319
1509
1692
1849
2047
2224
2358
2494
2566
2589
2634
2625
2621
2536
2484
2412
2297
2228
2166
2033
1843
1572
1206
875
576
217
-171
-510
-832
-1137
-1333
-1484
-1532
-1517
-1470
-1376
-1252
-1063
-831
-600
-430
-254
-95
36
165
266
352
422
495
587
661
738
782
832
878
881
871
762
686
554
382
157
-114
-335
-587
-809
-1032
-1194
-1323
-1437
-1493
-1505
-1471
-1388
-1277
-1222
-1172
-1145
-1167
-1169
-1150
-1138
-1147
-1160
-1173
-1136
-1083
-1018
-919
-774
-679
-588
-514
-464
-407
-386
-497
-611
-696
-810
-922
-1070
-1223
-1352
-1416
-1471
-1454
-1417
-1361
-1280
-1186
-1090
-997
-882
-803
-757
-697
-657
-655
-603
-545
-491
-436
-357
-259
-96
56
192
359
483
613
767
838
930
993
1027
1051
1074
1140
1211
1298
1406
1534
1658
1807
1964
2155
2290
2409
2535
2591
2632
2634
2611
2589
2513
2423
2326
2242
2127
1942
1703
1370
1047
753
430
98
-256
-587
-881
-1115
-1275
-1400
-1439
-1446
-1396
-1338
-1212
-1010
-862
-706
-533
-358
-211
-67
44
173
285
371
491
596
679
733
800
826
846
840
786
717
603
479
297
105
-98
-343
-575
-800
-997
-1172
-1294
-1414
-1478
-1491
-1488
-1442
-1409
-1367
-1344
-1368
-1367
-1353
-1322
-1347
-1364
-1333
-1311
-1254
-1211
-1104
-962
-830
-738
-631
-510
-434
-405
-414
-457
-517
-627
-754
-893
-1029
-1139
-1259
-1351
-1413
-1423
-1418
-1362
-1308
-1242
-1131
-1022
-948
-864
-778
-740
-728
-708
-648
-625
-572
-557
-500
-376
-223
-89
67
255
391
530
663
784
877
983
1012
1071
1110
1207
1253
1310
1401
1508
1638
1760
1925
2049
2194
2304
2416
2460
2516
2527
2529
2487
2441
2385
2301
2236
2102
1992
1789
1536
1226
908
613
271
-70
-402
-656
-927
-1150
-1283
-1380
-1429
-1448
-1416
-1320
-1153
-1015
-853
-673
-510
-356
-211
-67
47
150
281
358
446
544
602
684
728
773
783
761
730
690
610
490
340
167
-46
-280
-509
-705
-910
-1073
-1209
-1314
-1382
-1444
-1424
-1431
-1405
-1379
-1392
-1407
-1433
-1412
-1408
-1406
-1433
-1395
-1340
-1283
-1186
-1059
-908
-756
-640
-550
-413
-307
-250
-236
-308
-376
-468
-589
-723
-875
-1004
-1107
-1222
-1294
-1299
-1295
-1259
-1230
-1157
-1079
-985
-874
-778
-730
-702
-661
-595
-560
-562
-518
-470
-406
-298
-185
-67
105
242
401
561
697
830
943
1028
1113
1162
1227
1310
1344
1382
1443
1532
1628
1704
1841
1961
2058
2183
2213
2305
2376
2421
2441
2398
2382
2310
2256
2190
2083
1992
1814
1592
1328
1011
749
449
137
-155
-429
-718
-947
-1109
-1237
-1274
-1300
-1282
-1243
-1127
-1000
-866
-718
-580
-437
-321
-221
-78
18
103
226
303
349
460
533
628
694
710
741
748
733
643
581
459
290
112
-44
-251
-477
-653
-811
-966
-1092
-1174
-1268
-1277
-1306
-1314
-1276
-1266
-1301
-1347
-1361
-1359
-1384
-1415
-1393
-1369
-1319
-1245
-1154
-1025
-872
-778
-638
-533
-390
-274
-235
-254
-288
-321
-456
-552
-688
-807
-894
-1004
-1097
-1158
-1166
-1164
-1124
-1093
-1059
-948
-914
-865
-800
-747
-713
-691
-679
-660
-629
-587
-548
-467
-353
-232
-91
60
205
337
465
591
737
813
905
952
1017
1085
1137
1189
1244
1355
1431
1526
1623
1792
1952
2096
2208
2283
2394
2430
2487
2518
2493
2487
2426
2378
2290
2180
2088
1989
1791
1536
1263
971
692
369
81
-220
-530
-776
-983
-1151
-1255
-1294
-1328
-1324
-1269
-1142
-1024
-880
-758
-620
-459
-306
-198
-84
54
168
240
311
407
488
584
672
734
761
778
790
757
736
628
524
403
219
48
-129
-321
-531
-695
-859
-985
-1092
-1152
-1200
-1243
-1232
-1244
-1266
-1316
-1329
-1315
-1294
-1321
-1323
-1298
-1250
-1172
-1102
-984
-842
-717
-624
-474
-379
-266
-174
-174
-161
-183
-234
-332
-438
-554
-652
-777
-893
-960
-983
-1020
-1068
-1087
-1030
-983
-959
-896
-845
-788
-795
-724
-697
-658
-626
-588
-538
-490
-378
-287
-112
-3
137
296
425
586
710
848
933
1018
1043
1115
1200
1263
1315
1385
1440
1524
1620
1709
1823
1948
2054
2132
2209
2304
2388
2416
2417
2422
2453
2423
2344
2302
2223
2131
1988
1787
1536
1273
1013
719
405
136
-116
-374
-623
-844
-995
-1063
-1139
-1183
-1181
-1118
-1035
-928
-818
-686
-579
-443
-306
-206
-78
34
146
215
344
435
506
593
692
758
788
832
821
809
774
717
617
527
377
220
46
-126
-267
-471
-627
-747
-862
-933
-1015
-1060
-1062
-1070
-1077
-1080
-1137
-1165
-1150
-1145
-1175
-1236
-1225
-1180
-1148
-1097
-1008
-875
-766
-653
-535
-394
-273
-180
-136
-144
-152
-171
-267
-369
-492
-583
-692
-823
-909
-989
-1015
-1050
-1048
-1014
-989
-903
-826
-781
-712
-662
-652
-615
-558
-525
-504
-499
-447
-395
-341
-269
-146
-9
132
293
426
594
737
885
997
1095
1208
1276
1353
1403
1444
1474
1530
1572
1624
1722
1801
1889
1964
2055
2144
2226
2323
2386
2418
2437
2443
2419
2364
2305
2227
2093
1930
1673
1388
1110
789
525
229
-76
-334
-565
-746
-901
-998
-1070
-1087
-1106
-1067
-986
-923
-842
-748
-654
-578
-447
-359
-263
-153
-66
47
162
274
388
485
591
698
773
816
857
853
846
830
728
631
536
370
222
56
-111
-265
-427
-582
-684
-768
-837
-890
-927
-952
-970
-1009
-1058
-1116
-1141
-1143
-1227
-1254
-1288
-1254
-1216
-1203
-1097
-976
-859
-779
-671
-499
-350
-266
-235
-188
-138
-138
-195
-300
-373
-453
-575
-702
-812
-878
-910
-966
-1033
-1016
-957
-894
-855
-793
-739
-669
-606
-616
-582
-555
-535
-533
-544
-521
-458
-402
-328
-225
-82
93
250
419
570
703
878
1017
1126
1215
1285
1340
1383
1439
1475
1541
1578
1604
1703
1791
1904
1972
2080
2185
2276
2355
2421
2472
2501
2500
2447
2423
2354
2267
2086
1856
1618
1334
1052
763
507
214
-49
-310
-528
-678
-833
-902
-992
-1048
-1028
-1020
-1016
-941
-867
-799
-708
-641
-519
-459
-336
-204
-131
-14
99
201
331
459
541
658
734
770
795
849
840
806
740
633
520
388
233
76
-78
-258
-392
-535
-625
-756
-818
-879
-945
-967
-991
-1044
-1113
-1156
-1190
-1216
-1263
-1339
-1360
-1315
-1315
-1299
-1242
-1123
-1013
-912
-811
-658
-500
-413
-335
-284
-263
-238
-266
-317
-427
-484
-564
-714
-810
-883
-941
-992
-1066
-1078
-1042
-995
-935
-915
-862
-785
-762
-717
-686
-669
-626
-636
-644
-594
-522
-478
-403
-314
-172
-36
91
236
385
555
714
833
932
1060
1155
1260
1300
1341
1438
1495
1523
1576
1673
1726
1791
1854
1964
2051
2110
2184
2242
2311
2338
2342
2314
2307
2250
2153
2052
1880
1693
1453
1208
939
649
399
114
-146
-398
-597
-754
-880
-982
-1053
-1090
-1101
-1058
-985
-926
-848
-779
-675
-605
-506
-405
-333
-240
-123
-31
26
134
227
310
406
512
572
610
681
697
721
690
629
567
488
385
232
92
-70
-207
-369
-518
-639
-738
-835
-923
-988
-1045
-1092
-1179
-1219
-1259
-1292
-1351
-1414
-1454
-1394
-1395
-1425
-1358
-1263
-1183
-1095
-1014
-855
-694
-572
-523
-452
-357
-302
-287
-326
-355
-408
-488
-581
-687
-757
-770
-858
-921
-945
-934
-888
-882
-882
-821
-782
-745
-710
-678
-628
-601
-598
-584
-541
-494
-423
-380
-320
-220
-120
13
138
277
415
557
707
817
927
1064
1182
1261
1346
1424
1541
1610
1653
1744
1823
1880
1929
1999
2085
2136
2198
2240
2285
2321
2331
2353
2321
2250
2192
2107
1972
1755
1514
1284
1013
737
427
133
-155
-406
-635
-835
-972
-1050
-1112
-1187
-1157
-1126
-1058
-975
-882
-772
-679
-567
-486
-391
-289
-205
-124
-43
7
73
156
249
335
403
504
574
627
691
722
701
696
652
544
461
331
159
40
-148
-317
-470
-636
-744
-852
-969
-1071
-1158
-1232
-1298
-1375
-1379
-1414
-1451
-1465
-1490
-1498
-1493
-1415
-1368
-1299
-1229
-1156
-1035
-927
-837
-738
-668
-608
-536
-470
-468
-455
-459
-486
-534
-578
-646
-697
-752
-818
-855
-912
-908
-918
-913
-903
-907
-900
-854
-794
-777
-765
-734
-695
-670
-642
-587
-512
-432
-376
-268
-193
-82
42
183
314
434
560
669
805
931
1033
1133
1263
1336
1447
1517
1614
1700
1747
1813
1879
1918
1977
2053
2086
2129
2147
2179
2177
2161
2138
2115
2069
1960
1818
1658
1446
1201
948
684
416
134
-154
-448
-664
-857
-1020
-1156
-1230
-1281
-1275
-1238
-1195
-1100
-1021
-913
-790
-707
-598
-496
-400
-308
-231
-144
-71
1
66
135
240
309
379
468
522
572
620
630
606
596
521
441
308
173
40
-147
-289
-476
-607
-758
-886
-1009
-1118
-1257
-1368
-1454
-1505
-1537
-1621
-1640
-1638
-1656
-1663
-1628
-1536
-1466
-1399
-1339
-1215
-1090
-969
-871
-790
-689
-614
-570
-546
-516
-479
-490
-536
-586
-599
-625
-659
-718
-787
-780
-809
-813
-847
-853
-853
-857
-876
-860
-856
-850
-831
-865
-822
-777
-724
-682
-625
-530
-427
-354
-203
-73
50
164
301
439
566
667
781
889
984
1080
1164
1289
1378
1439
1532
1627
1708
1802
1870
1958
2030
2096
2158
2194
2225
2233
2231
2229
2181
2137
2063
1975
1835
1661
1474
1207
1013
756
505
222
-49
-273
-536
-704
-896
-1036
-1137
-1209
-1234
-1227
-1199
-1143
-1067
-971
-863
-733
-677
-568
-433
-331
-225
-130
-35
67
147
195
273
364
411
496
551
560
622
625
616
585
535
436
356
217
105
-38
-201
-347
-494
-642
-787
-933
-1082
-1223
-1321
-1452
-1505
-1569
-1643
-1645
-1650
-1661
-1644
-1599
-1524
-1469
-1386
-1265
-1158
-1037
-959
-875
-782
-682
-597
-552
-522
-489
-507
-517
-535
-564
-581
-600
-626
-674
-706
-731
-748
-756
-787
-795
-797
-838
-859
-846
-852
-878
-894
-897
-861
-850
-804
-767
-674
-570
-480
-377
-236
-78
38
196
317
435
548
667
774
869
983
1043
1136
1266
1314
1380
1475
1576
1645
1744
1832
1893
1982
2004
2069
2095
2100
2121
2121
2091
2063
2038
1994
1906
1808
1702
1522
1320
1082
859
634
415
145
-102
-321
-550
-725
-900
-1027
-1104
-1156
-1170
-1166
-1154
-1049
-973
-884
-776
-659
-569
-482
-369
-265
-171
-105
-37
65
136
198
267
316
377
427
479
527
553
539
545
517
471
421
321
223
125
-27
-153
-319
-447
-587
-750
-892
-1063
-1193
-1284
-1373
-1452
-1531
-1580
-1602
-1624
-1585
-1560
-1506
-1468
-1395
-1340
-1246
-1158
-1062
-937
-881
-793
-749
-708
-659
-604
-557
-549
-548
-565
-566
-586
-593
-608
-642
-680
-704
-730
-726
-758
-777
-784
-828
-833
-833
-832
-869
-881
-872
-861
-831
-810
-739
-672
-586
-457
-365
-250
-130
-2
109
244
377
490
599
667
790
906
1002
1089
1209
1287
1404
1503
1580
1675
1756
1843
1914
1984
2032
2073
2106
2155
2156
2163
2156
2113
2114
2073
2002
1911
1819
1674
1456
1275
1054
802
565
292
43
-221
-445
-665
-857
-988
-1088
-1164
-1177
-1221
-1156
-1123
-1062
-971
-878
-737
-641
-544
-445
-339
-232
-164
-97
-8
73
118
184
249
319
373
412
485
533
572
577
576
529
493
413
310
198
58
-82
-201
-363
-518
-616
-789
-929
-1045
-1177
-1307
-1391
-1444
-1523
-1528
-1585
-1612
-1603
-1554
-1506
-1472
-1386
-1320
-1259
-1156
-1058
-951
-849
-786
-710
-655
-585
-529
-528
-512
-510
-504
-541
-566
-556
-602
-632
-661
-666
-712
-723
-737
-775
-775
-785
-794
-823
-826
-820
-843
-830
-860
-836
-791
-773
-682
-641
-539
-407
-285
-180
-61
131
272
363
499
615
732
808
901
1014
1100
1197
1283
1359
1451
1554
1664
1732
1790
1883
1952
2027
2089
2099
2123
2158
2193
2178
2139
2097
2068
2011
1922
1799
1625
1467
1239
1041
815
580
351
92
-115
-347
-540
-719
-867
-967
-1063
-1110
-1134
-1128
-1087
-1033
-970
-907
-809
-740
-604
-512
-445
-348
-268
-166
-71
-21
88
154
208
289
345
432
447
489
514
528
506
479
420
372
301
170
62
-94
-207
-324
-464
-593
-694
-818
-956
-1038
-1150
-1247
-1354
-1400
-1432
-1491
-1535
-1557
-1564
-1548
-1501
-1477
-1385
-1314
-1231
-1187
-1078
-951
-877
-779
-732
-629
-579
-554
-523
-523
-502
-515
-554
-584
-598
-615
-657
-682
-742
-737
-740
-762
-768
-803
-773
-780
-801
-814
-799
-784
-823
-817
-813
-787
-742
-699
-647
-553
-459
-325
-220
-90
58
176
339
485
578
711
818
922
1029
1123
1227
1343
1395
1476
1550
1617
1710
1784
1878
1923
1968
2026
2086
2138
2179
2201
2196
2192
2171
2140
2085
1988
1907
1777
1602
1409
1200
985
782
528
294
43
-160
-352
-537
-674
-770
-895
-1002
-1003
-1007
-984
-935
-912
-844
-776
-694
-615
-537
-439
-337
-254
-189
-135
-41
19
82
194
250
329
382
451
505
553
564
574
551
517
464
395
295
173
65
-62
-195
-309
-437
-571
-681
-780
-911
-1025
-1125
-1211
-1322
-1397
-1437
-1503
-1541
-1578
-1560
-1506
-1517
-1428
-1348
-1279
-1177
-1091
-960
-844
-773
-705
-622
-551
-486
-474
-468
-467
-473
-499
-514
-527
-557
-602
-636
-643
-657
-656
-672
-661
-675
-678
-678
-699
-723
-719
-702
-725
-770
-751
-740
-712
-699
-647
-547
-442
-323
-212
-100
40
218
361
483
614
736
885
969
1078
1171
1258
1373
1427
1499
1566
1641
1725
1792
1848
1945
1995
2047
2123
2169
2202
2225
2220
2231
2218
2179
2151
2120
2022
1905
1751
1580
1375
1161
934
714
476
266
51
-177
-365
-524
-658
-773
-846
-911
-938
-962
-927
-893
-872
-795
-716
-628
-572
-508
-444
-372
-299
-233
-155
-69
22
100
200
245
342
396
469
499
552
549
579
534
476
432
323
241
114
40
-101
-246
-365
-498
-625
-752
-841
-962
-1087
-1176
-1262
-1344
-1427
-1446
-1487
-1542
-1551
-1535
-1526
-1484
-1442
-1355
-1278
-1209
-1132
-1032
-894
-807
-736
-660
-579
-555
-502
-498
-495
-475
-476
-507
-527
-568
-586
-590
-651
-663
-673
-687
-711
-732
-748
-730
-727
-746
-762
-774
-782
-791
-779
-792
-745
-681
-660
-603
-482
-382
-282
-150
-30
112
262
403
540
664
804
904
1020
1135
1227
1318
1408
1473
1554
1617
1690
1762
1831
1896
1952
2013
2041
2096
2122
2147
2149
2140
2113
2078
2045
1956
1878
1774
1609
1461
1268
1058
839
628
393
165
-54
-239
-437
-603
-731
-874
-958
-1012
-1043
-1034
-1049
-996
-962
-885
-802
-738
-661
-597
-489
-416
-353
-292
-203
-153
-74
-16
51
142
192
264
344
397
426
436
433
435
405
361
277
196
86
-12
-126
-273
-415
-549
-635
-778
-887
-1031
-1139
-1256
-1338
-1413
-1463
-1522
-1579
-1582
-1574
-1553
-1537
-1502
-1468
-1387
-1335
-1245
-1169
-1049
-959
-911
-821
-762
-682
-623
-582
-561
-541
-541
-545
-552
-539
-532
-588
-612
-619
-636
-641
-653
-635
-655
-690
-694
-742
-765
-765
-822
-830
-838
-830
-805
-809
-801
-742
-660
-559
-458
-340
-203
-54
100
225
372
479
627
733
843
948
1045
1145
1202
1291
1373
1431
1512
1569
1638
1707
1763
1796
1872
1956
1994
2040
2044
2067
2073
2060
2037
1985
1904
1871
1788
1638
1517
1344
1153
930
735
557
334
102
-78
-247
-467
-591
-726
-851
-934
-966
-1023
-1024
-999
-971
-951
-908
-803
-782
-739
-654
-579
-485
-405
-351
-254
-178
-95
-24
46
89
157
217
278
292
357
365
376
371
311
266
191
123
-6
-107
-223
-335
-458
-576
-721
-830
-979
-1110
-1231
-1301
-1414
-1523
-1546
-1626
-1614
-1632
-1630
-1576
-1540
-1484
-1396
-1293
-1222
-1133
-1037
-952
-885
-791
-750
-698
-628
-589
-576
-583
-562
-519
-493
-518
-520
-527
-505
-516
-533
-514
-528
-536
-582
-604
-635
-642
-668
-722
-768
-786
-770
-791
-779
-784
-747
-699
-639
-540
-425
-298
-148
-6
112
277
432
548
671
774
862
951
1064
1143
1219
1321
1388
1458
1524
1585
1676
1743
1794
1863
1920
1961
2004
2039
2039
2045
2028
2009
2006
1955
1947
1852
1774
1707
1599
1482
1356
1179
1018
847
664
484
270
94
-100
-263
-417
-537
-662
-760
-808
-876
-913
-920
-880
-841
-810
-739
-686
-626
-572
-490
-409
-339
-292
-185
-128
-56
-12
29
117
148
198
268
295
322
334
347
378
337
281
240
193
124
19
-92
-177
-314
-447
-600
-764
-879
-1021
-1149
-1270
-1368
-1411
-1497
-1542
-1537
-1536
-1507
-1479
-1444
-1341
-1240
-1177
-1060
-976
-926
-845
-781
-733
-663
-644
-605
-572
-554
-505
-487
-473
-468
-442
-440
-397
-384
-380
-392
-391
-386
-447
-467
-500
-564
-621
-668
-697
-733
-778
-793
-786
-781
-773
-739
-649
-568
-475
-313
-197
-61
85
201
344
463
586
677
787
872
958
1067
1138
1205
1266
1327
1413
1501
1567
1628
1711
1771
1815
1874
1918
1960
1978
2000
2005
1997
1984
1979
1908
1892
1855
1793
1711
1579
1505
1344
1199
1053
876
703
463
313
107
-82
-283
-458
-573
-697
-785
-858
-944
-998
-987
-989
-943
-897
-847
-770
-721
-662
-559
-487
-429
-376
-249
-222
-146
-94
-16
39
72
144
185
258
244
316
308
306
300
270
227
128
71
11
-78
-192
-276
-415
-564
-716
-858
-1011
-1123
-1275
-1360
-1470
-1540
-1572
-1606
-1614
-1587
-1557
-1507
-1409
-1345
-1222
-1142
-1063
-991
-906
-828
-781
-719
-676
-643
-606
-563
-550
-514
-536
-503
-479
-473
-432
-440
-414
-436
-438
-420
-437
-460
-493
-532
-567
-626
-692
-749
-764
-800
-826
-835
-807
-746
-701
-607
-494
-398
-268
-172
-16
147
278
409
518
660
739
827
885
974
1078
1132
1189
1247
1318
1392
1452
1512
1605
1692
1766
1820
1892
1948
2001
2037
2041
2048
2057
2046
1992
1953
1862
1794
1708
1593
1496
1347
1181
1018
836
661
499
291
112
-83
-224
-402
-559
-699
-822
-881
-954
-998
-1007
-1008
-997
-966
-928
-863
-810
-724
-651
-576
-479
-416
-336
-273
-184
-102
-23
51
99
160
233
270
318
348
331
319
322
305
254
195
142
68
-35
-119
-227
-350
-464
-583
-731
-848
-979
-1116
-1204
-1302
-1376
-1440
-1500
-1533
-1536
-1504
-1469
-1404
-1328
-1241
-1161
-1063
-982
-896
-793
-728
-688
-618
-556
-546
-518
-487
-481
-476
-445
-431
-442
-444
-410
-398
-414
-393
-390
-378
-403
-434
-434
-485
-546
-597
-632
-646
-699
-736
-744
-742
-729
-713
-640
-569
-496
-354
-246
-122
31
171
319
453
584
693
787
882
969
1054
1141
1207
1279
1340
1361
1440
1511
1571
1654
1723
1780
1846
1855
1892
1935
1971
1993
1992
2002
1951
1926
1884
1831
1770
1682
1589
1474
1319
1185
1035
849
684
510
322
158
-32
-202
-342
-479
-620
-711
-782
-852
-886
-925
-941
-905
-876
-852
-823
-767
-696
-627
-575
-507
-416
-372
-284
-232
-169
-92
-38
48
111
160
212
274
278
321
337
295
273
280
226
157
83
-7
-86
-194
-281
-382
-496
-625
-751
-853
-929
-1059
-1142
-1221
-1306
-1381
-1417
-1425
-1442
-1427
-1373
-1331
-1290
-1178
-1127
-1043
-946
-871
-801
-744
-651
-623
-551
-554
-541
-497
-504
-482
-479
-447
-458
-455
-448
-425
-432
-452
-438
-455
-465
-474
-480
-524
-577
-612
-623
-665
-686
-696
-726
-709
-705
-652
-620
-556
-428
-319
-195
-101
36
166
292
423
523
635
730
835
887
977
1014
1087
1148
1194
1288
1341
1419
1479
1568
1643
1698
1745
1812
1835
1869
1904
1926
1918
1888
1855
1813
1756
1681
1606
1527
1412
1282
1138
973
803
675
492
324
170
-32
-187
-331
-474
-634
-736
-841
-923
-963
-989
-997
-972
-965
-936
-886
-835
-794
-701
-661
-574
-487
-453
-366
-303
-205
-148
-82
-39
36
77
114
170
211
241
251
234
249
224
188
137
74
9
-72
-169
-238
-341
-440
-512
-642
-725
-844
-950
-1047
-1162
-1239
-1276
-1347
-1389
-1410
-1410
-1383
-1354
-1298
-1239
-1148
-1098
-1024
-927
-868
-799
-739
-674
-623
-566
-546
-526
-512
-508
-478
-483
-475
-486
-472
-474
-467
-455
-444
-461
-469
-462
-470
-503
-519
-536
-573
-600
-649
-667
-660
-681
-678
-680
-657
-588
-505
-441
-351
-210
-108
6
157
284
380
492
564
681
763
827
906
972
1025
1075
1180
1227
1284
1326
1373
1456
1519
1590
1610
1681
1719
1781
1816
1813
1826
1790
1772
1732
1700
1623
1573
1463
1360
1258
1141
1025
857
750
578
405
269
121
-51
-197
-328
-456
-546
-664
-735
-794
-832
-860
-907
-876
-857
-826
-793
-735
-696
-655
-578
-526
-452
-396
-328
-300
-241
-168
-105
-60
-6
38
81
115
117
155
145
162
136
122
107
56
12
-65
-138
-213
-268
-389
-485
-587
-718
-827
-930
-1030
-1135
-1225
-1290
-1329
-1375
-1409
-1370
-1356
-1322
-1243
-1201
-1120
-1042
-1011
-912
-852
-789
-755
-716
-692
-643
-605
-611
-595
-560
-529
-527
-512
-500
-490
-453
-439
-456
-414
-411
-398
-407
-428
-444
-447
-496
-537
-572
-601
-612
-658
-645
-653
-648
-601
-576
-513
-433
-353
-227
-132
-22
103
215
327
447
506
620
725
768
848
887
939
1014
1068
1131
1183
1241
1314
1361
1399
1437
1491
1530
1552
1582
1595
1637
1665
1636
1624
1600
1559
1499
1472
1401
1329
1254
1171
1041
938
810
706
547
382
268
152
11
-128
-226
-369
-475
-556
-619
-691
-705
-744
-784
-776
-777
-749
-730
-695
-669
-632
-585
-532
-470
-437
-359
-304
-252
-215
-136
-83
-56
-21
33
69
65
106
96
105
98
88
59
1
-35
-88
-165
-251
-309
-399
-517
-627
-708
-822
-924
-1031
-1127
-1197
-1272
-1314
-1363
-1366
-1376
-1328
-1296
-1268
-1185
-1131
-1030
-971
-900
-824
-768
-733
-684
-640
-634
-620
-591
-572
-569
-601
-563
-536
-504
-473
-474
-448
-437
-424
-428
-412
-375
-412
-426
-431
-472
-473
-512
-567
-613
-626
-641
-650
-616
-599
-530
-451
-381
-289
-191
-104
26
146
218
329
419
516
569
632
705
741
791
858
889
931
995
1036
1090
1131
1226
1270
1333
1377
1408
1463
1490
1509
1523
1528
1531
1480
1492
1470
1445
1426
1370
1308
1266
1199
1124
1043
954
850
738
632
496
351
237
108
-23
-159
-254
-379
-502
-547
-616
-689
-754
-767
-788
-788
-767
-754
-726
-697
-624
-572
-537
-497
-454
-382
-331
-286
-246
-210
-171
-129
-96
-71
-31
-17
24
52
65
41
27
22
-7
-44
-98
-134
-234
-322
-405
-523
-675
-749
-848
-962
-1062
-1168
-1206
-1291
-1307
-1312
-1328
-1292
-1280
-1219
-1143
-1102
-1035
-962
-903
-848
-800
-751
-720
-685
-656
-663
-626
-590
-607
-571
-547
-510
-480
-453
-414
-382
-386
-355
-331
-351
-345
-349
-367
-407
-445
-491
-517
-563
-582
-624
-632
-625
-608
-586
-553
-476
-415
-307
-224
-120
-6
83
169
254
342
411
439
518
597
619
663
736
755
803
880
915
979
1038
1102
1149
1188
1242
1276
1314
1339
1331
1371
1379
1356
1352
1334
1323
1298
1277
1263
1213
1174
1117
1104
1054
981
917
823
746
607
534
416
264
162
46
-88
-212
-304
-404
-507
-577
-620
-668
-695
-714
-725
-702
-694
-642
-619
-588
-549
-508
-463
-443
-398
-370
-334
-308
-259
-230
-198
-146
-112
-76
-55
-37
-12
-19
9
6
-18
-41
-90
-126
-211
-297
-412
-488
-576
-725
-811
-914
-987
-1079
-1147
-1193
-1228
-1207
-1209
-1213
-1179
-1114
-1104
-1052
-987
-903
-842
-802
-782
-697
-658
-661
-630
-600
-534
-526
-541
-506
-453
-409
-406
-369
-357
-315
-291
-269
-272
-274
-251
-271
-302
-317
-331
-356
-375
-459
-465
-481
-485
-491
-490
-471
-437
-361
-306
-278
-181
-79
-23
53
126
214
279
348
400
453
512
549
556
623
656
709
749
782
869
910
948
1032
1073
1118
1162
1206
1238
1243
1281
1257
1285
1301
1288
1258
1255
1206
1183
1156
1139
1130
1100
1063
1013
983
957
906
847
762
673
594
485
366
273
158
51
-68
-158
-257
-368
-437
-466
-520
-574
-557
-558
-578
-555
-511
-503
-487
-433
-417
-406
-353
-293
-263
-261
-218
-213
-191
-145
-149
-93
-86
-81
-70
-61
-34
-58
-34
-58
-74
-82
-116
-183
-266
-322
-412
-497
-587
-698
-808
-879
-935
-1032
-1088
-1126
-1115
-1096
-1102
-1065
-1008
-963
-936
-895
-836
-733
-695
-651
-622
-578
-564
-557
-556
-542
-466
-470
-500
-467
-430
-402
-375
-386
-335
-276
-276
-264
-253
-224
-211
-244
-270
-289
-280
-324
-372
-398
-417
-420
-457
-455
-446
-433
-410
-362
-322
-260
-187
-107
-25
42
124
202
281
336
361
416
457
443
520
562
600
628
650
695
738
789
814
881
920
984
1026
1037
1105
1097
1120
1145
1124
1122
1106
1123
1104
1075
1045
1050
1049
1011
998
970
946
905
909
869
850
824
760
673
610
542
442
363
263
163
66
-22
-100
-189
-273
-317
-378
-400
-426
-454
-461
-451
-415
-416
-396
-395
-377
-349
-338
-334
-315
-272
-297
-270
-248
-234
-216
-207
-197
-204
-169
-188
-181
-169
-200
-183
-201
-231
-249
-289
-321
-387
-428
-491
-530
-613
-681
-721
-773
-808
-867
-897
-884
-888
-889
-867
-837
-772
-756
-723
-700
-640
-595
-583
-558
-513
-476
-457
-467
-441
-400
-378
-412
-406
-384
-350
-328
-311
-284
-290
-236
-227
-256
-238
-213
-219
-245
-258
-272
-285
-294
-316
-345
-335
-372
-351
-356
-350
-317
-262
-196
-202
-127
-41
-4
41
94
152
219
259
296
353
376
403
450
457
502
527
566
620
657
701
737
765
797
839
879
864
891
911
898
926
916
910
889
848
836
832
836
805
815
790
771
800
798
793
780
777
781
779
739
724
674
625
564
514
418
348
272
162
83
30
-49
-136
-193
-244
-273
-308
-345
-360
-365
-397
-395
-431
-452
-457
-484
-499
-501
-517
-558
-565
-555
-539
-534
-512
-534
-490
-468
-473
-423
-367
-350
-323
-322
-311
-277
-320
-331
-340
-372
-426
-456
-503
-565
-577
-624
-665
-686
-699
-683
-665
-673
-656
-635
-602
-568
-555
-525
-533
-499
-492
-450
-456
-467
-446
-451
-444
-431
-423
-402
-387
-351
-315
-317
-262
-236
-206
-203
-170
-161
-155
-129
-142
-154
-164
-184
-206
-219
-255
-252
-250
-257
-240
-252
-240
-215
-186
-133
-94
-84
-16
11
22
81
83
117
140
152
189
184
197
220
223
256
277
294
330
343
372
417
423
435
476
508
511
511
521
538
565
563
577
592
584
568
546
552
526
546
535
514
518
526
522
499
526
526
516
547
549
552
555
563
560
542
546
520
523
484
442
429
399
346
282
275
204
153
110
72
45
-3
-37
-77
-130
-125
-187
-223
-215
-242
-281
-313
-338
-362
-401
-431
-441
-495
-484
-488
-506
-535
-538
-490
-492
-478
-459
-461
-475
-474
-468
-451
-452
-472
-445
-478
-477
-461
-448
-460
-475
-458
-496
-481
-469
-476
-491
-458
-448
-442
-429
-413
-383
-401
-374
-356
-363
-320
-300
-318
-311
-295
-296
-276
-260
-261
-236
-215
-227
-208
-178
-170
-144
-134
-142
-116
-138
-97
-71
-70
-71
-71
-44
-53
-49
-48
-35
-5
-24
-13
-11
-39
4
9
-4
26
48
47
62
72
98
101
125
158
183
158
178
181
189
204
219
228
230
234
224
249
253
282
285
287
321
324
337
321
321
333
331
340
326
346
336
333
329
289
291
295
287
291
293
286
300
313
321
312
297
322
316
315
333
310
292
313
271
265
258
238
251
193
185
161
152
160
136
103
103
68
32
-2
8
-34
-56
-57
-105
-111
-142
-167
-202
-236
-271
-288
-296
-343
-336
-357
-409
-397
-405
-424
-427
-429
-423
-418
-431
-398
-399
-411
-410
-395
-380
-381
-372
-387
-383
-337
-336
-336
-325
-300
-292
-299
-267
-251
-249
-222
-226
-231
-190
-164
-165
-165
-116
-116
-107
-99
-120
-98
-106
-103
-87
-102
-87
-92
-79
-92
-85
-62
-99
-36
-64
-56
-35
-20
-2
-14
-4
-12
-15
-30
-37
-19
-31
-33
-22
-62
-85
-66
-70
-42
-45
-19
23
20
18
34
51
48
48
53
81
54
53
50
68
82
42
43
48
45
91
77
92
121
122
143
136
147
135
164
143
136
138
133
152
144
141
157
146
157
159
180
173
176
181
158
177
191
206
185
184
170
182
146
194
206
192
205
175
175
173
167
155
164
151
152
151
151
141
184
191
190
176
167
181
177
143
155
153
143
135
120
119
91
82
82
97
87
81
58
46
30
16
-13
4
2
-20
-28
-29
-22
-56
-18
-9
-26
-7
3
-8
-5
12
3
6
32
43
39
26
42
62
63
61
93
106
120
117
116
153
138
173
203
188
198
184
178
182
194
188
151
151
163
139
119
115
105
112
100
106
107
105
110
86
102
119
137
119
111
121
89
98
101
92
97
102
106
116
123
141
129
153
167
147
178
160
169
158
155
177
166
153
157
166
166
158
158
179
151
141
166
158
139
142
113
105
98
106
124
93
129
89
92
108
111
126
118
136
174
172
181
193
190
187
203
225
201
201
182
210
201
177
164
159
157
161
139
130
132
118
101
133
134
145
155
162
174
172
179
162
188
179
167
188
195
181
168
170
199
199
189
185
178
201
173
195
214
194
205
207
189
178
175
163
133
133
120
112
80
85
101
57
80
81
71
67
81
102
102
101
125
136
118
111
103
145
137
135
142
165
151
152
159
148
150
130
142
145
119
89
129
113
120
112
124
135
139
171
169
143
131
152
134
149
137
120
119
137
125
118
119
113
118
139
129
114
132
132
151
149
134
143
156
133
112
122
96
87
79
73
54
33
25
31
60
70
66
76
80
74
86
98
85
96
97
80
70
88
104
72
66
89
84
72
59
76
103
73
87
89
101
98
108
109
119
122
136
149
125
168
138
120
128
106
139
108
96
104
83
95
92
122
129
130
131
126
126
141
131
134
135
131
150
132
148
164
158
169
156
162
164
121
137
151
154
186
185
182
192
194
204
232
206
213
214
210
201
208
204
173
170
170
161
132
137
121
109
80
77
94
57
61
71
90
106
94
105
103
118
103
125
109
104
120
100
74
71
85
88
81
98
82
71
82
73
64
47
62
58
58
80
63
49
54
63
83
74
76
79
68
53
45
45
43
35
48
53
60
21
59
43
28
71
41
47
40
70
63
62
65
67
69
91
81
69
74
77
74
89
114
102
101
94
109
122
110
91
104
116
139
143
130
142
138
122
143
138
125
146
136
128
139
143
128
138
134
117
96
110
118
107
101
103
113
100
127
138
146
167
147
130
139
160
157
141
119
162
155
102
107
109
107
134
113
122
135
110
128
147
136
154
164
175
175
159
159
147
148
167
155
158
164
161
167
167
171
177
180
180
186
183
189
186
191
184
186
179
164
171
167
142
167
155
162
171
160
155
156
142
149
155
145
159
192
178
163
190
180
157
151
160
132
136
127
128
128
115
109
125
131
127
122
119
133
122
139
133
168
125
132
145
124
144
143
121
131
131
109
117
111
128
113
96
120
135
148
140
134
156
141
129
143
138
142
140
142
134
134
112
128
143
126
120
95
105
96
101
124
106
114
121
141
90
103
115
121
130
122
154
142
153
148
148
152
166
171
143
138
141
130
138
115
124
130
162
145
127
152
118
160
154
150
171
177
173
164
177
162
155
185
202
171
150
145
186
193
183
214
185
188
176
185
179
155
176
183
172
149
183
158
180
176
174
180
177
187
163
198
181
167
176
166
170
165
155
146
147
142
160
124
129
132
120
152
157
149
117
134
131
119
149
130
130
143
144
128
136
133
102
104
99
91
101
121
101
106
103
111
99
98
79
86
97
89
89
64
77
85
91
97
128
107
107
121
116
117
122
110
105
108
128
121
103
139
94
92
110
122
145
91
107
112
104
144
113
129
124
122
104
120
127
118
113
113
142
126
130
127
119
130
114
111
117
129
120
118
126
114
140
124
104
118
108
109
140
104
122
118
117
119
126
109
112
125
122
126
119
105
117
126
85
111
88
100
98
103
111
94
120
111
76
113
118
109
114
102
104
104
113
120
77
82
116
96
120
103
85
95
117
109
92
95
119
125
98
107
99
99
91
91
79
73
73
61
100
99
99
94
98
101
105
90
97
120
83
86
97
105
86
110
89
96
94
86
86
92
86
86
87
61
90
91
93
54
102
95
86
92
99
112
96
111
105
125
85
100
98
83
75
82
71
60
86
59
83
42
29
48
76
76
77
91
54
58
40
53
82
31
33
37
17
39
26
12
14
27
12
19
20
28
11
7
44
25
18
19
40
24
19
18
4
7
23
5
32
15
-11
-5
-18
-21
-2
6
-2
-5
-7
0
10
-14
25
23
-10
-3
-27
9
15
-9
16
16
-1
12
23
19
23
8
6
25
-18
11
4
-9
8
7
-28
11
-9
-29
-15
-22
-6
-28
-21
-39
-13
-34
-43
-29
-52
-36
-29
-38
-43
-21
-20
-28
-29
-49
-65
-32
-26
-47
-38
-40
-34
-43
-46
-53
-41
-22
-49
-24
-13
-25
-8
-4
-15
-29
5
-8
2
8
-16
-32
-47
-25
-22
-27
-21
-17
-16
-27
-29
-34
-9
-17
-33
-7
-26
-30
-27
-39
-35
-12
-36
-46
-38
-26
-18
-45
-50
-32
-48
-64
-37
-45
-37
-33
-34
-33
-27
-32
-42
-43
-46
-45
-62
-50
-64
-71
-66
-68
-70
-66
-70
-83
-68
-86
-73
-60
-80
-91
-76
-89
-77
-78
-60
-73
-83
-83
-93
-78
-90
-82
-76
-85
-95
-84
-109
-88
-72
-84
-82
-104
-88
-77
-77
-68
-88
-68
-73
-72
-55
-79
-72
-91
-117
-73
-74
-89
-87
-100
-88
-84
-83
-80
-95
-99
-80
-92
-65
-74
-95
-72
-97
-96
-109
-107
-98
-104
-128
-105
-88
-120
-93
-96
-106
-91
-118
-119
-127
-95
-95
-131
-121
-137
-125
-120
-137
-121
-115
-121
-145
-123
-120
-135
-114
-140
-131
-137
-129
-119
-114
-128
-152
-113
-112
-115
-133
-141
-96
-111
-111
-125
-128
-132
-112
-101
-111
-106
-104
-116
-84
-84
-103
-108
-100
-96
-88
-100
-98
-98
-92
-77
-92
-100
-126
-102
-106
-86
-104
-108
-106
-96
-85
-92
-99
-79
-78
-48
-48
-69
-46
-90
-71
-76
-85
-88
-75
-69
-110
-102
-99
-87
-100
-109
-98
-95
-99
-96
-113
-73
-66
-102
-90
-97
-88
-86
-91
-96
-106
-106
-109
-95
-91
-97
-103
-101
-99
-111
-111
-111
-94
-86
-91
-101
-97
-87
-98
-86
-70
-97
-83
-91
-90
-90
-106
-88
-91
-85
-100
-107
-87
-85
-77
-91
-90
-59
-92
-116
-85
-96
-113
-108
-108
-116
-117
-110
-107
-117
-116
-120
-120
-140
-123
-127
-125
-146
-140
-169
-144
-122
-148
-123
-133
-119
-122
-109
-128
-127
-123
-134
-121
-121
-112
-109
-132
-124
-136
-129
-114
-144
-120
-106
-113
-118
-123
-132
-119
-114
-130
-123
-129
-117
-99
-128
-132
-115
-165
-134
-104
-124
-111
-113
-78
-87
-102
-112
-94
-97
-102
-115
-99
-115
-125
-124
-107
-102
-128
-107
-109
-83
-125
-100
-117
-128
-107
-116
-120
-98
-136
-118
-112
-117
-114
-104
-101
-115
-109
-124
-125
-108
-100
-90
-95
-107
-105
-98
-90
-105
-95
-107
-110
-123
-115
-103
-108
-92
-98
-101
-71
-83
-94
-96
-89
-89
-101
-92
-101
-115
-99
-110
-104
-83
-106
-104
-102
-98
-99
-101
-99
-75
-90
-81
-77
-92
-83
-95
-89
-94
-89
-86
-73
-74
-73
-82
-77
-87
-91
-67
-52
-58
-75
-87
-79
-80
-83
-58
-54
-96
-79
-70
-84
-79
-93
-62
-63
-75
-45
-64
-78
-69
-51
-80
-72
-63
-120
-101
-82
-93
-87
-79
-88
-74
-95
-98
-86
-85
-95
-80
-86
-101
-66
-78
-57
-62
-63
-56
-65
-67
-65
-85
-58
-42
-72
-66
-36
-17
-53
-57
-43
-44
-55
-64
-43
-41
-72
-61
-62
-77
-63
-31
-60
-57
-36
-67
-54
-74
-91
-52
-47
-67
-28
-48
-64
-42
-51
-56
-46
-57
-82
-55
-52
-53
-47
-54
-42
-40
-57
-50
-64
-63
-76
-53
-65
-46
-66
-66
-52
-70
-70
-66
-63
-88
-75
-90
-61
-83
-83
-91
-79
-73
-76
-79
-61
-72
-80
-107
-120
-87
-77
-77
-87
-82
-99
-85
-88
-94
-82
-71
-81
-76
-82
-88
-105
-82
-93
-104
-82
-90
-90
-91
-76
-74
-56
-78
-104
-82
-77
-72
-93
-93
-79
-99
-87
-82
-72
-88
-111
-87
-84
-85
-93
-68
-92
-89
-99
-93
-64
-98
-95
-76
-67
-84
-91
-86
-79
-97
-103
-115
-88
-91
-98
-100
-85
-80
-89
-84
-90
-90
-89
-93
-110
-72
-59
-83
-87
-72
-82
-85
-74
-75
-59
-69
-44
-53
-97
-85
-55
-66
-64
-43
-63
-57
-56
-64
-38
-57
-71
-73
-63
-83
-79
-70
-85
-67
-65
-56
-43
-63
-81
-58
-64
-38
-68
-81
-59
-78
-76
-66
-96
-94
-75
-64
-77
-98
-84
-74
-79
-84
-98
-121
-93
-76
-106
-91
-89
-111
-98
-110
-103
-65
-99
-100
-79
-86
-100
-100
-91
-113
-79
-98
-83
-67
-84
-81
-117
-88
-109
-87
-95
-105
-96
-116
-97
-107
-75
-113
-113
-104
-115
-114
-109
-117
-136
-130
-118
-101
-107
-105
-128
-128
-132
-111
-135
-143
-106
-108
-108
-103
-132
-122
-105
-129
-114
-120
-121
-110
-123
-117
-100
-110
-105
-97
-108
-100
-117
-121
-105
-77
-105
-119
-114
-139
-120
-125
-128
-111
-102
-112
-122
-127
-120
-91
-79
-102
-110
-90
-74
-84
-97
-95
-108
-80
-81
-81
-82
-102
-97
-88
-102
-105
-91
-81
-110
-88
-70
-83
-80
-97
-63
-64
-65
-92
-93
-72
-102
-103
-71
-66
-78
-62
-68
-75
-74
-66
-56
-44
-67
-61
-60
-73
-62
-55
-64
-75
-55
-71
-65
-86
-69
-60
-80
-53
-52
-42
-44
-70
-67
-52
-31
-35
-70
-69
-48
-44
-59
-33
-31
-48
-49
-31
-34
-35
-39
-42
-57
-40
-12
-35
-30
-11
1
-28
-10
-26
-14
-3
-21
-6
-4
-18
-12
7
8
8
7
7
-3
26
9
-15
-5
8
0
-13
-8
-34
-50
-26
-26
-38
10
-7
-13
-19
10
-14
-3
13
3
18
9
23
33
39
22
41
39
29
12
-7
8
1
12
-4
11
-8
16
20
6
21
-8
1
-22
-2
2
7
2
-3
6
2
15
-24
-7
5
-27
0
-7
-13
0
-9
-13
-9
3
-6
-17
-17
6
-3
8
10
2
7
-8
1
17
7
-2
13
4
26
-13
-7
3
-2
4
11
-13
-10
-2
-1
17
25
28
14
5
4
25
7
24
25
18
20
18
8
34
30
10
25
20
-3
8
26
20
25
20
-4
29
15
6
13
2
29
33
23
25
10
32
39
28
38
27
32
33
39
21
38
34
40
59
19
30
42
40
22
18
38
17
38
28
-2
4
12
30
11
-1
-4
19
26
24
-1
5
6
-7
27
26
0
16
16
22
9
19
32
5
35
26
21
5
35
42
8
10
20
29
25
7
3
4
26
12
38
23
18
38
33
16
6
16
32
18
-7
24
51
47
26
33
52
10
18
10
10
29
20
6
28
41
25
49
20
34
17
7
13
18
26
16
28
11
6
27
23
34
50
35
40
27
19
17
8
33
5
22
35
36
26
20
17
33
35
31
30
28
47
55
37
27
39
50
55
33
42
72
78
57
40
37
38
23
18
33
14
19
17
38
37
23
21
35
40
11
23
39
44
20
37
25
41
26
30
44
31
39
28
44
41
32
18
38
34
35
35
43
34
19
36
6
18
16
18
27
43
9
33
35
-7
21
4
28
34
32
-1
-16
