-12
-12
-20
-17
-13
-7
-7
-6
-8
-13
-15
-20
-21
-19
-26
-16
-11
-10
-13
-16
-17
-18
-9
-6
-10
-3
6
-7
2
-2
4
6
4
4
-1
2
2
15
15
18
19
18
12
17
16
8
5
6
17
16
8
9
0
5
7
0
2
-7
4
1
6
5
-1
-3
-13
-15
-16
-11
-8
-6
-7
-7
-4
-7
-15
-14
-8
-11
-16
-8
-12
-1
-8
-9
2
1
3
-4
3
1
0
1
-1
-9
-8
-5
-2
6
3
-11
-6
-10
-18
-6
-13
-16
-13
-12
-10
-11
-14
-12
-12
-7
-4
1
-3
-1
0
3
11
9
12
13
16
10
4
5
14
15
23
31
17
23
20
14
16
18
27
16
11
12
13
9
-3
-3
4
12
2
2
0
-2
0
1
3
-7
-5
-6
-22
-18
-15
-19
-14
-11
-10
-12
-4
-9
-12
-15
-20
-23
-23
-11
-16
-13
-14
-8
-8
-11
-24
-16
-16
-19
-15
-20
-11
-18
-6
-11
1
-1
-15
-9
-16
-14
-19
-15
-12
-6
0
-9
-2
-3
-3
6
2
10
16
10
7
5
14
19
19
16
9
14
6
4
6
7
3
9
14
9
15
10
12
21
13
12
9
0
9
3
7
8
7
6
10
11
3
12
9
13
7
7
11
13
10
19
13
9
7
-1
0
-3
-4
-10
-3
0
-3
-3
2
6
5
0
1
6
12
13
10
7
7
11
10
12
6
12
9
13
5
0
3
7
9
15
18
17
18
1
5
13
7
9
15
15
12
4
4
2
0
-1
-3
-4
-9
-6
-6
-3
-6
-13
2
-2
-10
0
-2
-4
-3
-2
-2
4
6
1
0
3
-2
-3
7
-4
-3
1
-3
-2
-5
-7
-9
-6
-7
-6
-5
-7
2
-1
9
13
9
5
-3
2
-4
4
3
6
7
10
5
2
10
6
4
-9
-7
-6
0
4
4
3
13
9
9
3
-10
-1
-3
-3
3
-3
-8
-1
4
2
-4
-1
1
10
4
6
1
-1
6
-2
-7
-6
2
-2
2
-2
-3
-7
-14
-17
-12
-9
-8
-9
-10
-9
-14
-14
-12
-14
-19
-14
-12
-16
-19
-13
-8
-5
-5
-4
2
-7
-4
-9
-16
-2
-4
2
0
15
19
6
18
14
26
17
15
17
19
21
10
8
-1
-1
12
12
3
8
0
-4
-9
-8
-7
-10
-13
-5
3
-4
-4
-6
4
4
3
-1
1
-7
-6
-6
-16
-3
4
6
-1
2
-3
-6
0
-4
3
-4
-3
-2
-13
2
-4
-13
-7
-4
-5
4
4
-5
-15
-4
1
-7
3
-10
-10
-1
-1
-8
-7
3
3
3
9
14
6
3
7
13
10
2
10
11
13
7
2
9
1
13
17
18
24
26
18
7
15
13
10
8
14
8
0
9
6
10
10
9
8
6
3
-3
-1
6
10
-1
2
1
0
-4
-5
-3
-8
-3
-3
-2
-2
0
-3
3
2
-3
-4
-11
-6
-6
-13
-13
-9
-2
-6
-2
6
2
-2
-3
-6
-18
-19
-19
-13
-3
1
4
4
10
6
6
1
-1
0
1
3
4
3
6
4
7
12
9
10
10
18
15
15
1
0
6
3
4
-3
0
1
-1
1
-6
-8
-4
-6
-6
-9
-12
-16
-10
-9
-4
6
6
10
3
2
6
8
9
5
10
7
0
0
-3
-12
-9
-4
-1
3
3
3
-2
1
-4
-15
-15
-7
-11
-25
-20
-19
-19
-8
-3
-6
1
-5
-1
-7
-2
-4
-10
-5
-5
-5
-8
-3
-6
0
7
13
10
13
8
7
-2
-6
1
-6
-11
-12
-10
-17
-20
-13
-12
-21
-7
-6
-13
-16
-9
-4
-14
-19
-12
-7
-3
7
9
4
0
5
1
6
5
6
6
-3
-6
-3
-3
-2
-16
-17
-10
-8
-10
-3
7
-12
-6
-10
-14
-13
-19
-21
-12
-3
-1
0
-6
-4
-6
-13
-13
-16
-9
-6
-10
-2
-14
-13
-19
-21
-12
-4
-7
-1
-4
-11
-12
-21
-11
-9
-2
-10
-11
-13
-7
-2
0
9
7
-6
0
-6
3
21
13
22
7
15
4
0
3
2
10
9
6
-1
11
0
3
5
0
4
3
0
-10
-13
-14
-18
-9
-4
9
7
1
6
0
-5
-5
-4
-16
-6
-3
-1
5
10
2
3
6
3
6
6
10
10
16
5
0
4
6
7
15
16
15
13
19
16
14
13
10
16
13
19
13
12
13
16
18
15
16
15
19
16
15
16
7
3
0
2
3
2
3
-5
0
-4
-4
-2
0
0
0
-4
-7
-10
-8
-7
-3
0
-8
-3
-7
0
2
2
3
-3
-11
-4
-12
-13
-12
-8
3
0
2
1
9
7
13
11
7
7
3
6
-4
-7
-2
-1
3
10
7
10
13
9
9
9
12
11
9
10
16
16
3
7
-1
2
3
-3
9
11
13
7
0
-4
-3
-5
-3
-6
0
3
8
13
13
9
8
12
4
1
0
-7
-14
-6
-2
-1
-10
-7
-1
-2
6
6
6
1
-9
-6
0
-6
-15
-10
-8
-5
10
8
16
6
9
6
-1
4
-6
-7
-8
5
-6
3
8
3
3
0
5
12
8
4
6
-3
-7
-17
-18
-17
-10
-8
-14
-15
-16
-12
-16
-13
-7
-11
-7
-17
-19
-17
-15
-20
-23
-13
-16
-10
-13
-13
-18
-15
-6
-8
0
-2
-6
-6
-10
-11
-9
-9
-8
-8
-5
-15
-9
0
-4
-12
-11
-11
-20
-21
-19
-22
-10
-6
-13
-6
-9
-10
-6
-3
-15
-11
-10
-12
-14
-10
-3
-6
-1
3
9
11
14
7
5
-1
-8
-4
-9
-13
-3
1
4
5
10
15
18
23
18
15
10
6
13
3
-13
4
7
-1
0
7
13
15
13
12
14
11
2
6
19
8
7
9
9
-4
-5
-6
-9
-2
3
-1
-1
-9
-25
-22
-29
-22
-21
-16
-12
-4
-3
-11
4
6
4
3
12
9
13
20
20
25
19
21
15
23
33
32
39
33
25
31
35
20
16
13
26
26
19
21
17
17
10
19
12
10
11
15
16
10
6
4
10
6
12
13
12
17
21
19
24
20
19
25
23
19
17
7
1
0
7
17
13
11
13
19
16
19
12
11
13
9
-1
4
3
8
10
4
21
25
28
23
17
15
12
12
12
8
-2
-2
-4
-10
2
11
14
15
12
11
5
3
7
-2
-9
0
-4
6
3
3
12
10
12
8
10
9
-2
-6
3
-2
-4
-6
1
0
3
7
6
11
19
15
6
12
17
13
12
11
-6
-8
-5
-7
-9
-4
-9
-2
4
3
1
0
-16
-23
-17
-26
-13
-23
-24
-19
-10
-16
-10
-7
0
3
2
6
-10
-3
-12
-10
-11
-8
-3
4
8
7
13
18
13
9
5
-1
-3
-6
-1
-10
2
8
14
14
9
10
13
10
5
19
4
-13
-12
-20
-20
-16
-20
-10
-13
-6
1
8
0
-3
-7
-13
-8
-7
-17
-28
-23
-25
-19
-19
-23
-11
-7
-9
-3
-6
-16
-24
-30
-34
-38
-34
-30
-22
-16
-14
-9
-6
-5
4
10
10
3
-3
-3
-3
-6
-12
-10
2
1
6
18
17
26
20
8
16
5
-2
3
0
6
-4
1
1
10
9
2
11
4
1
-8
-4
-18
-13
-21
-22
-18
-14
-21
-24
-5
-8
2
-1
3
-1
-8
-6
-15
-20
-17
-11
-10
-12
-3
-6
-6
2
0
8
11
4
5
5
-4
-7
-7
-4
1
9
10
11
21
26
24
29
28
26
33
26
16
13
0
-4
-1
-9
5
14
18
19
19
11
-1
1
-1
-12
-22
-14
-25
-26
-26
-25
-21
-10
-7
-8
-7
-18
-15
-23
-25
-31
-28
-21
-22
-19
-13
-2
-3
13
16
5
8
3
6
1
3
4
-5
2
-1
-3
-6
-7
-7
2
3
8
6
3
1
-6
-11
-8
-10
-21
-15
-19
-9
-5
-3
6
25
35
30
25
14
14
6
2
4
6
9
14
5
13
11
21
36
30
35
23
14
7
0
-6
-11
-7
-1
12
16
20
28
25
12
13
19
13
10
2
-13
-13
-15
-13
-13
-9
-5
-3
-4
-14
-14
-9
-13
-16
-20
-23
-25
-29
-33
-37
-34
-38
-34
-20
-18
-27
-18
-20
-25
-29
-27
-28
-35
-38
-32
-30
-32
-22
-13
-7
-5
10
12
14
14
12
-1
-3
-5
-3
0
-2
9
6
18
22
19
19
17
13
10
4
4
0
-13
-18
-20
-16
-20
-16
-17
-7
-1
-8
-10
-10
-21
-29
-24
-18
-16
-16
-18
-16
-6
3
7
9
17
11
6
1
-10
-15
-16
-12
-18
-26
-19
-20
-18
-12
0
0
-7
0
0
-5
-6
-3
-12
-19
-33
-29
-23
-21
-10
-3
-4
-2
-3
-11
-7
-19
-27
-17
-20
-24
-22
-17
-20
-12
1
-1
1
4
1
-5
-4
-6
-13
-7
-10
-17
-18
-9
1
3
3
8
8
3
9
13
12
10
11
4
10
20
20
28
28
26
26
26
35
30
30
32
25
24
16
11
4
7
13
7
4
4
14
11
0
12
9
12
10
-2
3
-9
-10
-1
-3
0
6
1
3
2
-3
-11
-6
-6
-13
-10
-6
4
0
2
8
13
13
16
20
29
35
30
29
39
42
39
41
32
42
45
40
37
31
35
32
31
32
31
24
28
23
15
15
9
16
9
4
4
-2
4
-4
-6
-7
2
-5
-15
-6
-15
-11
-16
-18
-13
-13
-12
-10
-9
-13
-17
-10
-4
-9
-11
-12
-5
-3
-5
0
7
16
22
26
31
31
32
29
20
22
19
12
19
17
12
16
19
17
19
25
19
10
6
4
-5
-4
-6
-13
-9
-22
-29
-28
-31
-29
-28
-34
-32
-26
-22
-26
-24
-17
-18
-21
-12
-9
-19
-19
-19
-17
-14
-12
-4
0
0
8
10
11
12
4
4
2
5
13
22
19
22
26
25
34
24
25
28
19
15
13
24
24
16
12
6
4
11
8
3
-2
-11
-13
-25
-25
-25
-30
-29
-26
-24
-30
-26
-23
-19
-26
-22
-20
-23
-17
-12
-7
-10
-6
-3
-10
-3
-2
-1
12
19
13
14
24
16
21
28
26
34
33
37
38
31
24
23
17
19
22
14
11
4
8
6
4
1
-1
3
2
-5
-9
-10
-17
-10
-16
-25
-32
-35
-32
-33
-26
-26
-20
-11
-10
-18
-12
-6
-15
-6
-7
-15
-5
-7
-8
-3
5
13
7
23
19
25
24
17
27
14
18
22
24
17
24
37
29
30
31
16
11
10
3
7
0
-7
-6
-7
-11
-13
-10
-9
-16
-23
-17
-19
-22
-27
-33
-26
-35
-35
-24
-25
-16
-16
-14
-17
-18
-13
-12
-1
6
11
10
2
-1
-4
0
2
-3
10
11
12
17
14
23
26
23
19
10
11
2
7
13
6
20
19
14
9
7
4
-5
5
0
-1
-4
-6
-9
-17
-12
-12
-12
-16
-13
-15
-16
-18
-17
-16
-16
-16
-22
-18
-23
-10
-10
-12
-11
-15
-13
-18
-7
-7
-1
-2
0
11
7
4
2
11
15
6
12
12
13
7
12
19
13
25
20
19
16
13
12
15
21
22
12
8
8
3
-4
-10
-1
-16
-22
-19
-21
-16
-18
-22
-25
-24
-22
-25
-25
-26
-23
-26
-31
-33
-39
-32
-27
-29
-26
-28
-26
-26
-32
-28
-26
-22
-10
-3
-5
-6
0
1
9
7
4
2
0
-6
-4
0
1
7
-3
-10
-10
-9
-1
-6
-2
-5
-10
-6
-8
-14
-15
-14
-16
-13
-12
-5
-13
-19
-22
-19
-15
-26
-20
-19
-16
-10
-10
-6
-4
-9
-2
-6
-4
-2
-2
-2
-4
-3
-10
7
4
0
8
12
20
12
10
8
7
15
19
22
19
22
16
4
8
-1
-2
3
-4
0
-2
0
6
-3
2
2
2
0
-13
-17
-20
-20
-23
-20
-20
-22
-24
-15
-11
-15
-6
-2
-4
-7
-7
-4
-2
5
6
0
5
15
16
26
21
16
22
27
35
28
41
35
41
39
32
39
37
38
32
30
24
35
25
19
20
12
15
12
5
12
10
8
6
3
7
2
9
4
4
0
-2
3
-5
-10
-3
-3
-5
3
1
1
0
-6
-4
4
0
5
6
0
3
1
10
13
13
17
10
12
19
7
6
2
11
18
11
23
19
18
28
13
18
10
0
13
8
8
15
6
6
6
-8
-3
3
7
10
4
2
1
-6
-2
-6
-3
11
3
4
-2
0
-6
-14
-8
0
5
2
-4
4
10
4
5
11
16
16
16
6
6
6
8
14
16
10
0
0
-2
-9
-13
-7
-2
4
6
-6
-12
-9
-16
-15
-4
-14
-14
-19
-19
-13
-16
-12
-9
-9
-4
-3
3
6
7
13
8
2
-2
0
-3
2
3
-3
0
-1
-3
-6
-6
3
18
16
12
13
13
9
1
5
11
12
5
7
12
4
5
3
12
18
8
11
7
17
10
-1
-2
-7
-2
0
0
1
4
-3
0
4
3
-1
-8
-11
-12
-8
-6
-4
6
2
-7
0
-7
-10
-6
-5
-4
-8
-7
-10
-10
-20
-20
-13
-10
1
-9
-14
-10
-15
-10
-15
-9
-6
-10
-8
-14
-4
-9
-4
1
-3
-3
-12
-3
-10
-14
-4
-10
-7
1
-11
-12
-12
-9
-2
-9
-7
-6
0
1
-1
3
3
0
-7
-4
-2
4
-4
-4
2
8
12
9
10
6
2
7
10
3
6
5
3
9
25
23
16
23
17
22
19
18
10
4
6
3
14
10
8
16
21
20
17
18
14
4
6
-1
-6
-2
-7
-5
-9
-5
-4
-7
-8
-9
-2
-6
-10
-18
-13
-19
-19
-15
-25
-22
-14
-12
-16
-14
-16
-19
-15
-10
-10
-11
-14
-18
-16
-15
-16
-19
-9
-7
-9
-7
-4
4
9
11
15
16
15
13
17
11
20
14
10
12
9
11
5
6
0
1
-4
-2
-3
6
6
1
6
7
11
11
12
5
10
-5
-1
-6
-13
-2
1
12
-3
-2
13
6
8
21
16
25
16
10
6
9
12
11
12
9
9
3
9
4
4
4
7
7
6
11
3
-1
-1
3
3
6
2
-2
-6
-6
-8
-3
-6
-9
-16
-21
-17
-18
-13
-12
0
-9
-15
-20
-18
-5
-8
-5
-13
-6
-9
-3
-1
4
9
-1
6
3
12
6
13
10
11
16
8
19
12
7
3
5
-3
1
-3
-8
1
-2
2
7
4
4
-1
-7
-1
-2
-6
0
6
-5
-3
-3
2
-2
-8
-5
-7
-4
-6
-11
-6
-6
-11
3
-3
0
0
-4
-9
-10
-3
-11
-6
2
0
2
1
-9
-8
-4
-5
-10
-9
-4
-3
-7
-2
-12
-10
-13
-12
-7
-14
-13
-17
-11
-14
-7
-11
-1
-1
2
2
-9
-10
-9
-2
1
-7
-5
5
-8
3
-3
0
1
-7
-2
0
3
2
3
3
6
1
1
6
5
9
11
6
6
1
0
1
-2
-1
2
0
3
-1
-1
-2
-3
8
-2
7
5
0
6
6
-4
-1
-2
-4
-1
2
2
-3
3
5
5
1
6
-3
4
3
5
15
9
15
10
0
-1
3
13
7
0
3
4
3
-6
-4
0
2
2
-3
-6
-3
0
1
-1
1
5
-5
3
-3
0
6
8
7
2
3
4
9
4
-1
3
0
4
10
-2
5
7
-1
5
8
20
23
23
25
11
20
10
10
9
6
13
15
13
7
14
3
6
11
11
8
-2
7
1
-5
-1
-18
-11
-9
-10
0
0
-2
0
9
-5
1
8
8
4
5
3
-7
-1
-3
-9
-10
-7
5
0
-6
-3
-2
6
1
3
-2
-3
-6
-1
-5
-11
-9
-16
-6
-7
-3
-4
2
-5
-10
-6
-1
3
-9
-8
-6
-6
-4
3
6
6
4
5
8
10
9
13
19
19
13
9
13
6
15
24
23
23
14
26
25
22
18
18
26
15
12
6
5
-6
-1
1
-2
4
7
-2
-12
-10
-9
-14
-13
-16
-26
-12
-21
-10
-15
-17
-10
-14
-6
-10
-9
-19
-13
-14
-16
-16
-10
-7
-6
-8
-10
-13
-5
-5
-5
-6
-11
3
-6
-4
-6
1
3
-4
-1
-2
4
-5
-10
-10
-7
3
0
-2
0
2
4
6
8
3
2
-1
-5
-11
-3
3
-4
-7
-14
-19
-9
-10
-11
-7
-14
-6
3
7
3
12
6
-1
5
6
9
1
-4
-4
4
2
10
10
3
4
7
1
2
-2
5
6
1
2
-8
-1
-6
-4
-9
-9
-12
-10
-10
-13
-15
-24
-19
-23
-22
-22
-29
-36
-25
-23
-24
-20
-16
-9
-7
-7
-18
-13
-13
-10
-10
-13
-14
-19
-13
-4
-7
-4
2
6
1
3
9
1
4
2
2
9
9
9
9
14
16
17
12
-1
9
6
12
3
-4
4
-3
-3
-3
0
12
17
12
13
12
17
6
9
7
12
16
14
13
3
11
0
6
13
22
16
19
19
10
5
5
6
-10
3
5
3
2
1
8
10
6
12
16
7
6
1
-1
-9
-7
-6
-13
-7
-12
-19
-18
-22
-23
-29
-29
-31
-22
-19
-13
-15
-31
-23
-30
-29
-30
-26
-22
-29
-23
-22
-26
-24
-26
-26
-18
-22
-18
-9
-12
-10
-8
-9
2
13
10
13
16
16
23
20
16
18
25
28
28
28
32
31
35
41
33
29
23
25
24
27
29
25
20
30
32
38
38
37
41
29
40
35
37
38
44
39
38
41
36
44
32
38
34
33
28
17
26
29
34
28
18
24
26
21
7
10
12
10
7
-9
-3
0
3
-9
-20
-13
-14
-20
-32
-49
-42
-39
-44
-57
-69
-60
-63
-76
-96
-107
-109
-104
-113
-124
-140
-125
-114
-118
-131
-151
-145
-122
-98
-122
-138
-144
-121
-98
-112
-107
-86
-89
-101
-97
-68
-22
-19
-39
-46
-1
41
24
-2
16
79
102
64
36
65
135
157
116
72
96
157
173
129
98
131
161
154
112
98
123
144
118
69
59
86
107
73
26
8
39
50
11
-40
-45
-16
-15
-45
-80
-83
-65
-53
-69
-86
-92
-81
-78
-73
-70
-70
-74
-56
-28
-21
-32
-32
5
34
51
46
48
61
79
111
160
173
135
91
126
212
239
181
135
190
259
226
134
142
245
283
168
65
130
272
243
75
5
137
259
149
-38
-48
108
166
48
-78
-37
54
50
-52
-81
-1
37
-23
-61
-21
-8
-43
-44
62
115
9
-147
-79
171
261
50
-175
-104
143
233
72
-79
-57
41
12
-73
-88
-16
-5
-149
-292
-311
-240
-208
-300
-433
-523
-577
-600
-617
-619
-623
-728
-929
-987
-986
-955
-881
-1012
-1148
-1197
-1140
-1029
-1068
-1130
-1153
-1074
-1037
-1048
-997
-879
-778
-824
-839
-708
-455
-331
-383
-397
-199
59
178
165
207
422
627
712
740
869
1027
1137
1164
1255
1416
1525
1517
1502
1591
1732
1817
1774
1757
1764
1797
1784
1772
1770
1762
1716
1631
1553
1484
1447
1410
1373
1273
1131
998
945
941
896
772
625
509
456
418
367
299
193
69
-3
-9
-9
-59
-196
-310
-321
-275
-284
-371
-475
-510
-510
-515
-558
-610
-632
-636
-680
-768
-806
-814
-796
-854
-967
-1046
-1064
-1068
-1125
-1243
-1319
-1357
-1421
-1503
-1579
-1606
-1671
-1804
-1921
-1907
-1852
-1915
-2109
-2219
-2133
-2019
-2079
-2233
-2226
-2052
-1937
-2023
-2090
-1935
-1662
-1551
-1606
-1543
-1247
-938
-872
-905
-698
-258
111
178
126
326
775
1167
1325
1347
1505
1805
2068
2226
2322
2471
2648
2788
2832
2876
2942
3009
3049
3038
2966
2857
2781
2732
2694
2551
2309
2077
1928
1821
1682
1414
1122
886
679
484
268
90
-95
-336
-617
-826
-925
-975
-1089
-1260
-1410
-1508
-1575
-1570
-1495
-1425
-1462
-1583
-1540
-1275
-1012
-970
-1049
-960
-601
-275
-165
-155
19
348
604
714
831
1089
1319
1423
1480
1644
1874
1979
1963
1999
2139
2219
2112
1949
1937
2027
1980
1725
1442
1315
1243
1041
691
389
225
44
-278
-748
-1127
-1327
-1460
-1751
-2196
-2645
-2939
-3087
-3287
-3579
-3888
-4105
-4287
-4476
-4630
-4706
-4728
-4746
-4837
-4891
-4830
-4691
-4505
-4326
-4126
-3954
-3816
-3607
-3193
-2652
-2224
-2039
-1888
-1502
-866
-265
107
386
758
1230
1656
2014
2403
2868
3240
3464
3645
3900
4210
4454
4608
4749
4868
4886
4828
4776
4825
4876
4784
4571
4339
4170
4003
3777
3534
3323
3106
2792
2409
2027
1751
1576
1413
1153
721
221
-93
-108
-36
-222
-729
-1202
-1282
-1063
-983
-1206
-1525
-1596
-1457
-1385
-1448
-1447
-1294
-1147
-1138
-1203
-1109
-862
-624
-531
-470
-389
-314
-251
-89
204
392
310
114
162
468
675
531
288
277
420
387
176
79
137
10
-439
-720
-512
-256
-635
-1515
-1952
-1573
-1153
-1539
-2452
-2893
-2634
-2420
-2776
-3276
-3373
-3185
-3337
-3825
-3971
-3601
-3293
-3564
-4049
-4028
-3453
-3033
-3136
-3392
-3221
-2674
-2259
-2154
-2079
-1749
-1287
-926
-690
-402
-3
398
731
1046
1387
1703
1961
2249
2602
2934
3112
3180
3346
3654
3911
3934
3844
3890
4095
4208
4064
3850
3806
3848
3755
3509
3319
3270
3139
2777
2386
2279
2359
2197
1704
1230
1104
1168
1025
638
310
237
178
-54
-315
-358
-288
-379
-632
-766
-626
-473
-568
-744
-702
-449
-288
-382
-454
-286
-3
101
42
91
331
522
486
426
564
809
888
762
661
762
895
852
712
635
585
457
332
307
259
-25
-447
-612
-478
-520
-1041
-1634
-1726
-1512
-1664
-2368
-2920
-2842
-2614
-2935
-3648
-4002
-3815
-3702
-4108
-4599
-4647
-4378
-4416
-4797
-4977
-4706
-4410
-4510
-4710
-4527
-4016
-3740
-3850
-3851
-3358
-2671
-2335
-2327
-2144
-1572
-927
-572
-341
80
644
1084
1318
1620
2168
2716
3003
3130
3392
3846
4215
4364
4434
4626
4875
4995
4962
4963
5053
5094
4994
4856
4797
4734
4530
4233
4049
3990
3829
3385
2930
2776
2823
2597
1948
1374
1328
1516
1257
510
-32
78
321
18
-664
-968
-720
-560
-917
-1347
-1286
-968
-1006
-1397
-1480
-1054
-733
-957
-1312
-1140
-585
-338
-559
-741
-456
-43
20
-160
-125
201
423
323
150
225
486
586
420
247
236
306
269
141
25
-95
-282
-482
-558
-529
-665
-1104
-1556
-1668
-1520
-1573
-2016
-2543
-2742
-2708
-2792
-3087
-3366
-3496
-3635
-3886
-4095
-4083
-4000
-4113
-4390
-4515
-4343
-4128
-4100
-4135
-4019
-3808
-3676
-3549
-3223
-2769
-2508
-2459
-2271
-1707
-1063
-766
-696
-367
310
886
1070
1158
1615
2330
2791
2832
2885
3304
3866
4174
4178
4207
4464
4767
4878
4835
4806
4871
4931
4890
4775
4655
4542
4395
4214
4016
3835
3660
3416
3097
2808
2590
2374
2080
1765
1561
1362
1029
628
395
411
355
-10
-473
-622
-457
-427
-692
-932
-923
-842
-923
-1018
-880
-655
-681
-928
-909
-520
-190
-289
-506
-374
15
175
13
-34
233
516
425
179
186
451
593
429
206
156
200
136
-16
-133
-227
-407
-665
-866
-962
-1052
-1260
-1594
-1903
-2105
-2209
-2336
-2593
-2942
-3264
-3450
-3532
-3643
-3869
-4166
-4428
-4533
-4514
-4531
-4679
-4880
-4960
-4853
-4706
-4679
-4710
-4584
-4306
-4075
-3988
-3861
-3467
-2936
-2599
-2481
-2278
-1749
-1069
-603
-367
-105
425
1026
1471
1788
2177
2674
3094
3359
3614
4026
4468
4726
4791
4908
5171
5446
5531
5471
5468
5543
5557
5449
5317
5221
5111
4909
4674
4454
4236
3968
3688
3429
3153
2788
2411
2157
1983
1704
1240
816
607
534
332
-74
-448
-610
-642
-754
-964
-1136
-1214
-1226
-1274
-1308
-1297
-1257
-1217
-1208
-1148
-1030
-879
-794
-730
-626
-476
-323
-252
-187
-61
101
197
199
200
274
375
405
382
353
295
191
98
125
141
-32
-369
-585
-550
-546
-835
-1254
-1439
-1447
-1625
-2083
-2427
-2434
-2446
-2826
-3392
-3622
-3514
-3567
-3964
-4357
-4483
-4485
-4623
-4856
-4916
-4871
-4941
-5096
-5113
-4959
-4833
-4740
-4562
-4280
-4134
-4132
-3898
-3252
-2599
-2405
-2457
-2150
-1356
-595
-250
-90
305
966
1568
1946
2291
2751
3270
3728
4089
4346
4576
4897
5313
5686
5813
5743
5756
6006
6273
6297
6082
5917
5914
5889
5735
5502
5286
5070
4816
4519
4216
3910
3588
3259
2922
2583
2209
1854
1548
1194
801
494
323
96
-323
-778
-958
-871
-935
-1305
-1699
-1748
-1532
-1504
-1738
-1911
-1766
-1504
-1505
-1635
-1566
-1261
-1031
-1023
-1062
-924
-664
-493
-405
-309
-169
-90
-49
33
161
240
206
162
167
161
88
13
-1
-41
-250
-522
-635
-607
-708
-1044
-1390
-1515
-1559
-1788
-2170
-2415
-2454
-2585
-3017
-3472
-3586
-3467
-3577
-4074
-4555
-4639
-4472
-4487
-4785
-5091
-5130
-5055
-5039
-5083
-5066
-4927
-4754
-4602
-4487
-4385
-4169
-3683
-3069
-2691
-2762
-2782
-2156
-1033
-241
-234
-441
-36
1062
2055
2373
2324
2556
3237
3973
4367
4499
4709
5170
5633
5813
5739
5730
6068
6530
6638
6281
5899
5941
6261
6339
5985
5510
5260
5196
5038
4714
4380
4110
3831
3402
2933
2604
2420
2218
1807
1255
793
588
502
276
-167
-604
-808
-859
-1009
-1288
-1511
-1538
-1545
-1684
-1821
-1792
-1640
-1604
-1695
-1697
-1494
-1252
-1167
-1211
-1146
-916
-656
-505
-466
-428
-350
-176
36
160
100
-4
37
199
259
117
-45
-72
-35
-120
-340
-518
-609
-721
-908
-1078
-1227
-1475
-1808
-2002
-1993
-2083
-2478
-2955
-3119
-3041
-3126
-3527
-3922
-4036
-4054
-4199
-4447
-4601
-4653
-4753
-4880
-4950
-4949
-4948
-4936
-4840
-4732
-4719
-4716
-4455
-3992
-3685
-3688
-3660
-3207
-2493
-2001
-1853
-1682
-1178
-511
28
442
856
1298
1731
2204
2734
3271
3653
3923
4273
4730
5139
5378
5563
5834
6154
6316
6305
6309
6458
6628
6637
6453
6270
6176
6104
5967
5766
5536
5242
4890
4529
4283
4087
3799
3356
2876
2501
2212
1944
1621
1234
822
443
144
-77
-285
-569
-888
-1132
-1287
-1391
-1523
-1672
-1767
-1821
-1856
-1876
-1893
-1890
-1842
-1736
-1628
-1559
-1546
-1508
-1365
-1150
-1009
-980
-971
-931
-801
-642
-524
-525
-593
-620
-555
-476
-490
-598
-708
-742
-752
-842
-1039
-1182
-1208
-1247
-1434
-1726
-1924
-1927
-1910
-2099
-2457
-2732
-2778
-2746
-2874
-3163
-3420
-3542
-3585
-3638
-3758
-3947
-4122
-4184
-4122
-4105
-4251
-4420
-4362
-4123
-3995
-4096
-4179
-3999
-3637
-3367
-3263
-3158
-2950
-2640
-2272
-1851
-1476
-1221
-1006
-610
-18
508
819
1077
1510
2054
2499
2818
3165
3591
4007
4311
4594
4891
5165
5402
5636
5857
6002
6056
6096
6221
6341
6337
6208
6087
6000
5913
5780
5602
5392
5134
4835
4562
4324
4064
3714
3335
3022
2737
2371
1936
1570
1315
1072
697
279
-40
-231
-449
-750
-1027
-1172
-1279
-1504
-1761
-1882
-1848
-1833
-1953
-2114
-2143
-2068
-1980
-1938
-1900
-1869
-1849
-1816
-1698
-1519
-1408
-1397
-1415
-1357
-1218
-1085
-1048
-1059
-1073
-1045
-1008
-990
-1015
-1032
-1031
-1072
-1186
-1307
-1334
-1334
-1359
-1501
-1710
-1871
-1915
-1886
-1919
-2125
-2444
-2630
-2550
-2414
-2540
-2938
-3240
-3158
-2920
-2967
-3311
-3571
-3527
-3342
-3330
-3480
-3595
-3555
-3466
-3408
-3387
-3334
-3235
-3113
-2965
-2825
-2669
-2478
-2237
-2012
-1794
-1544
-1222
-901
-620
-336
23
445
764
1021
1352
1810
2259
2550
2752
3052
3476
3885
4176
4377
4552
4756
5038
5351
5560
5565
5507
5626
5890
6009
5849
5638
5621
5696
5626
5363
5126
5005
4845
4561
4274
4050
3790
3433
3092
2873
2624
2178
1669
1410
1352
1113
561
25
-161
-161
-354
-793
-1186
-1338
-1397
-1528
-1729
-1886
-2001
-2096
-2143
-2150
-2191
-2289
-2330
-2225
-2095
-2130
-2234
-2208
-2000
-1835
-1847
-1918
-1888
-1762
-1659
-1590
-1547
-1543
-1611
-1651
-1555
-1405
-1398
-1550
-1668
-1649
-1584
-1573
-1620
-1673
-1756
-1884
-1956
-1889
-1801
-1881
-2107
-2260
-2201
-2108
-2121
-2244
-2348
-2389
-2419
-2418
-2389
-2358
-2436
-2574
-2605
-2490
-2397
-2420
-2499
-2507
-2425
-2375
-2345
-2272
-2153
-2073
-2077
-2018
-1845
-1614
-1442
-1360
-1234
-1010
-755
-537
-321
-55
251
492
704
985
1343
1694
1970
2201
2473
2797
3103
3386
3641
3909
4146
4341
4520
4747
4972
5110
5165
5215
5335
5416
5436
5401
5356
5301
5227
5124
4978
4801
4607
4447
4261
4002
3680
3382
3138
2888
2578
2210
1878
1571
1244
916
650
394
63
-304
-603
-776
-953
-1232
-1519
-1713
-1835
-1998
-2179
-2285
-2316
-2396
-2578
-2665
-2591
-2504
-2553
-2689
-2700
-2577
-2468
-2465
-2471
-2427
-2360
-2309
-2250
-2144
-2073
-2081
-2089
-2008
-1878
-1825
-1864
-1854
-1768
-1706
-1749
-1765
-1669
-1578
-1609
-1720
-1709
-1567
-1466
-1515
-1617
-1622
-1528
-1476
-1491
-1511
-1506
-1496
-1488
-1470
-1463
-1464
-1481
-1464
-1447
-1472
-1520
-1512
-1447
-1403
-1445
-1524
-1524
-1435
-1341
-1353
-1409
-1411
-1320
-1202
-1128
-1089
-1049
-954
-803
-649
-535
-424
-266
-50
158
325
524
762
1014
1267
1503
1728
1969
2230
2514
2795
3025
3218
3428
3678
3938
4131
4239
4384
4554
4687
4730
4758
4839
4923
4924
4792
4684
4628
4605
4519
4313
4037
3761
3588
3489
3323
2971
2530
2182
2032
1881
1568
1128
728
472
264
6
-303
-603
-891
-1161
-1396
-1581
-1774
-1988
-2193
-2350
-2477
-2627
-2763
-2818
-2822
-2878
-3019
-3115
-3075
-2970
-2935
-2970
-2985
-2963
-2872
-2764
-2645
-2572
-2563
-2532
-2421
-2249
-2111
-2055
-2010
-1906
-1780
-1685
-1596
-1463
-1370
-1311
-1296
-1213
-1058
-955
-929
-924
-870
-788
-719
-667
-599
-587
-623
-618
-515
-405
-410
-515
-560
-486
-400
-401
-482
-535
-551
-547
-548
-552
-571
-658
-741
-750
-740
-730
-767
-847
-876
-869
-863
-819
-771
-772
-769
-721
-619
-492
-412
-338
-203
-31
113
213
398
666
908
1042
1165
1399
1718
1979
2142
2306
2535
2770
2944
3125
3339
3527
3622
3680
3797
3958
4082
4097
4058
4068
4083
4080
4012
3916
3818
3695
3559
3401
3233
3032
2840
2653
2442
2135
1831
1590
1420
1217
846
457
194
54
-179
-548
-906
-1118
-1239
-1486
-1842
-2079
-2152
-2234
-2470
-2772
-2913
-2897
-2894
-3009
-3177
-3243
-3211
-3164
-3120
-3091
-3061
-3062
-3019
-2871
-2683
-2579
-2551
-2479
-2304
-2102
-1976
-1866
-1737
-1580
-1450
-1345
-1197
-1016
-882
-823
-752
-613
-449
-356
-293
-202
-102
-41
-10
70
192
283
269
226
275
373
442
444
410
381
375
399
445
454
376
252
205
243
250
179
71
-7
-89
-154
-179
-170
-224
-390
-543
-556
-462
-450
-581
-708
-687
-583
-546
-598
-593
-489
-369
-336
-314
-202
-9
148
229
305
422
634
874
1038
1136
1227
1397
1654
1845
1943
2011
2140
2331
2484
2539
2575
2663
2764
2804
2784
2776
2804
2828
2763
2670
2575
2525
2458
2334
2171
1995
1849
1709
1530
1300
1091
900
696
444
196
-6
-196
-438
-738
-958
-1081
-1228
-1485
-1756
-1911
-1963
-2067
-2271
-2447
-2497
-2488
-2554
-2656
-2690
-2648
-2605
-2615
-2602
-2528
-2437
-2378
-2302
-2171
-2039
-1938
-1846
-1702
-1527
-1395
-1312
-1186
-1006
-840
-740
-666
-533
-349
-207
-152
-89
22
172
284
343
397
481
565
637
696
733
787
831
864
875
888
920
952
940
898
863
844
842
806
736
645
569
515
463
366
243
143
61
-31
-159
-265
-359
-430
-517
-607
-702
-805
-846
-854
-885
-935
-985
-988
-955
-916
-856
-831
-784
-714
-606
-496
-383
-259
-138
-2
119
280
453
601
737
894
1075
1223
1324
1450
1625
1791
1855
1887
1984
2118
2196
2170
2152
2208
2259
2196
2092
2054
2063
1990
1831
1670
1587
1515
1336
1122
949
815
633
397
225
82
-138
-382
-559
-664
-853
-1119
-1314
-1361
-1401
-1602
-1842
-1931
-1881
-1887
-2025
-2156
-2122
-2023
-2029
-2080
-2038
-1910
-1808
-1792
-1732
-1600
-1460
-1345
-1231
-1067
-946
-866
-727
-519
-324
-233
-174
-28
181
335
403
487
638
765
824
887
999
1108
1157
1174
1232
1302
1327
1294
1314
1382
1372
1280
1212
1230
1237
1157
1039
965
914
819
699
606
507
375
223
86
-40
-174
-312
-445
-585
-749
-902
-1024
-1112
-1214
-1370
-1526
-1599
-1608
-1685
-1823
-1898
-1865
-1824
-1887
-1956
-1919
-1802
-1707
-1712
-1712
-1604
-1424
-1274
-1192
-1104
-952
-739
-550
-420
-288
-102
120
308
455
593
784
982
1135
1245
1362
1522
1653
1739
1787
1856
1954
2018
2020
1994
1994
1990
1976
1939
1858
1749
1643
1575
1493
1351
1184
1046
934
778
580
424
339
230
10
-232
-354
-367
-433
-641
-843
-917
-888
-929
-1078
-1174
-1154
-1106
-1157
-1222
-1198
-1112
-1023
-1013
-1037
-969
-826
-693
-630
-591
-509
-385
-235
-121
-35
57
164
289
398
498
593
672
769
863
936
987
1030
1102
1164
1167
1155
1182
1227
1244
1189
1129
1118
1124
1066
954
870
844
790
646
511
449
399
260
42
-101
-139
-214
-409
-648
-793
-850
-940
-1116
-1315
-1457
-1550
-1619
-1713
-1861
-1996
-2076
-2091
-2112
-2225
-2343
-2340
-2241
-2194
-2264
-2332
-2226
-2039
-1942
-1949
-1912
-1742
-1532
-1398
-1304
-1136
-936
-742
-566
-364
-157
22
200
406
632
798
929
1112
1346
1514
1599
1684
1839
2016
2090
2088
2118
2215
2275
2247
2203
2196
2196
2103
1994
1940
1887
1765
1586
1455
1381
1274
1082
869
749
677
524
317
153
92
10
-167
-345
-399
-388
-462
-606
-705
-682
-636
-666
-742
-739
-657
-595
-601
-582
-483
-369
-310
-287
-206
-73
47
104
174
287
392
458
536
664
768
792
787
857
999
1079
1024
980
1040
1126
1117
1041
996
1016
1023
937
845
801
772
685
563
478
395
276
147
61
-29
-186
-395
-514
-559
-664
-868
-1106
-1220
-1256
-1365
-1591
-1776
-1863
-1929
-2044
-2202
-2307
-2373
-2449
-2538
-2605
-2662
-2713
-2744
-2728
-2695
-2719
-2729
-2664
-2539
-2429
-2399
-2357
-2206
-1991
-1835
-1728
-1577
-1369
-1145
-957
-749
-523
-313
-120
102
369
594
759
935
1199
1434
1570
1668
1840
2086
2237
2263
2295
2437
2583
2608
2566
2562
2605
2611
2549
2475
2422
2345
2238
2118
2032
1939
1765
1590
1483
1380
1195
982
875
816
660
439
289
247
200
37
-129
-170
-172
-235
-357
-423
-366
-337
-427
-495
-429
-318
-288
-332
-318
-203
-101
-73
-45
44
133
181
233
312
389
433
473
546
613
632
629
681
764
772
698
665
719
757
703
595
550
558
518
427
318
251
193
106
-15
-144
-261
-366
-442
-555
-729
-917
-1012
-1059
-1164
-1374
-1585
-1655
-1679
-1801
-2019
-2158
-2185
-2224
-2364
-2522
-2565
-2532
-2582
-2712
-2775
-2727
-2654
-2671
-2687
-2629
-2538
-2472
-2419
-2305
-2152
-2026
-1926
-1776
-1572
-1369
-1198
-1025
-799
-569
-379
-180
70
331
523
692
929
1204
1428
1575
1723
1931
2138
2289
2386
2495
2635
2740
2778
2822
2886
2916
2904
2883
2858
2805
2727
2645
2576
2466
2320
2169
2058
1952
1793
1607
1435
1294
1155
1002
846
702
527
353
235
181
88
-77
-230
-281
-275
-338
-456
-493
-437
-426
-499
-563
-469
-336
-322
-388
-379
-239
-125
-111
-101
4
116
136
125
215
377
430
367
347
441
559
554
490
493
552
556
468
418
439
450
357
234
165
140
73
-38
-131
-221
-335
-487
-595
-656
-743
-902
-1074
-1180
-1270
-1383
-1548
-1679
-1758
-1871
-2012
-2136
-2209
-2260
-2349
-2471
-2561
-2610
-2643
-2686
-2721
-2745
-2756
-2744
-2720
-2680
-2648
-2602
-2500
-2377
-2292
-2226
-2105
-1897
-1685
-1540
-1432
-1247
-989
-732
-546
-386
-146
140
388
569
761
989
1266
1511
1690
1849
2022
2218
2407
2573
2677
2753
2854
2970
3051
3059
3044
3075
3115
3081
2969
2879
2855
2821
2685
2487
2334
2251
2146
1945
1740
1599
1485
1278
1027
856
803
703
440
175
74
89
-13
-237
-413
-418
-396
-520
-684
-725
-611
-583
-721
-809
-730
-577
-559
-638
-636
-505
-401
-418
-415
-294
-165
-167
-196
-132
30
113
66
56
152
237
235
211
245
320
293
206
192
257
276
176
76
62
79
29
-99
-182
-202
-259
-389
-519
-592
-638
-733
-868
-991
-1109
-1207
-1290
-1372
-1504
-1670
-1798
-1830
-1866
-1994
-2162
-2252
-2239
-2269
-2380
-2489
-2483
-2440
-2469
-2522
-2505
-2427
-2367
-2336
-2263
-2137
-2034
-1957
-1823
-1602
-1422
-1318
-1192
-936
-644
-456
-323
-123
214
510
656
812
1073
1390
1623
1750
1924
2175
2380
2500
2620
2800
2949
3009
3048
3132
3228
3227
3182
3184
3208
3162
3009
2904
2888
2844
2656
2424
2299
2229
2077
1818
1631
1547
1404
1132
883
783
733
551
255
61
26
-25
-215
-420
-497
-493
-573
-735
-821
-778
-733
-829
-945
-945
-867
-823
-842
-853
-809
-755
-731
-699
-629
-529
-489
-478
-433
-354
-269
-221
-179
-128
-81
-56
-22
39
97
126
117
104
133
163
166
137
95
73
49
8
-54
-118
-166
-216
-309
-434
-527
-588
-650
-769
-929
-1055
-1144
-1232
-1356
-1516
-1649
-1727
-1823
-1970
-2100
-2169
-2228
-2319
-2425
-2490
-2500
-2516
-2565
-2592
-2560
-2524
-2492
-2460
-2380
-2261
-2154
-2053
-1934
-1752
-1568
-1394
-1222
-1008
-765
-540
-333
-101
166
431
662
879
1139
1398
1616
1795
2010
2245
2462
2602
2706
2852
3025
3170
3216
3249
3292
3351
3370
3330
3290
3273
3221
3110
2972
2868
2788
2654
2467
2272
2114
1936
1737
1542
1390
1210
952
700
535
464
299
23
-232
-334
-378
-531
-749
-866
-877
-945
-1107
-1249
-1222
-1137
-1178
-1332
-1404
-1304
-1182
-1181
-1226
-1186
-1081
-1012
-1008
-939
-793
-688
-674
-673
-565
-401
-320
-293
-236
-145
-76
-64
-3
131
203
145
87
131
253
292
206
129
138
176
121
15
-25
-25
-87
-225
-360
-408
-432
-517
-672
-830
-921
-992
-1071
-1192
-1335
-1464
-1557
-1631
-1726
-1824
-1922
-1988
-2038
-2114
-2172
-2189
-2175
-2193
-2226
-2211
-2144
-2067
-2025
-1983
-1881
-1730
-1601
-1498
-1362
-1166
-977
-834
-668
-424
-154
37
197
424
712
974
1161
1350
1595
1825
1995
2154
2368
2591
2725
2776
2873
3062
3199
3217
3190
3217
3282
3266
3167
3103
3084
3006
2826
2654
2566
2485
2289
2026
1826
1671
1473
1217
998
854
659
340
60
-58
-108
-306
-641
-860
-908
-942
-1115
-1305
-1359
-1352
-1419
-1574
-1627
-1508
-1410
-1458
-1562
-1525
-1359
-1227
-1189
-1141
-1015
-897
-825
-736
-551
-374
-278
-253
-168
9
158
247
317
417
496
523
566
666
794
806
733
718
767
832
802
732
689
664
590
477
417
387
329
166
-26
-129
-161
-230
-390
-587
-753
-856
-950
-1074
-1230
-1393
-1518
-1625
-1745
-1887
-1999
-2061
-2108
-2203
-2341
-2405
-2385
-2346
-2379
-2457
-2460
-2374
-2273
-2217
-2188
-2096
-1953
-1800
-1657
-1510
-1324
-1139
-950
-735
-489
-256
-58
156
417
701
939
1125
1352
1609
1833
1997
2164
2396
2601
2724
2785
2887
3038
3142
3166
3148
3166
3158
3100
3040
3006
2954
2795
2571
2404
2329
2231
1991
1719
1504
1319
1097
859
666
498
255
-73
-319
-415
-493
-708
-998
-1171
-1220
-1332
-1512
-1617
-1584
-1580
-1744
-1931
-1870
-1637
-1543
-1678
-1801
-1670
-1421
-1300
-1315
-1251
-1052
-882
-844
-777
-552
-310
-206
-202
-127
77
282
376
433
546
638
665
724
858
1003
993
889
864
958
1040
978
866
821
823
757
626
547
531
449
268
66
-14
-41
-161
-361
-553
-666
-764
-913
-1080
-1210
-1315
-1449
-1595
-1716
-1820
-1897
-1992
-2100
-2186
-2243
-2265
-2263
-2288
-2337
-2353
-2288
-2171
-2118
-2122
-2069
-1911
-1725
-1597
-1520
-1373
-1162
-952
-783
-601
-348
-94
86
253
502
779
1036
1230
1428
1637
1823
1994
2192
2428
2587
2626
2656
2797
2996
3081
3036
2999
3028
3050
2987
2897
2858
2813
2652
2413
2254
2212
2104
1851
1564
1370
1210
980
746
576
440
164
-205
-415
-433
-501
-783
-1119
-1245
-1223
-1312
-1527
-1650
-1583
-1544
-1726
-1915
-1815
-1549
-1472
-1649
-1735
-1527
-1242
-1176
-1228
-1116
-850
-681
-688
-627
-337
-27
43
-4
106
392
601
638
671
824
976
1006
1017
1123
1274
1304
1217
1189
1268
1324
1253
1162
1138
1125
1028
855
780
764
674
474
285
171
88
-60
-260
-413
-555
-710
-891
-1049
-1186
-1345
-1502
-1629
-1757
-1916
-2082
-2172
-2209
-2283
-2433
-2547
-2528
-2503
-2549
-2622
-2589
-2486
-2434
-2455
-2415
-2231
-2040
-1950
-1901
-1735
-1485
-1286
-1134
-946
-667
-425
-269
-85
214
549
753
900
1109
1415
1645
1789
1968
2220
2440
2500
2544
2693
2917
3003
2976
2956
3027
3079
3013
2926
2905
2898
2753
2532
2384
2343
2235
1995
1740
1564
1411
1192
926
739
619
421
121
-149
-285
-355
-504
-765
-989
-1107
-1163
-1255
-1381
-1478
-1514
-1536
-1596
-1652
-1630
-1536
-1446
-1437
-1480
-1433
-1264
-1095
-1016
-965
-860
-702
-566
-467
-332
-133
25
82
130
294
502
609
651
725
856
951
954
991
1116
1206
1164
1056
1058
1167
1197
1071
937
929
948
830
649
559
551
478
251
33
-48
-67
-209
-464
-667
-752
-842
-1030
-1246
-1393
-1457
-1582
-1779
-1966
-2064
-2106
-2193
-2320
-2444
-2517
-2529
-2541
-2578
-2622
-2614
-2551
-2503
-2497
-2457
-2325
-2168
-2059
-1995
-1884
-1664
-1438
-1264
-1103
-894
-654
-443
-225
13
281
518
704
908
1145
1384
1584
1778
1986
2152
2270
2398
2562
2721
2786
2801
2848
2929
2934
2870
2818
2820
2803
2645
2474
2382
2323
2194
1969
1770
1630
1470
1249
1021
852
680
450
235
75
-88
-325
-530
-607
-655
-848
-1134
-1248
-1144
-1122
-1334
-1546
-1482
-1275
-1308
-1517
-1523
-1221
-1005
-1158
-1323
-1119
-714
-568
-711
-716
-398
-100
-82
-118
95
422
503
396
469
802
1033
969
885
1049
1294
1305
1185
1237
1439
1462
1248
1133
1292
1425
1268
987
924
1034
984
726
514
519
505
250
-52
-144
-112
-248
-604
-882
-925
-947
-1150
-1439
-1609
-1670
-1782
-1991
-2170
-2241
-2292
-2408
-2573
-2671
-2667
-2661
-2712
-2775
-2795
-2762
-2692
-2624
-2574
-2521
-2404
-2261
-2135
-2012
-1844
-1616
-1407
-1264
-1110
-842
-530
-281
-128
63
372
704
930
1077
1300
1601
1834
1970
2106
2333
2579
2706
2756
2839
2987
3096
3125
3110
3114
3102
3048
2996
2955
2892
2737
2528
2385
2309
2175
1920
1667
1507
1358
1137
841
623
510
361
66
-274
-451
-479
-540
-777
-1081
-1223
-1199
-1210
-1332
-1491
-1526
-1478
-1482
-1548
-1556
-1436
-1298
-1271
-1305
-1246
-1058
-857
-753
-681
-575
-415
-268
-127
58
243
350
393
476
669
864
948
983
1059
1182
1258
1271
1283
1357
1402
1350
1261
1249
1289
1261
1138
1001
933
881
758
589
463
361
227
23
-165
-275
-387
-581
-818
-1010
-1140
-1263
-1442
-1652
-1822
-1937
-2056
-2202
-2355
-2491
-2597
-2690
-2769
-2832
-2896
-2962
-2990
-2978
-2960
-2946
-2945
-2893
-2794
-2681
-2593
-2513
-2366
-2154
-1968
-1829
-1673
-1466
-1195
-953
-754
-567
-326
-36
256
503
721
942
1179
1434
1671
1890
2069
2254
2431
2605
2747
2850
2943
3058
3139
3155
3121
3104
3153
3181
3113
2938
2788
2707
2665
2527
2308
2086
1916
1783
1590
1365
1154
964
771
539
285
79
-63
-187
-358
-551
-741
-875
-944
-967
-1031
-1176
-1300
-1324
-1237
-1184
-1232
-1273
-1183
-1034
-959
-964
-895
-693
-489
-426
-427
-300
-33
189
256
298
451
654
772
828
923
1085
1180
1197
1228
1344
1448
1422
1343
1340
1419
1417
1293
1191
1179
1151
1027
852
756
682
545
329
158
63
-86
-322
-527
-630
-767
-1039
-1314
-1426
-1469
-1644
-1973
-2194
-2202
-2201
-2418
-2734
-2858
-2800
-2815
-3032
-3222
-3192
-3074
-3078
-3192
-3196
-3067
-2962
-2959
-2926
-2743
-2551
-2435
-2354
-2162
-1882
-1653
-1489
-1299
-1022
-744
-525
-291
-2
296
563
789
1065
1340
1579
1778
2023
2295
2475
2575
2722
2964
3155
3207
3187
3268
3405
3460
3369
3274
3263
3290
3227
3055
2884
2754
2642
2498
2320
2085
1826
1608
1469
1295
1036
744
531
408
214
-88
-352
-455
-491
-651
-932
-1120
-1120
-1092
-1201
-1349
-1420
-1394
-1371
-1363
-1334
-1274
-1210
-1169
-1085
-955
-842
-759
-662
-488
-315
-224
-142
23
250
385
422
482
646
825
907
922
996
1121
1179
1179
1200
1253
1256
1201
1138
1128
1122
1040
892
804
756
654
480
326
224
95
-82
-279
-425
-571
-748
-938
-1081
-1249
-1447
-1670
-1826
-1893
-2020
-2226
-2439
-2528
-2555
-2647
-2822
-2953
-2978
-2991
-3058
-3130
-3139
-3067
-3031
-3040
-3022
-2937
-2818
-2730
-2622
-2472
-2299
-2165
-2026
-1820
-1543
-1295
-1117
-966
-729
-400
-90
139
320
559
890
1206
1409
1554
1762
2084
2358
2506
2579
2734
2970
3167
3246
3254
3309
3413
3479
3444
3373
3342
3346
3284
3157
2998
2869
2745
2596
2418
2219
2003
1777
1585
1415
1206
949
712
507
335
98
-151
-310
-407
-550
-784
-995
-1062
-1043
-1118
-1312
-1435
-1386
-1283
-1312
-1435
-1432
-1257
-1091
-1098
-1160
-1074
-838
-657
-607
-570
-402
-196
-67
9
124
322
467
515
565
707
873
922
911
993
1114
1168
1090
1038
1100
1177
1129
951
859
871
849
693
512
421
363
212
-16
-177
-256
-391
-620
-844
-960
-1066
-1284
-1549
-1728
-1764
-1864
-2108
-2367
-2479
-2486
-2554
-2722
-2875
-2931
-2947
-2996
-3063
-3079
-3039
-3004
-3003
-2980
-2894
-2786
-2689
-2586
-2429
-2230
-2078
-1955
-1789
-1514
-1209
-995
-857
-659
-347
15
293
462
670
973
1320
1568
1728
1910
2187
2485
2690
2794
2913
3101
3287
3408
3455
3499
3553
3598
3603
3586
3541
3480
3389
3294
3186
3041
2850
2686
2558
2389
2167
1881
1648
1483
1306
1047
763
538
384
183
-89
-322
-456
-532
-695
-946
-1138
-1191
-1182
-1246
-1396
-1496
-1488
-1413
-1404
-1452
-1439
-1328
-1187
-1127
-1119
-1039
-862
-674
-560
-480
-360
-208
-52
67
217
370
477
540
625
772
904
964
974
1002
1091
1139
1092
1030
1033
1076
1032
907
776
707
647
547
392
255
120
-67
-270
-427
-547
-706
-926
-1172
-1336
-1470
-1640
-1855
-2041
-2160
-2280
-2463
-2662
-2802
-2862
-2891
-2988
-3113
-3216
-3246
-3223
-3189
-3173
-3181
-3175
-3114
-2994
-2862
-2746
-2642
-2514
-2316
-2101
-1913
-1754
-1544
-1248
-949
-714
-545
-325
-3
357
633
830
1036
1320
1644
1904
2067
2241
2479
2733
2910
3003
3110
3253
3426
3506
3504
3483
3526
3584
3557
3453
3338
3266
3209
3091
2891
2708
2562
2421
2209
1965
1730
1530
1341
1124
885
648
431
225
44
-139
-342
-571
-725
-799
-883
-1045
-1240
-1320
-1280
-1257
-1354
-1452
-1419
-1290
-1226
-1283
-1295
-1125
-904
-829
-843
-768
-548
-329
-246
-171
-2
189
285
338
483
708
854
844
838
959
1128
1179
1143
1143
1219
1247
1154
1058
1048
1074
1001
825
673
594
514
380
223
107
-42
-266
-496
-651
-729
-875
-1141
-1390
-1547
-1671
-1840
-2034
-2211
-2330
-2450
-2631
-2797
-2907
-2947
-2985
-3050
-3148
-3223
-3246
-3233
-3190
-3141
-3096
-3063
-3003
-2904
-2745
-2573
-2414
-2263
-2092
-1879
-1669
-1451
-1226
-948
-647
-387
-173
37
339
694
1020
1242
1418
1660
1964
2240
2441
2615
2819
3036
3178
3278
3378
3518
3634
3673
3652
3638
3650
3640
3591
3476
3351
3221
3090
2931
2754
2573
2380
2152
1911
1666
1437
1236
995
743
483
253
41
-155
-341
-538
-730
-916
-1072
-1180
-1268
-1368
-1477
-1548
-1546
-1531
-1535
-1570
-1531
-1416
-1308
-1280
-1266
-1117
-891
-722
-668
-612
-439
-200
-17
85
194
375
553
670
769
895
1038
1127
1171
1220
1290
1349
1359
1362
1385
1381
1297
1189
1138
1130
1067
898
705
572
491
361
182
-2
-163
-360
-586
-768
-907
-1062
-1279
-1512
-1724
-1876
-2024
-2195
-2376
-2531
-2671
-2831
-2989
-3101
-3152
-3172
-3249
-3373
-3450
-3446
-3385
-3350
-3342
-3328
-3260
-3148
-3021
-2892
-2725
-2547
-2381
-2210
-2014
-1758
-1473
-1221
-988
-727
-424
-117
151
420
732
1074
1342
1564
1817
2141
2445
2668
2838
3029
3242
3420
3566
3690
3807
3873
3894
3907
3934
3936
3878
3767
3666
3564
3423
3233
3022
2857
2684
2455
2162
1887
1646
1415
1161
872
576
306
60
-155
-354
-583
-845
-1074
-1211
-1304
-1446
-1640
-1748
-1763
-1764
-1817
-1884
-1867
-1771
-1683
-1663
-1657
-1552
-1363
-1174
-1061
-976
-823
-604
-407
-281
-133
57
259
395
497
639
839
996
1068
1097
1162
1288
1376
1396
1369
1374
1407
1400
1314
1221
1172
1125
1010
846
689
578
459
302
145
-18
-208
-452
-658
-779
-890
-1103
-1368
-1590
-1726
-1845
-2024
-2222
-2348
-2444
-2598
-2797
-2949
-2996
-2989
-3046
-3175
-3275
-3280
-3229
-3222
-3186
-3122
-3065
-3029
-2962
-2820
-2610
-2418
-2286
-2149
-1985
-1773
-1544
-1268
-975
-707
-490
-261
31
364
664
933
1191
1457
1723
1956
2193
2450
2733
2958
3112
3208
3350
3525
3677
3748
3767
3789
3802
3801
3758
3707
3629
3518
3373
3221
3048
2836
2642
2468
2259
2006
1722
1454
1216
1000
768
515
252
-24
-247
-423
-572
-774
-997
-1171
-1286
-1379
-1489
-1599
-1657
-1683
-1669
-1671
-1686
-1656
-1574
-1469
-1406
-1366
-1296
-1117
-910
-782
-713
-583
-407
-217
-64
62
183
312
468
584
720
854
987
1059
1081
1121
1216
1315
1319
1285
1255
1255
1239
1186
1136
1068
991
861
721
628
530
395
236
117
-41
-260
-475
-613
-719
-887
-1120
-1362
-1534
-1658
-1805
-1991
-2181
-2335
-2422
-2503
-2657
-2887
-2964
-2923
-3050
-3140
-3191
-3244
-3201
-3204
-3132
-3110
-3084
-3010
-2909
-2725
-2605
-2447
-2271
-2048
-1889
-1726
-1506
-1206
-885
-647
-441
-221
97
395
668
936
1230
1480
1707
1944
2196
2442
2670
2856
2996
3116
3224
3375
3495
3591
3632
3633
3608
3577
3569
3547
3427
3297
3205
3070
2893
2689
2519
2336
2155
1921
1643
1398
1184
989
780
541
266
23
-162
-345
-553
-764
-928
-1030
-1129
-1287
-1460
-1554
-1554
-1555
-1613
-1665
-1662
-1606
-1555
-1534
-1487
-1344
-1166
-1075
-1058
-932
-681
-483
-385
-313
-120
107
234
341
493
715
896
936
954
1034
1223
1372
1376
1377
1422
1496
1483
1423
1396
1384
1329
1198
1088
1028
958
796
596
455
345
178
-101
-335
-437
-529
-765
-1076
-1251
-1347
-1526
-1830
-2061
-2130
-2187
-2373
-2627
-2806
-2833
-2841
-2982
-3152
-3204
-3124
-3148
-3278
-3313
-3186
-3033
-3053
-3128
-3035
-2777
-2565
-2526
-2476
-2274
-2000
-1805
-1700
-1504
-1181
-833
-621
-487
-270
30
330
557
765
1019
1326
1591
1796
1985
2199
2406
2557
2730
2883
3002
3096
3197
3354
3468
3431
3351
3341
3388
3372
3268
3182
3072
2991
2860
2631
2455
2325
2182
1953
1678
1455
1242
1069
866
600
334
102
-61
-224
-414
-660
-842
-930
-1016
-1161
-1329
-1425
-1420
-1386
-1406
-1487
-1503
-1394
-1333
-1347
-1303
-1090
-863
-766
-763
-667
-424
-222
-97
5
148
330
508
670
808
969
1101
1110
1148
1264
1431
1507
1505
1533
1548
1536
1466
1415
1394
1344
1199
1040
966
914
758
504
294
187
88
-131
-421
-613
-724
-890
-1157
-1398
-1521
-1642
-1838
-2093
-2264
-2334
-2418
-2578
-2781
-2943
-3002
-3019
-3070
-3101
-3148
-3193
-3252
-3252
-3210
-3181
-3113
-3060
-2975
-2861
-2747
-2624
-2485
-2296
-2145
-2021
-1853
-1618
-1333
-1077
-847
-620
-379
-162
67
358
651
910
1169
1432
1692
1908
2088
2273
2501
2733
2910
3033
3132
3280
3423
3519
3545
3555
3600
3597
3543
3496
3458
3406
3275
3118
2945
2774
2624
2447
2270
2064
1839
1558
1295
1086
880
654
393
163
6
-180
-460
-704
-813
-884
-1032
-1217
-1366
-1388
-1355
-1378
-1467
-1495
-1425
-1380
-1399
-1365
-1193
-971
-873
-900
-860
-679
-471
-339
-225
-66
103
206
294
437
646
784
778
785
914
1097
1166
1131
1144
1217
1256
1179
1060
1075
1137
1068
875
751
742
692
473
216
117
104
-29
-310
-538
-647
-758
-987
-1226
-1361
-1431
-1605
-1885
-2100
-2145
-2161
-2337
-2599
-2772
-2799
-2847
-2966
-3056
-3069
-3097
-3216
-3347
-3332
-3204
-3139
-3182
-3207
-3092
-2927
-2843
-2812
-2674
-2425
-2219
-2113
-1993
-1721
-1378
-1126
-964
-775
-477
-152
129
374
650
972
1263
1482
1690
1945
2208
2428
2595
2799
3006
3152
3227
3315
3449
3531
3562
3567
3584
3598
3554
3464
3388
3339
3246
3070
2858
2671
2544
2414
2220
1960
1721
1501
1278
1048
827
647
468
262
33
-161
-322
-458
-584
-704
-815
-936
-1047
-1082
-1090
-1102
-1126
-1151
-1124
-1075
-1004
-954
-909
-825
-705
-584
-523
-513
-424
-228
-42
35
56
134
288
440
506
560
673
829
911
900
908
1008
1111
1095
1019
980
1002
1019
951
857
824
794
662
446
297
256
216
59
-171
-323
-450
-624
-819
-993
-1137
-1320
-1522
-1716
-1859
-1978
-2131
-2284
-2422
-2535
-2694
-2874
-2974
-2980
-2999
-3107
-3249
-3297
-3227
-3208
-3265
-3288
-3196
-3067
-3006
-2960
-2839
-2643
-2431
-2248
-2064
-1839
-1623
-1428
-1192
-900
-595
-338
-126
115
414
762
1057
1279
1482
1709
1975
2222
2431
2658
2895
3084
3185
3242
3332
3455
3546
3562
3548
3549
3590
3605
3565
3468
3351
3218
3071
2930
2780
2619
2409
2176
1975
1816
1584
1274
976
776
633
402
123
-86
-204
-346
-564
-773
-860
-901
-1023
-1200
-1299
-1308
-1311
-1356
-1383
-1335
-1279
-1276
-1283
-1192
-1052
-967
-935
-842
-645
-450
-348
-288
-141
37
149
181
259
439
608
685
758
911
1049
1084
1030
1060
1162
1208
1157
1093
1119
1130
1042
885
787
747
629
407
201
100
60
-45
-239
-425
-588
-761
-976
-1137
-1242
-1404
-1626
-1850
-2002
-2095
-2198
-2335
-2478
-2608
-2774
-2930
-2991
-2976
-2990
-3098
-3200
-3219
-3177
-3163
-3186
-3181
-3141
-3088
-3046
-2955
-2784
-2570
-2403
-2254
-2079
-1890
-1715
-1535
-1291
-995
-702
-477
-237
52
344
589
814
1059
1336
1582
1777
2013
2310
2618
2844
3003
3126
3259
3380
3490
3625
3744
3797
3767
3737
3771
3815
3755
3594
3427
3303
3186
3039
2873
2705
2536
2335
2087
1825
1582
1341
1089
859
623
366
110
-54
-113
-218
-449
-755
-921
-917
-919
-1068
-1258
-1302
-1195
-1096
-1135
-1232
-1237
-1128
-1037
-1030
-1013
-888
-659
-453
-358
-320
-247
-92
100
258
317
355
460
627
815
924
950
945
965
1000
1023
1030
1043
1064
1049
1006
930
870
787
688
585
439
252
41
-99
-161
-214
-363
-584
-805
-977
-1123
-1302
-1492
-1653
-1781
-1941
-2139
-2298
-2374
-2447
-2585
-2779
-2974
-3123
-3216
-3246
-3214
-3163
-3198
-3311
-3405
-3369
-3256
-3167
-3167
-3176
-3078
-2905
-2727
-2564
-2400
-2218
-2053
-1932
-1789
-1574
-1281
-938
-587
-316
-115
78
370
749
1077
1287
1417
1625
1957
2323
2565
2734
2928
3178
3369
3441
3489
3601
3790
3916
3917
3851
3848
3904
3910
3793
3603
3404
3262
3154
2996
2824
2638
2443
2229
2000
1761
1495
1217
949
731
557
364
130
-85
-247
-423
-661
-901
-1049
-1107
-1176
-1312
-1418
-1389
-1282
-1255
-1356
-1453
-1411
-1290
-1229
-1234
-1184
-1017
-822
-698
-616
-509
-363
-216
-113
-15
110
243
389
541
687
797
840
866
930
999
1014
981
981
1063
1115
1044
920
861
879
842
675
464
317
268
222
105
-56
-231
-426
-666
-897
-1063
-1186
-1349
-1564
-1752
-1846
-1922
-2080
-2273
-2438
-2569
-2742
-2964
-3142
-3174
-3125
-3158
-3291
-3439
-3452
-3360
-3307
-3331
-3367
-3343
-3242
-3088
-2930
-2776
-2648
-2527
-2374
-2161
-1919
-1734
-1575
-1328
-979
-634
-392
-201
56
421
793
1039
1213
1444
1811
2197
2463
2620
2766
3016
3275
3405
3409
3447
3616
3834
3973
3973
3922
3936
3993
3983
3882
3693
3500
3354
3255
3157
2991
2758
2519
2340
2189
1960
1635
1341
1185
1072
850
521
246
143
76
-148
-476
-718
-778
-806
-949
-1124
-1215
-1219
-1240
-1284
-1293
-1284
-1315
-1356
-1269
-1094
-960
-984
-1003
-815
-555
-484
-585
-580
-348
-88
-48
-61
121
427
591
553
549
700
844
795
701
758
888
907
784
740
832
840
674
492
480
522
409
158
5
26
1
-219
-504
-652
-723
-881
-1128
-1300
-1366
-1489
-1701
-1914
-2006
-2052
-2197
-2384
-2517
-2573
-2654
-2776
-2843
-2822
-2825
-2955
-3116
-3164
-3104
-3063
-3093
-3130
-3052
-2868
-2683
-2553
-2465
-2368
-2199
-1963
-1782
-1682
-1586
-1359
-992
-632
-410
-268
-35
325
694
942
1127
1378
1704
2023
2260
2448
2640
2862
3098
3278
3363
3390
3445
3595
3772
3817
3704
3594
3610
3681
3651
3473
3296
3192
3104
2965
2766
2572
2373
2130
1855
1615
1375
1109
858
676
543
383
154
-85
-247
-392
-568
-773
-929
-1077
-1251
-1384
-1408
-1358
-1387
-1492
-1545
-1495
-1441
-1439
-1424
-1290
-1132
-1110
-1138
-1050
-790
-556
-510
-502
-386
-207
-81
9
191
402
470
420
474
722
949
957
859
885
1030
1100
1040
975
984
926
746
566
524
550
438
227
90
66
0
-194
-414
-577
-727
-961
-1231
-1417
-1517
-1644
-1857
-2065
-2194
-2268
-2371
-2521
-2680
-2824
-2922
-2976
-2999
-3034
-3123
-3223
-3255
-3217
-3141
-3124
-3145
-3152
-3097
-2950
-2782
-2629
-2541
-2475
-2323
-2038
-1727
-1511
-1373
-1175
-860
-531
-296
-128
118
436
709
869
1036
1348
1741
2061
2252
2386
2570
2826
3076
3232
3278
3280
3312
3430
3597
3695
3651
3573
3569
3633
3639
3514
3345
3242
3193
3076
2882
2672
2526
2412
2225
1974
1729
1551
1362
1132
895
692
538
349
113
-95
-219
-289
-400
-570
-698
-737
-774
-886
-1054
-1127
-1070
-1025
-1118
-1242
-1209
-1017
-837
-802
-830
-787
-639
-513
-446
-392
-334
-290
-236
-112
58
189
237
279
387
531
595
588
622
696
749
721
670
697
740
719
622
522
484
442
344
213
92
-9
-119
-234
-354
-473
-591
-737
-859
-965
-1058
-1173
-1340
-1549
-1738
-1851
-1918
-2031
-2228
-2385
-2455
-2454
-2511
-2640
-2721
-2746
-2785
-2882
-2988
-2992
-2929
-2933
-2980
-2961
-2811
-2645
-2548
-2449
-2282
-2090
-1937
-1786
-1558
-1301
-1094
-942
-729
-377
-32
180
322
559
903
1215
1416
1597
1847
2115
2312
2467
2686
2941
3121
3214
3315
3465
3597
3654
3667
3673
3671
3631
3537
3471
3454
3424
3298
3109
2961
2836
2710
2516
2275
2027
1784
1552
1319
1078
873
706
512
294
44
-140
-234
-350
-535
-756
-918
-990
-1072
-1175
-1238
-1237
-1259
-1344
-1418
-1387
-1289
-1257
-1292
-1280
-1160
-1052
-1006
-937
-743
-534
-460
-470
-376
-113
120
163
108
186
370
505
532
567
686
760
748
737
790
847
770
614
518
509
459
287
134
85
54
-90
-319
-459
-470
-539
-745
-1001
-1171
-1245
-1337
-1491
-1667
-1819
-1931
-2021
-2121
-2206
-2340
-2505
-2622
-2661
-2666
-2734
-2847
-2914
-2883
-2814
-2790
-2816
-2835
-2767
-2658
-2580
-2541
-2511
-2390
-2205
-2067
-2006
-1926
-1714
-1420
-1184
-1076
-984
-767
-480
-222
-54
81
293
528
759
993
1261
1520
1707
1894
2115
2360
2564
2715
2872
3038
3168
3244
3312
3437
3579
3626
3576
3538
3544
3522
3442
3341
3258
3181
3043
2861
2719
2627
2482
2270
2042
1858
1708
1504
1271
1081
964
806
561
323
160
89
3
-164
-361
-498
-559
-619
-721
-855
-949
-964
-968
-1014
-1081
-1078
-1007
-926
-908
-933
-922
-844
-717
-621
-578
-557
-500
-385
-229
-109
-78
-79
-13
143
255
245
190
218
354
458
430
365
390
473
499
439
371
366
363
300
225
173
126
37
-73
-131
-183
-300
-495
-653
-704
-748
-916
-1188
-1400
-1502
-1564
-1710
-1921
-2104
-2230
-2326
-2424
-2519
-2648
-2791
-2887
-2902
-2891
-2954
-3052
-3079
-2994
-2894
-2867
-2891
-2848
-2670
-2462
-2352
-2313
-2222
-2004
-1710
-1485
-1344
-1208
-974
-626
-289
-70
71
278
597
956
1227
1411
1606
1873
2149
2360
2540
2731
2927
3075
3188
3299
3404
3474
3501
3548
3577
3537
3459
3413
3417
3399
3284
3095
2951
2859
2752
2589
2408
2247
2077
1871
1677
1539
1386
1153
894
727
620
446
175
-74
-185
-231
-376
-623
-819
-876
-895
-988
-1128
-1211
-1203
-1214
-1264
-1309
-1253
-1154
-1091
-1084
-1077
-1021
-898
-714
-605
-544
-518
-440
-281
-110
5
40
86
177
280
364
425
499
568
575
556
544
567
608
596
526
446
361
319
293
230
101
-80
-234
-341
-424
-572
-759
-933
-1098
-1273
-1434
-1557
-1659
-1827
-2051
-2207
-2253
-2285
-2415
-2618
-2737
-2721
-2701
-2784
-2915
-2953
-2900
-2841
-2873
-2908
-2857
-2760
-2690
-2674
-2639
-2538
-2393
-2253
-2150
-2066
-1963
-1779
-1509
-1262
-1122
-1056
-885
-575
-222
7
125
284
577
910
1160
1363
1576
1827
2041
2196
2367
2616
2841
2980
3033
3112
3262
3411
3511
3540
3561
3562
3563
3548
3548
3536
3456
3332
3203
3110
3023
2909
2738
2545
2341
2147
1975
1784
1590
1341
1074
860
693
536
306
45
-161
-264
-352
-517
-731
-879
-948
-998
-1074
-1149
-1169
-1184
-1220
-1277
-1252
-1123
-1015
-1006
-1074
-1065
-894
-716
-626
-609
-573
-458
-334
-228
-123
16
126
163
179
255
406
534
585
577
547
582
641
698
746
699
591
492
470
503
469
302
115
7
-38
-109
-266
-450
-586
-701
-850
-1044
-1197
-1302
-1446
-1632
-1839
-1955
-2036
-2166
-2340
-2497
-2584
-2639
-2738
-2884
-2974
-3006
-3053
-3130
-3169
-3136
-3069
-3071
-3122
-3100
-2927
-2705
-2586
-2580
-2524
-2308
-2003
-1725
-1566
-1447
-1236
-935
-600
-288
-54
166
421
722
1035
1297
1530
1792
2063
2301
2452
2611
2848
3141
3353
3378
3376
3489
3721
3865
3835
3727
3700
3774
3800
3731
3599
3493
3410
3295
3143
2980
2814
2619
2402
2207
2016
1805
1560
1335
1137
937
704
471
283
111
-91
-317
-471
-550
-647
-831
-1019
-1109
-1120
-1143
-1210
-1290
-1316
-1334
-1366
-1353
-1241
-1101
-1097
-1193
-1201
-980
-697
-578
-654
-689
-514
-249
-115
-89
-19
120
243
277
313
455
625
670
611
567
622
696
715
678
617
530
424
345
350
366
224
-45
-261
-281
-273
-418
-701
-932
-1011
-1070
-1248
-1487
-1634
-1702
-1836
-2060
-2246
-2315
-2345
-2484
-2697
-2823
-2826
-2831
-2933
-3054
-3063
-3025
-3011
-3047
-3040
-2945
-2870
-2851
-2832
-2696
-2503
-2364
-2302
-2219
-2000
-1736
-1532
-1384
-1216
-968
-718
-497
-268
13
297
503
693
953
1310
1640
1850
1988
2175
2459
2743
2951
3093
3229
3374
3515
3657
3776
3872
3910
3891
3890
3902
3890
3813
3720
3627
3521
3353
3158
2997
2874
2736
2498
2215
1956
1776
1616
1396
1125
850
629
447
262
68
-154
-350
-503
-619
-766
-942
-1056
-1121
-1170
-1252
-1337
-1377
-1360
-1345
-1350
-1329
-1251
-1179
-1164
-1154
-1070
-901
-770
-726
-698
-587
-430
-304
-243
-183
-64
58
98
115
193
314
391
373
348
377
443
475
461
421
377
330
285
239
203
120
-11
-125
-202
-282
-411
-563
-685
-792
-940
-1128
-1304
-1407
-1504
-1682
-1923
-2100
-2171
-2220
-2357
-2558
-2697
-2736
-2747
-2844
-2974
-3045
-3028
-2981
-2984
-3025
-3007
-2914
-2790
-2701
-2630
-2545
-2416
-2229
-2055
-1874
-1698
-1507
-1301
-1077
-832
-574
-323
-87
151
418
707
953
1165
1398
1681
1964
2187
2327
2497
2745
3001
3165
3230
3311
3449
3590
3677
3721
3723
3730
3734
3711
3703
3656
3564
3456
3364
3283
3145
2942
2752
2635
2510
2310
2033
1808
1668
1523
1283
999
816
687
499
200
-37
-129
-178
-363
-658
-837
-858
-869
-981
-1153
-1238
-1200
-1209
-1283
-1324
-1250
-1144
-1125
-1169
-1137
-1009
-881
-801
-745
-657
-585
-536
-451
-294
-160
-136
-161
-114
47
184
182
130
167
263
295
232
193
247
254
157
47
25
58
-17
-186
-313
-326
-360
-508
-702
-819
-841
-938
-1146
-1321
-1384
-1419
-1545
-1752
-1916
-1961
-1989
-2102
-2257
-2379
-2446
-2499
-2549
-2597
-2652
-2715
-2776
-2766
-2715
-2700
-2730
-2746
-2690
-2575
-2501
-2453
-2370
-2248
-2099
-1961
-1808
-1626
-1431
-1252
-1080
-851
-588
-334
-123
86
336
606
875
1109
1361
1610
1833
2036
2239
2474
2690
2870
3001
3133
3287
3412
3512
3572
3640
3678
3670
3640
3607
3600
3546
3437
3305
3178
3050
2917
2766
2595
2404
2197
1981
1788
1603
1379
1120
888
733
586
373
73
-150
-224
-276
-432
-683
-869
-914
-920
-1024
-1153
-1201
-1179
-1181
-1261
-1295
-1215
-1106
-1063
-1090
-1082
-989
-860
-765
-689
-610
-537
-480
-401
-244
-89
-19
-20
31
184
318
351
333
372
472
501
458
434
490
527
448
325
271
301
278
135
-32
-115
-165
-270
-433
-570
-654
-781
-987
-1161
-1240
-1303
-1461
-1718
-1907
-1971
-2014
-2143
-2335
-2471
-2528
-2589
-2685
-2769
-2808
-2830
-2872
-2907
-2896
-2867
-2836
-2798
-2731
-2620
-2538
-2479
-2351
-2145
-1950
-1849
-1764
-1552
-1243
-991
-872
-753
-500
-133
164
326
470
699
1029
1312
1513
1696
1922
2162
2371
2529
2681
2887
3070
3189
3255
3341
3431
3512
3567
3585
3584
3573
3533
3485
3425
3358
3278
3149
3006
2858
2718
2567
2402
2231
2043
1831
1620
1426
1254
1078
864
645
480
319
127
-88
-251
-311
-388
-565
-779
-906
-901
-886
-977
-1100
-1144
-1109
-1115
-1162
-1158
-1047
-945
-989
-1062
-1014
-810
-652
-641
-676
-614
-464
-347
-305
-259
-152
-58
-32
-9
58
142
204
215
225
263
271
240
234
272
284
190
82
39
51
20
-110
-236
-287
-313
-407
-559
-692
-765
-842
-957
-1107
-1234
-1350
-1483
-1624
-1718
-1779
-1888
-2055
-2215
-2283
-2291
-2328
-2458
-2583
-2659
-2648
-2626
-2663
-2713
-2717
-2671
-2629
-2618
-2592
-2481
-2336
-2212
-2155
-2080
-1934
-1728
-1506
-1323
-1168
-1017
-820
-564
-285
-35
155
333
564
844
1128
1343
1522
1746
1997
2210
2374
2535
2737
2927
3054
3153
3265
3385
3456
3489
3531
3590
3605
3531
3445
3426
3432
3361
3183
3019
2915
2829
2678
2473
2284
2119
1938
1720
1501
1306
1125
934
739
538
318
95
-48
-140
-271
-474
-682
-805
-853
-926
-1053
-1154
-1184
-1214
-1286
-1358
-1340
-1240
-1207
-1271
-1330
-1231
-1074
-1005
-999
-955
-822
-704
-645
-598
-478
-336
-252
-208
-151
-55
57
121
165
227
282
298
316
348
386
392
355
317
297
280
212
138
72
18
-68
-165
-274
-373
-480
-606
-701
-795
-911
-1080
-1247
-1346
-1405
-1493
-1640
-1820
-1942
-2017
-2084
-2161
-2255
-2344
-2407
-2459
-2511
-2551
-2568
-2539
-2517
-2517
-2526
-2505
-2430
-2314
-2217
-2139
-2061
-1966
-1828
-1641
-1443
-1268
-1123
-977
-785
-537
-286
-88
99
316
580
813
1013
1211
1446
1713
1921
2078
2240
2443
2636
2806
2939
3065
3192
3285
3349
3419
3494
3539
3533
3494
3476
3455
3392
3284
3189
3104
3004
2843
2644
2481
2339
2194
1995
1780
1569
1372
1171
968
796
623
426
182
-50
-200
-284
-422
-622
-801
-910
-963
-1043
-1160
-1236
-1258
-1278
-1342
-1409
-1381
-1319
-1285
-1302
-1300
-1229
-1140
-1081
-1027
-923
-807
-750
-719
-629
-480
-332
-276
-256
-183
-45
41
80
137
207
263
262
271
325
384
365
314
298
333
313
207
118
107
122
37
-143
-283
-297
-307
-417
-623
-780
-850
-909
-1031
-1185
-1322
-1439
-1538
-1668
-1798
-1906
-1986
-2076
-2175
-2275
-2368
-2440
-2488
-2499
-2523
-2576
-2629
-2642
-2599
-2528
-2487
-2457
-2408
-2335
-2232
-2117
-1986
-1845
-1694
-1549
-1411
-1236
-1008
-782
-597
-414
-204
37
286
490
701
967
1225
1438
1604
1802
2054
2302
2474
2575
2716
2904
3069
3169
3234
3318
3407
3455
3459
3470
3493
3491
3445
3363
3289
3202
3098
2978
2848
2723
2555
2361
2185
2038
1865
1635
1399
1223
1062
864
629
395
259
152
-28
-278
-483
-579
-644
-769
-954
-1092
-1136
-1160
-1236
-1332
-1370
-1343
-1322
-1365
-1400
-1350
-1254
-1186
-1166
-1131
-1042
-947
-881
-811
-696
-568
-490
-451
-395
-267
-126
-60
-45
12
117
182
196
211
258
309
312
272
268
283
272
211
155
128
77
-19
-126
-165
-203
-294
-457
-594
-644
-711
-856
-1011
-1104
-1165
-1284
-1461
-1607
-1659
-1688
-1795
-1953
-2067
-2095
-2120
-2190
-2273
-2313
-2306
-2325
-2374
-2402
-2368
-2295
-2259
-2248
-2218
-2149
-2036
-1917
-1808
-1695
-1572
-1445
-1296
-1129
-936
-740
-551
-376
-192
22
252
473
686
910
1124
1321
1513
1724
1943
2148
2316
2477
2642
2802
2934
3045
3162
3271
3341
3360
3382
3448
3492
3455
3375
3337
3319
3259
3129
2984
2908
2817
2664
2456
2259
2118
1985
1787
1555
1356
1167
971
768
596
407
185
-20
-172
-292
-452
-671
-836
-901
-948
-1082
-1265
-1355
-1327
-1310
-1423
-1529
-1506
-1407
-1365
-1409
-1442
-1372
-1241
-1169
-1149
-1097
-1001
-907
-827
-742
-640
-559
-506
-438
-329
-228
-171
-133
-82
-8
37
56
78
110
143
133
108
94
73
42
0
-38
-90
-179
-273
-351
-406
-451
-568
-703
-825
-903
-969
-1068
-1185
-1317
-1426
-1514
-1599
-1695
-1810
-1915
-1955
-2001
-2083
-2204
-2261
-2254
-2251
-2298
-2370
-2372
-2338
-2301
-2288
-2263
-2203
-2138
-2095
-2012
-1890
-1758
-1663
-1577
-1422
-1226
-1059
-942
-783
-549
-314
-158
-20
196
481
716
879
1044
1282
1541
1735
1902
2088
2323
2504
2612
2735
2903
3087
3199
3247
3329
3430
3495
3495
3495
3522
3535
3480
3394
3331
3271
3188
3048
2892
2764
2640
2461
2259
2068
1912
1732
1492
1266
1077
918
712
460
239
77
-60
-242
-467
-651
-766
-857
-995
-1144
-1243
-1283
-1337
-1430
-1510
-1521
-1483
-1483
-1520
-1530
-1461
-1387
-1354
-1337
-1261
-1150
-1076
-1037
-952
-809
-688
-647
-625
-512
-353
-256
-252
-217
-101
20
45
5
51
180
239
175
94
121
209
202
106
17
13
7
-69
-187
-258
-291
-380
-509
-614
-674
-746
-882
-1024
-1095
-1142
-1254
-1422
-1536
-1566
-1609
-1733
-1867
-1928
-1939
-1995
-2084
-2132
-2121
-2122
-2180
-2222
-2183
-2108
-2096
-2120
-2084
-1961
-1843
-1799
-1766
-1646
-1467
-1311
-1238
-1138
-960
-736
-537
-399
-250
-56
178
395
591
769
960
1146
1358
1596
1794
1954
2102
2287
2493
2661
2768
2866
2989
3141
3243
3283
3297
3351
3431
3469
3430
3353
3327
3322
3271
3154
3005
2891
2819
2678
2497
2310
2152
1998
1799
1583
1400
1238
1039
792
563
415
281
95
-158
-345
-444
-547
-733
-919
-1022
-1068
-1145
-1289
-1400
-1418
-1406
-1449
-1515
-1534
-1485
-1458
-1455
-1441
-1373
-1293
-1259
-1233
-1151
-1010
-920
-898
-856
-734
-607
-535
-522
-468
-342
-247
-234
-242
-183
-82
-38
-61
-88
-61
-29
-43
-91
-113
-116
-158
-234
-314
-336
-374
-443
-572
-673
-714
-752
-859
-997
-1072
-1109
-1162
-1307
-1442
-1501
-1494
-1543
-1672
-1789
-1813
-1801
-1818
-1903
-1988
-1973
-1929
-1935
-1970
-1966
-1921
-1855
-1842
-1802
-1720
-1619
-1548
-1481
-1373
-1235
-1099
-993
-875
-711
-526
-375
-226
-56
138
313
477
660
877
1071
1240
1396
1586
1804
1964
2108
2272
2455
2593
2686
2776
2912
3058
3141
3152
3179
3247
3309
3319
3281
3238
3205
3162
3088
3018
2922
2779
2625
2510
2409
2261
2026
1818
1694
1568
1338
1050
873
780
625
322
34
-76
-100
-272
-591
-838
-876
-872
-1029
-1259
-1368
-1340
-1372
-1529
-1631
-1587
-1485
-1527
-1673
-1679
-1528
-1390
-1421
-1480
-1398
-1245
-1159
-1139
-1075
-921
-799
-798
-785
-652
-475
-404
-430
-410
-289
-190
-178
-190
-126
-48
-60
-145
-158
-79
-43
-129
-263
-311
-274
-272
-385
-514
-580
-607
-659
-770
-889
-945
-1001
-1097
-1227
-1313
-1342
-1386
-1483
-1608
-1674
-1688
-1704
-1783
-1855
-1893
-1892
-1908
-1938
-1940
-1913
-1902
-1934
-1934
-1865
-1748
-1688
-1690
-1673
-1553
-1400
-1292
-1217
-1103
-949
-822
-712
-541
-314
-117
-3
102
318
596
817
936
1083
1321
1571
1728
1858
2075
2318
2472
2551
2678
2893
3085
3150
3175
3262
3413
3492
3474
3462
3500
3531
3457
3360
3329
3311
3211
3018
2863
2775
2688
2506
2274
2096
1941
1741
1496
1307
1168
967
668
404
269
202
13
-301
-536
-629
-686
-863
-1069
-1195
-1233
-1306
-1484
-1597
-1578
-1526
-1585
-1734
-1779
-1683
-1577
-1587
-1650
-1623
-1511
-1414
-1400
-1375
-1251
-1118
-1065
-1061
-1006
-848
-705
-657
-663
-613
-478
-370
-350
-348
-291
-212
-178
-196
-179
-133
-107
-165
-225
-217
-192
-209
-308
-401
-421
-420
-483
-606
-699
-724
-769
-866
-980
-1039
-1061
-1138
-1262
-1355
-1364
-1365
-1434
-1548
-1624
-1624
-1618
-1656
-1708
-1732
-1712
-1698
-1716
-1720
-1678
-1619
-1583
-1562
-1518
-1444
-1356
-1258
-1155
-1064
-986
-875
-726
-555
-426
-335
-184
13
197
341
480
660
879
1062
1192
1342
1554
1773
1918
2029
2178
2365
2537
2635
2719
2835
2968
3058
3087
3137
3188
3216
3207
3186
3173
3129
3060
2976
2901
2816
2681
2528
2380
2256
2102
1890
1685
1523
1372
1201
971
729
528
366
228
58
-161
-389
-540
-638
-745
-899
-1068
-1175
-1239
-1324
-1445
-1515
-1491
-1470
-1536
-1642
-1653
-1555
-1461
-1482
-1518
-1458
-1352
-1277
-1279
-1206
-1068
-971
-954
-932
-793
-632
-557
-563
-510
-370
-268
-262
-255
-154
-41
-37
-101
-95
28
98
14
-85
-75
6
-10
-139
-237
-228
-216
-320
-453
-512
-533
-602
-733
-833
-870
-899
-1014
-1154
-1226
-1248
-1282
-1381
-1482
-1539
-1581
-1631
-1662
-1677
-1694
-1738
-1782
-1774
-1735
-1715
-1702
-1678
-1631
-1579
-1538
-1480
-1375
-1242
-1150
-1085
-1009
-853
-687
-542
-416
-297
-141
16
197
393
560
711
854
1028
1248
1435
1586
1725
1896
2073
2246
2364
2481
2620
2744
2841
2902
2990
3081
3149
3159
3160
3175
3192
3180
3130
3061
2986
2909
2825
2724
2593
2459
2317
2168
1982
1795
1639
1505
1325
1068
820
649
552
402
151
-97
-263
-368
-509
-714
-873
-968
-1063
-1217
-1374
-1441
-1439
-1482
-1608
-1711
-1710
-1665
-1676
-1722
-1714
-1653
-1619
-1620
-1599
-1496
-1371
-1319
-1315
-1258
-1128
-1004
-956
-916
-816
-693
-624
-606
-549
-427
-325
-310
-321
-269
-171
-120
-136
-163
-139
-100
-85
-130
-183
-193
-209
-216
-253
-311
-379
-444
-488
-528
-594
-668
-731
-806
-877
-938
-998
-1049
-1109
-1189
-1275
-1338
-1356
-1377
-1419
-1461
-1509
-1536
-1552
-1552
-1538
-1537
-1541
-1554
-1536
-1471
-1398
-1343
-1296
-1261
-1186
-1072
-957
-842
-748
-639
-522
-398
-242
-57
127
275
382
506
698
936
1127
1240
1356
1520
1721
1897
2017
2140
2287
2425
2526
2604
2714
2828
2902
2929
2937
2970
3004
3004
3001
2965
2912
2835
2744
2687
2630
2532
2368
2200
2080
1986
1851
1655
1445
1268
1122
970
787
582
398
226
49
-119
-270
-425
-586
-739
-866
-977
-1078
-1179
-1278
-1363
-1437
-1486
-1529
-1552
-1575
-1598
-1609
-1600
-1581
-1554
-1520
-1464
-1421
-1393
-1334
-1258
-1160
-1096
-1051
-995
-907
-797
-726
-686
-635
-563
-482
-427
-390
-336
-288
-258
-247
-215
-174
-142
-144
-192
-209
-190
-167
-201
-253
-293
-318
-347
-406
-436
-449
-495
-594
-681
-698
-688
-725
-822
-915
-945
-955
-993
-1051
-1100
-1110
-1148
-1207
-1218
-1202
-1183
-1213
-1259
-1263
-1226
-1173
-1160
-1156
-1109
-1048
-1017
-984
-900
-789
-693
-646
-606
-509
-363
-214
-109
-24
82
217
380
524
657
787
924
1066
1214
1353
1480
1624
1755
1872
1985
2100
2205
2323
2409
2481
2550
2614
2663
2695
2727
2747
2749
2715
2681
2645
2620
2553
2466
2387
2301
2194
2054
1914
1800
1688
1536
1345
1160
1024
892
718
515
346
222
70
-117
-297
-435
-531
-654
-815
-966
-1058
-1135
-1217
-1305
-1390
-1444
-1510
-1550
-1563
-1554
-1567
-1600
-1610
-1572
-1508
-1472
-1461
-1426
-1359
-1285
-1224
-1183
-1105
-1008
-929
-904
-876
-786
-688
-606
-553
-524
-490
-434
-362
-293
-249
-229
-237
-215
-170
-135
-122
-149
-167
-169
-174
-181
-207
-236
-258
-287
-338
-390
-420
-445
-468
-514
-585
-657
-701
-716
-738
-801
-878
-943
-969
-972
-1009
-1067
-1110
-1138
-1151
-1154
-1174
-1184
-1187
-1181
-1167
-1142
-1123
-1110
-1062
-1001
-952
-904
-854
-780
-682
-585
-502
-431
-341
-219
-85
40
150
265
405
546
690
809
925
1068
1212
1350
1465
1564
1679
1807
1943
2053
2125
2184
2253
2345
2419
2467
2481
2488
2503
2520
2510
2480
2440
2386
2333
2251
2166
2070
1986
1890
1781
1625
1464
1330
1226
1115
947
750
551
410
300
175
10
-170
-336
-458
-581
-701
-824
-938
-1030
-1128
-1217
-1306
-1362
-1403
-1442
-1479
-1532
-1568
-1549
-1534
-1505
-1494
-1502
-1479
-1422
-1346
-1292
-1242
-1203
-1156
-1082
-996
-919
-855
-792
-714
-648
-586
-525
-465
-393
-325
-284
-258
-219
-164
-117
-96
-81
-70
-57
-34
-19
-25
-32
-42
-53
-68
-82
-113
-135
-156
-193
-224
-269
-316
-354
-385
-422
-473
-546
-591
-617
-650
-688
-736
-780
-807
-841
-899
-929
-926
-934
-954
-981
-1007
-1001
-977
-961
-945
-939
-925
-880
-822
-761
-710
-667
-607
-528
-423
-336
-255
-164
-53
63
162
265
379
510
635
749
857
979
1113
1237
1355
1454
1548
1651
1751
1857
1959
2013
2063
2133
2188
2241
2273
2287
2295
2292
2280
2260
2232
2192
2131
2076
2003
1931
1850
1747
1656
1539
1423
1303
1173
1056
942
813
662
511
382
263
133
-5
-149
-276
-389
-506
-610
-706
-805
-901
-995
-1065
-1137
-1204
-1252
-1289
-1328
-1366
-1394
-1414
-1406
-1390
-1386
-1394
-1380
-1340
-1299
-1255
-1219
-1174
-1122
-1062
-1009
-954
-888
-838
-779
-712
-641
-587
-540
-475
-421
-363
-319
-291
-243
-176
-121
-95
-84
-76
-55
-35
-17
-13
-22
-29
-41
-50
-69
-86
-98
-122
-151
-197
-247
-281
-296
-315
-354
-423
-477
-514
-530
-569
-619
-651
-687
-714
-759
-778
-781
-793
-811
-829
-837
-838
-825
-796
-772
-761
-765
-743
-690
-625
-558
-511
-474
-425
-350
-268
-186
-108
-7
82
160
241
341
477
589
690
768
847
955
1071
1197
1293
1368
1436
1513
1613
1702
1770
1813
1862
1912
1947
1963
1968
1985
2015
2000
1953
1918
1874
1856
1824
1760
1663
1575
1484
1411
1335
1205
1089
964
843
740
612
470
341
218
120
-3
-160
-291
-375
-453
-557
-693
-822
-900
-951
-1012
-1091
-1168
-1238
-1278
-1306
-1336
-1369
-1392
-1401
-1383
-1375
-1375
-1367
-1339
-1275
-1222
-1190
-1176
-1134
-1052
-950
-891
-864
-826
-754
-663
-582
-529
-494
-432
-357
-282
-231
-196
-158
-87
-41
1
11
22
66
112
141
117
101
111
134
143
125
87
56
51
48
25
-7
-68
-107
-135
-163
-201
-262
-300
-338
-361
-404
-469
-521
-533
-549
-586
-640
-682
-692
-695
-696
-722
-749
-755
-741
-717
-709
-710
-696
-659
-606
-559
-522
-480
-431
-362
-276
-210
-151
-73
39
141
219
296
391
515
626
723
809
916
1015
1113
1212
1306
1394
1471
1542
1617
1693
1748
1792
1830
1877
1911
1927
1928
1933
1928
1918
1890
1827
1786
1737
1681
1609
1513
1423
1327
1227
1125
1007
894
772
642
516
391
260
132
3
-117
-241
-380
-503
-610
-708
-808
-894
-993
-1093
-1166
-1207
-1258
-1326
-1385
-1423
-1437
-1442
-1450
-1457
-1458
-1437
-1412
-1396
-1365
-1317
-1262
-1225
-1175
-1121
-1048
-982
-904
-827
-757
-683
-629
-555
-474
-396
-333
-281
-224
-143
-75
-27
24
73
115
157
174
189
224
254
260
257
262
256
255
231
221
202
173
131
101
75
37
-1
-61
-111
-157
-199
-249
-294
-334
-368
-427
-481
-533
-560
-576
-606
-648
-690
-699
-717
-731
-742
-756
-751
-728
-719
-712
-689
-647
-610
-570
-532
-487
-425
-357
-288
-209
-135
-67
7
94
199
300
391
468
560
667
769
844
925
1018
1114
1192
1246
1309
1390
1466
1519
1560
1593
1633
1653
1676
1687
1681
1673
1660
1624
1605
1578
1524
1463
1406
1340
1258
1179
1084
1012
923
828
709
588
492
392
295
167
34
-70
-176
-281
-394
-503
-591
-685
-775
-875
-945
-1016
-1081
-1147
-1207
-1254
-1301
-1331
-1349
-1366
-1372
-1382
-1403
-1383
-1355
-1322
-1307
-1284
-1250
-1198
-1143
-1100
-1059
-1002
-930
-872
-810
-759
-686
-612
-547
-493
-417
-345
-294
-231
-165
-104
-44
-7
37
92
136
178
192
222
253
270
275
291
305
320
313
294
288
279
279
254
212
191
165
129
92
42
15
-18
-54
-103
-148
-182
-216
-254
-287
-313
-341
-364
-387
-387
-395
-415
-435
-436
-425
-414
-409
-400
-383
-355
-319
-284
-260
-210
-145
-89
-37
0
67
145
212
278
345
420
491
557
635
708
780
838
902
961
1028
1093
1136
1179
1228
1283
1306
1329
1352
1374
1388
1387
1376
1366
1366
1355
1324
1285
1243
1199
1157
1097
1042
975
895
809
737
658
575
487
387
294
211
120
13
-78
-164
-246
-336
-433
-511
-573
-632
-704
-783
-854
-904
-946
-986
-1031
-1075
-1093
-1129
-1142
-1146
-1145
-1136
-1141
-1128
-1109
-1082
-1059
-1021
-983
-929
-886
-845
-794
-729
-659
-595
-533
-486
-420
-354
-291
-243
-178
-118
-70
-28
21
79
130
172
195
228
259
276
290
296
305
322
314
296
291
288
277
262
227
202
181
151
110
70
43
17
-25
-87
-146
-193
-220
-258
-294
-321
-358
-405
-445
-467
-480
-506
-533
-560
-565
-562
-562
-568
-570
-547
-540
-530
-517
-475
-415
-368
-336
-288
-232
-184
-132
-78
6
90
152
210
269
327
399
464
512
575
657
729
797
842
901
954
983
1014
1038
1081
1117
1150
1151
1141
1125
1100
1085
1083
1091
1090
1059
1002
939
885
829
761
708
650
601
540
457
376
303
225
129
37
-44
-115
-185
-258
-318
-380
-472
-562
-644
-709
-746
-778
-821
-871
-922
-973
-1026
-1061
-1068
-1030
-997
-1001
-1028
-1034
-1001
-971
-954
-933
-900
-857
-812
-780
-735
-692
-639
-591
-534
-464
-393
-310
-246
-188
-150
-131
-116
-83
-9
75
121
164
190
221
235
231
240
283
342
366
370
349
327
323
307
292
269
244
231
203
198
184
141
67
2
-22
-16
-7
-40
-96
-144
-176
-220
-263
-321
-329
-301
-282
-288
-327
-366
-380
-361
-320
-291
-290
-272
-263
-237
-219
-214
-198
-156
-106
-41
32
102
188
250
274
268
295
363
455
537
588
629
673
724
764
786
825
878
940
995
1039
1065
1066
1061
1056
1063
1072
1083
1101
1113
1107
1087
1030
948
879
843
822
813
781
734
680
611
522
433
363
298
253
186
108
12
-95
-173
-240
-281
-319
-383
-445
-492
-522
-567
-638
-703
-780
-838
-857
-857
-846
-837
-853
-905
-946
-944
-910
-850
-818
-827
-828
-812
-781
-759
-759
-749
-705
-632
-557
-515
-489
-468
-448
-411
-361
-323
-285
-254
-202
-133
-86
-80
-95
-102
-108
-76
-19
25
40
37
9
4
24
63
83
68
37
-5
-29
-53
-63
-97
-128
-129
-124
-115
-129
-148
-179
-216
-228
-251
-262
-256
-255
-251
-264
-282
-321
-345
-342
-314
-266
-225
-183
-170
-165
-161
-155
-133
-108
-72
-25
20
76
137
185
222
238
254
284
325
381
447
518
559
597
607
628
666
711
761
771
774
762
760
771
808
839
849
847
850
841
819
790
752
727
687
661
626
593
560
524
501
452
378
324
279
250
238
198
126
39
-40
-105
-160
-212
-243
-271
-293
-334
-384
-435
-468
-487
-517
-558
-608
-629
-626
-603
-605
-628
-647
-667
-655
-648
-638
-637
-626
-604
-585
-564
-549
-511
-473
-442
-415
-410
-421
-401
-367
-311
-255
-224
-200
-189
-164
-128
-91
-82
-67
-53
-38
-16
8
23
20
18
23
21
50
91
107
124
113
111
88
67
54
52
49
40
29
15
7
-5
-1
-12
-15
-28
-22
-25
-28
-35
-57
-66
-70
-60
-50
-45
-51
-47
-62
-49
-38
-51
-41
-10
35
76
93
88
69
75
97
124
154
171
196
215
239
260
285
310
343
358
390
426
447
479
477
463
455
461
478
502
510
517
535
553
554
549
540
540
544
544
538
508
495
470
443
433
412
394
388
357
312
284
266
240
211
171
124
91
81
66
23
-37
-104
-144
-170
-180
-188
-223
-267
-294
-309
-327
-356
-380
-406
-422
-427
-455
-498
-531
-544
-559
-580
-583
-569
-560
-550
-538
-531
-537
-544
-549
-550
-534
-509
-493
-475
-461
-443
-438
-425
-377
-341
-301
-281
-273
-264
-235
-211
-190
-183
-185
-164
-129
-98
-78
-54
-58
-45
-17
16
44
55
77
87
82
74
67
65
85
101
108
107
95
91
91
82
75
81
92
86
76
67
58
41
22
-7
-18
-26
-27
-4
0
2
6
2
12
16
-5
-8
-8
-10
-14
-18
-18
-19
4
12
19
22
32
65
82
99
100
108
134
171
187
192
201
201
224
244
273
291
319
350
358
377
398
414
420
413
394
396
404
408
411
401
392
379
378
379
365
363
345
329
317
309
292
262
231
201
189
171
145
110
81
45
20
-9
-34
-69
-110
-139
-167
-192
-229
-250
-294
-322
-343
-365
-382
-397
-413
-442
-449
-439
-419
-421
-428
-429
-435
-431
-408
-411
-411
-430
-431
-409
-395
-378
-366
-343
-326
-305
-286
-266
-237
-221
-215
-201
-184
-158
-120
-90
-71
-53
-29
0
45
63
77
92
92
105
107
101
104
114
120
124
138
135
132
133
136
132
146
156
160
164
149
133
130
132
121
120
117
112
108
106
88
79
62
55
66
69
70
49
25
0
-3
-16
-19
-15
-19
-17
-14
4
17
37
51
37
40
41
62
85
92
83
76
83
77
94
99
114
117
108
124
140
154
167
167
165
173
187
208
209
217
208
203
202
212
224
233
242
229
224
218
223
218
193
161
136
118
107
89
79
57
25
-3
-13
-11
-24
-41
-63
-83
-101
-112
-114
-134
-165
-174
-193
-196
-204
-221
-243
-265
-276
-285
-281
-282
-293
-309
-312
-308
-311
-319
-323
-314
-300
-284
-268
-256
-248
-238
-218
-204
-183
-158
-142
-136
-133
-123
-108
-73
-60
-57
-44
-44
-32
-17
-1
13
22
37
45
60
76
91
106
100
110
126
142
156
154
156
145
141
151
140
142
136
125
117
104
106
98
83
61
39
42
35
32
37
21
24
13
10
9
-7
1
6
-4
-21
-26
-12
-5
-11
-19
-32
-26
-28
-20
-18
-22
-29
-34
-22
-18
-4
-16
-10
-5
-3
19
38
40
57
79
89
101
104
119
132
129
120
132
142
153
159
155
143
139
148
153
162
158
138
125
121
134
136
120
103
82
79
75
70
57
46
34
20
19
12
-3
-12
-31
-57
-73
-88
-105
-117
-129
-149
-157
-178
-184
-185
-187
-199
-208
-210
-205
-194
-192
-193
-199
-184
-187
-177
-166
-170
-163
-155
-145
-135
-129
-126
-131
-120
-102
-89
-77
-69
-51
-42
-35
-22
4
25
43
48
50
53
72
93
97
96
93
103
121
147
153
139
128
131
134
132
128
135
118
111
121
107
101
99
94
90
92
89
82
84
88
72
65
57
51
48
52
38
15
18
10
15
9
-7
-16
-25
-33
-25
-28
-36
-46
-54
-46
-34
-32
-45
-37
-35
-38
-44
-28
-18
0
7
-9
2
3
9
18
15
6
1
9
21
35
31
28
34
45
53
54
50
53
63
59
56
58
61
56
62
62
60
53
41
54
48
41
27
20
25
27
22
6
-9
-31
-29
-26
-37
-45
-53
-63
-70
-74
-72
-81
-91
-95
-98
-99
-102
-102
-111
-114
-116
-123
-117
-109
-117
-124
-130
-131
-132
-132
-125
-121
-126
-134
-126
-117
-106
-107
-110
-101
-88
-65
-58
-67
-67
-55
-44
-39
-38
-33
-19
-6
-2
13
23
23
39
53
48
50
56
64
78
80
74
78
98
116
120
114
105
106
117
127
143
143
142
141
141
149
147
153
149
144
139
130
124
129
138
139
128
114
109
111
120
117
99
90
85
79
83
89
79
58
54
43
42
31
7
0
2
7
-4
-20
-27
-33
-28
-26
-40
-51
-63
-64
-70
-76
-76
-78
-83
-87
-99
-106
-100
-96
-87
-96
-105
-110
-105
-97
-99
-99
-109
-118
-114
-104
-105
-114
-120
-118
-110
-98
-101
-101
-98
-97
-100
-89
-99
-110
-96
-90
-90
-97
-102
-98
-78
-65
-57
-63
-61
-60
-49
-43
-44
-47
-47
-31
-26
-28
-37
-26
-18
-10
-4
-11
-11
-6
16
26
39
51
41
45
46
58
62
55
63
59
63
63
65
73
93
91
80
85
87
92
102
104
96
88
87
95
109
114
106
106
100
98
99
106
108
114
119
112
111
101
100
107
113
114
102
88
89
98
110
101
88
82
81
92
82
80
81
82
89
66
49
53
42
43
41
31
16
2
12
16
7
2
-5
-5
-9
-13
-25
-30
-23
-34
-34
-49
-62
-53
-54
-57
-66
-85
-82
-78
-74
-71
-59
-70
-82
-82
-81
-77
-81
-75
-88
-95
-105
-102
-104
-105
-100
-109
-108
-117
-121
-117
-107
-101
-100
-107
-115
-121
-118
-117
-117
-114
-111
-120
-124
-119
-107
-88
-82
-73
-70
-71
-73
-58
-54
-50
-47
-57
-64
-60
-44
-32
-25
-32
-35
-19
-12
6
23
24
28
33
45
38
43
44
53
56
53
51
49
60
64
69
61
62
64
72
79
97
95
94
91
87
90
90
87
88
88
73
73
67
79
76
83
84
94
96
92
103
96
93
89
87
79
70
67
67
71
69
60
54
46
62
66
67
68
57
61
63
55
60
60
44
40
29
23
18
24
20
18
9
10
10
12
19
20
29
11
-1
-3
-13
-22
-18
-25
-28
-35
-35
-41
-38
-28
-33
-27
-31
-29
-29
-23
-22
-22
-25
-35
-47
-55
-46
-40
-40
-47
-59
-64
-63
-52
-46
-44
-37
-46
-54
-50
-53
-62
-52
-47
-48
-57
-68
-67
-50
-41
-40
-46
-65
-56
-52
-41
-28
-29
-32
-41
-49
-51
-50
-50
-52
-53
-57
-63
-62
-55
-42
-39
-34
-41
-40
-32
-29
-25
-24
-28
-35
-35
-33
-29
-18
-12
-16
-7
-3
-14
-13
-8
1
13
14
9
11
17
20
26
14
10
5
6
15
14
19
23
21
26
32
31
41
47
57
51
44
29
27
31
31
41
38
32
25
30
35
47
52
48
53
50
46
53
52
57
51
46
45
40
40
39
48
44
45
41
47
41
40
41
38
48
36
28
28
21
27
30
20
29
27
25
25
26
24
19
15
12
13
5
10
6
3
-2
-4
-8
-14
-10
-15
-16
-22
-20
-13
-19
-11
-3
-7
-12
-14
-22
-21
-27
-22
-23
-37
-41
-41
-29
-41
-40
-42
-42
-51
-41
-42
-47
-37
-41
-37
-41
-38
-46
-42
-40
-44
-38
-40
-36
-34
-38
-33
-34
-31
-22
-31
-31
-28
-20
-22
-22
-21
-17
-26
-23
-21
-16
-6
-21
-16
-13
-8
3
4
-11
-10
-11
-8
-3
0
1
4
7
-2
7
8
6
6
8
11
18
18
22
21
19
28
25
22
15
13
7
7
6
3
4
11
12
12
11
19
20
29
31
24
22
26
16
5
16
12
14
9
12
4
6
5
-12
-4
-5
4
3
-2
0
-1
-5
-7
-10
-1
2
-4
0
2
3
-2
7
9
10
18
16
8
14
17
20
17
16
14
9
10
12
22
26
26
29
20
10
5
2
10
11
19
20
16
20
13
10
18
4
8
-3
-15
-1
-11
-11
-16
-5
-3
-14
-12
-12
-15
-13
-11
-14
-15
-28
-19
-15
-16
-21
-16
-11
-19
-16
-18
-23
-19
-15
-12
-4
-6
-11
-9
-11
-16
-10
-5
-7
-3
-8
-15
-11
-19
-15
-8
0
9
7
6
3
4
3
12
2
0
-2
-1
3
-5
1
-8
-10
0
-4
-1
-3
-6
-1
-2
-5
-11
-1
-2
-2
3
16
13
5
2
-7
3
-4
-2
-2
-2
0
1
-7
-12
-10
-17
-13
-17
-3
3
-1
0
-13
-15
-10
-2
-2
-6
-4
-1
-1
-7
-7
-7
0
0
-6
-4
-16
-22
-13
-16
-16
-3
-4
2
-1
-10
3
14
0
4
0
-9
-3
0
10
-1
1
15
19
19
19
14
10
18
18
17
26
28
17
6
4
14
18
22
16
18
8
5
2
-7
-1
-6
0
7
10
15
15
2
3
12
6
3
4
2
0
3
15
13
10
8
12
12
3
6
4
0
0
0
-7
-7
-5
3
-4
-4
-4
-1
1
3
2
-6
13
-3
6
5
3
3
-4
3
-6
-1
5
7
-6
-14
-15
-6
-9
-13
-9
-3
0
3
-3
-7
-4
-9
-3
-7
-16
-21
-16
-19
-16
-14
-14
-10
-10
-6
0
2
-8
-6
1
-1
-5
-7
-2
-4
0
3
2
13
9
9
13
7
12
25
20
24
18
11
13
3
6
6
13
19
15
6
3
-1
-6
9
12
12
23
10
5
-1
6
5
-3
-4
-21
-18
-26
-26
-24
-19
-17
-16
-9
-20
-24
-25
-14
-13
-6
0
-7
-12
-16
-11
-9
-7
-10
-11
-1
-3
-7
-16
-10
-3
-1
7
-6
-3
0
-17
-9
-7
-9
-6
-9
-6
-13
-16
-16
-13
-2
-5
0
3
0
-7
-17
-10
-9
1
1
-10
-9
-7
-9
-8
-2
4
0
2
0
-6
7
13
14
9
8
7
10
14
8
0
0
19
16
19
19
15
18
21
11
16
22
1
2
-6
-4
-3
1
7
2
-3
-6
-25
-28
-19
-22
-13
-10
-2
-12
-6
-5
-10
0
0
-3
-9
-10
-19
-17
-10
-4
5
7
6
2
4
9
10
5
10
5
-3
0
13
10
2
8
5
9
13
8
0
8
8
10
25
20
9
-2
-3
-6
-8
-12
-10
-2
2
-8
-14
-20
-15
0
3
18
20
17
10
9
17
10
13
18
10
13
5
3
12
12
8
13
15
6
16
10
13
20
17
9
4
-7
-13
-1
0
0
0
5
6
5
-5
-4
1
11
22
12
1
0
-1
-3
4
0
1
6
12
4
-9
-10
-6
4
15
16
18
18
11
12
12
15
15
13
7
6
3
-12
-16
-16
-14
-4
-3
-6
-2
-7
-9
-4
-2
1
-4
-13
-19
-22
-22
-22
-19
-17
-9
-2
-9
-11
-5
-2
10
15
11
6
0
-3
-9
7
6
8
18
6
0
-4
-9
-1
4
5
9
8
0
-6
-3
3
-5
-5
-8
-29
-35
-44
-38
-32
-28
-29
-28
-32
-37
-32
-29
-18
-10
-9
-17
-12
-21
-23
-15
-7
-4
-6
-1
4
5
-4
1
3
9
29
19
16
18
6
6
3
18
19
18
24
13
9
3
4
14
22
22
22
10
9
2
3
8
1
-2
-8
-13
-19
-19
-17
-12
-14
-16
-18
-19
-13
-13
-9
-4
-2
-3
-12
-14
-19
-1
6
-6
9
2
-2
11
5
-6
0
10
10
6
5
-2
4
-7
-5
-7
-4
9
-2
8
-5
-4
-13
-7
17
15
16
9
3
-2
1
3
-5
-5
-7
-18
-3
-6
-9
-6
2
10
10
15
13
12
16
27
29
30
20
11
10
14
16
20
15
7
20
20
19
9
6
23
24
23
24
24
24
19
17
10
10
4
0
3
-1
-7
-13
-6
3
9
14
9
4
9
0
-13
-12
-14
-18
-24
-28
-22
-28
-23
-19
-12
-7
-6
-1
-7
-1
0
8
8
2
7
1
0
-3
3
3
-3
5
4
7
-3
-10
1
4
12
2
1
-8
-16
-19
-25
-16
-11
-10
-13
-12
-21
-26
-25
-17
7
9
15
16
7
6
2
-2
3
10
-2
-3
-10
-14
-4
0
6
6
4
-6
-2
-6
-8
7
11
10
-4
-9
-11
-15
-5
-1
-8
-8
-2
0
-5
-13
-6
7
13
4
-11
-12
-7
-19
-19
-12
-16
-10
-10
-7
-5
-14
-7
-10
9
12
13
18
0
6
4
1
-3
-9
-20
-20
-17
-22
-22
-15
-9
-3
2
-9
-8
-8
-13
-6
1
-6
-9
-13
-24
-27
-19
-13
-12
-11
-13
0
1
0
-4
-7
3
5
0
1
-7
-12
-10
-11
-4
-8
2
6
13
12
-2
4
12
19
25
24
18
11
11
14
9
4
6
2
-3
7
3
-3
1
10
16
7
-3
-12
-12
-6
8
9
5
-5
-15
-10
-10
-2
7
0
0
18
16
15
15
16
21
20
25
12
11
6
6
4
-1
7
3
4
4
10
5
3
4
19
22
15
13
0
0
6
7
10
0
-12
-12
-8
-9
-8
-6
-4
2
-2
4
-12
-4
6
-1
9
15
2
-2
0
-8
8
4
13
9
14
26
22
21
15
17
26
35
34
22
16
21
10
19
18
20
25
23
22
17
10
6
15
18
22
16
9
5
2
10
11
3
-7
-15
-19
-24
-16
-13
-10
-3
-1
-2
-10
-6
-6
7
7
10
2
-4
-7
0
-3
-7
0
-5
0
1
8
-2
-2
4
11
12
19
15
3
0
2
0
0
8
0
-6
-6
-9
-13
-10
-15
7
6
3
0
-6
3
4
7
3
-7
-11
-7
0
4
-5
-1
13
18
14
9
0
4
6
12
14
13
4
-1
0
-5
1
-2
-6
-5
0
1
9
0
6
7
12
0
-7
-7
-15
-19
-29
-18
-24
-17
-33
-32
-25
-23
-24
-24
-17
-1
3
-2
-1
-12
-5
-2
5
-5
-10
-17
-23
-21
-16
-16
-6
-4
5
6
6
9
9
26
20
17
1
1
-9
-4
6
0
-10
-8
1
0
6
3
8
11
19
19
15
9
6
-3
4
13
9
14
13
4
12
4
5
12
11
33
31
38
30
22
25
28
29
28
15
9
11
8
9
3
3
6
19
13
6
3
12
20
19
16
10
-1
-7
-3
-4
-3
-3
-13
-16
-7
-5
-3
-4
6
11
19
8
-2
-10
-15
-20
-18
-10
-15
-16
-19
-23
-24
-17
-14
-12
-9
3
-3
-10
-16
-12
3
3
-8
-16
-18
-19
-20
-17
-19
-22
-3
-10
-3
-7
-10
-2
8
10
2
1
-6
-3
-10
-3
-4
-3
-11
-7
-12
-6
-3
-9
7
7
16
9
2
3
-10
-3
8
7
4
-4
6
8
4
7
5
4
13
16
15
6
15
23
24
24
13
9
-14
-11
-13
-5
-10
-12
-13
-15
-2
-8
-2
2
9
12
5
-5
-7
-10
-6
4
6
-2
-3
-4
-3
-4
-5
-3
-5
5
7
9
-1
1
-9
-9
-3
-9
-8
-12
-13
-8
-9
-17
-17
-16
2
-4
-2
4
4
6
0
6
-6
-11
-19
-21
-21
-25
-24
-25
-22
-20
-6
-10
-6
-6
-7
6
0
-9
-16
-9
-16
-12
-7
-13
-13
-16
-21
-12
-17
-18
-16
-23
-1
-12
-15
-16
-19
-16
-16
-17
-22
-22
-22
-25
-26
-25
-24
-16
-12
4
2
2
2
4
5
3
3
-6
-11
-10
-10
-16
-12
-21
-19
-11
-9
-10
-3
-1
-2
3
4
6
-3
-9
-15
-10
-6
-4
-2
-9
4
4
-3
3
9
10
19
19
11
13
7
11
8
3
10
0
0
-3
2
-7
-6
-3
-8
9
13
12
8
4
2
7
17
6
-2
0
-12
-8
-13
-9
-7
-10
-6
-3
-7
-10
7
3
14
11
4
6
0
6
3
-5
-8
-9
1
2
-2
-2
-4
12
9
9
4
1
0
-9
-1
-11
-6
-11
-22
-15
-18
-15
-11
-10
-10
3
16
20
6
6
13
9
12
3
0
-2
-6
-5
0
-3
3
6
3
12
9
1
1
12
4
7
7
-2
-3
-2
-1
-12
-9
-6
3
-3
5
6
-7
6
11
14
15
6
3
9
7
3
13
10
8
11
9
6
5
-2
5
17
18
22
15
11
4
9
16
10
6
-4
-9
-13
-9
-14
-10
-6
-4
5
-3
-1
2
9
16
12
10
13
0
-2
-3
-1
8
7
11
6
8
6
7
9
17
29
25
25
16
14
15
12
15
12
13
4
1
4
0
2
5
7
12
22
16
13
21
24
27
23
19
9
0
-5
6
5
17
10
0
18
18
9
2
26
34
39
41
32
24
5
8
9
12
12
9
-4
-12
0
-10
-1
6
10
15
10
7
-7
-12
-6
-3
-3
-5
-11
-13
-13
-17
-17
-16
-16
-7
-13
-5
-1
-6
-6
-6
3
0
-6
-13
-18
-20
-19
-22
-24
-14
-3
7
10
-3
-6
-8
-5
12
29
33
3
3
-10
-23
-35
-38
-13
20
39
26
-3
-54
-70
-47
12
59
84
72
19
-52
-94
-79
-31
38
73
73
12
-63
-124
-117
-46
50
115
115
70
-9
-63
-92
-68
-11
60
101
80
3
-72
-117
-108
-18
54
99
96
53
-13
-57
-50
-12
41
79
89
54
-7
-65
-93
-70
-10
42
56
29
-13
-47
-52
-27
8
35
38
17
-6
-30
-44
-36
-25
-7
-13
-16
-32
-37
-5
5
16
25
16
7
3
9
3
-3
-4
-12
-15
-29
-29
-25
-14
1
17
12
6
14
13
25
30
36
19
10
-3
-11
-13
-23
-19
-18
-4
-3
-5
-6
-6
8
16
29
32
28
9
-1
-10
-7
4
2
-6
-13
-22
-31
-26
-8
23
35
30
19
2
3
25
38
36
21
1
-20
-22
-19
-8
5
1
7
-11
-14
-6
8
34
42
34
21
3
-17
-19
-8
10
7
-1
-19
-31
-34
-20
-5
8
26
16
7
2
-7
-3
-2
0
23
31
20
6
-13
-27
-23
-11
31
45
42
29
10
-12
-23
8
35
47
29
5
-22
-42
-39
-28
-8
12
6
2
-9
-26
-29
-9
8
15
22
-7
-15
-21
-22
-22
-19
-15
-16
-19
-16
-9
-8
-3
1
13
12
9
3
-2
-3
0
7
11
13
-1
-19
-25
-38
-23
-5
17
18
-8
-26
-44
-35
-9
19
28
25
-1
-32
-45
-32
-14
14
27
10
-9
-28
-38
-28
-5
23
43
27
15
-9
-20
-15
7
21
35
32
10
-5
-12
0
6
11
20
28
20
18
0
-8
-7
-2
7
8
14
15
-9
-6
0
-8
10
7
6
-4
-5
-12
-9
-10
6
9
-1
6
-12
-18
-9
-3
-3
3
-16
-22
-25
-27
-8
3
2
-2
-12
-16
-10
-6
6
13
6
-11
-19
-24
-20
-15
-11
-23
-29
-34
-28
-28
-23
-13
-19
-9
-14
-6
-8
-19
-16
-16
-15
-12
-7
-9
-5
-8
-19
0
-4
-1
-8
-3
6
-5
0
-12
-7
1
6
-10
-14
-12
-10
-9
-3
7
6
3
-6
-5
0
13
16
27
26
18
3
-3
6
19
16
4
-2
-12
-10
-7
-3
1
6
4
4
6
2
-8
0
-6
3
10
0
-3
-13
-15
-9
-8
-4
2
1
8
3
-6
-11
-11
-8
3
3
-8
-11
-13
-12
-16
-17
-6
4
1
3
-6
-11
-7
9
6
9
9
-6
-4
-11
-2
-4
-3
-2
-3
-6
-7
3
1
6
13
14
16
16
19
17
16
22
22
22
16
12
10
15
29
21
22
26
19
24
17
19
22
27
36
32
21
13
9
13
17
22
25
17
17
12
10
10
19
27
27
19
8
6
9
10
10
7
10
12
6
18
9
9
15
20
28
20
19
19
10
5
8
17
26
20
10
4
8
8
5
15
11
17
16
13
16
12
18
16
22
20
10
-3
-10
-7
-10
-8
3
2
0
4
12
10
12
16
0
4
1
3
3
-5
0
2
7
1
5
4
-2
-3
2
2
9
16
3
0
3
2
1
9
7
8
7
3
-5
-4
1
0
9
13
11
-2
-4
-7
-7
0
7
8
-7
-4
-3
-2
0
-3
-2
-1
-8
-4
-3
-12
-13
-11
-5
-1
0
-3
-9
-13
-18
-22
-17
-9
-8
-13
-9
-15
-7
0
-8
4
1
3
8
4
0
2
3
-3
-11
2
-3
-6
7
2
4
-3
-5
1
-4
-6
1
-1
7
3
-10
-7
-4
-3
-12
-7
-2
-5
-4
-1
-6
5
-1
-8
4
0
-1
-1
0
0
-3
-3
-4
-2
-3
-11
-3
-10
-8
-11
-17
-6
-13
-6
-8
-3
-1
-3
-5
-10
-5
-13
-14
-10
-9
-4
-12
-10
-10
-4
-3
-18
-15
-10
-17
