158
166
155
158
126
161
170
188
178
155
163
158
158
137
160
184
167
186
179
176
190
165
176
188
197
176
152
179
190
187
169
156
162
149
153
150
141
160
144
165
164
147
162
173
153
128
152
151
152
147
130
142
146
134
136
145
144
132
125
141
140
151
142
150
170
177
155
178
143
164
150
142
145
157
187
162
157
170
199
184
186
173
175
185
190
174
201
179
185
176
189
179
173
198
184
184
167
179
185
153
160
171
140
152
147
160
157
150
154
165
153
165
152
128
143
135
136
137
182
174
161
190
173
172
155
176
159
157
173
159
140
155
185
174
183
170
177
164
152
181
188
191
192
177
182
201
181
163
183
193
207
203
171
191
189
176
179
164
169
166
167
181
188
187
158
172
133
142
152
146
154
151
172
138
138
139
122
135
156
136
121
138
136
133
137
142
127
110
136
120
117
140
129
145
102
139
152
131
153
130
127
151
145
148
149
152
159
138
127
114
119
136
128
114
120
151
141
118
154
148
127
118
133
141
110
106
106
116
116
114
138
111
115
104
119
102
101
115
87
116
96
107
100
85
85
69
108
103
86
82
86
63
48
66
70
71
80
77
92
78
49
58
83
59
35
52
59
70
89
72
64
66
67
89
52
66
81
75
56
80
65
64
85
77
60
44
77
39
69
58
38
36
29
49
39
47
60
71
64
61
60
68
55
51
51
73
85
71
62
73
64
45
47
53
66
81
68
56
64
69
45
49
64
64
54
66
53
57
53
41
56
68
73
67
73
55
62
67
65
40
46
87
40
54
70
53
74
73
48
16
61
52
41
53
54
60
79
62
54
56
69
89
72
53
42
31
40
72
69
54
58
70
62
59
64
69
74
62
52
81
53
79
49
66
64
44
75
45
57
48
46
53
54
50
47
39
74
85
73
70
50
45
66
70
53
59
52
40
57
49
52
73
69
88
56
58
54
52
70
74
82
79
95
104
65
74
87
72
74
69
93
77
102
87
76
72
38
44
56
60
42
55
57
56
43
56
45
76
95
71
80
71
85
63
69
55
50
63
61
76
90
80
101
98
73
97
102
106
72
80
99
93
89
77
85
86
77
77
98
91
73
67
78
104
104
92
82
102
80
91
101
51
39
77
62
65
71
52
52
34
74
68
70
55
52
79
81
80
76
65
57
46
48
33
51
55
50
29
37
64
40
68
46
45
48
52
43
33
47
52
59
73
87
49
59
76
86
78
60
80
79
71
83
62
69
84
65
82
80
62
54
65
45
39
35
13
41
32
35
32
28
35
21
50
40
34
34
28
43
49
59
53
44
57
35
38
32
40
34
29
32
35
36
22
34
41
21
53
57
33
31
18
17
18
13
36
4
29
20
30
30
41
30
33
56
31
44
35
51
50
60
44
49
44
19
63
63
76
50
52
70
39
46
31
40
37
19
23
8
26
22
38
54
38
40
25
27
22
30
37
26
23
30
49
41
50
73
53
33
69
61
63
34
55
47
44
40
21
48
44
35
42
70
27
24
33
33
38
48
34
54
47
54
41
46
46
4
42
37
10
18
43
52
41
17
53
52
28
31
29
21
-12
-17
-34
-24
-24
-19
-14
-41
11
14
-12
-17
-12
24
-8
-2
1
29
41
3
-6
5
27
9
-4
21
24
15
20
-6
36
56
12
9
10
7
-12
-3
-27
-35
-9
-5
-5
-14
-19
-23
-16
-6
-20
9
5
-3
-12
-13
1
5
20
10
-10
-18
1
15
-6
-21
-2
-5
-27
-16
-25
-24
-40
-58
-44
-41
-41
-40
-49
-50
-52
-55
-36
-46
-47
-68
-57
-27
-59
-72
-68
-70
-56
-40
-36
-40
-21
-4
-14
-23
-25
-7
-13
-13
12
-2
-29
3
-2
-34
-35
-33
-22
-23
-31
-53
-48
-24
-20
-25
-3
-19
-10
-7
11
-24
-8
-3
-3
12
5
13
-2
-2
-32
-7
-8
-6
-5
-23
-38
-73
-72
-75
-73
-85
-85
-54
-73
-68
-59
-58
-75
-65
-53
-46
-15
-38
-39
-23
-27
-13
-16
-13
-21
-20
-30
-26
1
-14
-17
-16
-45
-20
-44
-56
-59
-86
-69
-45
-55
-55
-34
-43
-49
-52
-11
-10
-25
-32
-21
-8
10
8
6
41
5
7
24
-6
35
20
4
0
-1
-1
-15
16
-5
-26
-34
-20
-11
-39
-42
-51
-68
-81
-72
-46
-51
-58
-45
-47
-62
-50
-38
-21
-42
-23
-22
-34
-7
-31
7
-5
-23
-12
-34
-28
-24
-49
-39
-52
-45
-62
-65
-42
-49
-62
-45
-66
-44
-45
-39
-25
-19
-4
-28
-11
15
21
17
31
39
42
27
13
20
17
5
33
-3
-28
-19
-55
-49
-45
-49
-47
-63
-45
-76
-67
-64
-78
-75
-59
-56
-63
-48
-57
-32
-38
-55
-29
-2
-38
-15
3
-9
-19
-10
-30
-35
-19
-23
-41
-67
-37
-52
-54
-37
-58
-67
-67
-43
-59
-59
-42
-59
-51
-28
0
3
10
8
30
45
34
35
48
40
38
52
19
10
8
12
11
-2
-15
-16
-19
-40
-46
-54
-33
-30
-51
-46
-54
-43
-32
-44
-57
-31
-57
-36
-16
-29
9
19
35
34
28
44
33
46
33
27
33
11
21
2
3
-15
-12
-38
-25
-33
-69
-67
-62
-82
-68
-30
-44
-26
-12
6
-7
-19
20
28
27
60
68
54
68
71
42
41
45
39
23
11
5
-7
-30
-34
-28
-40
-34
-35
-36
-51
-72
-55
-85
-88
-75
-62
-72
-51
-47
-48
-24
-28
-18
-16
19
29
54
42
64
76
87
68
78
60
39
48
54
49
21
5
-13
-19
-40
-67
-54
-64
-68
-46
-65
-47
-57
-51
-58
-76
-60
-76
-56
-48
-55
-44
-27
-27
14
46
71
104
117
133
121
122
152
131
110
102
89
79
77
69
58
14
-6
15
3
-10
-2
-1
26
21
25
61
89
111
151
184
190
229
255
267
256
267
265
292
277
290
284
272
257
209
155
88
47
18
0
-33
-50
-35
-57
-61
-73
-57
-77
-98
-79
-125
-132
-143
-195
-255
-283
-273
-279
-338
-365
-396
-414
-385
-419
-451
-481
-471
-468
-467
-457
-481
-497
-474
-431
-425
-389
-354
-299
-230
-216
-181
-122
-99
-5
67
75
124
164
188
208
197
185
182
169
127
149
170
151
138
133
162
194
184
151
140
204
245
264
264
276
333
393
407
457
469
467
491
510
467
391
351
387
412
367
314
304
326
332
288
216
189
208
211
166
117
41
31
8
-13
-36
-45
-85
-75
-27
-31
-66
-120
-126
-130
-110
-175
-182
-176
-168
-160
-164
-157
-186
-210
-260
-275
-260
-295
-371
-349
-299
-267
-312
-342
-298
-301
-272
-277
-269
-245
-248
-256
-238
-194
-172
-139
-145
-130
-89
-67
-70
-58
-21
-47
-18
31
86
89
105
181
248
333
344
338
343
363
350
310
274
246
244
221
206
208
221
214
230
260
230
216
227
197
226
251
210
213
241
287
315
290
222
193
209
165
150
104
93
119
129
126
136
137
145
144
103
72
60
3
-92
-133
-118
-111
-136
-142
-113
-62
-67
-60
-80
-88
-94
-127
-143
-169
-163
-117
-119
-138
-93
-54
-33
-56
-91
-142
-183
-176
-249
-250
-250
-223
-172
-158
-115
-60
-20
0
1
-20
-67
-77
-51
-10
5
17
51
53
38
47
50
33
-34
-63
-66
-5
24
-33
-40
36
113
125
140
142
155
181
159
163
171
172
108
133
145
175
190
178
240
273
293
250
201
182
170
136
97
30
6
65
41
65
74
78
67
38
86
94
90
39
42
98
182
195
178
210
236
240
221
137
123
76
12
0
-28
-59
-88
-94
-67
-35
-64
-34
42
79
76
19
0
-16
-63
-127
-157
-77
-25
-3
-1
53
160
155
104
18
20
-23
-112
-150
-158
-123
-118
-69
41
118
64
82
91
123
80
-14
-43
-38
-40
-141
-159
-110
-66
-41
-66
-70
-49
-48
-53
-128
-117
-91
-56
-39
-35
-4
9
43
46
1
-49
-32
-50
-90
-167
-124
-61
-24
-67
-46
77
101
70
5
28
56
27
-55
-81
-39
-30
-76
-51
-51
-62
-36
-20
108
165
108
78
85
166
90
-5
-47
-47
-46
-104
-75
-70
-70
-104
-45
38
60
-53
-151
-126
-81
-162
-245
-225
-95
25
22
53
118
187
155
90
128
105
42
-123
-161
-138
-131
-207
-217
-110
15
97
16
25
23
19
-76
-153
-192
-155
-73
-36
-19
42
102
169
129
111
65
33
-56
-97
-29
-23
-45
-104
-11
87
108
-38
-81
-13
67
79
-32
-69
-115
-202
-326
-409
-464
-509
-580
-550
-453
-377
-309
-297
-206
-86
-17
3
-1
-35
-40
-1
-10
-106
-168
-187
-96
-31
-74
-102
-93
-18
9
-5
9
10
59
39
54
39
77
28
-16
19
127
91
10
-77
-39
-26
-32
-29
12
68
145
193
170
184
226
217
197
139
126
96
25
53
91
130
101
89
108
104
105
76
24
21
3
32
12
16
-10
83
117
161
142
144
166
109
70
18
11
8
-9
-15
67
122
133
112
128
134
134
85
37
15
-14
-62
-149
-156
-154
-203
-281
-304
-317
-310
-362
-359
-356
-303
-319
-336
-336
-312
-314
-319
-346
-390
-397
-415
-422
-456
-494
-552
-612
-658
-684
-767
-829
-814
-793
-802
-802
-787
-792
-780
-790
-781
-751
-762
-721
-677
-650
-672
-700
-670
-606
-521
-502
-440
-339
-272
-265
-302
-263
-246
-299
-341
-277
-139
-90
-110
-119
31
96
67
-4
19
81
64
44
66
177
280
349
411
592
739
833
846
925
1018
1105
1098
1118
1246
1462
1601
1592
1657
1805
1990
2082
2107
2213
2386
2463
2466
2486
2578
2535
2376
2245
2154
2013
1803
1570
1431
1218
897
570
284
116
-136
-446
-665
-756
-834
-950
-995
-954
-867
-829
-798
-667
-506
-374
-324
-213
-58
-3
-23
1
115
190
115
28
19
3
-100
-312
-504
-708
-918
-1288
-1770
-2253
-2624
-2910
-3194
-3452
-3615
-3597
-3446
-3273
-3112
-2961
-2730
-2493
-2320
-2174
-2053
-1943
-1859
-1778
-1637
-1488
-1379
-1288
-1182
-1097
-1098
-1192
-1334
-1422
-1474
-1640
-1810
-1910
-1951
-1904
-1866
-1770
-1703
-1625
-1524
-1393
-1284
-1198
-1131
-1094
-1005
-878
-773
-652
-529
-330
-71
258
570
874
1157
1355
1582
1779
1932
2107
2237
2412
2574
2775
2967
3141
3314
3491
3721
3874
4044
4185
4319
4453
4431
4317
4175
3988
3794
3394
2751
1830
996
434
54
-315
-823
-1348
-1582
-1614
-1551
-1532
-1642
-1603
-1504
-1327
-1247
-1140
-940
-674
-337
-5
227
495
801
1221
1528
1534
1307
1101
1022
892
632
146
-346
-708
-901
-975
-1186
-1452
-1764
-2033
-2168
-2347
-2510
-2693
-2749
-2669
-2527
-2342
-2210
-2022
-1842
-1733
-1638
-1487
-1304
-1190
-1147
-1088
-954
-847
-859
-875
-798
-690
-715
-910
-1033
-1100
-1171
-1425
-1694
-1887
-2043
-2174
-2307
-2365
-2414
-2466
-2500
-2448
-2410
-2381
-2437
-2492
-2421
-2260
-2059
-1954
-1793
-1560
-1311
-1053
-865
-731
-684
-619
-572
-493
-443
-481
-491
-439
-290
-255
-164
-72
38
104
142
176
278
459
617
770
922
1208
1460
1770
2140
2582
2929
3282
3666
4227
4731
4996
5184
5356
5578
5645
5618
5499
5408
5274
4892
4252
3503
2584
1724
1008
470
-197
-1014
-1656
-2007
-2036
-2100
-2341
-2472
-2381
-2144
-1992
-1896
-1650
-1330
-935
-525
-113
263
659
1138
1683
2043
2110
2036
2052
2151
2089
1682
1096
609
306
57
-290
-741
-1162
-1545
-1863
-2153
-2428
-2719
-3043
-3213
-3254
-3233
-3310
-3356
-3317
-3215
-2984
-2788
-2624
-2418
-2188
-1818
-1498
-1281
-1163
-993
-763
-603
-544
-627
-722
-710
-705
-836
-1054
-1266
-1451
-1625
-1777
-1995
-2209
-2457
-2628
-2698
-2766
-2853
-2976
-3000
-2946
-2750
-2585
-2454
-2309
-2085
-1794
-1511
-1302
-1097
-920
-724
-528
-381
-247
-161
-39
72
178
186
245
335
403
318
315
383
510
539
636
726
875
1025
1168
1413
1858
2240
2563
2910
3377
3889
4229
4456
4699
5010
5172
5266
5370
5579
5696
5727
5585
5461
5134
4636
3881
3018
2031
1245
470
-148
-886
-1545
-2018
-2186
-2190
-2225
-2309
-2388
-2292
-2095
-1995
-1932
-1814
-1529
-1146
-764
-382
78
612
1229
1736
2081
2212
2249
2291
2287
2089
1641
1181
818
589
344
8
-385
-767
-1065
-1384
-1732
-2145
-2525
-2920
-3342
-3829
-4258
-4512
-4589
-4509
-4382
-4163
-3874
-3437
-2901
-2447
-1994
-1665
-1433
-1174
-951
-728
-637
-623
-613
-552
-485
-438
-479
-604
-756
-960
-1263
-1576
-1904
-2284
-2584
-2935
-3110
-3224
-3248
-3242
-3125
-2978
-2808
-2620
-2455
-2288
-2149
-1962
-1822
-1597
-1367
-1072
-778
-449
-139
169
510
756
956
1079
1119
1145
1184
1170
1133
1073
1068
1133
1266
1328
1434
1540
1681
1817
2007
2293
2603
2841
3095
3433
3798
4101
4463
4771
5093
5314
5470
5634
5815
5860
5848
5662
5429
5095
4557
3862
2950
2140
1417
711
-33
-764
-1347
-1754
-2023
-2243
-2470
-2616
-2668
-2627
-2552
-2548
-2503
-2288
-1961
-1621
-1272
-895
-405
196
776
1178
1465
1743
1961
2154
2143
1951
1691
1470
1246
1010
675
308
-59
-416
-786
-1275
-1804
-2370
-2878
-3347
-3825
-4321
-4726
-4955
-4975
-4906
-4791
-4577
-4264
-3864
-3378
-2881
-2550
-2258
-1944
-1658
-1432
-1285
-1195
-1087
-948
-845
-767
-738
-714
-722
-806
-907
-1133
-1356
-1601
-1816
-2036
-2269
-2445
-2591
-2651
-2633
-2573
-2520
-2487
-2388
-2235
-2129
-2027
-1926
-1804
-1631
-1378
-1132
-840
-506
-133
276
615
924
1195
1446
1590
1653
1634
1652
1640
1641
1653
1680
1768
1808
1935
2103
2342
2459
2620
2766
3022
3198
3313
3474
3646
3871
4024
4297
4582
4868
5087
5213
5366
5478
5519
5459
5238
4944
4461
3788
2991
2213
1531
926
258
-351
-882
-1262
-1540
-1728
-1845
-2009
-2132
-2242
-2285
-2303
-2279
-2183
-2038
-1826
-1542
-1194
-797
-293
242
643
955
1234
1474
1659
1700
1597
1434
1231
1027
830
626
385
51
-277
-626
-998
-1445
-1979
-2522
-3088
-3623
-4135
-4516
-4765
-4924
-4924
-4818
-4630
-4336
-4005
-3612
-3291
-3008
-2772
-2572
-2320
-2128
-1962
-1842
-1675
-1472
-1223
-981
-814
-644
-523
-476
-504
-562
-703
-922
-1156
-1383
-1586
-1743
-1863
-1952
-1993
-1959
-1965
-1910
-1878
-1855
-1848
-1850
-1818
-1658
-1492
-1307
-1066
-740
-422
-36
376
714
1018
1236
1430
1575
1682
1667
1609
1610
1666
1766
1921
2124
2296
2568
2839
3063
3235
3389
3417
3443
3425
3441
3501
3508
3666
3802
4101
4411
4833
5200
5524
5667
5805
5760
5602
5189
4707
4090
3371
2522
1728
1156
711
246
-273
-580
-818
-958
-1172
-1399
-1684
-1891
-2163
-2367
-2527
-2561
-2510
-2322
-2026
-1633
-1201
-707
-162
388
787
1037
1198
1386
1497
1498
1376
1245
1175
1124
1041
923
813
546
222
-175
-625
-1166
-1806
-2498
-3164
-3739
-4269
-4672
-4910
-4938
-4944
-4878
-4677
-4393
-4095
-3825
-3633
-3472
-3332
-3136
-2987
-2778
-2583
-2360
-2068
-1731
-1335
-1005
-755
-540
-350
-277
-299
-393
-574
-764
-969
-1176
-1382
-1478
-1584
-1653
-1670
-1724
-1697
-1751
-1741
-1782
-1808
-1867
-1869
-1806
-1668
-1493
-1321
-1051
-689
-282
47
367
688
1003
1250
1395
1528
1633
1781
1883
2040
2238
2479
2725
2990
3247
3473
3644
3821
3947
4018
4062
4051
4059
4158
4260
4390
4546
4812
5154
5442
5673
5832
5880
5795
5618
5198
4615
3819
2942
2094
1401
724
80
-543
-965
-1263
-1449
-1620
-1730
-1854
-1995
-2238
-2449
-2611
-2673
-2652
-2634
-2506
-2273
-1834
-1304
-716
-146
351
771
1158
1500
1756
1824
1794
1726
1607
1444
1301
1212
1139
1070
928
642
292
-139
-594
-1141
-1813
-2550
-3261
-3876
-4379
-4782
-5065
-5206
-5164
-4995
-4806
-4533
-4214
-3887
-3582
-3344
-3148
-2942
-2794
-2599
-2389
-2194
-1939
-1640
-1307
-968
-650
-398
-250
-137
-105
-166
-353
-588
-824
-1047
-1251
-1470
-1679
-1739
-1790
-1851
-1830
-1843
-1841
-1869
-1896
-1891
-1873
-1845
-1765
-1597
-1365
-1131
-856
-517
-122
250
582
878
1186
1476
1684
1823
1962
2139
2235
2354
2472
2685
2912
3069
3298
3554
3867
4048
4252
4374
4580
4649
4705
4748
4861
5012
5154
5316
5506
5685
5775
5833
5752
5598
5163
4568
3730
2897
2074
1334
503
-308
-927
-1427
-1775
-2017
-2103
-2172
-2200
-2307
-2414
-2503
-2566
-2614
-2635
-2634
-2604
-2395
-2020
-1495
-950
-415
158
719
1247
1662
1913
2078
2109
2099
1934
1712
1540
1383
1199
1029
820
645
417
185
-96
-612
-1204
-1853
-2500
-3179
-3824
-4434
-4901
-5241
-5405
-5429
-5253
-4997
-4668
-4309
-3858
-3506
-3174
-2876
-2644
-2469
-2356
-2243
-2045
-1825
-1603
-1320
-1091
-811
-523
-263
-132
-96
-157
-268
-453
-690
-968
-1257
-1517
-1728
-1889
-1958
-2017
-2042
-2030
-2001
-1961
-1955
-1940
-1896
-1832
-1800
-1696
-1593
-1342
-1077
-752
-403
-29
405
805
1172
1491
1757
1985
2128
2271
2370
2505
2625
2755
2903
3140
3441
3662
3992
4224
4569
4694
4857
4929
5123
5123
5179
5173
5392
5621
5775
5856
5892
5881
5765
5458
4761
3920
2961
2191
1310
438
-542
-1193
-1781
-2078
-2394
-2494
-2593
-2481
-2554
-2583
-2691
-2701
-2672
-2686
-2720
-2749
-2569
-2202
-1625
-1124
-533
47
732
1330
1845
2193
2441
2560
2579
2404
2151
1864
1663
1416
1199
891
632
458
298
104
-261
-713
-1258
-1839
-2576
-3298
-3960
-4555
-5020
-5399
-5615
-5658
-5489
-5192
-4753
-4274
-3811
-3385
-2942
-2560
-2242
-2102
-1987
-1917
-1768
-1630
-1481
-1322
-1130
-871
-586
-358
-213
-120
-85
-172
-367
-603
-866
-1137
-1449
-1712
-1974
-2094
-2148
-2196
-2178
-2155
-2089
-1995
-1969
-1877
-1832
-1756
-1656
-1546
-1349
-1118
-813
-460
-76
273
648
1040
1435
1740
1958
2140
2278
2404
2524
2616
2745
2869
3029
3229
3480
3758
4034
4303
4501
4704
4912
5085
5249
5358
5443
5505
5728
5913
6057
6097
6114
5992
5741
5040
4176
3224
2466
1596
687
-329
-1116
-1709
-2098
-2420
-2568
-2635
-2606
-2663
-2749
-2755
-2769
-2678
-2776
-2806
-2868
-2728
-2424
-1959
-1484
-922
-328
401
1030
1633
2094
2458
2662
2686
2592
2352
2127
1915
1673
1334
1008
737
601
434
245
-41
-364
-795
-1350
-2010
-2701
-3376
-4030
-4621
-5177
-5552
-5717
-5712
-5517
-5155
-4738
-4238
-3743
-3195
-2741
-2409
-2167
-1982
-1839
-1757
-1648
-1592
-1443
-1310
-1129
-892
-584
-321
-115
-8
50
1
-141
-364
-666
-979
-1335
-1666
-1923
-2126
-2256
-2322
-2316
-2284
-2173
-2062
-1954
-1825
-1714
-1639
-1561
-1433
-1297
-1097
-861
-621
-287
86
493
888
1240
1568
1904
2198
2376
2588
2664
2811
2908
3041
3179
3378
3546
3710
3876
4100
4310
4491
4704
4867
5005
5131
5305
5460
5659
5879
6050
6153
6055
5884
5483
4833
3932
2982
2186
1414
519
-378
-1105
-1660
-1990
-2245
-2350
-2372
-2378
-2497
-2562
-2606
-2609
-2698
-2780
-2865
-2878
-2713
-2413
-1988
-1509
-921
-320
353
927
1476
1954
2274
2424
2434
2302
2167
1971
1732
1465
1167
895
687
514
387
219
16
-288
-662
-1188
-1780
-2445
-3123
-3772
-4431
-4969
-5395
-5615
-5643
-5517
-5260
-4886
-4393
-3891
-3394
-2918
-2530
-2188
-2029
-1917
-1814
-1752
-1655
-1546
-1451
-1259
-1024
-752
-488
-249
-41
61
89
-26
-212
-457
-753
-1131
-1486
-1782
-1995
-2181
-2320
-2346
-2313
-2255
-2162
-2033
-1909
-1763
-1676
-1578
-1480
-1340
-1175
-1004
-798
-503
-166
198
600
1064
1473
1861
2155
2426
2689
2908
3074
3179
3317
3385
3508
3609
3825
3996
4217
4442
4747
5014
5304
5528
5734
5980
6216
6379
6387
6373
6108
5839
5222
4400
3366
2467
1667
952
71
-709
-1341
-1751
-2058
-2296
-2368
-2492
-2576
-2811
-2865
-2972
-2976
-3093
-3152
-3183
-3025
-2814
-2367
-1873
-1257
-611
2
620
1176
1724
2120
2436
2477
2469
2363
2240
2066
1854
1609
1405
1154
1013
802
605
426
183
-125
-569
-1094
-1701
-2375
-3066
-3745
-4408
-4965
-5381
-5596
-5673
-5552
-5317
-4934
-4502
-4016
-3489
-3018
-2575
-2207
-1983
-1821
-1705
-1637
-1552
-1490
-1362
-1261
-1052
-820
-579
-364
-158
-14
9
-45
-191
-368
-635
-983
-1332
-1676
-1914
-2142
-2342
-2415
-2441
-2379
-2324
-2204
-2051
-1887
-1788
-1649
-1506
-1353
-1189
-1006
-808
-531
-216
144
550
941
1335
1691
2052
2350
2613
2787
3019
3146
3250
3344
3465
3621
3748
3912
4104
4348
4571
4798
5018
5290
5521
5800
6056
6197
6245
6140
5980
5635
4994
4139
3134
2227
1432
560
-266
-964
-1568
-1909
-2219
-2310
-2392
-2387
-2516
-2605
-2693
-2740
-2811
-2904
-3023
-3047
-2954
-2793
-2377
-1928
-1270
-652
-14
593
1229
1787
2235
2494
2601
2545
2473
2271
2045
1771
1501
1257
981
787
599
514
329
170
-139
-492
-905
-1435
-2073
-2785
-3482
-4108
-4682
-5173
-5531
-5649
-5620
-5397
-5082
-4606
-4081
-3554
-3038
-2582
-2167
-1859
-1682
-1621
-1550
-1538
-1531
-1507
-1433
-1267
-1106
-882
-671
-447
-239
-141
-131
-206
-339
-545
-848
-1215
-1567
-1882
-2129
-2336
-2486
-2505
-2488
-2426
-2293
-2143
-1959
-1808
-1641
-1517
-1349
-1198
-1026
-821
-596
-319
-63
262
679
1084
1492
1874
2187
2549
2824
3038
3203
3381
3534
3653
3809
3958
4156
4328
4591
4793
5062
5354
5627
5911
6190
6376
6404
6303
6092
5760
5109
4248
3208
2285
1442
577
-289
-1033
-1635
-2035
-2311
-2451
-2485
-2525
-2571
-2673
-2730
-2791
-2830
-2979
-3060
-3106
-3016
-2847
-2505
-2038
-1436
-770
-169
493
1137
1770
2231
2510
2687
2698
2607
2480
2203
1936
1641
1366
1058
838
653
520
387
188
-38
-342
-711
-1211
-1802
-2459
-3116
-3791
-4404
-4952
-5369
-5600
-5671
-5542
-5262
-4883
-4339
-3814
-3282
-2756
-2278
-1889
-1667
-1526
-1443
-1424
-1403
-1428
-1409
-1348
-1222
-1044
-865
-609
-386
-243
-160
-147
-214
-361
-589
-910
-1293
-1588
-1914
-2209
-2388
-2541
-2570
-2532
-2452
-2287
-2050
-1829
-1643
-1466
-1292
-1093
-943
-750
-520
-327
-119
155
487
882
1263
1655
2019
2378
2720
3087
3317
3561
3699
3856
3970
4117
4230
4365
4464
4598
4822
5064
5380
5642
5965
6145
6306
6224
6133
5803
5244
4343
3322
2345
1471
562
-344
-1115
-1746
-2155
-2409
-2458
-2423
-2335
-2340
-2342
-2376
-2402
-2458
-2545
-2710
-2800
-2883
-2843
-2544
-2154
-1608
-1006
-349
299
1022
1665
2219
2589
2787
2795
2697
2469
2206
1847
1499
1167
809
540
351
259
200
93
-69
-234
-482
-830
-1262
-1786
-2436
-3143
-3849
-4460
-4873
-5261
-5475
-5513
-5342
-5019
-4578
-4067
-3446
-2886
-2404
-2006
-1644
-1401
-1275
-1301
-1395
-1438
-1459
-1507
-1486
-1393
-1248
-1079
-873
-646
-461
-304
-306
-366
-519
-731
-1025
-1369
-1724
-2051
-2340
-2498
-2629
-2634
-2561
-2424
-2258
-2001
-1738
-1526
-1298
-1138
-959
-801
-635
-470
-226
-31
263
547
884
1266
1648
2042
2355
2688
3019
3325
3530
3753
3904
4051
4200
4378
4577
4761
5002
5181
5493
5807
6048
6145
6186
6126
5926
5551
4816
3925
2916
2038
1135
301
-601
-1282
-1870
-2161
-2396
-2384
-2428
-2404
-2414
-2414
-2423
-2463
-2532
-2673
-2751
-2831
-2779
-2729
-2366
-1966
-1403
-845
-176
495
1199
1810
2290
2608
2775
2816
2685
2471
2162
1831
1449
1108
750
508
315
207
73
-38
-234
-398
-633
-933
-1323
-1792
-2361
-2992
-3618
-4165
-4588
-4928
-5125
-5208
-5060
-4786
-4401
-3954
-3443
-2924
-2449
-2072
-1762
-1476
-1309
-1250
-1284
-1304
-1331
-1361
-1344
-1307
-1234
-1098
-956
-842
-713
-651
-607
-680
-782
-942
-1170
-1444
-1686
-1932
-2155
-2307
-2454
-2509
-2471
-2383
-2250
-2072
-1888
-1703
-1483
-1246
-1050
-843
-644
-425
-200
42
277
557
860
1181
1520
1886
2238
2515
2842
3151
3449
3698
3920
4198
4434
4659
4856
5058
5333
5547
5780
5969
6080
6090
5996
5849
5611
5108
4350
3397
2539
1689
906
69
-738
-1372
-1862
-2192
-2440
-2520
-2593
-2594
-2641
-2682
-2696
-2694
-2750
-2785
-2777
-2789
-2688
-2469
-2041
-1586
-1048
-471
121
754
1355
1896
2327
2604
2715
2691
2597
2410
2161
1883
1541
1218
876
576
359
194
46
-104
-299
-535
-778
-1085
-1483
-1910
-2388
-2890
-3399
-3873
-4249
-4525
-4729
-4797
-4746
-4518
-4224
-3810
-3366
-2909
-2496
-2103
-1773
-1498
-1283
-1178
-1115
-1138
-1143
-1140
-1138
-1164
-1153
-1121
-1041
-981
-908
-867
-891
-921
-1054
-1154
-1310
-1510
-1713
-1924
-2084
-2211
-2333
-2397
-2366
-2308
-2200
-2043
-1871
-1694
-1484
-1289
-1054
-822
-620
-378
-131
89
359
661
979
1336
1635
1946
2301
2615
2937
3242
3513
3788
4000
4230
4461
4750
4999
5216
5489
5730
5930
6000
6035
5949
5739
5281
4635
3896
3075
2306
1528
806
23
-606
-1215
-1563
-1815
-1983
-2145
-2292
-2408
-2477
-2596
-2673
-2699
-2793
-2838
-2851
-2759
-2592
-2297
-1931
-1445
-929
-357
192
834
1366
1795
2150
2315
2417
2394
2314
2146
1954
1690
1374
1107
897
672
506
298
140
-50
-238
-515
-779
-1072
-1458
-1868
-2354
-2801
-3234
-3607
-3966
-4203
-4410
-4434
-4412
-4301
-4064
-3763
-3460
-3141
-2764
-2408
-2078
-1823
-1631
-1477
-1343
-1259
-1200
-1147
-1105
-1109
-1106
-1059
-1040
-1058
-1066
-1077
-1111
-1150
-1237
-1327
-1429
-1564
-1716
-1842
-1966
-2052
-2150
-2206
-2254
-2238
-2222
-2161
-2045
-1950
-1764
-1595
-1386
-1161
-903
-636
-343
-50
254
567
866
1218
1546
1843
2142
2424
2697
2938
3190
3422
3664
3910
4091
4322
4539
4765
4955
5223
5419
5574
5614
5590
5495
5297
4998
4484
3851
3009
2222
1459
794
72
-606
-1255
-1731
-2004
-2173
-2324
-2382
-2413
-2447
-2478
-2511
-2496
-2485
-2505
-2518
-2496
-2409
-2196
-1901
-1480
-1041
-585
-86
435
991
1460
1835
2102
2280
2303
2224
2093
1883
1627
1316
975
667
386
177
0
-167
-350
-517
-725
-926
-1152
-1437
-1782
-2197
-2576
-2983
-3393
-3771
-4079
-4260
-4389
-4441
-4323
-4132
-3802
-3467
-3122
-2716
-2338
-2004
-1729
-1479
-1302
-1202
-1160
-1150
-1158
-1159
-1200
-1210
-1239
-1214
-1187
-1152
-1105
-1137
-1091
-1155
-1156
-1285
-1402
-1564
-1693
-1851
-2032
-2107
-2180
-2196
-2199
-2169
-2075
-1928
-1782
-1611
-1403
-1183
-973
-734
-513
-212
48
290
518
807
1139
1361
1624
1870
2176
2408
2644
2914
3193
3476
3711
4053
4321
4684
4906
5228
5472
5695
5752
5685
5618
5498
5290
4904
4398
3655
2888
2056
1394
765
167
-559
-1132
-1585
-1845
-2068
-2184
-2294
-2415
-2524
-2646
-2627
-2650
-2616
-2621
-2571
-2530
-2353
-2137
-1757
-1333
-860
-446
61
600
1098
1561
1908
2136
2220
2234
2105
2040
1830
1636
1345
1052
760
511
299
128
-25
-209
-485
-712
-926
-1202
-1452
-1837
-2209
-2613
-2984
-3325
-3626
-3952
-4151
-4280
-4277
-4213
-4046
-3806
-3505
-3151
-2790
-2389
-2021
-1672
-1474
-1269
-1107
-1021
-1011
-1016
-1029
-1068
-1124
-1160
-1147
-1132
-1111
-1118
-1088
-1099
-1116
-1122
-1187
-1275
-1375
-1541
-1686
-1816
-1969
-2091
-2184
-2195
-2177
-2090
-1956
-1770
-1553
-1352
-1125
-861
-606
-361
-126
89
325
568
836
1087
1381
1647
1931
2183
2503
2803
3105
3415
3676
3948
4186
4461
4679
4838
4968
5124
5285
5421
5471
5400
5290
5124
4848
4377
3797
3071
2339
1626
928
250
-497
-1102
-1623
-1977
-2252
-2434
-2537
-2536
-2571
-2558
-2534
-2460
-2413
-2405
-2332
-2293
-2216
-2043
-1755
-1397
-988
-585
-145
319
813
1261
1651
1966
2134
2279
2266
2190
2062
1854
1537
1201
876
568
285
56
-168
-382
-569
-789
-970
-1148
-1366
-1660
-2029
-2379
-2724
-3110
-3488
-3851
-4109
-4281
-4381
-4354
-4236
-3995
-3660
-3311
-2886
-2463
-2022
-1672
-1397
-1121
-958
-867
-863
-914
-961
-1074
-1191
-1276
-1270
-1239
-1209
-1145
-1053
-977
-892
-866
-923
-1008
-1157
-1319
-1481
-1666
-1841
-1984
-2138
-2194
-2177
-2128
-2005
-1828
-1578
-1362
-1046
-745
-461
-186
55
295
537
730
947
1179
1399
1656
1895
2179
2511
2870
3205
3527
3838
4176
4463
4680
4943
5181
5424
5575
5692
5679
5621
5502
5363
5075
4685
4091
3373
2603
1876
1271
617
-32
-677
-1218
-1679
-1951
-2230
-2381
-2558
-2688
-2773
-2823
-2835
-2775
-2698
-2637
-2574
-2488
-2254
-1954
-1552
-1198
-768
-315
146
612
1077
1471
1775
1980
2132
2188
2145
2131
1969
1807
1557
1307
993
735
473
259
-9
-271
-536
-771
-975
-1187
-1435
-1744
-2071
-2459
-2799
-3162
-3499
-3844
-4058
-4224
-4298
-4296
-4129
-3867
-3548
-3203
-2815
-2383
-1956
-1581
-1315
-1086
-954
-853
-863
-859
-905
-933
-1031
-1037
-1056
-1041
-1020
-989
-924
-914
-872
-907
-961
-1033
-1159
-1328
-1473
-1645
-1790
-1887
-1942
-2017
-2014
-1948
-1830
-1676
-1497
-1306
-1093
-856
-572
-323
-27
229
525
783
1010
1265
1554
1775
2002
2298
2572
2869
3136
3434
3697
4002
4274
4557
4792
5011
5233
5430
5535
5552
5460
5301
5088
4835
4500
4011
3406
2710
2045
1453
880
298
-323
-896
-1397
-1716
-1993
-2185
-2329
-2512
-2582
-2651
-2647
-2607
-2524
-2461
-2382
-2281
-2123
-1932
-1624
-1276
-909
-501
-90
344
788
1255
1606
1865
1995
2087
2079
2035
1910
1722
1506
1244
976
695
489
280
119
-96
-308
-543
-732
-994
-1257
-1606
-1962
-2344
-2754
-3073
-3398
-3740
-3953
-4092
-4210
-4152
-4098
-3897
-3646
-3288
-2957
-2587
-2195
-1829
-1520
-1258
-1040
-887
-826
-796
-804
-849
-894
-997
-1009
-1027
-1015
-1002
-945
-893
-817
-778
-798
-851
-967
-1112
-1293
-1479
-1716
-1864
-2026
-2114
-2169
-2140
-2068
-1919
-1709
-1497
-1234
-961
-704
-445
-193
25
253
468
669
894
1133
1382
1660
1976
2279
2594
2939
3255
3531
3785
4059
4276
4511
4725
4933
5116
5234
5309
5294
5259
5171
5045
4797
4477
4004
3442
2762
2130
1532
952
353
-240
-795
-1250
-1594
-1884
-2107
-2337
-2451
-2604
-2614
-2648
-2596
-2533
-2452
-2371
-2284
-2082
-1869
-1580
-1262
-894
-576
-165
212
636
1038
1418
1671
1820
1948
2002
2042
1965
1822
1599
1395
1116
852
560
323
70
-133
-349
-566
-746
-931
-1140
-1394
-1695
-2063
-2404
-2749
-3084
-3438
-3711
-3929
-4061
-4113
-4057
-3921
-3670
-3364
-3040
-2632
-2251
-1866
-1549
-1238
-1046
-901
-830
-780
-771
-817
-862
-908
-921
-967
-953
-947
-918
-893
-841
-801
-802
-849
-934
-1072
-1207
-1376
-1578
-1719
-1876
-1965
-2041
-2035
-2001
-1879
-1717
-1531
-1298
-1072
-801
-539
-266
-7
259
478
694
971
1212
1435
1671
1933
2229
2494
2798
3107
3415
3745
4045
4305
4546
4806
5005
5222
5332
5431
5433
5426
5337
5200
4939
4587
4141
3583
2924
2233
1654
1083
514
-148
-714
-1183
-1536
-1851
-2091
-2276
-2401
-2558
-2627
-2647
-2624
-2551
-2546
-2453
-2379
-2207
-1953
-1623
-1296
-922
-608
-192
250
670
1064
1431
1727
1880
2054
2088
2088
1988
1899
1661
1414
1171
953
730
517
310
111
-131
-349
-552
-735
-987
-1246
-1535
-1861
-2192
-2548
-2840
-3162
-3448
-3685
-3831
-3875
-3849
-3704
-3522
-3290
-3005
-2690
-2336
-1980
-1644
-1338
-1124
-950
-780
-691
-637
-614
-615
-646
-705
-758
-750
-790
-817
-825
-814
-803
-796
-795
-885
-962
-1086
-1231
-1393
-1565
-1726
-1849
-1898
-1945
-1903
-1842
-1714
-1542
-1334
-1093
-843
-589
-292
-53
191
444
663
878
1106
1339
1544
1805
2043
2334
2636
2983
3285
3590
3896
4207
4450
4699
4920
5126
5277
5326
5350
5309
5274
5151
4943
4631
4276
3841
3274
2702
2087
1574
1063
455
-107
-598
-1029
-1378
-1662
-1923
-2119
-2298
-2395
-2461
-2452
-2429
-2363
-2297
-2185
-2040
-1870
-1608
-1304
-994
-666
-312
35
410
785
1112
1425
1616
1743
1863
1932
1969
1938
1832
1691
1494
1259
1011
792
569
325
81
-138
-353
-551
-777
-1004
-1215
-1454
-1750
-2028
-2268
-2539
-2769
-3062
-3284
-3412
-3528
-3539
-3499
-3392
-3196
-2963
-2633
-2324
-1966
-1617
-1370
-1089
-916
-764
-653
-587
-593
-600
-655
-694
-708
-779
-802
-865
-878
-915
-924
-945
-971
-1020
-1104
-1172
-1244
-1324
-1453
-1577
-1695
-1777
-1853
-1883
-1846
-1729
-1566
-1372
-1171
-934
-644
-397
-111
160
438
681
914
1132
1373
1603
1825
2057
2322
2545
2834
3116
3400
3684
3990
4275
4549
4808
4995
5187
5294
5365
5341
5338
5212
5077
4802
4436
3972
3437
2748
2144
1601
1056
457
-125
-637
-1049
-1354
-1592
-1763
-1967
-2112
-2247
-2316
-2359
-2375
-2403
-2404
-2306
-2236
-2083
-1847
-1522
-1225
-874
-490
-72
360
743
1116
1412
1679
1829
1889
1937
1929
1811
1687
1524
1319
1139
955
775
610
451
237
55
-144
-346
-564
-806
-997
-1300
-1594
-1888
-2210
-2517
-2832
-3131
-3354
-3541
-3636
-3614
-3553
-3435
-3196
-2912
-2630
-2303
-1931
-1649
-1365
-1118
-943
-811
-731
-673
-663
-689
-729
-766
-765
-784
-774
-758
-716
-698
-701
-726
-768
-843
-964
-1097
-1250
-1400
-1540
-1719
-1833
-1890
-1934
-1912
-1827
-1711
-1547
-1337
-1158
-943
-664
-420
-210
20
212
444
669
904
1119
1377
1596
1856
2133
2423
2737
3057
3357
3624
3890
4116
4360
4535
4746
4888
5040
5097
5087
5049
5008
4915
4744
4464
4116
3660
3100
2550
1975
1476
889
283
-305
-790
-1180
-1505
-1757
-1972
-2163
-2277
-2338
-2376
-2362
-2320
-2261
-2234
-2167
-2077
-1884
-1636
-1393
-1093
-785
-441
-92
283
666
987
1270
1467
1676
1796
1865
1851
1762
1680
1489
1279
1053
860
690
497
263
53
-170
-314
-491
-735
-924
-1133
-1438
-1738
-2031
-2335
-2627
-2944
-3237
-3419
-3554
-3577
-3554
-3465
-3279
-3073
-2742
-2463
-2096
-1769
-1454
-1207
-1017
-862
-741
-666
-699
-702
-738
-723
-772
-780
-820
-786
-786
-777
-778
-788
-794
-824
-923
-1053
-1169
-1335
-1439
-1665
-1817
-1933
-1979
-1990
-1985
-1904
-1740
-1539
-1341
-1083
-837
-557
-301
-75
167
414
642
792
1004
1226
1424
1656
1906
2169
2461
2784
3063
3356
3616
3910
4178
4409
4603
4790
4873
4962
4954
4935
4873
4767
4573
4350
4098
3674
3186
2622
2102
1563
1070
507
-58
-556
-992
-1365
-1676
-1932
-2131
-2256
-2367
-2440
-2487
-2440
-2376
-2349
-2283
-2190
-2017
-1763
-1535
-1282
-978
-679
-308
46
393
745
1009
1265
1446
1554
1679
1716
1695
1617
1484
1323
1171
942
790
578
376
156
-67
-255
-455
-647
-854
-1064
-1323
-1620
-1938
-2256
-2537
-2837
-3137
-3395
-3535
-3595
-3613
-3539
-3404
-3191
-2910
-2624
-2313
-1983
-1664
-1382
-1171
-1010
-874
-778
-694
-710
-751
-735
-781
-781
-811
-825
-821
-807
-799
-793
-831
-808
-909
-1002
-1115
-1257
-1404
-1577
-1738
-1861
-1929
-1997
-2008
-1979
-1857
-1702
-1438
-1217
-985
-707
-454
-193
25
246
425
606
781
998
1181
1390
1620
1864
2151
2500
2793
3133
3420
3741
4040
4286
4498
4653
4817
4901
4950
4909
4869
4800
4682
4529
4303
4004
3621
3142
2625
2122
1612
1067
487
-76
-593
-1041
-1374
-1684
-1930
-2137
-2306
-2405
-2429
-2457
-2422
-2384
-2321
-2213
-2086
-1893
-1663
-1430
-1145
-860
-572
-250
43
390
701
1005
1225
1390
1568
1688
1739
1714
1658
1592
1432
1209
1033
828
644
391
172
-72
-311
-512
-713
-959
-1188
-1445
-1706
-1993
-2262
-2513
-2796
-3054
-3282
-3411
-3502
-3478
-3444
-3306
-3103
-2857
-2548
-2259
-1944
-1636
-1396
-1176
-996
-850
-740
-691
-670
-693
-692
-722
-768
-798
-848
-837
-851
-847
-893
-945
-981
-1035
-1126
-1210
-1331
-1465
-1572
-1711
-1815
-1864
-1895
-1901
-1862
-1747
-1622
-1453
-1236
-1070
-811
-598
-348
-109
133
352
543
788
992
1207
1415
1665
1926
2184
2453
2771
3066
3330
3595
3802
3994
4183
4382
4528
4658
4730
4756
4791
4775
4709
4584
4394
4147
3803
3409
2886
2349
1838
1316
748
192
-332
-786
-1157
-1454
-1697
-1924
-2057
-2153
-2172
-2225
-2229
-2202
-2163
-2104
-2027
-1908
-1784
-1590
-1375
-1081
-827
-501
-147
181
524
860
1125
1348
1518
1659
1728
1728
1697
1584
1452
1271
1091
876
702
505
302
85
-60
-222
-401
-597
-783
-980
-1244
-1505
-1824
-2123
-2421
-2722
-2984
-3226
-3357
-3410
-3451
-3364
-3209
-3008
-2748
-2452
-2175
-1828
-1541
-1301
-1074
-933
-827
-756
-751
-789
-841
-908
-940
-944
-955
-950
-937
-896
-909
-876
-870
-891
-883
-977
-1068
-1210
-1347
-1519
-1677
-1813
-1895
-1930
-1920
-1825
-1729
-1559
-1358
-1158
-925
-675
-455
-235
-9
189
401
558
720
921
1132
1338
1540
1808
2088
2404
2697
2997
3286
3587
3877
4107
4299
4519
4679
4783
4825
4827
4809
4765
4693
4560
4384
4128
3780
3327
2834
2350
1855
1348
802
260
-224
-664
-1060
-1404
-1731
-1955
-2156
-2257
-2330
-2365
-2303
-2253
-2159
-2136
-2005
-1871
-1713
-1515
-1293
-1058
-805
-492
-184
169
507
809
1060
1298
1515
1657
1736
1763
1722
1667
1541
1344
1213
994
802
591
383
161
-43
-254
-434
-610
-840
-1094
-1369
-1642
-1940
-2222
-2496
-2752
-2996
-3191
-3277
-3299
-3280
-3241
-3108
-2958
-2744
-2482
-2174
-1859
-1593
-1351
-1166
-1001
-876
-767
-720
-734
-754
-771
-804
-829
-840
-877
-855
-839
-831
-851
-842
-862
-942
-1047
-1161
-1293
-1456
-1604
-1725
-1815
-1892
-1891
-1874
-1800
-1697
-1543
-1326
-1136
-923
-699
-463
-271
-72
136
313
482
676
884
1111
1355
1568
1852
2143
2407
2723
2981
3256
3539
3781
4039
4263
4456
4633
4771
4831
4846
4861
4865
4777
4627
4449
4215
3881
3427
2935
2434
1929
1435
870
314
-233
-648
-1043
-1367
-1680
-1885
-2080
-2210
-2291
-2331
-2321
-2321
-2264
-2230
-2123
-2019
-1841
-1644
-1457
-1221
-925
-642
-310
43
415
760
1034
1303
1464
1615
1731
1778
1744
1704
1563
1415
1220
1031
882
669
481
243
60
-146
-332
-530
-761
-1009
-1304
-1632
-1913
-2205
-2474
-2734
-3023
-3203
-3336
-3397
-3371
-3323
-3188
-2975
-2765
-2502
-2202
-1932
-1656
-1414
-1225
-1077
-922
-849
-834
-801
-829
-820
-843
-847
-806
-822
-785
-757
-741
-748
-752
-773
-874
-972
-1112
-1250
-1407
-1566
-1722
-1807
-1866
-1914
-1900
-1846
-1707
-1557
-1377
-1202
-975
-763
-537
-325
-133
44
248
421
617
822
980
1178
1421
1693
1971
2279
2598
2879
3160
3445
3732
3978
4153
4406
4530
4676
4740
4749
4763
4727
4635
4538
4356
4149
3847
3491
3077
2611
2140
1618
1094
556
-4
-481
-896
-1286
-1556
-1842
-2036
-2183
-2274
-2309
-2306
-2273
-2259
-2210
-2141
-2012
-1851
-1687
-1518
-1265
-1036
-756
-423
-110
241
545
849
1074
1317
1519
1659
1743
1779
1717
1642
1528
1365
1203
1040
853
659
412
218
39
-182
-403
-634
-897
-1193
-1459
-1768
-2047
-2327
-2567
-2847
-3071
-3191
-3300
-3330
-3282
-3189
-3064
-2842
-2602
-2316
-2045
-1769
-1515
-1320
-1139
-1008
-886
-840
-787
-772
-741
-745
-746
-739
-732
-720
-702
-681
-704
-686
-735
-799
-871
-994
-1144
-1253
-1412
-1541
-1671
-1746
-1799
-1817
-1753
-1679
-1540
-1411
-1254
-1076
-862
-645
-427
-243
-23
185
403
607
784
1006
1208
1435
1673
1928
2215
2501
2801
3093
3360
3633
3899
4159
4383
4574
4720
4801
4843
4878
4844
4794
4682
4525
4329
4056
3755
3320
2869
2383
1959
1435
887
389
-111
-569
-995
-1325
-1634
-1861
-2022
-2188
-2285
-2287
-2318
-2271
-2253
-2178
-2090
-1984
-1791
-1629
-1366
-1126
-839
-555
-234
109
432
720
998
1245
1441
1613
1713
1789
1820
1807
1716
1605
1474
1325
1122
952
762
571
342
133
-92
-327
-556
-856
-1150
-1457
-1753
-2043
-2328
-2591
-2829
-3042
-3163
-3259
-3258
-3224
-3138
-2955
-2769
-2545
-2273
-2000
-1757
-1549
-1349
-1178
-1043
-915
-859
-829
-773
-742
-718
-720
-676
-654
-647
-624
-619
-590
-595
-635
-716
-820
-938
-1061
-1210
-1361
-1489
-1617
-1693
-1768
-1787
-1718
-1636
-1542
-1385
-1213
-1032
-835
-637
-473
-293
-78
111
287
457
670
857
1049
1300
1541
1810
2101
2367
2678
2974
3211
3449
3701
3925
4095
4256
4403
4515
4560
4617
4656
4680
4617
4490
4369
4241
4023
3693
3289
2842
2340
1839
1338
786
282
-230
-653
-1086
-1417
-1651
-1875
-2009
-2121
-2176
-2223
-2202
-2191
-2124
-2085
-2037
-1905
-1807
-1660
-1447
-1228
-990
-694
-365
-75
262
591
894
1162
1369
1592
1691
1774
1803
1778
1679
1528
1379
1196
1016
825
649
480
285
99
-67
-263
-453
-666
-918
-1193
-1503
-1800
-2122
-2427
-2736
-2999
-3196
-3338
-3428
-3447
-3372
-3195
-2997
-2755
-2487
-2197
-1904
-1660
-1430
-1264
-1107
-1025
-985
-973
-965
-982
-986
-965
-986
-910
-870
-801
-722
-681
-622
-616
-614
-694
-783
-876
-1022
-1183
-1362
-1500
-1643
-1771
-1813
-1849
-1802
-1687
-1539
-1356
-1165
-947
-720
-496
-297
-115
69
239
365
541
725
886
1095
1326
1580
1842
2127
2462
2799
3106
3418
3708
3966
4184
4410
4575
4673
4732
4733
4722
4691
4603
4495
4351
4184
3945
3641
3259
2819
2375
1921
1427
899
381
-127
-592
-983
-1381
-1706
-1975
-2183
-2327
-2455
-2481
-2504
-2456
-2387
-2285
-2193
-2096
-1901
-1689
-1471
-1270
-1015
-735
-464
-151
180
472
751
1003
1242
1465
1597
1728
1789
1821
1780
1701
1568
1427
1263
1069
869
659
437
238
-15
-292
-507
-759
-1014
-1281
-1537
-1828
-2105
-2404
-2671
-2909
-3075
-3250
-3343
-3375
-3362
-3293
-3172
-2963
-2757
-2510
-2238
-1978
-1755
-1518
-1328
-1174
-1070
-985
-941
-891
-869
-851
-835
-839
-833
-813
-777
-771
-718
-673
-703
-742
-802
-886
-990
-1089
-1257
-1398
-1533
-1636
-1721
-1760
-1777
-1751
-1666
-1541
-1382
-1230
-1032
-807
-627
-414
-216
8
213
411
596
816
1040
1262
1487
1741
2008
2289
2560
2826
3141
3402
3689
3906
4142
4329
4495
4612
4713
4720
4729
4689
4636
4532
4366
4174
3916
3543
3114
2650
2201
1759
1238
694
186
-298
-743
-1123
-1518
-1786
-2039
-2247
-2398
-2483
-2526
-2548
-2508
-2492
-2403
-2337
-2210
-2008
-1771
-1551
-1317
-1004
-699
-364
-20
334
612
920
1204
1434
1609
1780
1870
1886
1860
1806
1744
1602
1465
1309
1120
932
720
488
287
30
-227
-477
-743
-1014
-1330
-1616
-1925
-2209
-2540
-2828
-3077
-3264
-3388
-3476
-3502
-3446
-3355
-3226
-2994
-2752
-2510
-2242
-1983
-1754
-1532
-1352
-1182
-1038
-967
-894
-825
-821
-763
-729
-707
-710
-703
-653
-631
-601
-622
-689
-693
-770
-864
-982
-1117
-1272
-1417
-1525
-1632
-1701
-1766
-1787
-1744
-1662
-1533
-1412
-1238
-1061
-855
-627
-465
-246
-26
172
414
617
868
1079
1341
1579
1871
2182
2444
2753
2995
3273
3533
3781
4029
4237
4425
4600
4708
4790
4844
4829
4806
4755
4626
4456
4227
3904
3520
3053
2542
2047
1559
1009
462
-70
-581
-1021
-1378
-1663
-1913
-2125
-2296
-2407
-2525
-2520
-2540
-2504
-2432
-2386
-2272
-2128
-1927
-1703
-1425
-1134
-829
-485
-137
226
599
928
1227
1468
1689
1883
1995
2060
2106
2062
1941
1810
1699
1531
1327
1156
895
691
492
253
36
-238
-478
-791
-1111
-1455
-1760
-2069
-2391
-2685
-2978
-3226
-3394
-3505
-3538
-3534
-3472
-3339
-3167
-2941
-2668
-2423
-2166
-1925
-1694
-1453
-1248
-1084
-975
-858
-772
-685
-665
-618
-585
-564
-529
-501
-469
-440
-478
-499
-557
-663
-760
-901
-1087
-1245
-1389
-1537
-1702
-1782
-1838
-1874
-1846
-1784
-1664
-1506
-1324
-1151
-961
-761
-570
-374
-129
49
246
489
708
942
1186
1430
1700
2001
2324
2641
2975
3270
3549
3864
4095
4318
4486
4661
4744
4789
4809
4833
4810
4769
4679
4540
4363
4114
3806
3390
2910
2433
1927
1416
865
292
-211
-691
-1114
-1489
-1791
-2041
-2219
-2346
-2428
-2466
-2434
-2360
-2299
-2217
-2111
-1985
-1839
-1628
-1417
-1181
-883
-599
-287
65
427
788
1123
1423
1759
1984
2154
2267
2319
2287
2204
2093
1912
1716
1539
1297
1041
818
581
348
80
-179
-451
-729
-995
-1332
-1617
-1917
-2230
-2556
-2820
-3053
-3260
-3431
-3490
-3508
-3483
-3409
-3247
-3029
-2793
-2528
-2252
-1985
-1729
-1494
-1280
-1084
-973
-859
-759
-703
-638
-586
-578
-547
-502
-467
-471
-430
-452
-471
-502
-609
-716
-816
-960
-1117
-1286
-1469
-1629
-1734
-1835
-1887
-1888
-1867
-1758
-1619
-1437
-1244
-1021
-811
-591
-342
-148
80
291
460
652
855
1061
1292
1527
1826
2103
2407
2710
3000
3311
3594
3883
4115
4325
4479
4615
4678
4742
4773
4730
4683
4562
4429
4285
4072
3823
3497
3096
2665
2203
1731
1204
682
148
-380
-823
-1237
-1559
-1854
-2054
-2228
-2356
-2369
-2358
-2336
-2230
-2152
-2071
-1923
-1801
-1607
-1396
-1179
-960
-682
-409
-145
206
535
861
1163
1418
1656
1866
1988
2099
2156
2138
2033
1932
1799
1634
1425
1161
920
668
423
152
-91
-348
-590
-855
-1133
-1421
-1719
-2037
-2355
-2611
-2856
-3082
-3277
-3398
-3459
-3433
-3369
-3269
-3113
-2909
-2682
-2402
-2146
-1896
-1656
-1470
-1277
-1108
-955
-858
-777
-715
-673
-619
-597
-588
-564
-579
-570
-544
-570
-550
-608
-654
-740
-881
-1013
-1154
-1296
-1451
-1550
-1703
-1736
-1763
-1771
-1718
-1629
-1524
-1374
-1174
-980
-737
-517
-316
-119
134
309
521
730
957
1189
1450
1707
1948
2237
2510
2808
3062
3336
3592
3826
4019
4182
4320
4423
4517
4559
4543
4548
4515
4460
4315
4163
3979
3671
3344
2864
2416
1958
1482
953
403
-120
-579
-975
-1303
-1622
-1877
-2042
-2192
-2281
-2329
-2330
-2296
-2251
-2180
-2074
-1990
-1843
-1673
-1467
-1240
-974
-738
-441
-147
200
527
814
1097
1332
1569
1734
1868
1922
1945
1892
1789
1650
1523
1364
1168
987
786
583
353
126
-139
-380
-629
-931
-1198
-1497
-1792
-2075
-2411
-2668
-2902
-3106
-3274
-3390
-3423
-3396
-3330
-3232
-3049
-2821
-2611
-2375
-2153
-1897
-1677
-1495
-1290
-1173
-1024
-920
-844
-747
-705
-697
-662
-591
-582
-590
-591
-590
-608
-647
-691
-779
-861
-965
-1113
-1228
-1318
-1443
-1576
-1679
-1732
-1745
-1741
-1691
-1615
-1500
-1376
-1184
-1018
-836
-611
-436
-202
15
253
478
694
910
1192
1430
1696
1929
2199
2465
2753
3054
3283
3528
3733
3939
4092
4240
4363
4464
4523
4529
4533
4484
4365
4230
4017
3794
3488
3109
2642
2199
1754
1255
767
257
-218
-664
-1028
-1368
-1642
-1862
-2018
-2132
-2246
-2279
-2290
-2296
-2248
-2186
-2083
-1942
-1813
-1631
-1405
-1168
-894
-602
-293
27
361
651
971
1233
1441
1620
1741
1834
1863
1863
1792
1690
1585
1423
1251
1092
899
736
572
378
134
-109
-364
-604
-862
-1185
-1466
-1770
-2069
-2335
-2582
-2813
-3011
-3171
-3230
-3258
-3234
-3202
-3091
-2940
-2728
-2516
-2303
-2057
-1860
-1644
-1449
-1278
-1128
-1015
-870
-791
-724
-635
-595
-532
-513
-485
-483
-491
-512
-583
-604
-673
-733
-829
-948
-1044
-1133
-1245
-1351
-1447
-1488
-1518
-1555
-1505
-1455
-1395
-1294
-1202
-1041
-891
-712
-514
-332
-113
140
377
561
825
1063
1326
1556
1803
2089
2368
2672
2957
3233
3470
3762
4010
4189
4353
4480
4586
4597
4609
4577
4507
4361
4178
3956
3730
3403
2997
2614
2165
1738
1271
794
299
-119
-519
-877
-1223
-1512
-1759
-1959
-2116
-2241
-2314
-2324
-2297
-2266
-2209
-2116
-1945
-1785
-1584
-1389
-1077
-812
-525
-215
104
428
728
1013
1201
1424
1580
1725
1810
1877
1873
1834
1759
1658
1536
1397
1226
1070
874
661
471
245
45
-217
-422
-688
-970
-1258
-1527
-1829
-2098
-2317
-2572
-2761
-2929
-3076
-3137
-3130
-3113
-3052
-2931
-2766
-2578
-2355
-2161
-1937
-1740
-1555
-1365
-1200
-1052
-925
-787
-705
-623
-589
-528
-454
-434
-423
-429
-438
-437
-488
-547
-636
-705
-810
-911
-1034
-1114
-1192
-1262
-1313
-1330
-1342
-1353
-1284
-1233
-1141
-1048
-906
-766
-609
-436
-276
-79
99
311
530
790
1020
1286
1569
1872
2173
2430
2755
3027
3331
3574
3836
4055
4272
4429
4555
4605
4645
4662
4602
4523
4378
4239
4024
3786
3442
3078
2654
2227
1774
1322
855
434
-18
-408
-789
-1103
-1388
-1640
-1824
-1990
-2050
-2148
-2150
-2173
-2139
-2042
-1975
-1851
-1699
-1508
-1292
-1052
-795
-496
-184
118
399
698
972
1202
1400
1608
1750
1894
1919
1930
1885
1811
1720
1596
1460
1311
1135
927
744
534
316
76
-141
-386
-641
-911
-1175
-1461
-1741
-1983
-2246
-2439
-2632
-2814
-2932
-2986
-2999
-2981
-2932
-2826
-2700
-2537
-2361
-2169
-1941
-1729
-1518
-1347
-1144
-990
-864
-747
-654
-569
-498
-434
-398
-354
-334
-333
-343
-363
-406
-443
-508
-586
-674
-744
-868
-951
-1005
-1111
-1190
-1261
-1272
-1286
-1255
-1194
-1139
-1037
-919
-771
-601
-447
-276
-95
100
312
540
776
1022
1268
1561
1771
2043
2315
2594
2883
3119
3374
3648
3864
4076
4234
4345
4451
4508
4551
4531
4524
4419
4297
4098
3872
3607
3272
2878
2466
2058
1596
1131
701
256
-166
-557
-896
-1200
-1436
-1616
-1781
-1902
-1990
-2047
-2047
-2021
-1977
-1912
-1826
-1720
-1541
-1368
-1146
-905
-665
-394
-118
140
432
714
967
1180
1405
1574
1683
1773
1823
1823
1771
1662
1590
1478
1335
1181
994
823
591
402
164
-43
-260
-519
-802
-1072
-1335
-1617
-1902
-2153
-2359
-2585
-2779
-2901
-2994
-3036
-3071
-3051
-2952
-2824
-2691
-2491
-2289
-2071
-1864
-1684
-1518
-1362
-1199
-1075
-952
-861
-766
-680
-605
-547
-487
-478
-431
-398
-396
-404
-431
-464
-535
-611
-671
-758
-861
-934
-1043
-1117
-1182
-1263
-1321
-1329
-1266
-1217
-1165
-1051
-938
-779
-622
-449
-246
-59
161
365
569
772
954
1183
1415
1670
1922
2182
2464
2703
2978
3230
3455
3665
3864
4001
4135
4239
4276
4326
4287
4202
4125
3971
3817
3596
3328
3004
2648
2276
1876
1469
1070
639
231
-181
-569
-840
-1144
-1395
-1616
-1791
-1945
-2034
-2075
-2095
-2095
-2042
-1971
-1889
-1730
-1611
-1406
-1220
-992
-745
-501
-274
-5
237
504
747
933
1132
1281
1415
1485
1545
1581
1595
1540
1432
1336
1210
1059
900
723
499
305
95
-119
-361
-611
-879
-1158
-1416
-1711
-1975
-2189
-2381
-2629
-2802
-2930
-3048
-3082
-3077
-3045
-2964
-2855
-2720
-2542
-2334
-2158
-1951
-1759
-1601
-1400
-1254
-1145
-998
-905
-818
-713
-679
-637
-585
-579
-525
-500
-503
-492
-504
-537
-583
-628
-721
-800
-888
-994
-1082
-1168
-1208
-1267
-1307
-1301
-1297
-1238
-1146
-1038
-916
-783
-609
-486
-316
-139
46
248
439
647
850
1090
1340
1597
1860
2133
2404
2638
2872
3124
3316
3523
3682
3804
3935
3998
4056
4073
4069
3993
3953
3901
3767
3635
3459
3217
2889
2532
2194
1789
1401
950
525
118
-265
-611
-942
-1216
-1439
-1613
-1753
-1835
-1886
-1906
-1910
-1878
-1850
-1786
-1694
-1630
-1484
-1336
-1177
-963
-759
-514
-278
-3
248
483
755
939
1123
1262
1383
1461
1468
1469
1397
1341
1244
1143
985
840
678
502
312
95
-83
-298
-499
-724
-959
-1187
-1435
-1668
-1908
-2165
-2415
-2642
-2779
-2890
-2988
-3016
-3003
-2936
-2839
-2692
-2501
-2275
-2077
-1890
-1678
-1512
-1318
-1193
-1056
-931
-866
-800
-730
-686
-651
-591
-559
-530
-476
-442
-411
-374
-424
-465
-508
-548
-653
-758
-889
-977
-1065
-1168
-1253
-1273
-1289
-1293
-1238
-1185
-1057
-951
-788
-685
-485
-322
-144
37
199
407
563
769
956
1184
1407
1659
1888
2152
2393
2638
2892
3129
3316
3517
3689
3795
3903
3955
3990
4017
4007
3941
3930
3797
3709
3557
3404
3196
2914
2577
2214
1861
1464
1044
610
220
-158
-520
-846
-1114
-1322
-1475
-1620
-1727
-1768
-1805
-1793
-1759
-1716
-1617
-1560
-1503
-1379
-1261
-1088
-913
-716
-513
-278
-52
241
477
711
903
1093
1281
1377
1453
1484
1502
1429
1373
1246
1125
1003
824
647
504
318
121
-65
-262
-452
-693
-946
-1199
-1424
-1649
-1909
-2166
-2418
-2593
-2771
-2891
-2968
-3009
-2962
-2915
-2815
-2681
-2497
-2293
-2099
-1892
-1700
-1529
-1336
-1214
-1067
-974
-932
-809
-776
-739
-686
-646
-598
-561
-510
-478
-431
-415
-434
-477
-512
-568
-661
-776
-889
-986
-1100
-1202
-1316
-1331
-1379
-1382
-1310
-1266
-1139
-1000
-875
-723
-519
-359
-210
-51
122
281
444
611
802
998
1177
1382
1609
1845
2100
2365
2609
2836
3071
3273
3448
3590
3688
3780
3827
3835
3820
3815
3773
3698
3615
3528
3387
3246
3045
2826
2533
2198
1862
1531
1170
748
328
-65
-440
-746
-1004
-1249
-1414
-1569
-1631
-1701
-1737
-1698
-1689
-1605
-1558
-1497
-1402
-1344
-1189
-1061
-938
-776
-593
-368
-154
64
298
530
759
925
1096
1222
1305
1347
1347
1319
1214
1127
1007
862
724
570
380
187
9
-192
-390
-575
-763
-982
-1201
-1431
-1629
-1839
-2076
-2287
-2502
-2675
-2793
-2868
-2887
-2860
-2809
-2685
-2516
-2336
-2160
-1974
-1764
-1579
-1408
-1270
-1135
-1014
-920
-848
-804
-754
-700
-663
-588
-547
-496
-443
-431
-400
-386
-391
-438
-491
-586
-646
-762
-869
-985
-1086
-1135
-1218
-1283
-1283
-1261
-1235
-1106
-1018
-891
-746
-620
-464
-316
-176
-20
156
286
438
575
758
923
1106
1292
1508
1722
1925
2177
2394
2560
2737
2929
3088
3218
3305
3374
3436
3498
3526
3554
3548
3557
3564
3555
3506
3449
3364
3218
3038
2788
2516
2182
1827
1472
1083
690
307
-22
-304
-588
-798
-942
-1077
-1161
-1218
-1239
-1276
-1291
-1298
-1270
-1261
-1231
-1211
-1167
-1089
-1011
-911
-755
-576
-345
-123
100
310
511
736
893
1064
1169
1203
1217
1154
1097
968
849
724
575
444
256
136
-21
-132
-282
-459
-617
-762
-948
-1169
-1405
-1646
-1875
-2090
-2261
-2409
-2532
-2607
-2615
-2593
-2495
-2393
-2242
-2093
-1895
-1738
-1559
-1367
-1213
-1103
-1022
-941
-878
-831
-809
-803
-760
-684
-650
-594
-542
-490
-435
-385
-310
-320
-336
-385
-471
-558
-671
-775
-921
-1037
-1148
-1208
-1247
-1240
-1191
-1168
-1069
-979
-825
-656
-535
-416
-276
-154
-61
39
149
231
343
466
590
755
942
1153
1337
1529
1755
1956
2138
2333
2463
2563
2632
2718
2750
2758
2772
2785
2804
2840
2854
2912
3004
3059
3156
3212
3258
3256
3222
3171
3038
2795
2493
2197
1850
1499
1136
779
426
134
-97
-293
-436
-546
-620
-687
-764
-786
-834
-892
-961
-1043
-1117
-1191
-1262
-1259
-1262
-1209
-1117
-1002
-816
-633
-380
-144
68
278
475
615
707
784
804
765
711
627
547
453
312
175
75
1
-99
-187
-250
-353
-474
-626
-797
-956
-1164
-1381
-1570
-1801
-1976
-2174
-2275
-2350
-2375
-2338
-2319
-2233
-2116
-1991
-1843
-1695
-1539
-1403
-1336
-1265
-1201
-1152
-1147
-1103
-1063
-1077
-1005
-951
-864
-741
-646
-542
-431
-355
-310
-280
-270
-315
-391
-455
-555
-661
-791
-895
-985
-1035
-1041
-1057
-1039
-953
-860
-759
-642
-527
-433
-352
-275
-221
-148
-111
-69
13
90
172
273
405
558
703
862
1039
1192
1355
1499
1630
1708
1792
1855
1892
1920
1951
1991
2023
2081
2106
2162
2253
2331
2439
2516
2623
2703
2820
2902
2971
3005
3019
2993
2939
2863
2681
2493
2243
1974
1670
1405
1122
860
602
333
118
-40
-180
-306
-371
-500
-591
-687
-732
-838
-924
-1030
-1125
-1226
-1290
-1316
-1329
-1268
-1200
-1059
-920
-747
-571
-387
-210
-58
84
204
284
305
323
311
259
175
87
3
-99
-185
-258
-383
-450
-556
-650
-725
-833
-909
-1041
-1182
-1292
-1433
-1569
-1698
-1808
-1870
-1921
-1948
-1944
-1919
-1871
-1834
-1773
-1679
-1579
-1508
-1436
-1368
-1301
-1216
-1151
-1073
-1019
-962
-894
-831
-731
-659
-594
-523
-467
-434
-410
-412
-413
-450
-489
-519
-571
-607
-673
-698
-735
-727
-721
-716
-646
-618
-577
-548
-498
-463
-422
-377
-322
-267
-247
-193
-131
-27
63
138
257
362
507
604
714
831
923
1055
1119
1207
1257
1297
1371
1419
1463
1505
1555
1625
1667
1703
1735
1819
1879
1910
1974
2023
2061
2078
2090
2118
2144
2182
2204
2249
2290
2354
2461
2502
2517
2496
2459
2353
2227
2013
1790
1533
1257
956
685
441
204
12
-166
-246
-346
-392
-458
-480
-559
-595
-657
-735
-852
-952
-1047
-1130
-1173
-1229
-1227
-1198
-1077
-982
-830
-662
-513
-323
-193
-25
54
120
118
135
62
-22
-150
-317
-454
-572
-688
-769
-854
-916
-918
-973
-965
-980
-967
-1030
-1082
-1150
-1222
-1353
-1452
-1594
-1669
-1749
-1801
-1812
-1800
-1713
-1639
-1507
-1353
-1146
-1006
-853
-698
-559
-489
-451
-373
-379
-405
-416
-438
-475
-455
-446
-406
-369
-307
-268
-191
-141
-115
-114
-112
-103
-151
-163
-209
-303
-392
-443
-514
-555
-543
-528
-523
-482
-393
-317
-215
-122
-40
40
124
180
261
305
357
416
424
464
497
559
613
689
760
832
933
990
1070
1129
1190
1230
1220
1249
1215
1252
1265
1250
1237
1236
1239
1229
1244
1231
1266
1308
1319
1299
1325
1315
1336
1356
1331
1341
1360
1393
1403
1424
1472
1529
1588
1621
1614
1586
1539
1478
1375
1235
1100
905
714
528
375
220
90
13
-75
-124
-146
-183
-196
-200
-291
-335
-416
-481
-576
-661
-781
-868
-932
-987
-997
-990
-970
-903
-855
-766
-696
-618
-543
-542
-505
-541
-586
-621
-698
-738
-816
-872
-937
-985
-1023
-1042
-1056
-1059
-1026
-1016
-981
-969
-955
-988
-975
-982
-1030
-1069
-1100
-1098
-1106
-1113
-1076
-1027
-956
-892
-813
-732
-651
-550
-453
-380
-320
-249
-222
-188
-164
-159
-116
-94
-76
-74
-39
-30
-16
30
52
78
99
109
110
115
105
100
57
17
16
-14
-16
-45
-45
-35
-52
-40
-35
-10
40
77
132
158
183
248
294
352
389
414
424
481
473
526
580
611
640
661
722
762
786
822
836
845
869
839
847
826
819
801
769
725
726
696
708
698
699
691
677
661
641
604
556
534
454
410
360
293
232
195
143
143
137
144
159
217
235
282
280
328
345
345
386
376
403
393
396
371
362
371
398
392
406
435
414
424
421
403
375
316
261
243
158
87
-12
-55
-130
-179
-223
-258
-276
-302
-325
-311
-289
-283
-278
-270
-248
-251
-239
-234
-236
-239
-226
-211
-200
-182
-113
-90
-10
19
41
93
141
159
174
210
201
168
135
138
100
73
59
41
26
39
67
70
81
117
124
129
145
151
139
127
96
84
52
51
37
33
62
83
120
129
197
260
275
296
319
343
345
324
344
315
325
311
290
267
267
291
309
331
344
367
354
341
275
251
209
144
145
130
115
114
116
123
154
165
185
214
194
194
227
215
230
250
235
227
235
220
202
226
253
264
295
329
343
382
425
454
463
486
467
425
448
421
394
362
364
325
325
292
293
322
321
346
363
356
361
345
360
343
301
278
243
211
178
187
190
202
236
300
342
351
409
454
463
458
423
419
416
346
324
321
271
264
255
284
253
273
283
274
277
266
279
270
282
319
328
360
400
387
384
403
434
422
437
438
433
411
422
416
406
435
419
439
417
405
442
406
398
387
388
389
410
420
416
434
465
500
466
497
490
474
463
484
488
496
531
559
605
625
657
661
645
638
609
591
530
492
453
384
371
339
319
289
251
235
241
237
234
231
237
265
282
280
266
297
277
305
270
252
243
198
190
162
139
145
178
162
201
228
243
275
277
280
274
296
284
208
173
133
66
11
-23
-31
-48
-57
-48
-36
-14
54
105
124
129
107
90
82
22
-11
-32
-111
-112
-128
-141
-126
-119
-81
-46
-17
25
105
140
147
147
160
154
111
81
45
0
-39
-28
-55
-39
-65
-36
-2
4
52
70
71
88
93
97
82
44
22
-23
-6
-22
-14
-5
-5
39
61
98
96
138
176
183
221
231
209
237
203
200
143
134
116
96
126
140
198
198
240
266
289
263
242
240
225
217
197
193
164
149
161
134
131
159
146
124
111
119
110
98
73
55
36
-14
-29
-66
-98
-106
-122
-163
-156
-190
-199
-191
-218
-177
-187
-153
-121
-104
-86
-86
-86
-118
-135
-138
-182
-184
-214
-230
-218
-265
-264
-227
-261
-218
-226
-246
-224
-248
-197
-226
-244
-297
-338
-384
-448
-467
-498
-497
-505
-512
-497
-444
-415
-358
-319
-307
-311
-306
-318
-358
-385
-424
-449
-477
-489
-515
-504
-472
-463
-427
-404
-381
-380
-396
-370
-380
-396
-380
-371
-381
-389
-408
-411
-366
-355
-365
-339
-312
-296
-252
-197
-151
-148
-122
-150
-195
-183
-228
-243
-254
-281
-309
-301
-324
-315
-284
-289
-276
-279
-275
-292
-313
-314
-341
-325
-330
-348
-380
-386
-373
-361
-332
-334
-294
-258
-231
-182
-147
-127
-120
-152
-143
-134
-176
-229
-232
-218
-206
-220
-171
-166
-108
-88
-56
-27
-5
36
-9
-34
-67
-90
-133
-167
-192
-211
-207
-190
-159
-163
-113
-136
-136
-118
-120
-98
-145
-147
-186
-208
-228
-237
-234
-246
-264
-263
-242
-245
-222
-196
-196
-227
-245
-257
-268
-314
-356
-390
-423
-432
-443
-416
-435
-413
-358
-361
-332
-329
-288
-285
-278
-264
-269
-276
-277
-239
-282
-268
-272
-272
-256
-279
-266
-253
-260
-246
-264
-258
-276
-295
-328
-360
-358
-355
-387
-417
-433
-431
-403
-398
-404
-375
-313
-278
-246
-212
-182
-166
-152
-152
-172
-166
-181
-190
-234
-243
-252
-275
-266
-291
-271
-280
-275
-259
-239
-219
-215
-217
-241
-242
-260
-266
-289
-303
-299
-310
-284
-298
-284
-270
-228
-218
-224
-221
-226
-214
-214
-220
-253
-282
-303
-312
-342
-341
-357
-329
-324
-324
-301
-288
-293
-300
-288
-280
-271
-307
-305
-326
-367
-380
-358
-372
-384
-369
-365
-349
-347
-328
-315
-330
-317
-300
-324
-314
-345
-350
-350
-350
-345
-396
-375
-381
-366
-359
-361
-312
-339
-354
-363
-392
-401
-416
-436
-447
-439
-452
-454
-446
-446
-428
-421
-411
-379
-370
-389
-366
-356
-372
-388
-398
-416
-435
-458
-492
-470
-494
-507
-528
-519
-511
-472
-455
-443
-417
-399
-380
-389
-356
-370
-380
-370
-397
-386
-389
-403
-400
-394
-370
-392
-391
-377
-357
-365
-375
-374
-399
-407
-411
-452
-475
-474
-469
-476
-467
-432
-437
-454
-432
-373
-377
-355
-356
-355
-347
-339
-340
-346
-353
-324
-317
-354
-359
-357
-362
-386
-363
-341
-353
-328
-311
-308
-324
-323
-307
-295
-290
-303
-280
-306
-319
-349
-352
-332
-317
-315
-324
-327
-301
-312
-301
-328
-320
-340
-335
-320
-361
-343
-329
-298
-312
-310
-296
-274
-262
-261
-250
-258
-272
-254
-291
-303
-311
-340
-353
-343
-342
-346
-349
-354
-343
-328
-323
-299
-276
-279
-262
-234
-234
-239
-247
-264
-268
-281
-270
-282
-266
-288
-291
-267
-268
-282
-294
-266
-280
-286
-328
-334
-330
-334
-354
-359
-350
-349
-340
-340
-333
-331
-301
-302
-286
-311
-282
-300
-304
-297
-341
-332
-371
-377
-351
-338
-348
-359
-327
-335
-328
-329
-309
-338
-317
-310
-303
-304
-300
-279
-311
-318
-317
-315
-333
-340
-340
-343
-380
-360
-368
-362
-381
-358
-357
-376
-347
-344
-316
-314
-323
-309
-274
-291
-280
-265
-275
-233
-257
-285
-273
-287
-285
-268
-278
-273
-296
-314
-294
-302
-327
-300
-325
-335
-307
-331
-312
-307
-308
-303
-310
-321
-297
-316
-318
-306
-345
-333
-328
-354
-347
-344
-354
-369
-379
-383
-377
-397
-393
-393
-393
-399
-401
-391
-383
-336
-353
-342
-344
-333
-316
-332
-300
-304
-317
-287
-300
-299
-289
-320
-319
-307
-311
-328
-338
-331
-338
-337
-339
-330
-320
-328
-313
-302
-292
-310
-290
-295
-311
-304
-296
-298
-292
-319
-310
-299
-313
-287
-309
-301
-313
-305
-297
-294
-286
-282
-239
-278
-290
-301
-293
-303
-307
-303
-314
-287
-313
-308
-303
-298
-295
-264
-266
-269
-274
-281
-283
-278
-327
-316
-325
-344
-332
-327
-314
-350
-324
-287
-280
-281
-296
-289
-294
-302
-308
-310
-302
-321
-300
-301
-299
-305
-338
-320
-287
-278
-296
-301
-290
-273
-282
-262
-248
-247
-238
-234
-236
-263
-241
-244
-223
-227
-231
-246
-222
-223
-226
-225
-239
-235
-246
-249
-262
-258
-274
-245
-255
-266
-247
-229
-237
-224
-225
-260
-250
-272
-274
-254
-278
-268
-262
-263
-245
-275
-284
-280
-255
-266
-271
-261
-269
-272
-260
-247
-249
-230
-205
-238
-247
-237
-255
-253
-246
-231
-235
-207
-218
-205
-179
-214
-197
-198
-188
-200
-213
-205
-221
-201
-203
-222
-206
-193
-205
-182
-192
-170
-167
-201
-190
-202
-189
-211
-212
-218
-218
-209
-211
-233
-231
-227
-236
-248
-231
-249
-230
-218
-190
-179
-201
-176
-185
-195
-181
-187
-186
-199
-210
-217
-218
-190
-212
-206
-213
-213
-205
-203
-220
-193
-197
-202
-206
-204
-175
-173
-177
-149
-167
-162
-142
-170
-159
-192
-176
-181
-183
-188
-195
-191
-190
-195
-199
-160
-193
-187
-180
-186
-193
-182
-176
-186
-168
-176
-122
-138
-155
-151
-159
-171
-170
-159
-189
-165
-156
-192
-220
-197
-215
-222
-208
-234
-209
-195
-202
-190
-186
-184
-146
-143
-157
-161
-174
-156
-164
-184
-178
-195
-200
-189
-190
-207
-215
-214
-217
-218
-227
-249
-239
-244
-250
-212
-249
-244
-198
-197
-179
-183
-148
-175
-178
-154
-150
-163
-171
-172
-190
-183
-209
-193
-189
-236
-238
-234
-247
-247
-275
-252
-259
-265
-235
-233
-213
-237
-212
-218
-206
-170
-203
-177
-205
-221
-198
-218
-189
-218
-246
-262
-236
-230
-262
-254
-279
-275
-261
-255
-262
-252
-251
-233
-226
-199
-221
-204
-190
-193
-190
-208
-191
-199
-190
-222
-213
-231
-242
-266
-237
-239
-245
-263
-272
-229
-233
-226
-248
-210
-191
-177
-175
-181
-191
-155
-136
-131
-117
-140
-137
-146
-151
-140
-168
-162
-164
-160
-188
-186
-187
-211
-193
-203
-187
-151
-146
-158
-142
-110
-114
-120
-138
-110
-84
-131
-123
-116
-139
-138
-123
-131
-153
-164
-174
-176
-168
-166
-180
-167
-171
-150
-148
-143
-121
-125
-86
-86
-66
-67
-71
-56
-60
-60
-37
-58
-80
-65
-91
-96
-77
-76
-64
-75
-85
-122
-88
-79
-93
-87
-87
-51
-35
-18
-37
0
-6
-20
-24
13
-11
-28
-26
-31
-26
-43
-38
-77
-48
-42
-46
-72
-73
-45
-42
-49
-56
-38
-18
-7
17
28
21
20
39
42
38
48
32
19
18
4
-14
-6
12
6
-9
-22
-8
-36
-20
-2
19
18
25
28
28
42
42
42
42
56
64
47
54
37
15
17
27
39
17
12
16
26
7
6
21
15
21
15
47
41
36
87
66
84
104
127
121
127
132
128
115
116
110
99
87
65
92
92
106
94
97
97
106
146
134
146
146
146
185
189
182
196
190
176
195
171
204
195
176
173
156
140
172
145
128
148
147
141
166
173
167
202
181
164
180
195
186
199
203
220
219
249
229
220
213
206
210
182
180
169
177
176
165
155
160
145
141
145
152
176
197
208
222
211
217
236
221
235
216
219
190
185
202
181
192
179
177
134
152
153
161
190
172
189
192
181
194
214
198
215
235
243
251
245
264
251
285
260
253
231
230
221
221
202
204
211
175
182
196
201
212
201
208
