-19
-25
-28
-32
-22
-23
-14
-6
-9
-15
-9
0
6
8
-4
-9
-12
-3
13
25
14
3
-7
-7
0
6
10
10
8
2
-6
-10
-28
-47
-18
-3
6
4
0
-17
-25
-19
-12
2
-4
-10
-8
-7
0
8
13
19
9
12
26
29
25
29
16
3
-2
-4
-3
-9
-4
-3
1
0
-3
-6
-5
4
16
10
13
14
19
15
2
1
-16
-6
-5
3
3
-6
-21
-28
-37
-36
-10
-8
-7
-16
-33
-46
-37
-25
-12
-13
-15
-13
-6
2
6
10
10
13
14
16
1
-18
-17
-18
-16
-3
-1
4
0
-1
7
15
13
16
21
19
9
7
13
13
15
13
12
14
17
2
3
-2
-7
-13
-16
-29
-50
-42
-44
-44
-44
-26
-22
-19
-12
-6
-1
-16
-8
4
11
16
8
-7
-12
-11
0
6
4
-10
-13
-26
-39
-29
-13
0
6
16
19
11
7
7
14
29
30
23
16
14
16
12
10
5
1
-7
-12
-15
-23
-26
-25
-18
-7
-8
-4
-5
-6
-13
-15
-7
0
19
20
6
6
15
16
22
20
16
9
-15
-16
-19
-22
-10
-4
-8
-31
-33
-32
-31
-24
-4
13
8
-1
-13
-7
-7
2
14
28
31
22
10
-3
0
2
13
19
26
12
0
-11
-16
-9
-7
7
10
16
19
10
7
8
12
29
28
25
17
8
11
12
25
7
0
-7
-12
-17
-25
-17
-26
-19
-22
-23
-14
-13
-12
-4
7
15
26
28
19
7
-6
0
6
3
6
-5
-16
-21
-22
-12
-11
-6
5
-7
-14
-22
-32
-36
-27
-17
-7
6
1
4
10
10
18
20
34
39
35
44
34
25
13
-4
-4
7
9
7
5
-6
0
9
13
20
32
40
48
38
35
47
38
40
36
34
38
35
26
19
9
10
15
7
4
-15
-28
-33
-26
-19
-26
-24
-26
-9
-5
5
26
30
26
15
23
4
-7
-12
-4
4
-1
-4
-19
-18
-24
-14
-4
0
-1
-3
-12
-23
-19
-18
-12
-7
-2
8
21
23
26
8
3
14
23
28
18
11
-1
-6
-14
-25
-13
-10
-22
-13
-16
-6
-2
-3
11
15
26
32
35
37
28
26
34
31
20
22
28
29
21
12
16
-4
-18
-26
-36
-38
-40
-41
-43
-34
-22
-10
0
9
20
31
34
42
30
13
11
-1
-2
4
4
-8
-18
-15
-9
-9
-1
-13
-16
-14
-4
0
-6
-3
-12
0
13
26
29
36
28
19
26
11
7
4
4
-3
-3
-2
-20
-22
-29
-30
-17
-12
-6
5
-8
-11
-12
-10
7
3
12
26
30
32
30
23
27
23
15
9
0
-12
-23
-28
-32
-32
-40
-36
-38
-27
-22
-19
-9
-3
3
10
23
29
37
34
32
29
17
12
12
4
3
-3
-10
-15
-22
-38
-50
-54
-62
-53
-35
-16
-11
-6
-4
-5
-9
0
-6
1
11
-3
-4
-11
-16
-29
-25
-28
-35
-37
-44
-46
-52
-52
-42
-44
-36
-29
-29
-18
-18
-1
-4
0
6
19
32
28
24
10
4
-10
-8
-12
-19
-13
-14
-10
-10
-18
-29
-28
-20
-15
-11
-15
-19
-6
3
13
16
19
20
14
24
29
27
16
9
5
-17
-35
-32
-34
-44
-37
-36
-34
-32
-37
-27
-29
-13
-6
10
20
13
22
25
36
29
29
20
10
-4
-10
-8
-24
-29
-36
-37
-37
-34
-44
-45
-34
-25
-12
-7
4
10
10
21
22
26
19
24
32
34
39
37
27
7
0
-3
-3
-19
-34
-34
-31
-26
-14
-6
-9
-1
11
30
31
27
26
41
30
17
24
22
16
6
2
-1
-8
-13
-24
-28
-31
-31
-17
-29
-29
-31
-27
-29
-32
-14
-9
16
22
24
24
19
19
23
27
22
31
27
12
-2
-12
-13
-28
-42
-43
-35
-26
-21
-19
-16
-5
1
9
14
15
12
15
19
12
19
18
16
13
10
6
-7
-14
-31
-42
-48
-34
-32
-41
-23
-19
-11
1
15
10
12
24
22
34
32
42
36
21
19
19
24
29
28
34
28
12
16
7
-3
-10
-3
0
7
16
5
4
12
18
25
31
22
28
35
32
35
26
10
17
14
3
2
-9
-24
-34
-33
-29
-23
-17
-15
-2
8
10
9
10
8
22
35
39
50
47
46
23
12
19
19
15
12
6
-4
1
-5
-15
-26
-36
-29
-18
-12
-13
-6
-3
4
22
26
22
20
23
14
6
17
19
13
6
6
-11
-25
-27
-44
-44
-29
-15
-9
-5
1
6
11
10
16
9
16
13
22
30
28
34
17
5
-8
-10
-9
-8
-16
-13
-7
-5
-5
-10
-16
-28
-28
-10
6
1
5
16
30
39
47
54
47
39
31
35
32
25
10
-3
0
2
-9
-16
-25
-26
-28
-24
-18
-13
0
9
21
26
31
37
37
41
45
53
58
40
35
32
18
13
1
-2
0
-6
3
-3
-6
-9
-19
-29
-21
-17
-10
2
-2
14
18
31
33
30
31
25
25
26
17
6
-2
-25
-24
-25
-29
-31
-38
-35
-31
-40
-25
-16
-23
-13
1
3
11
22
25
32
44
47
41
38
28
18
-7
-19
-30
-25
-29
-37
-31
-42
-42
-47
-41
-45
-41
-26
-20
-4
3
18
25
29
35
31
32
19
15
15
8
4
3
-7
-29
-28
-28
-41
-35
-35
-37
-20
-19
-7
3
8
12
24
19
22
18
11
22
22
22
10
3
-9
-10
-22
-35
-40
-41
-42
-35
-35
-37
-35
-39
-24
-22
-8
1
8
8
19
35
48
52
51
46
41
32
23
25
9
17
10
-1
-2
-9
-12
-15
-19
-13
-8
-4
-13
-12
0
6
15
15
21
17
17
22
29
19
16
7
-5
-12
-21
-20
-22
-23
-22
-5
-7
-15
-16
-11
-12
0
-3
0
6
6
22
15
15
22
16
23
28
26
14
6
2
-3
-8
-18
-13
-25
-25
-25
-32
-28
-20
-11
-6
0
-8
-3
6
5
3
14
12
19
22
23
15
11
10
5
4
-10
-18
-25
-31
-41
-41
-43
-43
-49
-43
-43
-31
-19
-12
-13
7
22
21
30
21
29
22
19
5
-14
-9
-12
-12
-16
-24
-19
-23
-16
-19
-24
-18
-19
-18
-22
-13
1
13
7
18
10
4
6
9
7
3
2
-5
-3
-13
-9
0
-13
-22
-23
-31
-31
-31
-31
-30
-19
-16
-19
-25
-26
-18
-23
-14
-6
0
5
15
11
21
23
25
26
17
10
1
1
-2
-5
-7
-13
-11
-2
-3
0
-4
15
18
22
24
25
32
29
44
37
29
13
9
8
6
3
-4
-9
-19
-22
-20
-28
-25
-26
-29
-11
-15
-7
-10
-13
0
-8
0
13
14
20
19
19
19
17
11
10
8
9
8
5
3
-9
3
1
-3
-15
-16
-15
-23
-17
2
16
7
11
9
5
3
12
18
16
17
2
10
11
0
-6
-18
-29
-37
-40
-44
-50
-47
-41
-33
-29
-28
-24
-26
-13
-4
7
29
28
34
32
31
28
22
22
19
17
16
7
0
-2
-6
1
-13
-12
-6
-9
-7
0
13
17
28
16
7
12
2
3
7
12
9
3
6
1
9
0
-5
2
-11
-11
-13
-11
-18
-16
-8
-11
-4
-18
-31
-23
-18
-7
-8
0
4
9
10
23
28
12
15
15
19
9
10
6
1
-2
-6
-8
-11
-16
-16
-18
-13
4
19
31
28
29
26
32
26
32
25
16
20
10
13
16
9
3
7
-2
-11
-22
-15
-14
-14
-8
-3
-3
-10
-13
-13
-7
-5
-2
-6
8
19
18
13
13
6
6
19
15
20
29
28
31
27
22
16
6
-1
-9
-7
-6
4
10
11
16
16
18
10
11
13
5
8
13
26
25
19
23
13
12
-6
-15
-13
-18
-21
-11
-4
-11
-13
-21
-32
-29
-16
-11
4
4
5
7
4
2
-4
-10
-6
-5
-6
-5
-15
-2
3
-6
0
7
4
0
-1
0
0
5
6
12
18
14
9
4
9
9
11
19
35
33
27
28
28
25
6
3
0
-11
-16
-11
-12
-16
-15
-23
-32
-31
-38
-36
-19
-15
-14
-6
3
9
10
10
5
4
5
-1
-1
0
3
-3
-7
-12
-16
-20
-29
-23
-25
-22
-3
3
12
24
16
14
7
11
6
0
9
10
13
16
16
13
13
2
-12
-19
-11
-15
-18
-17
-13
-5
-9
-3
-13
-10
-6
-10
-7
-2
0
-1
4
-4
-7
-12
-19
-13
-16
-19
-17
-14
-3
-1
-8
-16
-23
-15
-25
-31
-22
-14
-15
-6
1
-5
3
3
-2
-2
10
13
14
19
16
22
25
13
4
3
1
3
-5
-6
-5
5
-6
-16
-9
-7
7
6
-2
-6
-6
-1
5
-2
-4
-12
-6
-5
-10
-8
-3
-6
-4
0
0
-4
-9
-1
3
9
7
22
25
30
27
31
31
18
14
11
16
16
15
10
22
15
28
20
3
11
4
2
0
4
0
0
-5
-4
-5
-6
0
5
-8
-5
0
-8
-5
-2
1
10
10
2
10
8
13
4
-1
-2
-10
-9
-14
-19
-28
-24
-17
-4
7
16
26
39
32
26
20
22
19
18
30
21
16
16
20
23
29
20
6
6
4
7
1
0
-3
-4
0
1
6
2
9
0
-2
2
-3
0
-9
-14
-22
-21
-18
-20
-28
-25
-18
-22
-22
-33
-38
-35
-32
-40
-34
-24
-29
-22
-18
-10
-5
-4
6
7
15
15
22
26
27
29
31
37
29
31
36
30
29
17
0
-1
-17
-11
-3
-4
1
0
7
3
9
4
-1
-4
3
4
-8
-7
-6
-7
-8
-19
-21
-20
-23
-19
-19
-22
-29
-20
-9
-6
-2
1
10
16
12
16
15
17
16
9
17
17
12
9
3
10
14
12
22
13
12
15
6
-10
-25
-26
-28
-17
-14
-20
-12
-8
-11
-13
-13
-22
-16
-10
-15
-17
-14
-13
-16
-21
-35
-38
-44
-55
-51
-54
-52
-47
-45
-37
-22
-5
-5
-1
12
11
16
21
28
26
28
27
26
27
21
24
26
28
26
24
17
18
17
13
9
1
8
9
17
25
22
30
22
15
15
3
-12
-14
-13
-18
-25
-27
-27
-32
-32
-39
-32
-35
-36
-35
-39
-34
-44
-29
-36
-34
-23
-15
-13
-11
5
10
19
22
35
37
34
26
30
34
29
41
35
39
31
20
19
9
0
-3
7
3
3
19
31
33
31
29
32
26
17
15
10
1
-8
-6
-12
-10
-6
-13
-17
-25
-32
-34
-44
-41
-36
-27
-17
-12
3
2
11
20
26
29
29
24
28
25
14
15
16
13
10
23
24
28
31
22
15
9
4
-1
-11
-17
-10
-4
-4
0
5
11
19
3
-3
0
-10
-3
-8
-19
-21
-28
-28
-33
-41
-42
-51
-58
-60
-57
-51
-47
-44
-47
-36
-25
-19
3
3
3
14
17
23
19
21
20
9
6
8
7
4
0
0
0
2
6
6
7
16
18
16
27
38
31
29
38
32
28
20
20
25
28
18
14
13
3
-6
-25
-23
-27
-24
-24
-28
-30
-32
-35
-32
-27
-28
-21
-28
-22
-10
-1
0
-1
-2
12
19
11
9
0
-1
10
0
0
12
12
3
1
0
-6
3
4
16
27
20
21
25
31
39
23
22
23
23
19
10
15
11
4
-8
-17
-21
-25
-28
-41
-44
-36
-41
-29
-20
-13
-12
-14
2
7
11
13
18
19
29
28
22
26
22
19
3
-1
-3
1
4
6
4
2
12
8
12
19
28
36
41
38
36
31
29
34
31
41
34
33
27
17
13
5
4
-10
-12
-19
-29
-39
-41
-37
-25
-23
-20
-22
-23
-14
-14
-8
-5
2
4
7
17
22
11
9
-6
-4
-6
-22
-23
-28
-25
-22
-15
-14
-12
-12
-7
-10
2
4
11
23
24
26
27
29
26
28
25
26
16
22
13
8
3
-10
-19
-23
-23
-30
-33
-29
-25
-22
-16
-19
-11
-13
-10
-12
-10
-6
-3
-12
-13
-3
-10
-1
-6
-9
-15
-12
-12
-9
-14
-16
-5
-5
-4
-10
2
7
10
19
29
37
39
38
32
33
35
38
35
27
25
27
28
18
19
20
10
14
-2
-17
-19
-25
-15
-26
-25
-16
-9
-6
-9
-1
-4
4
10
9
4
3
-1
-4
-13
-14
-13
-24
-22
-22
-19
-18
-9
-12
-11
-12
-8
2
0
4
6
14
8
13
19
17
22
13
11
17
15
15
20
15
16
19
7
10
1
-5
-13
-10
-1
-4
1
-3
0
5
6
6
0
-9
-6
0
3
3
0
-3
-2
-9
-7
-11
-15
-14
-28
-22
-25
-20
-22
-19
-11
-16
-13
-7
-1
-1
-4
-1
2
5
10
9
12
24
13
8
12
7
16
15
16
13
18
12
11
9
8
2
-6
-2
-12
-1
-6
-9
-7
-9
-10
-16
-15
-12
-23
-20
-22
-26
-18
-19
-6
-11
-6
3
-6
-16
-20
-19
-20
-19
-15
-13
-10
-4
-1
3
2
7
9
10
9
6
7
9
0
-3
4
19
25
25
25
26
22
15
13
-5
-11
-20
-22
-17
-22
-3
9
9
12
14
15
7
-3
-6
1
-6
0
-1
-9
1
-6
9
-5
-10
-9
-19
-16
-22
-15
-25
-19
-17
-18
-10
-3
9
8
2
7
7
-3
-3
-6
-4
6
16
19
12
13
8
1
0
1
-6
-4
0
-1
1
6
9
3
-7
-9
0
0
0
0
5
5
1
-6
-7
-13
-19
-13
-17
-24
-27
-19
-20
-12
-7
3
12
6
7
0
4
7
20
31
35
43
43
38
44
36
22
14
-6
-15
-20
-20
-17
-3
-1
-2
9
9
12
20
19
13
1
9
13
5
9
6
6
4
5
9
-4
-17
-29
-38
-44
-44
-42
-30
-18
-5
6
7
13
26
16
5
3
-5
0
0
6
9
13
14
12
12
-2
-4
-17
-30
-38
-48
-33
-27
-16
7
12
30
35
25
16
7
6
8
10
10
21
28
35
31
26
19
10
-1
-18
-31
-36
-33
-29
-16
-3
13
21
24
22
21
17
13
0
9
9
11
23
24
32
16
13
0
-28
-44
-54
-57
-51
-42
-16
-9
3
20
19
29
28
20
16
19
25
29
37
53
55
39
25
-3
-24
-35
-59
-69
-81
-62
-37
-21
-11
4
27
30
32
16
6
2
-3
-3
3
5
15
22
16
2
-2
-14
-32
-42
-58
-60
-62
-47
-28
-2
9
24
32
35
38
26
31
12
16
25
25
28
25
31
34
10
-7
-13
-21
-25
-31
-32
-26
-14
4
18
26
31
34
43
36
35
31
41
46
43
48
32
19
8
-26
-48
-48
-62
-67
-67
-59
-46
-34
-25
-6
-3
-4
3
0
-6
-10
2
13
21
21
15
8
-4
-21
-41
-60
-62
-73
-59
-47
-30
-7
5
12
18
25
9
5
-1
6
4
13
19
37
38
37
33
12
-6
-37
-55
-66
-67
-64
-46
-29
-6
12
26
16
21
20
5
10
6
15
18
27
29
50
40
21
10
-10
-32
-51
-54
-51
-30
-12
-5
16
31
26
20
20
22
17
11
15
25
25
35
32
26
16
7
-17
-43
-56
-69
-68
-60
-37
-25
-5
13
24
34
34
23
9
14
9
7
19
25
33
26
28
9
-12
-17
-38
-37
-41
-44
-38
-13
12
31
47
44
35
36
33
38
29
11
26
27
43
38
36
21
3
-10
-28
-33
-52
-48
-43
-29
-15
23
32
38
47
45
44
32
21
13
26
31
41
50
34
14
-1
-17
-31
-48
-53
-63
-62
-36
-26
-13
7
24
33
35
36
28
24
20
21
22
14
19
19
19
18
3
-32
-52
-64
-69
-60
-50
-31
-13
6
20
34
32
28
22
21
32
34
32
30
36
30
27
13
-8
-22
-40
-45
-44
-47
-38
-29
-12
2
10
13
20
26
24
35
27
29
34
31
30
35
40
31
16
-4
-22
-50
-64
-72
-62
-35
-24
-11
2
8
13
13
19
19
27
40
55
61
66
58
37
22
4
-6
-19
-30
-44
-51
-56
-47
-35
-25
-10
0
16
16
18
12
8
7
6
14
19
33
32
25
9
-15
-38
-69
-91
-103
-98
-78
-60
-37
-28
-14
-3
7
6
-3
-2
6
20
27
38
42
35
14
12
9
0
-3
-32
-45
-64
-63
-57
-48
-19
-7
11
29
32
23
18
9
10
16
21
38
51
55
56
42
20
-3
-26
-42
-57
-54
-54
-42
-26
-19
-21
-14
0
2
17
21
28
31
25
12
8
8
8
22
25
16
1
-15
-40
-57
-76
-76
-61
-43
-27
-13
4
-2
2
-2
-12
-3
9
10
19
20
9
8
-3
-16
-25
-27
-24
-13
-9
-20
-28
-39
-47
-51
-45
-15
3
16
17
15
12
-11
-21
-18
1
0
3
17
22
16
9
0
-16
-8
-7
2
-5
-11
-12
-23
-21
-24
-18
-2
20
35
44
31
23
19
6
0
4
13
29
35
34
19
4
-2
-23
-25
-26
-18
-13
0
-3
-13
-7
-20
-16
-5
15
34
31
16
-3
-9
3
9
9
15
16
19
0
-27
-38
-43
-48
-48
-27
-9
2
4
-3
-13
-13
-16
-22
-12
-8
-5
4
19
22
26
17
19
15
13
12
-9
-22
-36
-40
-46
-47
-42
-30
-14
4
0
-5
-15
-18
-7
3
6
22
37
37
37
18
12
1
-3
-2
2
5
2
-6
-9
-16
-24
-7
1
12
13
25
24
15
24
24
28
37
38
41
35
30
19
1
-12
-20
-12
-3
0
-13
-15
-18
-18
-26
-29
-5
-1
7
18
15
8
-4
6
9
7
14
17
17
5
5
1
-13
-24
-18
-7
0
1
-3
-10
-17
-5
-2
4
8
13
10
13
11
10
-1
0
7
22
32
22
24
16
20
15
14
6
-9
-12
-3
0
6
7
-4
-9
-8
3
7
13
24
37
42
44
48
44
26
17
12
9
-3
-10
-10
-14
-21
-25
-25
-22
-8
-3
3
-15
-14
-4
3
11
21
35
46
54
42
38
21
10
0
-3
-18
-29
-28
-38
-37
-47
-54
-48
-50
-51
-38
-29
-13
10
25
34
48
31
24
18
1
2
-19
-44
-51
-53
-57
-69
-76
-76
-79
-77
-59
-45
-43
-27
-7
15
41
60
75
86
83
73
60
34
13
-9
-14
-12
-14
-16
-12
-14
-2
-2
5
21
42
82
117
152
165
184
193
196
194
184
177
161
135
103
67
42
31
22
29
43
55
54
51
57
71
67
70
82
98
107
101
99
64
20
-28
-73
-114
-164
-188
-204
-211
-235
-261
-261
-278
-270
-243
-220
-189
-164
-139
-135
-139
-138
-133
-113
-103
-102
-113
-167
-212
-261
-303
-309
-302
-281
-243
-218
-187
-167
-141
-101
-55
10
73
132
166
205
224
232
237
229
216
206
203
189
192
184
164
158
166
184
228
288
351
386
414
427
417
410
408
420
446
459
433
386
294
205
130
81
63
53
49
36
18
-2
0
22
60
97
117
119
107
86
53
6
-49
-106
-165
-222
-286
-370
-465
-549
-624
-673
-707
-721
-688
-641
-573
-518
-490
-462
-446
-404
-360
-295
-232
-205
-207
-232
-253
-272
-285
-294
-300
-303
-285
-277
-263
-237
-219
-180
-125
-42
57
130
181
210
208
203
211
246
297
352
386
377
328
274
230
245
304
389
466
498
520
535
566
617
685
751
779
758
717
661
607
554
496
426
340
253
176
111
46
-9
-76
-123
-158
-160
-126
-76
-22
31
60
62
45
26
28
39
72
91
58
-35
-138
-243
-322
-370
-409
-447
-497
-572
-649
-706
-740
-749
-725
-667
-627
-629
-657
-683
-693
-671
-624
-557
-513
-480
-473
-474
-423
-338
-235
-164
-123
-110
-75
0
114
231
309
340
321
272
241
252
278
303
289
229
136
49
0
16
52
94
115
106
75
56
102
216
369
481
549
563
568
606
678
769
843
854
806
733
661
615
614
632
627
580
477
353
223
122
92
106
120
69
-37
-158
-283
-356
-340
-286
-253
-294
-394
-455
-476
-442
-388
-329
-290
-302
-320
-281
-197
-161
-156
-190
-233
-279
-301
-285
-276
-283
-296
-358
-484
-643
-717
-621
-451
-357
-403
-494
-587
-605
-501
-279
-32
64
17
-32
3
123
244
361
463
488
474
459
477
521
587
667
736
682
541
403
358
426
545
633
560
319
51
-69
-46
57
125
117
0
-216
-444
-531
-420
-215
-55
-27
-114
-253
-335
-335
-236
-83
103
216
161
2
-140
-183
-119
-7
82
68
-108
-339
-479
-453
-337
-229
-191
-247
-382
-498
-471
-339
-231
-196
-183
-164
-158
-128
-52
14
6
-13
83
189
157
21
-7
145
319
364
350
338
323
335
438
563
538
378
255
288
389
489
542
480
259
38
41
234
348
297
196
73
-52
-76
139
417
475
325
210
182
98
16
164
439
470
202
-43
-152
-272
-386
-217
178
187
-358
-909
-967
-715
-525
-392
-224
-234
-590
-945
-939
-663
-437
-322
-272
-461
-851
-1038
-782
-422
-357
-465
-494
-494
-636
-705
-505
-262
-222
-241
-108
7
-155
-383
-213
233
426
168
-164
-263
-228
-208
-104
156
346
194
-221
-514
-367
89
410
372
147
37
88
187
256
357
536
683
671
513
290
155
238
541
811
835
670
508
441
485
729
1069
1242
1110
876
808
945
1131
1336
1524
1512
1247
932
864
1053
1236
1221
1046
825
701
739
866
870
770
745
845
846
574
281
260
461
564
483
358
174
-143
-443
-448
-231
-235
-573
-992
-1240
-1296
-1221
-1064
-1003
-1172
-1498
-1733
-1846
-1841
-1629
-1309
-1365
-1962
-2409
-2156
-1715
-1858
-2264
-2039
-1371
-1403
-2302
-2849
-2336
-1554
-1353
-1406
-1139
-948
-1353
-1859
-1674
-921
-301
-94
-186
-563
-1119
-1258
-634
179
450
196
-35
-121
-321
-459
-165
532
1104
1211
968
629
383
458
1055
1924
2371
2010
1274
837
934
1318
1770
2172
2259
1872
1256
797
739
1051
1568
1941
1804
1191
634
603
882
1041
1043
1161
1306
1083
508
113
247
607
767
759
867
996
745
184
-80
388
1218
1656
1455
961
606
568
849
1331
1746
1761
1385
926
680
697
834
967
976
925
841
645
242
-202
-194
363
854
713
67
-462
-551
-354
-47
256
276
-180
-790
-1041
-875
-678
-637
-740
-980
-1404
-1795
-1853
-1669
-1653
-1928
-2186
-2212
-2211
-2499
-2940
-3098
-2863
-2668
-2783
-3051
-3251
-3492
-3834
-3874
-3388
-2880
-3007
-3629
-3979
-3710
-3187
-2783
-2522
-2316
-2218
-2232
-2132
-1698
-980
-330
-28
45
302
835
1243
1251
1280
1874
2733
3145
2947
2674
2680
2819
3063
3508
3924
3818
3248
2818
2760
2763
2661
2654
2727
2452
1760
1189
1043
979
700
446
401
292
-109
-515
-642
-604
-610
-594
-430
-284
-317
-421
-332
-13
357
602
695
771
945
1191
1360
1414
1504
1687
1853
1864
1782
1835
2001
2020
1795
1583
1660
1877
1827
1511
1289
1353
1522
1507
1305
1105
986
942
945
972
1021
989
746
375
231
517
876
819
408
86
-13
-50
-59
15
-1
-332
-786
-1009
-1040
-1162
-1419
-1662
-1950
-2320
-2532
-2482
-2623
-3311
-3957
-3808
-3227
-3335
-4197
-4666
-4326
-4103
-4567
-4900
-4482
-4051
-4367
-4887
-4817
-4454
-4440
-4542
-4248
-3811
-3745
-3916
-3853
-3484
-2978
-2448
-2030
-1911
-1891
-1449
-489
437
862
910
948
1267
1926
2814
3639
4085
4076
3814
3638
3810
4432
5248
5674
5384
4620
3965
3782
3923
4149
4287
4109
3430
2495
1830
1634
1626
1500
1263
1008
670
181
-314
-614
-588
-281
23
43
-174
-274
-125
33
142
497
1141
1588
1509
1265
1290
1520
1757
2028
2403
2579
2318
1902
1707
1815
2019
2222
2260
1942
1414
1133
1277
1448
1338
1151
1110
1008
667
382
447
597
497
317
319
313
11
-380
-417
-117
66
-87
-366
-619
-894
-1096
-1016
-750
-778
-1289
-1839
-2027
-2067
-2251
-2447
-2504
-2700
-3220
-3661
-3676
-3598
-3890
-4280
-4305
-4187
-4354
-4654
-4709
-4630
-4674
-4727
-4611
-4517
-4676
-4859
-4762
-4472
-4316
-4385
-4483
-4418
-4124
-3689
-3294
-3160
-3245
-3126
-2512
-1706
-1233
-1069
-605
322
1101
1310
1346
1797
2595
3404
4121
4688
4848
4665
4577
4893
5380
5781
6164
6411
6195
5429
4639
4378
4689
5153
5238
4704
3660
2540
1821
1691
1876
1900
1490
749
-27
-718
-1158
-1125
-701
-328
-434
-903
-1245
-1185
-806
-329
202
745
1137
1204
1000
958
1384
2156
2782
2888
2557
2181
2101
2303
2548
2588
2462
2278
1998
1653
1394
1368
1431
1350
1102
806
515
207
18
63
190
92
-262
-617
-805
-886
-910
-780
-521
-409
-663
-1094
-1310
-1146
-766
-404
-280
-535
-1051
-1420
-1358
-1164
-1231
-1460
-1571
-1704
-2162
-2803
-3185
-3250
-3304
-3415
-3525
-3731
-4165
-4608
-4753
-4688
-4683
-4754
-4595
-4351
-4552
-5236
-5674
-5261
-4530
-4326
-4637
-4938
-5085
-5058
-4549
-3729
-3545
-4252
-4552
-3493
-2026
-1473
-1662
-1634
-1190
-526
490
1703
2487
2630
2718
3079
3508
3997
4886
5983
6434
6009
5356
5227
5706
6419
6933
6940
6394
5548
4911
4839
5123
5208
4871
4266
3515
2658
1897
1520
1542
1552
1140
355
-436
-922
-1080
-1024
-847
-677
-690
-888
-1037
-866
-369
246
727
957
1064
1242
1571
1932
2174
2281
2417
2714
3000
2899
2407
2052
2259
2714
2758
2296
1706
1284
1146
1314
1534
1429
911
348
70
-10
-62
-128
-237
-484
-856
-1205
-1418
-1441
-1304
-1222
-1375
-1694
-1941
-1865
-1584
-1435
-1547
-1714
-1676
-1489
-1366
-1415
-1593
-1818
-1952
-1884
-1808
-2016
-2513
-2943
-3053
-3015
-3073
-3285
-3546
-3828
-4142
-4391
-4356
-4005
-3887
-4299
-4703
-4554
-4234
-4386
-4674
-4448
-4032
-4081
-4380
-4464
-4503
-4703
-4587
-3856
-3196
-3220
-3532
-3541
-3240
-2731
-1960
-1066
-503
-361
-121
571
1434
2069
2555
3185
3876
4324
4673
5268
5879
5955
5639
5755
6554
7337
7496
7154
6607
6062
5860
6166
6558
6366
5524
4606
4040
3776
3514
3092
2577
2043
1445
745
127
-272
-531
-744
-881
-996
-1287
-1679
-1790
-1439
-935
-639
-525
-438
-367
-302
-36
642
1472
1885
1710
1341
1236
1489
1947
2371
2434
2011
1460
1243
1384
1530
1447
1202
917
657
432
227
49
-143
-291
-316
-281
-430
-923
-1381
-1319
-898
-755
-1084
-1479
-1673
-1734
-1647
-1381
-1194
-1307
-1529
-1562
-1519
-1618
-1709
-1606
-1479
-1602
-1937
-2178
-2230
-2257
-2392
-2613
-2815
-3006
-3220
-3419
-3601
-3843
-4058
-4068
-3929
-3986
-4321
-4540
-4441
-4248
-4213
-4263
-4267
-4285
-4293
-4181
-4022
-4042
-4133
-3921
-3395
-3076
-3296
-3575
-3279
-2539
-2084
-2031
-1799
-1178
-628
-376
37
849
1655
2125
2515
3002
3457
3918
4637
5516
6040
6051
5947
6162
6663
7132
7391
7465
7300
6872
6363
6078
6097
6135
5948
5461
4738
3876
3167
2864
2721
2336
1644
983
485
30
-379
-595
-651
-815
-1154
-1411
-1414
-1279
-1110
-899
-724
-730
-752
-405
246
616
530
510
951
1488
1593
1397
1288
1407
1578
1733
1814
1671
1297
899
756
823
826
601
301
79
-108
-385
-657
-711
-606
-606
-831
-1122
-1279
-1239
-1084
-935
-993
-1262
-1465
-1372
-1101
-965
-1034
-1150
-1208
-1298
-1429
-1465
-1378
-1359
-1505
-1717
-1865
-1971
-2099
-2272
-2481
-2664
-2762
-2760
-2848
-3145
-3489
-3653
-3645
-3653
-3705
-3728
-3771
-3986
-4184
-4105
-3879
-3830
-4024
-4125
-3989
-3792
-3718
-3651
-3467
-3335
-3379
-3409
-3153
-2615
-2109
-1861
-1754
-1574
-1276
-888
-314
428
1193
1741
2035
2234
2524
3039
3820
4730
5408
5697
5725
5734
5875
6193
6695
7219
7410
7124
6562
6103
5882
5804
5778
5670
5311
4610
3689
2883
2409
2190
2016
1659
1046
235
-561
-1051
-1136
-1034
-1020
-1217
-1570
-1909
-2098
-2029
-1675
-1194
-812
-708
-895
-1090
-977
-398
345
828
845
596
429
478
697
995
1325
1481
1302
844
410
296
523
852
967
700
129
-429
-599
-352
-15
47
-210
-551
-779
-873
-855
-681
-442
-315
-435
-686
-871
-876
-724
-484
-271
-237
-446
-734
-875
-869
-831
-821
-811
-897
-1122
-1472
-1765
-1915
-1988
-2018
-2044
-2169
-2506
-2888
-3080
-3061
-3093
-3256
-3385
-3392
-3444
-3609
-3743
-3783
-3806
-3853
-3878
-3900
-3925
-3860
-3657
-3535
-3670
-3879
-3739
-3293
-2866
-2634
-2535
-2456
-2324
-1951
-1270
-519
-89
43
294
978
1870
2566
2917
3103
3391
3913
4651
5374
5799
5813
5692
5795
6157
6568
6797
6765
6506
6116
5757
5524
5389
5219
4882
4359
3699
3016
2460
2055
1685
1219
627
73
-345
-706
-1134
-1561
-1805
-1823
-1772
-1844
-2061
-2282
-2343
-2148
-1730
-1266
-993
-993
-1082
-993
-648
-200
201
469
572
536
456
473
609
825
1066
1248
1221
901
514
370
532
799
919
793
477
121
-114
-101
76
205
175
12
-207
-426
-506
-357
-105
43
26
-80
-240
-367
-323
-68
213
245
14
-255
-401
-419
-375
-322
-315
-485
-882
-1334
-1565
-1545
-1489
-1618
-1933
-2257
-2528
-2698
-2820
-2910
-2966
-3015
-3072
-3206
-3410
-3624
-3709
-3652
-3517
-3454
-3558
-3753
-3961
-4033
-3865
-3535
-3285
-3307
-3420
-3314
-3040
-2852
-2709
-2317
-1726
-1260
-1041
-875
-617
-295
214
1064
2028
2604
2621
2435
2569
3203
4151
5049
5518
5408
4983
4794
5111
5729
6197
6341
6223
5835
5220
4654
4453
4561
4642
4375
3710
2789
1837
1182
962
955
752
172
-600
-1303
-1796
-2052
-2020
-1800
-1700
-1913
-2316
-2579
-2500
-2125
-1662
-1338
-1206
-1144
-996
-703
-414
-273
-129
281
894
1240
1036
618
524
883
1372
1678
1729
1502
1151
930
972
1197
1384
1414
1270
964
597
397
437
584
645
527
311
92
-73
-143
-54
170
356
322
140
21
15
95
221
362
428
305
22
-237
-384
-420
-368
-345
-483
-871
-1371
-1690
-1748
-1681
-1730
-1968
-2302
-2612
-2829
-2985
-3070
-3103
-3095
-3133
-3311
-3642
-3986
-4065
-3830
-3557
-3641
-4011
-4293
-4323
-4222
-4153
-4012
-3774
-3614
-3704
-3892
-3855
-3432
-2763
-2164
-1854
-1786
-1679
-1340
-829
-200
552
1252
1676
1762
1807
2124
2781
3623
4374
4811
4830
4630
4565
4867
5486
6069
6268
6060
5630
5127
4724
4636
4835
4999
4695
3861
2829
1997
1609
1586
1586
1229
494
-331
-956
-1324
-1477
-1464
-1411
-1470
-1741
-2144
-2414
-2324
-1913
-1450
-1232
-1281
-1390
-1331
-938
-336
122
254
197
230
481
891
1290
1549
1593
1470
1348
1404
1669
1991
2223
2201
1923
1564
1432
1628
1922
1992
1752
1435
1223
1115
1044
981
971
1029
1013
787
441
230
287
524
702
676
449
147
-104
-142
-4
115
74
-209
-605
-983
-1164
-1135
-1025
-1024
-1251
-1645
-1991
-2096
-2067
-2118
-2352
-2630
-2787
-2818
-2949
-3318
-3713
-3801
-3596
-3486
-3748
-4128
-4306
-4309
-4320
-4355
-4326
-4329
-4409
-4540
-4575
-4495
-4361
-4164
-3945
-3738
-3583
-3416
-3091
-2622
-2144
-1725
-1195
-444
265
597
667
938
1606
2544
3380
3879
4032
3999
4073
4447
5091
5733
6144
6201
5931
5490
5102
4969
5088
5218
5044
4497
3738
2940
2297
1916
1745
1603
1281
673
-159
-957
-1419
-1405
-1170
-1149
-1510
-2083
-2536
-2631
-2345
-1830
-1401
-1278
-1414
-1510
-1310
-800
-108
606
1124
1214
953
775
1117
1861
2523
2793
2687
2402
2100
1968
2165
2599
2976
3011
2628
2029
1515
1349
1581
1978
2150
1860
1212
585
295
439
815
1066
959
506
18
-224
-107
249
585
622
317
-94
-316
-245
-47
48
-16
-160
-344
-650
-1053
-1279
-1164
-909
-936
-1379
-2017
-2498
-2637
-2538
-2488
-2686
-3124
-3630
-4043
-4291
-4356
-4308
-4320
-4549
-4925
-5248
-5395
-5336
-5118
-4927
-4920
-5114
-5284
-5201
-4871
-4557
-4402
-4252
-3958
-3587
-3357
-3186
-2851
-2248
-1571
-951
-371
95
400
714
1260
2057
2768
3192
3454
3774
4172
4428
4593
4802
5167
5522
5715
5755
5649
5395
5090
4903
4824
4706
4404
3972
3442
2857
2264
1822
1589
1409
1095
623
88
-348
-558
-580
-610
-844
-1188
-1435
-1454
-1347
-1172
-983
-883
-943
-1001
-778
-326
65
315
651
1151
1472
1316
1034
1226
1924
2516
2591
2383
2179
1972
1776
1896
2399
2813
2730
2293
1927
1725
1622
1659
1826
1931
1723
1290
886
657
647
776
927
993
829
500
231
195
327
433
442
365
200
-68
-298
-385
-391
-388
-421
-586
-962
-1406
-1583
-1406
-1207
-1366
-1830
-2302
-2640
-2802
-2769
-2642
-2724
-3256
-4032
-4486
-4391
-4083
-4013
-4289
-4724
-5117
-5374
-5425
-5265
-5058
-5048
-5253
-5497
-5640
-5575
-5271
-4791
-4379
-4223
-4241
-4156
-3783
-3251
-2740
-2249
-1720
-1108
-537
-104
281
759
1471
2241
2801
3091
3379
3904
4530
4932
5016
5015
5191
5546
5923
6134
6040
5607
5070
4802
4849
4905
4623
4086
3555
3049
2457
1861
1454
1237
976
542
33
-467
-868
-1037
-967
-831
-848
-1058
-1243
-1270
-1147
-1006
-847
-633
-415
-250
-119
95
442
914
1368
1631
1610
1506
1685
2190
2617
2655
2452
2307
2223
2111
2085
2268
2446
2370
2102
1837
1649
1439
1350
1532
1793
1730
1240
695
396
377
506
635
617
316
-91
-228
25
369
465
376
317
272
67
-250
-412
-372
-372
-553
-808
-1074
-1396
-1747
-1929
-1884
-1852
-2051
-2429
-2796
-3104
-3370
-3569
-3665
-3738
-3938
-4328
-4821
-5134
-5119
-4917
-4844
-5055
-5367
-5499
-5408
-5244
-5111
-4987
-4915
-4944
-5036
-5018
-4819
-4580
-4394
-4180
-3752
-3231
-2827
-2588
-2269
-1764
-1175
-633
-107
443
837
1058
1271
1768
2477
3157
3615
3899
4110
4270
4447
4753
5218
5693
5984
5953
5639
5221
5005
5115
5389
5419
5035
4392
3737
3218
2868
2723
2669
2495
2037
1365
684
177
-74
-114
-122
-312
-702
-1092
-1264
-1162
-891
-548
-301
-274
-451
-618
-536
-196
319
844
1106
939
608
647
1297
2041
2266
2036
1843
1832
1808
1760
1924
2278
2419
2123
1632
1361
1379
1574
1853
2008
1748
1119
564
531
930
1292
1329
1031
527
-3
-316
-190
257
566
423
-38
-383
-414
-224
20
249
305
7
-609
-1199
-1515
-1616
-1615
-1555
-1499
-1689
-2230
-2898
-3237
-3113
-2820
-2734
-2975
-3433
-4024
-4582
-4820
-4583
-4170
-4162
-4687
-5213
-5285
-5010
-4753
-4687
-4789
-4960
-5063
-4907
-4501
-4159
-4159
-4375
-4481
-4358
-4097
-3824
-3468
-2958
-2409
-2019
-1878
-1686
-1032
157
1343
1884
1678
1226
1288
2077
3235
4162
4569
4542
4382
4398
4728
5379
6127
6667
6733
6292
5598
5154
5187
5512
5643
5327
4720
4073
3510
3041
2710
2499
2313
1957
1453
907
458
168
-29
-205
-404
-685
-1016
-1263
-1312
-1161
-960
-766
-535
-285
-114
27
291
763
1180
1218
927
692
873
1419
1985
2235
2109
1743
1367
1244
1491
1979
2362
2291
1726
1014
631
755
1199
1525
1452
1027
560
297
313
454
500
429
342
324
281
155
-41
-131
-82
-3
-44
-243
-467
-550
-453
-359
-383
-546
-733
-922
-1143
-1431
-1777
-2136
-2437
-2670
-2879
-3043
-3171
-3261
-3444
-3730
-3986
-4153
-4290
-4482
-4590
-4553
-4516
-4602
-4738
-4805
-4817
-4728
-4522
-4223
-4024
-4026
-4127
-4226
-4253
-4104
-3693
-3223
-3040
-3216
-3428
-3338
-2945
-2500
-2229
-2124
-1901
-1365
-594
114
578
845
1099
1530
2162
2783
3123
3216
3313
3629
4112
4572
4949
5372
5854
6248
6301
5970
5592
5508
5733
5945
5874
5444
4797
4131
3633
3335
3218
3135
2915
2438
1663
775
96
-153
-51
112
5
-473
-1192
-1823
-2035
-1768
-1302
-1026
-1092
-1262
-1267
-975
-410
260
829
984
705
433
613
1147
1564
1641
1549
1473
1403
1426
1698
2163
2435
2204
1671
1267
1272
1578
1840
1818
1441
928
575
520
679
891
1030
984
667
160
-272
-355
-22
466
692
393
-244
-748
-846
-655
-427
-334
-415
-685
-1078
-1360
-1408
-1330
-1322
-1410
-1589
-1960
-2529
-3015
-3135
-2940
-2800
-2942
-3285
-3621
-3828
-3971
-4083
-4138
-4064
-3944
-4057
-4403
-4684
-4656
-4438
-4296
-4307
-4362
-4358
-4293
-4160
-4020
-3948
-3980
-4027
-4010
-3811
-3367
-2888
-2718
-2866
-2916
-2514
-1726
-945
-402
-64
226
551
1046
1675
2319
2871
3268
3565
3767
3945
4151
4525
5112
5771
6223
6262
5972
5651
5535
5608
5732
5717
5489
5028
4432
3819
3346
3098
2981
2841
2498
1945
1297
739
434
376
346
127
-318
-806
-1095
-1113
-979
-884
-917
-1033
-1075
-942
-656
-319
25
404
808
1005
759
359
427
1132
1805
1742
1138
753
929
1336
1687
1995
2153
1940
1406
1024
1084
1382
1590
1585
1442
1171
787
492
483
802
1185
1284
1002
545
208
101
201
398
550
467
77
-447
-796
-832
-701
-651
-871
-1280
-1707
-1959
-2007
-1984
-2047
-2201
-2408
-2723
-3104
-3367
-3373
-3285
-3380
-3656
-3854
-3826
-3685
-3668
-3816
-3982
-3960
-3757
-3653
-3868
-4164
-4137
-3782
-3498
-3552
-3824
-4102
-4202
-3998
-3493
-3056
-3131
-3639
-3988
-3852
-3443
-3084
-2793
-2519
-2365
-2326
-2231
-1837
-1127
-311
318
645
794
1006
1459
2167
2993
3730
4159
4214
4153
4362
5001
5873
6549
6710
6423
6004
5802
5856
6007
6062
5890
5425
4682
3934
3475
3334
3293
3073
2543
1739
893
322
160
255
225
-146
-742
-1293
-1602
-1627
-1433
-1169
-1083
-1201
-1293
-1173
-946
-718
-238
546
1135
960
390
341
1042
1820
2111
2009
1832
1646
1477
1577
2056
2598
2775
2500
1954
1462
1288
1520
1863
1896
1483
908
525
477
691
909
917
627
230
-59
-137
-51
160
367
332
-48
-570
-869
-800
-506
-302
-425
-860
-1372
-1662
-1679
-1612
-1593
-1661
-1872
-2232
-2570
-2770
-2877
-2983
-3056
-3119
-3278
-3628
-3997
-4222
-4296
-4185
-3942
-3761
-3927
-4412
-4837
-4906
-4685
-4320
-3963
-3807
-4081
-4601
-4848
-4559
-4027
-3668
-3534
-3536
-3611
-3599
-3304
-2814
-2459
-2387
-2321
-1976
-1380
-838
-369
82
470
698
865
1327
2115
2921
3418
3632
3719
3842
4154
4805
5654
6258
6314
5933
5560
5519
5801
6172
6343
6182
5734
5117
4497
4085
4032
4164
4136
3719
2952
2053
1306
929
943
1055
926
446
-204
-750
-1029
-996
-856
-796
-919
-1137
-1312
-1319
-1136
-834
-483
-129
156
202
-70
-341
-47
845
1695
1767
1171
681
801
1346
1912
2306
2374
2033
1562
1438
1786
2171
2189
1909
1641
1478
1332
1200
1199
1343
1370
1110
658
270
42
4
127
331
361
-19
-667
-1195
-1298
-1109
-958
-1089
-1435
-1845
-2183
-2398
-2434
-2395
-2443
-2643
-2820
-2815
-2806
-3016
-3359
-3471
-3296
-3124
-3296
-3714
-4047
-4085
-3844
-3499
-3339
-3600
-4151
-4472
-4173
-3582
-3357
-3705
-4198
-4445
-4461
-4345
-4055
-3714
-3621
-3909
-4296
-4358
-4009
-3533
-3123
-2837
-2692
-2693
-2742
-2552
-1943
-1041
-193
353
534
486
558
1143
2190
3260
3901
4172
4317
4475
4730
5178
5934
6696
7086
6936
6462
6085
6031
6284
6643
6793
6529
5906
5178
4570
4166
3903
3733
3521
3035
2254
1416
855
623
569
465
92
-562
-1166
-1332
-1079
-889
-1090
-1519
-1806
-1742
-1403
-976
-647
-471
-406
-308
-151
-20
79
361
940
1500
1623
1300
976
985
1344
1853
2262
2326
1982
1504
1365
1698
2112
2158
1816
1401
1137
1010
942
919
943
924
778
559
259
-121
-394
-294
88
245
-167
-861
-1306
-1293
-1083
-1030
-1251
-1647
-2018
-2200
-2172
-2124
-2257
-2584
-2878
-2964
-2903
-2920
-3082
-3258
-3374
-3493
-3660
-3876
-4025
-4024
-3929
-3844
-3835
-3887
-4013
-4195
-4315
-4223
-3998
-3898
-4095
-4370
-4448
-4320
-4120
-3931
-3799
-3845
-4089
-4301
-4110
-3555
-3056
-2987
-3199
-3180
-2738
-2178
-1825
-1563
-1093
-440
148
452
607
962
1662
2557
3334
3817
4067
4291
4654
5205
5862
6487
6903
7075
7048
6951
6940
7044
7246
7393
7310
6859
6171
5582
5287
5156
4961
4559
3923
3096
2287
1763
1543
1354
907
279
-357
-898
-1321
-1530
-1472
-1365
-1485
-1834
-2184
-2343
-2226
-1884
-1404
-993
-880
-984
-931
-519
-48
73
-6
272
1020
1647
1631
1227
1109
1520
2061
2339
2355
2275
2131
1899
1729
1741
1859
1880
1721
1497
1274
1034
759
578
547
538
329
-124
-595
-817
-784
-704
-731
-875
-1120
-1470
-1800
-1959
-1942
-1955
-2042
-2084
-2092
-2234
-2594
-2948
-3030
-2845
-2638
-2563
-2671
-2912
-3186
-3311
-3193
-3016
-3059
-3342
-3572
-3609
-3611
-3670
-3677
-3546
-3482
-3712
-4036
-4121
-3945
-3804
-3900
-4096
-4191
-4227
-4355
-4497
-4403
-4066
-3739
-3649
-3720
-3711
-3525
-3147
-2675
-2238
-1933
-1682
-1325
-807
-216
326
843
1375
1885
2355
2901
3638
4421
5002
5330
5573
5993
6578
7128
7422
7387
7212
7119
7200
7353
7458
7403
7137
6670
6121
5667
5314
4932
4406
3753
3050
2385
1822
1371
984
599
209
-196
-651
-1135
-1554
-1757
-1727
-1650
-1743
-2020
-2277
-2317
-2123
-1827
-1520
-1231
-939
-653
-386
-188
-152
-114
224
892
1505
1593
1186
797
853
1321
1904
2324
2424
2143
1675
1404
1526
1814
1859
1572
1198
938
730
495
298
250
297
270
41
-286
-589
-809
-908
-909
-925
-1159
-1572
-1988
-2178
-2183
-2145
-2156
-2253
-2417
-2665
-2865
-2936
-2906
-2893
-2959
-3106
-3293
-3512
-3666
-3581
-3315
-3192
-3410
-3778
-3881
-3592
-3220
-3060
-3176
-3414
-3678
-3871
-3882
-3659
-3363
-3233
-3312
-3559
-3878
-4141
-4111
-3624
-2940
-2585
-2836
-3407
-3794
-3722
-3232
-2555
-1944
-1712
-1846
-1978
-1647
-786
154
833
1205
1483
1748
2106
2699
3571
4469
5041
5269
5410
5815
6506
7316
7915
8066
7846
7506
7389
7570
7856
7955
7701
7190
6588
6053
5615
5196
4758
4269
3674
2944
2180
1500
970
589
267
-83
-618
-1392
-2147
-2522
-2376
-2054
-1946
-2178
-2519
-2714
-2678
-2386
-1964
-1584
-1410
-1299
-1011
-630
-482
-536
-248
659
1615
1802
1214
650
698
1238
1866
2330
2456
2095
1476
1183
1481
1913
1933
1555
1190
1031
868
562
329
271
245
93
-147
-337
-540
-778
-947
-937
-939
-1188
-1564
-1754
-1650
-1525
-1618
-1916
-2261
-2579
-2774
-2675
-2318
-2066
-2236
-2683
-3004
-3031
-2975
-2989
-3005
-2992
-3047
-3305
-3606
-3680
-3454
-3174
-3116
-3249
-3419
-3549
-3635
-3636
-3562
-3521
-3629
-3838
-3995
-3988
-3907
-3819
-3761
-3710
-3689
-3705
-3617
-3406
-3159
-3056
-3101
-3064
-2774
-2370
-2005
-1600
-1032
-407
31
282
637
1337
2254
3098
3607
3846
4048
4424
5054
5806
6507
7039
7382
7549
7570
7530
7559
7779
8105
8222
7904
7226
6527
6099
5903
5674
5247
4606
3837
3037
2309
1742
1347
1034
693
250
-363
-1137
-1938
-2481
-2623
-2465
-2336
-2422
-2662
-2844
-2848
-2689
-2415
-2142
-1910
-1724
-1452
-1057
-762
-789
-933
-728
18
873
1319
1319
1186
1219
1395
1622
1854
2026
2020
1912
1853
1829
1687
1381
1137
1175
1370
1382
1080
642
317
182
137
51
-156
-527
-948
-1261
-1347
-1280
-1294
-1472
-1766
-2003
-2113
-2163
-2224
-2323
-2423
-2509
-2601
-2759
-2980
-3136
-3114
-2948
-2811
-2826
-2938
-2954
-2831
-2722
-2767
-2952
-3120
-3193
-3175
-3082
-2917
-2753
-2753
-3023
-3430
-3632
-3453
-3099
-2891
-2971
-3254
-3591
-3840
-3905
-3774
-3519
-3253
-2982
-2797
-2882
-3193
-3391
-3095
-2338
-1545
-1109
-991
-838
-456
99
642
1144
1696
2360
3090
3742
4281
4728
5182
5688
6260
6780
7170
7417
7527
7593
7600
7582
7542
7485
7423
7303
7012
6490
5855
5265
4775
4309
3765
3123
2424
1738
1123
638
285
-33
-429
-956
-1552
-2133
-2520
-2643
-2550
-2424
-2464
-2649
-2834
-2854
-2721
-2439
-1982
-1461
-1017
-785
-749
-734
-575
-158
387
834
1068
1144
1170
1235
1383
1650
1976
2154
2041
1745
1580
1633
1749
1692
1399
1052
864
872
982
1014
829
487
86
-243
-465
-568
-538
-492
-620
-1010
-1524
-1875
-1919
-1761
-1650
-1719
-1905
-2114
-2269
-2354
-2345
-2287
-2280
-2389
-2602
-2845
-2991
-2968
-2832
-2724
-2731
-2801
-2888
-3000
-3145
-3219
-3173
-3123
-3138
-3171
-3180
-3237
-3313
-3247
-3037
-2978
-3260
-3513
-3349
-2993
-3068
-3576
-3900
-3673
-3254
-3133
-3186
-3134
-3012
-3099
-3262
-3078
-2485
-1801
-1342
-1016
-670
-371
-111
316
1070
1890
2439
2823
3367
4097
4628
4885
5258
6004
6782
7182
7219
7196
7272
7387
7560
7814
7992
7942
7666
7270
6795
6190
5604
5147
4788
4275
3478
2614
1925
1452
994
440
-128
-660
-1207
-1774
-2234
-2491
-2640
-2806
-3035
-3185
-3214
-3201
-3124
-2870
-2469
-2173
-2101
-2063
-1778
-1258
-727
-405
-321
-379
-357
-29
623
1251
1543
1579
1668
1986
2275
2320
2201
2108
2077
1960
1689
1450
1360
1347
1299
1178
977
648
228
-74
-99
-5
-85
-439
-877
-1280
-1578
-1720
-1669
-1566
-1637
-1905
-2179
-2229
-2099
-1945
-1889
-2052
-2403
-2769
-2940
-2858
-2753
-2738
-2794
-2848
-2858
-2766
-2498
-2190
-2090
-2246
-2410
-2418
-2406
-2595
-2886
-2944
-2782
-2701
-2863
-3029
-2950
-2790
-2836
-3101
-3269
-3227
-3116
-3028
-2930
-2894
-3092
-3473
-3678
-3430
-2945
-2471
-2111
-1867
-1755
-1737
-1486
-741
186
732
708
569
792
1454
2368
3302
4222
4950
5374
5541
5734
6194
6870
7557
7996
8035
7684
7207
6982
7160
7521
7652
7287
6574
5816
5226
4796
4513
4274
3864
3135
2144
1201
548
171
-144
-532
-1001
-1514
-2001
-2393
-2588
-2529
-2404
-2466
-2835
-3320
-3592
-3481
-3045
-2446
-1885
-1549
-1451
-1375
-1034
-504
-53
115
187
396
699
935
1079
1294
1593
1831
1865
1757
1615
1508
1502
1630
1833
1884
1621
1143
796
762
823
720
423
133
-79
-268
-469
-591
-648
-807
-1087
-1382
-1605
-1910
-2333
-2646
-2582
-2226
-1962
-2011
-2209
-2333
-2319
-2241
-2224
-2298
-2490
-2712
-2787
-2641
-2442
-2418
-2545
-2595
-2484
-2307
-2253
-2348
-2493
-2614
-2652
-2585
-2419
-2333
-2459
-2723
-2908
-2920
-2845
-2831
-2873
-2939
-3033
-3069
-2973
-2850
-2924
-3236
-3518
-3502
-3314
-3209
-3163
-2880
-2259
-1539
-1076
-917
-747
-311
373
1052
1549
1864
2151
2591
3261
4054
4770
5247
5555
5916
6387
6867
7235
7504
7733
7827
7798
7680
7554
7424
7194
6815
6315
5811
5291
4780
4275
3803
3351
2758
1938
939
-16
-682
-1065
-1336
-1676
-2146
-2671
-3094
-3268
-3233
-3105
-3065
-3123
-3207
-3223
-3133
-2921
-2575
-2215
-1941
-1808
-1687
-1331
-725
-145
61
-40
54
650
1434
1860
1879
1865
2055
2160
1984
1759
1790
2020
2111
1976
1756
1552
1278
992
889
926
772
256
-305
-493
-347
-252
-439
-758
-1030
-1333
-1665
-1809
-1640
-1404
-1431
-1720
-1979
-2091
-2163
-2257
-2250
-2143
-2169
-2407
-2673
-2735
-2625
-2463
-2305
-2175
-2168
-2242
-2231
-2064
-1940
-2047
-2269
-2375
-2383
-2484
-2648
-2717
-2652
-2635
-2729
-2807
-2810
-2876
-3103
-3218
-2993
-2633
-2649
-3099
-3460
-3416
-3136
-2987
-2972
-2889
-2745
-2616
-2417
-2015
-1570
-1298
-1137
-851
-395
-1
278
704
1381
2101
2678
3244
3922
4548
4951
5308
5966
6817
7410
7491
7338
7323
7452
7510
7459
7412
7323
7074
6698
6371
6059
5600
4967
4387
3961
3477
2710
1806
1027
468
4
-487
-992
-1512
-2039
-2537
-2883
-3075
-3185
-3314
-3431
-3530
-3639
-3676
-3569
-3278
-2940
-2657
-2370
-1955
-1416
-936
-690
-587
-395
47
661
1188
1387
1233
993
1029
1479
2015
2239
2101
1886
1809
1806
1762
1657
1575
1483
1298
1028
754
566
404
231
65
-125
-395
-794
-1250
-1534
-1536
-1422
-1437
-1651
-1930
-2141
-2271
-2328
-2244
-2068
-1930
-1912
-1901
-1821
-1792
-1920
-2119
-2155
-2001
-1840
-1799
-1837
-1855
-1879
-1981
-2020
-1833
-1511
-1415
-1725
-2187
-2404
-2311
-2137
-2019
-1977
-2085
-2389
-2659
-2607
-2310
-2207
-2493
-2914
-3150
-3272
-3427
-3470
-3207
-2835
-2778
-3026
-3205
-3028
-2677
-2321
-1905
-1360
-873
-637
-475
-85
578
1205
1613
1956
2383
2851
3340
4012
4936
5786
6196
6242
6372
6767
7240
7554
7677
7655
7430
7114
6959
7080
7158
6852
6209
5516
4915
4302
3624
2975
2394
1733
932
184
-350
-737
-1195
-1763
-2260
-2577
-2801
-3031
-3212
-3254
-3180
-3172
-3279
-3369
-3336
-3191
-2962
-2665
-2308
-2009
-1806
-1557
-1062
-372
143
299
269
416
813
1250
1494
1616
1766
1902
1950
1976
2125
2317
2300
1927
1458
1191
1146
1141
1029
832
567
237
-88
-334
-431
-480
-554
-682
-913
-1211
-1527
-1710
-1704
-1592
-1608
-1862
-2211
-2429
-2398
-2198
-2000
-1896
-1941
-2091
-2204
-2203
-2089
-1973
-1872
-1836
-1878
-1967
-1983
-1827
-1576
-1458
-1575
-1745
-1799
-1760
-1871
-2203
-2529
-2580
-2339
-2090
-2140
-2473
-2807
-2933
-2878
-2744
-2599
-2528
-2674
-3012
-3280
-3248
-3043
-2962
-3004
-2936
-2638
-2374
-2333
-2273
-1816
-1011
-274
39
89
297
844
1575
2310
3060
3738
4276
4620
5009
5634
6391
7111
7628
7854
7730
7407
7224
7404
7766
7864
7488
6866
6286
5853
5468
5090
4692
4166
3497
2723
1949
1190
437
-245
-814
-1319
-1920
-2569
-3082
-3344
-3402
-3427
-3469
-3527
-3694
-3968
-4100
-3855
-3341
-2930
-2822
-2771
-2453
-1951
-1489
-1074
-550
11
312
290
278
645
1230
1581
1564
1469
1565
1785
1931
2010
2109
2168
2025
1740
1567
1615
1712
1622
1325
902
452
-14
-368
-484
-427
-397
-543
-806
-1128
-1429
-1597
-1575
-1481
-1545
-1826
-2130
-2216
-2091
-1956
-1878
-1820
-1749
-1761
-1862
-1905
-1831
-1712
-1662
-1663
-1669
-1729
-1862
-1868
-1634
-1347
-1308
-1511
-1650
-1603
-1584
-1740
-1864
-1778
-1654
-1741
-1967
-2148
-2311
-2615
-2930
-2962
-2752
-2701
-2942
-3158
-3098
-2981
-3147
-3421
-3436
-3156
-2914
-2852
-2733
-2404
-1992
-1677
-1389
-978
-493
1
519
1122
1665
2023
2378
2994
3866
4613
5092
5464
5963
6521
6931
7210
7473
7681
7690
7541
7394
7318
7207
6965
6569
6066
5437
4747
4135
3673
3244
2671
1936
1169
473
-179
-790
-1317
-1748
-2127
-2518
-2915
-3201
-3365
-3469
-3593
-3705
-3669
-3473
-3236
-3079
-3009
-2927
-2731
-2374
-1885
-1374
-965
-659
-297
193
672
881
867
960
1381
1892
2114
2017
1856
1826
1860
1889
1970
2092
2028
1700
1271
1013
997
1017
856
493
67
-267
-444
-478
-509
-705
-1037
-1366
-1566
-1698
-1817
-1883
-1827
-1749
-1822
-2088
-2374
-2494
-2389
-2124
-1860
-1697
-1729
-1877
-1982
-1877
-1609
-1397
-1397
-1569
-1736
-1795
-1748
-1650
-1532
-1488
-1590
-1812
-2022
-2043
-1885
-1754
-1795
-1991
-2241
-2443
-2522
-2463
-2327
-2309
-2481
-2714
-2835
-2845
-2888
-2986
-2996
-2861
-2746
-2772
-2869
-2786
-2482
-2137
-1865
-1559
-1122
-661
-272
107
603
1194
1785
2328
2926
3530
4044
4461
4861
5358
5909
6429
6829
7109
7275
7352
7368
7340
7274
7144
6965
6745
6450
5998
5390
4745
4206
3774
3307
2665
1827
966
235
-341
-838
-1333
-1830
-2310
-2722
-3031
-3247
-3408
-3556
-3657
-3630
-3518
-3430
-3398
-3329
-3097
-2757
-2455
-2203
-1889
-1516
-1127
-689
-210
145
174
10
157
846
1664
2002
1778
1482
1495
1728
1949
2119
2229
2165
1883
1580
1461
1439
1280
999
769
581
293
-82
-339
-343
-262
-370
-691
-1100
-1421
-1570
-1542
-1408
-1383
-1633
-2073
-2352
-2276
-1991
-1776
-1732
-1783
-1814
-1789
-1766
-1773
-1800
-1793
-1712
-1618
-1598
-1628
-1606
-1483
-1312
-1195
-1172
-1268
-1473
-1658
-1650
-1435
-1263
-1390
-1811
-2237
-2433
-2418
-2302
-2204
-2252
-2526
-2927
-3211
-3183
-2918
-2677
-2655
-2872
-3227
-3511
-3496
-3120
-2612
-2260
-2115
-1998
-1679
-1191
-670
-158
296
708
1121
1670
2420
3206
3848
4278
4680
5204
5802
6397
6952
7436
7762
7837
7721
7569
7492
7463
7392
7232
6899
6315
5592
4970
4496
4041
3477
2822
2187
1584
933
229
-448
-1048
-1617
-2171
-2646
-2972
-3214
-3471
-3692
-3767
-3689
-3622
-3633
-3656
-3566
-3347
-3078
-2804
-2533
-2260
-1927
-1492
-1059
-743
-560
-298
189
779
1175
1277
1285
1384
1548
1666
1764
1838
1839
1738
1643
1654
1701
1634
1419
1246
1213
1174
924
516
188
58
-6
-212
-572
-942
-1154
-1163
-1074
-1093
-1319
-1640
-1901
-1989
-1931
-1849
-1815
-1886
-1989
-2041
-2002
-1892
-1806
-1734
-1618
-1425
-1296
-1352
-1514
-1564
-1454
-1345
-1333
-1354
-1370
-1447
-1556
-1594
-1486
-1388
-1425
-1558
-1619
-1630
-1776
-2033
-2231
-2244
-2282
-2556
-2908
-2956
-2740
-2690
-3006
-3419
-3492
-3286
-3149
-3217
-3285
-3094
-2719
-2405
-2229
-2053
-1732
-1266
-669
5
634
1119
1499
1961
2582
3299
3989
4586
5113
5568
5978
6371
6781
7194
7518
7668
7687
7659
7594
7449
7219
6939
6572
6076
5479
4881
4324
3790
3240
2597
1856
1091
379
-218
-740
-1246
-1795
-2358
-2809
-3095
-3271
-3394
-3470
-3518
-3592
-3725
-3774
-3666
-3427
-3120
-2810
-2516
-2319
-2175
-1947
-1477
-917
-620
-595
-406
255
1006
1274
1103
1074
1441
1852
1947
1905
2061
2305
2257
1905
1663
1706
1802
1675
1467
1330
1119
733
351
244
256
46
-351
-610
-656
-793
-1131
-1362
-1281
-1173
-1418
-1905
-2176
-2055
-1852
-1826
-1938
-2036
-2065
-2064
-1998
-1881
-1805
-1808
-1790
-1689
-1608
-1618
-1603
-1443
-1257
-1263
-1456
-1640
-1704
-1651
-1550
-1440
-1485
-1707
-1946
-1973
-1870
-1919
-2133
-2281
-2206
-2208
-2551
-2992
-3072
-2788
-2540
-2592
-2824
-3059
-3243
-3339
-3197
-2741
-2279
-2177
-2405
-2470
-1957
-944
-27
207
-192
-381
491
2231
3655
3841
3211
2993
3810
5150
6197
6735
7022
7094
6865
6533
6548
7080
7737
7959
7561
6756
5907
5385
5262
5300
5072
4362
3424
2602
1965
1399
908
586
270
-354
-1354
-2370
-2903
-2842
-2540
-2464
-2784
-3318
-3758
-3857
-3589
-3177
-2896
-2854
-2927
-2896
-2656
-2245
-1772
-1343
-991
-734
-566
-437
-206
185
633
981
1170
1251
1192
1081
1138
1526
2071
2299
1952
1307
943
1153
1666
1989
1758
1036
313
25
244
537
436
-101
-655
-904
-957
-1051
-1156
-1101
-975
-1105
-1600
-2078
-2141
-1837
-1561
-1524
-1615
-1666
-1663
-1678
-1685
-1618
-1517
-1432
-1433
-1515
-1599
-1593
-1432
-1199
-1110
-1286
-1542
-1570
-1358
-1219
-1347
-1603
-1645
-1498
-1532
-1917
-2262
-2153
-1794
-1773
-2340
-3017
-3221
-2954
-2685
-2728
-2986
-3216
-3385
-3501
-3530
-3390
-3178
-3016
-2851
-2591
-2317
-2180
-2059
-1681
-920
-113
339
422
580
1164
2082
2987
3686
4172
4519
4806
5213
5928
6798
7413
7466
7172
7012
7294
7732
7854
7502
6933
6511
6295
6078
5584
4829
4063
3503
3038
2419
1628
869
321
-72
-542
-1185
-1860
-2386
-2727
-2929
-3063
-3193
-3356
-3536
-3625
-3634
-3625
-3555
-3300
-2917
-2655
-2672
-2629
-2124
-1330
-911
-1120
-1341
-867
119
765
734
485
598
1036
1391
1520
1602
1687
1687
1590
1507
1540
1541
1388
1215
1164
1145
933
522
196
171
300
238
-107
-556
-888
-1059
-1073
-1014
-1041
-1249
-1575
-1806
-1832
-1742
-1697
-1741
-1799
-1827
-1883
-1951
-1968
-1834
-1577
-1357
-1371
-1625
-1837
-1746
-1360
-986
-932
-1151
-1389
-1426
-1290
-1178
-1186
-1330
-1461
-1485
-1364
-1292
-1476
-1894
-2164
-1975
-1583
-1502
-1974
-2594
-2891
-2741
-2474
-2390
-2543
-2806
-3074
-3230
-3127
-2839
-2518
-2354
-2339
-2292
-2080
-1653
-1112
-628
-318
-116
315
1106
2017
2634
2933
3256
3861
4643
5274
5641
5890
6235
6687
7081
7222
7149
6988
6908
6897
6880
6777
6522
6110
5551
4953
4359
3832
3368
2898
2333
1613
805
81
-455
-825
-1198
-1649
-2132
-2562
-2895
-3157
-3307
-3351
-3332
-3347
-3396
-3394
-3312
-3160
-2903
-2535
-2168
-1958
-1821
-1476
-882
-452
-488
-675
-389
397
1016
1091
926
981
1202
1321
1453
1804
2147
2099
1638
1325
1431
1636
1589
1330
1122
984
755
387
129
57
45
-72
-310
-606
-905
-1166
-1277
-1251
-1260
-1435
-1701
-1799
-1722
-1657
-1756
-1891
-1904
-1774
-1653
-1632
-1690
-1726
-1685
-1611
-1568
-1615
-1684
-1611
-1331
-1073
-1075
-1311
-1502
-1514
-1347
-1144
-1037
-1123
-1441
-1798
-1897
-1657
-1375
-1442
-1893
-2415
-2661
-2572
-2420
-2413
-2535
-2652
-2816
-3104
-3404
-3426
-3071
-2631
-2460
-2546
-2640
-2506
-2137
-1651
-1098
-612
-267
-27
344
933
1690
2390
2945
3433
3938
4455
4917
5420
6019
6647
7028
7087
6991
7035
7262
7471
7419
7093
6641
6237
5948
5652
5206
4544
3816
3187
2725
2223
1566
821
145
-370
-809
-1301
-1866
-2428
-2853
-3054
-3123
-3191
-3338
-3567
-3774
-3826
-3671
-3392
-3151
-2969
-2839
-2666
-2383
-1919
-1356
-971
-952
-1040
-700
70
751
887
713
757
1128
1468
1543
1557
1704
1871
1846
1685
1592
1570
1545
1474
1438
1367
1102
689
377
382
490
354
-109
-601
-817
-771
-724
-802
-1017
-1343
-1636
-1749
-1622
-1504
-1634
-1890
-1986
-1841
-1690
-1748
-1906
-1937
-1744
-1514
-1460
-1602
-1745
-1678
-1407
-1157
-1145
-1311
-1451
-1385
-1239
-1219
-1405
-1593
-1542
-1294
-1172
-1432
-1933
-2251
-2154
-1892
-1841
-2142
-2576
-2904
-3020
-2942
-2734
-2599
-2769
-3167
-3489
-3455
-3123
-2731
-2449
-2304
-2208
-2108
-1856
-1372
-769
-212
206
621
1156
1804
2362
2803
3332
4042
4742
5162
5401
5698
6167
6650
6962
7068
7010
6924
6891
6900
6831
6588
6250
5880
5449
4879
4211
3643
3227
2801
2214
1523
843
250
-325
-898
-1371
-1743
-2054
-2358
-2668
-2990
-3257
-3372
-3278
-3142
-3186
-3369
-3457
-3211
-2704
-2228
-2001
-1939
-1807
-1572
-1324
-1018
-518
62
344
218
97
396
968
1408
1541
1493
1456
1449
1472
1533
1590
1593
1493
1325
1186
1089
930
649
412
367
357
175
-199
-531
-707
-822
-948
-1014
-1078
-1308
-1672
-1930
-1913
-1756
-1697
-1795
-1937
-2051
-2096
-2025
-1830
-1672
-1697
-1871
-1943
-1754
-1523
-1455
-1494
-1433
-1279
-1234
-1336
-1372
-1223
-1090
-1197
-1405
-1486
-1399
-1356
-1498
-1670
-1735
-1766
-1932
-2219
-2461
-2533
-2436
-2334
-2425
-2753
-3124
-3209
-2983
-2668
-2611
-2784
-2918
-2865
-2581
-2156
-1651
-1335
-1216
-1066
-667
29
647
1074
1433
1925
2611
3213
3701
4078
4575
5132
5567
5962
6284
6569
6670
6704
6849
6998
6967
6691
6413
6200
5917
5528
5035
4629
4229
3720
3065
2352
1798
1294
843
322
-217
-770
-1400
-1848
-2071
-2206
-2446
-2830
-3046
-3096
-3060
-3071
-3120
-3044
-2943
-2687
-2499
-2383
-2231
-1955
-1482
-1032
-611
-508
-769
-815
-195
915
1330
865
524
815
1397
1518
1539
1640
1802
1710
1363
1327
1407
1562
1471
1216
986
768
668
360
225
338
235
-111
-696
-973
-927
-933
-1050
-1179
-1223
-1535
-1950
-2137
-2034
-1750
-1723
-1832
-2017
-2228
-2357
-2425
-1976
-1552
-1485
-1761
-2127
-2049
-1880
-1528
-1160
-1082
-1448
-2005
-1984
-1542
-996
-917
-1383
-1763
-1956
-1670
-1447
-1509
-1739
-1985
-2024
-2247
-2384
-2552
-2661
-2597
-2553
-2511
-2765
-3156
-3276
-3017
-2614
-2529
-2563
-2611
-2478
-2077
-1745
-1349
-973
-466
-76
150
492
1100
2058
2798
3214
3509
3788
4285
4955
5672
6160
6431
6691
6767
6778
6775
7023
7305
7204
6845
6417
6170
5819
5416
4983
4440
4011
3511
2945
2249
1499
924
405
12
-423
-834
-1383
-2003
-2333
-2450
-2470
-2707
-2948
-3071
-3092
-2999
-2922
-2809
-2736
-2644
-2311
-1821
-1324
-1265
-1616
-1731
-1099
34
543
179
-324
-94
631
1085
1275
1384
1474
1341
1123
1202
1466
1653
1466
1246
1246
1181
974
648
616
746
689
341
-40
-110
-221
-402
-528
-579
-663
-1025
-1384
-1531
-1390
-1252
-1382
-1551
-1802
-1909
-1970
-1979
-1803
-1621
-1577
-1851
-2025
-2025
-1970
-1820
-1571
-1301
-1474
-1911
-1973
-1535
-1155
-1438
-1800
-1728
-1387
-1190
-1404
-1612
-1690
-1654
-1694
-1766
-1699
-1789
-2134
-2561
-2580
-2213
-2123
-2442
-2883
-2900
-2728
-2802
-2919
-2939
-2691
-2554
-2544
-2472
-2201
-1751
-1477
-1229
-835
-242
250
450
765
1387
2190
2800
3256
3887
4370
4662
4942
5514
6192
6538
6665
6667
6699
6707
6675
6706
6694
6571
6216
5667
5152
4760
4526
4063
3447
2780
2090
1476
902
564
134
-486
-1156
-1603
-1788
-2145
-2629
-2896
-2821
-2646
-2837
-3265
-3544
-3377
-2931
-2607
-2444
-2407
-2259
-2032
-1670
-1293
-1134
-1068
-785
-174
289
294
250
517
966
1163
1174
1363
1612
1715
1467
1231
1250
1481
1636
1499
1240
942
700
564
594
665
474
-35
-450
-562
-529
-655
-866
-955
-1024
-1267
-1592
-1724
-1667
-1602
-1693
-1853
-2002
-2054
-2004
-1934
-1861
-1777
-1720
-1725
-1782
-1793
-1752
-1656
-1474
-1304
-1379
-1632
-1696
-1488
-1243
-1206
-1309
-1458
-1581
-1617
-1515
-1418
-1485
-1676
-1836
-1962
-2145
-2333
-2452
-2452
-2428
-2521
-2739
-2904
-2986
-3043
-3157
-3179
-2952
-2610
-2435
-2551
-2636
-2446
-2000
-1381
-731
-242
-64
11
388
1141
2035
2710
3185
3565
3986
4462
4911
5451
6070
6646
6850
6746
6701
6880
7099
7114
6992
6797
6522
6154
5713
5294
4825
4309
3809
3353
2846
2134
1341
663
291
38
-424
-1126
-1815
-2213
-2330
-2435
-2752
-3189
-3417
-3374
-3217
-3164
-3248
-3176
-2968
-2747
-2639
-2526
-2187
-1629
-1078
-915
-1156
-1311
-835
141
776
729
509
652
1003
1150
1259
1553
1885
1841
1504
1299
1368
1508
1450
1322
1249
1095
739
363
330
516
460
23
-479
-653
-704
-824
-979
-987
-988
-1297
-1727
-1867
-1612
-1428
-1594
-1868
-1939
-1833
-1847
-1932
-1812
-1558
-1438
-1675
-1914
-1843
-1590
-1381
-1311
-1238
-1298
-1531
-1735
-1661
-1365
-1212
-1289
-1455
-1608
-1720
-1819
-1817
-1756
-1717
-1798
-2063
-2393
-2653
-2684
-2617
-2560
-2614
-2762
-2959
-3220
-3301
-3109
-2798
-2608
-2615
-2573
-2359
-2052
-1792
-1486
-966
-364
135
425
754
1275
1889
2505
3126
3801
4370
4703
4951
5335
5928
6492
6831
6912
6852
6824
6808
6822
6773
6643
6390
5974
5472
4975
4508
4036
3554
3052
2446
1733
1053
523
119
-337
-831
-1335
-1793
-2244
-2581
-2702
-2749
-2872
-3118
-3279
-3268
-3186
-3111
-2949
-2625
-2294
-2157
-2139
-2012
-1596
-1014
-472
-221
-318
-434
-143
562
1099
1179
1062
1152
1368
1391
1355
1568
1905
1972
1657
1308
1172
1252
1331
1276
1110
805
464
177
53
63
21
-217
-562
-806
-943
-1077
-1200
-1252
-1232
-1372
-1657
-1850
-1842
-1742
-1736
-1781
-1815
-1835
-1924
-1975
-1841
-1564
-1442
-1600
-1796
-1783
-1586
-1398
-1305
-1258
-1286
-1437
-1531
-1475
-1311
-1234
-1236
-1301
-1438
-1615
-1694
-1628
-1614
-1763
-1974
-2080
-2124
-2225
-2466
-2702
-2775
-2640
-2505
-2601
-2929
-3190
-3119
-2760
-2436
-2348
-2344
-2203
-1901
-1589
-1279
-871
-301
253
665
1014
1474
2010
2554
3145
3814
4463
4887
5118
5362
5772
6249
6600
6765
6825
6834
6776
6591
6391
6261
6110
5754
5239
4760
4285
3697
3039
2557
2237
1802
1054
248
-319
-663
-993
-1396
-1805
-2198
-2603
-2954
-3089
-3020
-2949
-3078
-3265
-3263
-3088
-2893
-2690
-2399
-2048
-1847
-1802
-1676
-1245
-686
-383
-313
-164
203
545
650
688
996
1449
1596
1371
1203
1398
1702
1730
1588
1504
1461
1281
1033
969
1012
863
508
266
242
182
-132
-501
-652
-616
-697
-929
-1094
-1157
-1293
-1514
-1635
-1573
-1533
-1672
-1803
-1784
-1675
-1738
-1882
-1880
-1666
-1504
-1594
-1762
-1776
-1568
-1390
-1370
-1443
-1476
-1461
-1408
-1326
-1283
-1385
-1524
-1543
-1421
-1353
-1442
-1527
-1587
-1755
-2073
-2231
-2030
-1808
-1966
-2395
-2731
-2793
-2738
-2680
-2591
-2521
-2638
-2880
-2953
-2746
-2365
-2043
-1796
-1563
-1364
-1192
-895
-358
321
895
1308
1753
2294
2793
3206
3700
4380
5052
5446
5643
5893
6266
6582
6708
6735
6804
6853
6746
6483
6178
5863
5486
5098
4788
4446
3839
3043
2385
2000
1621
1048
411
-88
-550
-1093
-1584
-1849
-2002
-2328
-2762
-3027
-3002
-2930
-2965
-3027
-3009
-2955
-2938
-2793
-2395
-1947
-1732
-1789
-1788
-1488
-1026
-628
-370
-171
-41
41
126
369
746
1049
1125
1035
954
942
1007
1094
1211
1248
1064
749
536
532
578
451
233
71
-46
-230
-457
-550
-540
-590
-799
-1035
-1156
-1179
-1187
-1245
-1322
-1424
-1527
-1576
-1556
-1487
-1429
-1444
-1547
-1625
-1559
-1368
-1218
-1234
-1322
-1319
-1225
-1151
-1158
-1181
-1167
-1135
-1098
-1100
-1159
-1273
-1334
-1293
-1255
-1297
-1418
-1561
-1688
-1786
-1869
-1947
-2043
-2193
-2355
-2492
-2608
-2712
-2797
-2819
-2836
-2855
-2871
-2852
-2763
-2640
-2453
-2234
-1957
-1645
-1362
-1046
-603
-60
452
857
1228
1735
2396
3049
3597
4030
4395
4779
5218
5723
6174
6440
6504
6476
6522
6654
6726
6612
6373
6078
5723
5328
4933
4555
4148
3651
3107
2567
2043
1476
925
431
-24
-466
-888
-1214
-1523
-1922
-2349
-2565
-2505
-2414
-2535
-2797
-2882
-2696
-2452
-2348
-2281
-2059
-1753
-1545
-1482
-1412
-1184
-809
-417
-174
-90
-44
69
260
503
769
939
911
791
762
890
1043
1068
958
804
675
551
490
470
400
239
47
-82
-173
-290
-462
-594
-658
-708
-807
-995
-1161
-1206
-1131
-1093
-1211
-1398
-1520
-1481
-1320
-1179
-1205
-1365
-1474
-1383
-1148
-994
-1062
-1204
-1205
-1077
-966
-920
-871
-874
-943
-1032
-1048
-1016
-1009
-1018
-1034
-1109
-1301
-1477
-1519
-1491
-1633
-1934
-2086
-2012
-2047
-2462
-2933
-2966
-2647
-2500
-2821
-3288
-3459
-3315
-3036
-2784
-2611
-2572
-2622
-2547
-2159
-1609
-1136
-743
-356
53
431
820
1398
2174
2922
3378
3616
3959
4507
5067
5480
5878
6281
6494
6431
6341
6457
6627
6626
6403
6148
5885
5436
4921
4557
4325
3963
3315
2623
2075
1587
1058
567
197
-177
-697
-1294
-1735
-1933
-2031
-2202
-2483
-2752
-2864
-2811
-2699
-2658
-2712
-2752
-2605
-2262
-1860
-1652
-1739
-1831
-1568
-910
-371
-301
-487
-466
-98
287
509
644
770
838
790
744
797
966
1090
1048
920
778
673
574
501
477
460
344
85
-169
-264
-269
-351
-503
-613
-717
-878
-1038
-1089
-1054
-1093
-1189
-1262
-1237
-1211
-1248
-1259
-1222
-1168
-1166
-1172
-1112
-1021
-953
-920
-925
-961
-998
-931
-798
-706
-767
-944
-1074
-1087
-981
-921
-999
-1184
-1394
-1545
-1590
-1600
-1699
-1915
-2118
-2223
-2306
-2465
-2697
-2848
-2872
-2850
-2911
-3050
-3129
-3088
-3002
-2912
-2810
-2655
-2404
-2073
-1772
-1571
-1379
-983
-307
390
790
923
1229
1919
2767
3382
3687
4008
4450
4948
5394
5742
6026
6197
6314
6431
6535
6528
6365
6158
6019
5875
5544
5041
4539
4146
3758
3278
2739
2239
1718
1117
504
-7
-364
-668
-1021
-1462
-1916
-2298
-2527
-2572
-2525
-2575
-2756
-2943
-2954
-2782
-2572
-2421
-2281
-2054
-1780
-1584
-1539
-1467
-1147
-598
-149
-27
-121
-120
114
409
649
863
1029
987
759
595
729
1020
1153
990
687
447
355
351
341
300
162
-60
-278
-440
-540
-605
-662
-706
-819
-1005
-1182
-1214
-1099
-1002
-1082
-1287
-1393
-1296
-1123
-1085
-1134
-1187
-1192
-1165
-1078
-963
-937
-1010
-1084
-1037
-924
-911
-990
-1003
-937
-937
-1062
-1196
-1223
-1154
-1138
-1246
-1442
-1603
-1675
-1720
-1783
-1897
-2060
-2259
-2428
-2500
-2536
-2628
-2762
-2836
-2825
-2866
-2979
-3033
-2880
-2613
-2431
-2370
-2304
-2091
-1736
-1303
-877
-493
-153
194
647
1207
1797
2351
2830
3262
3694
4153
4607
5056
5455
5763
5983
6165
6335
6427
6406
6297
6197
6135
6001
5674
5205
4731
4368
4047
3681
3178
2555
1910
1364
991
605
124
-440
-926
-1273
-1543
-1801
-2095
-2400
-2650
-2764
-2745
-2678
-2654
-2702
-2744
-2699
-2538
-2267
-1939
-1609
-1407
-1385
-1416
-1218
-689
-83
209
116
-9
133
488
793
969
1087
1146
1113
1014
939
959
1049
1155
1130
943
645
396
300
311
326
224
-26
-334
-579
-701
-718
-729
-787
-934
-1126
-1349
-1483
-1457
-1334
-1249
-1349
-1555
-1705
-1660
-1462
-1305
-1336
-1463
-1529
-1456
-1315
-1200
-1170
-1196
-1244
-1232
-1111
-993
-999
-1141
-1257
-1227
-1110
-1050
-1130
-1336
-1534
-1620
-1583
-1545
-1627
-1855
-2115
-2286
-2346
-2351
-2400
-2508
-2661
-2778
-2850
-2894
-2864
-2727
-2584
-2499
-2446
-2313
-2033
-1712
-1415
-1101
-682
-195
279
673
1036
1466
2034
2696
3320
3796
4070
4305
4686
5243
5775
6067
6133
6121
6165
6221
6261
6250
6140
5908
5573
5220
4868
4500
4065
3600
3165
2745
2259
1654
1039
547
194
-110
-512
-992
-1466
-1821
-1987
-2076
-2211
-2448
-2649
-2721
-2655
-2569
-2519
-2460
-2338
-2196
-2096
-1963
-1738
-1385
-1033
-842
-827
-851
-658
-188
298
519
434
316
379
615
895
1103
1201
1106
904
793
861
984
989
886
794
712
536
294
130
121
183
113
-108
-361
-562
-696
-763
-735
-676
-756
-1005
-1268
-1369
-1262
-1118
-1081
-1166
-1325
-1482
-1539
-1420
-1211
-1111
-1205
-1376
-1420
-1373
-1325
-1263
-1154
-1071
-1159
-1325
-1413
-1372
-1347
-1377
-1357
-1278
-1353
-1681
-1990
-1998
-1779
-1681
-1852
-2137
-2372
-2550
-2655
-2629
-2463
-2370
-2534
-2879
-3093
-2988
-2677
-2355
-2199
-2192
-2222
-2128
-1800
-1310
-830
-480
-167
225
629
973
1342
1962
2730
3345
3660
3825
4134
4621
5136
5551
5886
6095
6155
6113
6069
6073
6114
6142
6082
5800
5248
4620
4208
4059
3886
3419
2698
2006
1457
977
503
68
-303
-679
-1163
-1687
-2127
-2418
-2565
-2605
-2607
-2715
-3003
-3306
-3293
-2909
-2451
-2285
-2396
-2471
-2292
-1915
-1480
-1025
-669
-551
-644
-624
-212
409
816
886
840
867
905
932
1097
1444
1689
1525
1106
812
816
963
1040
1009
809
441
46
-157
-68
70
-31
-380
-724
-880
-923
-972
-1015
-1015
-1054
-1217
-1422
-1496
-1392
-1261
-1223
-1234
-1274
-1338
-1419
-1375
-1142
-893
-863
-1084
-1250
-1163
-952
-826
-855
-917
-919
-942
-1044
-1163
-1215
-1189
-1143
-1170
-1298
-1538
-1818
-1988
-1973
-1845
-1841
-2072
-2424
-2693
-2790
-2789
-2692
-2561
-2535
-2759
-3123
-3226
-2882
-2352
-2042
-2051
-2108
-1964
-1628
-1190
-686
-147
316
630
871
1210
1747
2402
3088
3668
4054
4220
4336
4685
5281
5874
6153
6108
5977
5951
5999
6007
5978
5935
5779
5387
4831
4331
4012
3775
3455
2983
2420
1815
1197
696
338
29
-367
-827
-1243
-1632
-1997
-2299
-2417
-2430
-2522
-2705
-2850
-2892
-2890
-2868
-2714
-2387
-2101
-2080
-2230
-2193
-1806
-1243
-819
-664
-679
-690
-528
-140
364
723
798
698
659
801
1048
1270
1397
1417
1347
1203
1056
1006
1049
1105
1049
831
528
265
119
70
35
-91
-341
-670
-907
-989
-1011
-1078
-1245
-1427
-1586
-1624
-1615
-1628
-1674
-1731
-1687
-1630
-1621
-1652
-1611
-1463
-1320
-1255
-1275
-1277
-1201
-1110
-1000
-912
-896
-964
-1032
-1003
-942
-967
-1121
-1258
-1280
-1257
-1347
-1602
-1909
-2088
-2103
-2060
-2120
-2383
-2738
-3017
-3060
-2879
-2667
-2720
-3027
-3266
-3152
-2735
-2353
-2172
-2099
-1951
-1672
-1291
-804
-204
372
792
1086
1418
1937
2617
3310
3890
4299
4549
4769
5081
5539
6018
6324
6405
6322
6203
6117
6055
6022
5954
5739
5294
4713
4204
3860
3573
3179
2660
2099
1552
990
440
34
-247
-551
-965
-1449
-1827
-2070
-2228
-2338
-2433
-2532
-2666
-2756
-2740
-2633
-2528
-2461
-2336
-2116
-1899
-1792
-1723
-1546
-1249
-921
-686
-492
-309
-168
-96
13
329
743
983
900
701
688
917
1192
1315
1286
1174
1029
888
835
924
976
856
629
439
352
257
86
-65
-129
-199
-373
-601
-746
-809
-880
-993
-1064
-1074
-1124
-1236
-1370
-1388
-1334
-1311
-1315
-1292
-1252
-1299
-1396
-1390
-1220
-1059
-1063
-1150
-1188
-1168
-1161
-1156
-1064
-975
-1043
-1277
-1420
-1346
-1261
-1343
-1526
-1602
-1619
-1852
-2220
-2368
-2185
-2065
-2330
-2753
-2968
-2948
-2984
-3086
-3031
-2833
-2800
-3046
-3211
-2943
-2387
-1992
-1879
-1790
-1493
-1018
-489
58
587
1021
1402
1910
2570
3202
3634
3998
4508
5079
5446
5600
5829
6198
6518
6558
6417
6324
6286
6206
5987
5702
5367
4950
4485
4046
3627
3126
2549
2029
1596
1150
585
-3
-439
-772
-1088
-1412
-1687
-1981
-2294
-2526
-2563
-2461
-2433
-2539
-2655
-2604
-2416
-2196
-1995
-1824
-1693
-1591
-1421
-1123
-784
-561
-458
-316
-61
161
248
301
478
746
919
881
715
666
783
971
1055
936
723
529
476
494
502
429
272
64
-132
-234
-237
-232
-333
-491
-632
-709
-758
-786
-797
-784
-828
-938
-1009
-985
-920
-908
-921
-936
-951
-989
-1012
-957
-864
-874
-974
-1031
-996
-962
-1009
-1066
-1077
-1096
-1183
-1274
-1280
-1267
-1383
-1603
-1693
-1590
-1516
-1684
-2025
-2223
-2200
-2140
-2203
-2382
-2564
-2684
-2739
-2755
-2799
-2866
-2867
-2790
-2756
-2814
-2788
-2546
-2220
-2030
-1954
-1769
-1373
-928
-560
-218
246
770
1179
1506
1962
2601
3206
3652
3982
4351
4716
5028
5360
5759
6076
6135
6033
5982
6032
6048
5929
5722
5501
5181
4747
4277
3911
3601
3233
2751
2196
1640
1104
672
343
24
-434
-973
-1362
-1557
-1726
-1995
-2257
-2354
-2379
-2483
-2648
-2679
-2528
-2337
-2247
-2215
-2117
-1963
-1762
-1553
-1341
-1114
-879
-704
-578
-474
-316
-31
291
482
449
345
397
632
854
882
774
684
642
596
555
563
555
446
244
54
-65
-115
-138
-184
-291
-474
-693
-819
-776
-683
-703
-858
-983
-997
-954
-938
-940
-884
-790
-775
-844
-902
-848
-706
-613
-576
-585
-613
-669
-701
-660
-586
-578
-677
-788
-842
-898
-1038
-1164
-1168
-1148
-1295
-1612
-1843
-1842
-1844
-2051
-2323
-2440
-2405
-2499
-2841
-3127
-3113
-2928
-2893
-3041
-3163
-3177
-3169
-3117
-2877
-2480
-2155
-2104
-2104
-1879
-1436
-912
-368
194
644
866
999
1399
2181
3034
3575
3818
3976
4215
4540
4946
5460
5885
6017
5869
5687
5632
5665
5688
5693
5632
5315
4723
4112
3771
3669
3505
3122
2567
1966
1362
828
514
398
248
-161
-754
-1251
-1542
-1678
-1691
-1656
-1730
-2013
-2363
-2478
-2294
-2059
-1970
-1955
-1858
-1768
-1812
-1864
-1644
-1165
-804
-787
-928
-904
-672
-426
-250
-46
154
196
76
5
133
383
537
532
481
425
325
213
234
377
489
373
96
-90
-98
-34
-9
-46
-132
-283
-458
-541
-483
-363
-370
-515
-662
-701
-685
-661
-614
-596
-651
-772
-841
-787
-694
-705
-793
-818
-759
-756
-869
-962
-914
-803
-838
-1005
-1126
-1125
-1099
-1175
-1287
-1350
-1401
-1530
-1704
-1840
-1901
-1952
-2057
-2209
-2391
-2577
-2730
-2768
-2749
-2804
-2978
-3139
-3176
-3140
-3113
-3063
-2887
-2658
-2554
-2531
-2354
-1970
-1502
-1125
-788
-351
110
483
817
1326
2057
2751
3190
3447
3765
4229
4709
5142
5507
5806
5948
5931
5906
5977
6088
6091
5948
5675
5332
4940
4548
4265
3999
3633
3091
2467
1935
1501
1122
726
332
-65
-483
-906
-1263
-1493
-1615
-1715
-1886
-2070
-2195
-2219
-2185
-2124
-2035
-1921
-1777
-1646
-1555
-1482
-1333
-1076
-783
-579
-510
-456
-358
-189
-7
136
239
276
287
261
271
321
350
329
282
231
161
73
-6
-54
-82
-96
-142
-225
-341
-414
-428
-392
-353
-341
-373
-448
-496
-471
-363
-240
-211
-306
-384
-361
-250
-183
-208
-257
-263
-268
-328
-390
-409
-415
-487
-586
-652
-699
-796
-933
-1001
-999
-1072
-1236
-1356
-1340
-1350
-1541
-1790
-1811
-1656
-1676
-1952
-2221
-2188
-2048
-2131
-2381
-2487
-2434
-2434
-2581
-2677
-2575
-2472
-2572
-2747
-2730
-2475
-2174
-2042
-1977
-1918
-1770
-1496
-1057
-513
-126
87
286
667
1195
1726
2218
2704
3185
3517
3711
4013
4484
5001
5355
5522
5606
5645
5622
5603
5713
5847
5780
5423
4972
4627
4400
4162
3853
3483
3021
2456
1868
1406
1109
822
418
-73
-559
-989
-1335
-1542
-1662
-1796
-2060
-2363
-2532
-2534
-2478
-2462
-2425
-2332
-2257
-2233
-2167
-1948
-1657
-1457
-1356
-1210
-956
-743
-634
-515
-272
1
137
140
154
256
383
468
499
491
440
332
256
253
231
134
10
-86
-182
-301
-431
-474
-468
-519
-657
-780
-773
-711
-702
-784
-827
-763
-644
-592
-610
-622
-587
-517
-446
-387
-319
-294
-352
-415
-437
-373
-323
-361
-474
-581
-634
-688
-783
-896
-976
-1062
-1217
-1364
-1433
-1514
-1701
-1935
-2017
-1977
-2014
-2262
-2538
-2598
-2542
-2573
-2740
-2844
-2821
-2808
-2899
-2972
-2863
-2696
-2657
-2690
-2586
-2295
-2012
-1836
-1686
-1437
-1104
-797
-417
81
552
864
1069
1423
1987
2572
2999
3308
3632
3944
4199
4466
4826
5175
5318
5289
5263
5313
5351
5294
5177
5060
4872
4554
4217
3948
3692
3349
2959
2609
2271
1838
1338
958
728
478
89
-335
-647
-842
-1046
-1267
-1410
-1508
-1663
-1863
-1946
-1878
-1801
-1846
-1897
-1832
-1733
-1704
-1649
-1406
-1143
-1079
-1202
-1177
-840
-471
-351
-428
-380
-186
-33
20
91
243
360
324
241
269
350
366
313
287
298
246
95
-35
-51
-16
-57
-178
-278
-332
-403
-482
-490
-421
-417
-522
-627
-626
-547
-504
-505
-517
-497
-493
-525
-523
-462
-397
-393
-441
-489
-522
-534
-528
-515
-539
-648
-785
-862
-887
-926
-1034
-1183
-1273
-1340
-1466
-1666
-1836
-1909
-1960
-2083
-2267
-2432
-2541
-2623
-2718
-2782
-2800
-2823
-2895
-2952
-2939
-2826
-2683
-2560
-2440
-2305
-2131
-1884
-1527
-1135
-781
-512
-200
223
747
1248
1637
2002
2428
2888
3293
3645
3983
4354
4675
4877
5003
5130
5260
5312
5313
5266
5177
5014
4763
4511
4254
3989
3670
3299
2942
2550
2115
1680
1324
1037
705
300
-96
-404
-645
-886
-1113
-1269
-1373
-1507
-1693
-1828
-1827
-1749
-1703
-1705
-1687
-1649
-1612
-1517
-1366
-1192
-1077
-1017
-918
-781
-679
-612
-481
-263
-81
-66
-146
-126
36
188
237
233
242
231
156
89
137
250
276
140
-17
-60
-39
-47
-92
-107
-140
-220
-326
-354
-305
-284
-351
-424
-405
-359
-386
-465
-475
-411
-370
-436
-507
-507
-451
-462
-529
-582
-603
-614
-670
-724
-752
-804
-917
-998
-1021
-1043
-1130
-1268
-1343
-1371
-1444
-1571
-1680
-1726
-1777
-1920
-2073
-2121
-2118
-2184
-2352
-2489
-2504
-2503
-2583
-2669
-2627
-2550
-2564
-2652
-2642
-2423
-2152
-1998
-1916
-1758
-1474
-1169
-866
-495
-44
376
672
967
1385
1928
2456
2871
3233
3580
3880
4145
4475
4874
5176
5289
5264
5256
5319
5322
5239
5142
5028
4789
4391
3970
3688
3491
3201
2752
2268
1849
1454
1033
666
407
168
-193
-639
-952
-1097
-1170
-1308
-1494
-1627
-1710
-1789
-1812
-1745
-1635
-1591
-1625
-1603
-1492
-1350
-1249
-1125
-962
-868
-897
-900
-731
-474
-341
-357
-393
-328
-237
-218
-184
-79
18
-28
-157
-191
-89
-29
-48
-85
-77
-92
-191
-246
-160
-42
-63
-180
-232
-168
-142
-187
-184
-73
-19
-135
-280
-237
-52
9
-113
-233
-198
-141
-215
-312
-304
-254
-311
-480
-588
-574
-585
-696
-778
-809
-889
-1067
-1223
-1223
-1195
-1327
-1558
-1634
-1587
-1642
-1882
-2079
-2038
-1938
-2039
-2294
-2427
-2367
-2319
-2419
-2545
-2523
-2419
-2424
-2485
-2486
-2384
-2225
-2058
-1856
-1672
-1576
-1463
-1176
-723
-333
-110
91
451
898
1262
1570
1949
2452
2865
3093
3260
3542
3931
4271
4501
4640
4684
4659
4671
4764
4871
4799
4571
4324
4148
3945
3660
3382
3189
2977
2568
2059
1670
1501
1319
989
586
253
13
-225
-449
-611
-736
-889
-1079
-1232
-1325
-1374
-1373
-1319
-1279
-1356
-1508
-1547
-1366
-1154
-1107
-1201
-1240
-1117
-999
-964
-942
-821
-667
-642
-695
-705
-581
-441
-363
-323
-300
-287
-304
-273
-175
-72
-60
-107
-119
-78
-64
-85
-95
-54
-10
-56
-146
-212
-190
-158
-174
-234
-297
-350
-385
-417
-449
-476
-508
-530
-556
-598
-675
-709
-680
-643
-676
-775
-866
-878
-814
-780
-845
-959
-1030
-1029
-1023
-1081
-1165
-1233
-1243
-1290
-1431
-1602
-1668
-1620
-1604
-1734
-1965
-2131
-2162
-2127
-2142
-2213
-2305
-2371
-2402
-2387
-2364
-2303
-2202
-2064
-1944
-1874
-1793
-1603
-1251
-874
-592
-422
-192
176
589
954
1292
1650
2037
2371
2641
2923
3242
3571
3843
4055
4174
4259
4333
4423
4511
4507
4397
4248
4137
4031
3828
3547
3310
3133
2896
2543
2155
1873
1697
1455
1128
784
528
318
108
-77
-230
-364
-525
-675
-771
-835
-903
-936
-907
-863
-902
-1007
-1054
-974
-840
-759
-777
-800
-790
-804
-800
-726
-579
-474
-499
-594
-601
-521
-433
-374
-311
-242
-229
-296
-349
-273
-126
-26
-8
-35
-63
-73
-70
-1
96
154
107
9
-38
-33
-15
-26
-48
-40
-81
-227
-346
-376
-348
-354
-442
-559
-641
-702
-765
-833
-859
-866
-929
-1035
-1132
-1165
-1155
-1150
-1176
-1233
-1302
-1365
-1375
-1339
-1327
-1352
-1427
-1478
-1497
-1507
-1510
-1520
-1511
-1525
-1597
-1730
-1804
-1767
-1666
-1613
-1676
-1814
-1912
-1916
-1839
-1715
-1614
-1580
-1600
-1609
-1564
-1431
-1216
-939
-685
-509
-440
-355
-115
285
747
1093
1312
1462
1657
1950
2279
2643
2990
3249
3370
3413
3492
3663
3876
4029
4050
3945
3794
3664
3592
3540
3432
3235
2980
2688
2394
2114
1884
1702
1494
1194
822
503
294
181
53
-136
-365
-578
-729
-798
-812
-814
-849
-939
-1008
-1014
-969
-910
-841
-774
-716
-721
-761
-751
-631
-465
-382
-415
-480
-479
-433
-365
-313
-263
-259
-304
-353
-373
-333
-285
-261
-252
-258
-298
-347
-350
-277
-199
-174
-218
-266
-258
-222
-196
-177
-146
-133
-157
-190
-213
-187
-139
-130
-194
-285
-336
-340
-326
-364
-441
-542
-602
-643
-707
-790
-843
-872
-935
-1050
-1163
-1198
-1196
-1211
-1257
-1305
-1358
-1430
-1483
-1442
-1365
-1332
-1388
-1460
-1434
-1351
-1312
-1316
-1265
-1160
-1106
-1179
-1246
-1163
-994
-919
-946
-940
-860
-820
-822
-781
-624
-480
-481
-531
-475
-292
-151
-90
5
228
430
464
463
663
1028
1276
1335
1386
1606
1856
1978
2058
2246
2534
2680
2634
2595
2744
2950
2992
2917
2866
2903
2844
2672
2546
2557
2544
2322
2033
1860
1776
1628
1390
1182
1085
968
734
446
287
262
208
42
-135
-214
-253
-329
-424
-445
-411
-393
-408
-423
-425
-417
-427
-399
-336
-261
-231
-285
-348
-341
-280
-242
-250
-266
-292
-370
-459
-505
-512
-500
-499
-559
-670
-813
-880
-848
-799
-810
-867
-942
-1009
-1031
-1018
-973
-918
-864
-877
-939
-980
-904
-764
-679
-690
-695
-664
-634
-605
-559
-472
-410
-393
-429
-449
-439
-383
-345
-326
-343
-380
-420
-467
-440
-386
-393
-482
-555
-569
-531
-532
-563
-599
-635
-654
-656
-650
-680
-701
-692
-666
-667
-689
-717
-716
-637
-551
-534
-560
-560
-497
-429
-385
-329
-243
-205
-224
-195
-84
21
51
90
172
254
283
279
339
479
607
625
590
650
781
875
863
893
1037
1151
1126
1065
1137
1311
1389
1346
1299
1341
1448
1458
1428
1420
1462
1467
1419
1378
1384
1391
1319
1226
1220
1251
1175
1043
955
976
993
901
727
672
708
701
597
482
447
427
410
354
300
247
182
111
123
158
122
4
-102
-133
-120
-110
-205
-292
-367
-437
-565
-649
-606
-614
-724
-908
-1003
-1007
-1024
-1084
-1143
-1180
-1215
-1291
-1378
-1381
-1320
-1270
-1290
-1290
-1285
-1264
-1259
-1217
-1040
-824
-805
-1046
-1041
-743
-656
-572
-509
-539
-414
-413
-326
-267
-137
-45
-123
-121
-132
-3
54
65
36
78
48
-18
-16
63
110
23
-65
-107
-60
-119
-108
-126
-116
-141
-187
-243
-286
-221
-176
-220
-274
-251
-279
-286
-304
-222
-181
-169
-191
-187
-149
-155
-112
-22
53
11
25
54
92
140
221
234
246
268
291
334
342
376
401
467
492
534
537
502
531
625
683
654
693
734
731
703
731
835
900
893
860
841
847
874
914
939
935
914
849
830
837
869
871
785
740
721
690
599
545
586
581
457
363
321
276
223
194
174
105
43
-54
-121
-123
-119
-159
-204
-277
-373
-437
-429
-419
-420
-483
-642
-696
-689
-650
-691
-750
-757
-831
-887
-903
-915
-875
-896
-922
-943
-950
-933
-996
-947
-853
-803
-833
-890
-872
-761
-655
-639
-626
-565
-512
-497
-452
-351
-225
-212
-217
-179
-101
-6
14
32
80
152
170
155
226
261
237
266
289
320
336
300
262
271
329
312
288
281
230
209
199
200
184
168
159
101
74
57
20
30
35
45
6
-40
-57
-85
-49
-34
-1
-15
-48
-68
-46
16
42
54
57
76
66
70
108
202
221
202
194
207
263
295
309
323
395
366
297
307
381
456
458
401
372
401
391
366
399
457
439
364
298
304
383
389
354
335
333
300
234
246
300
335
300
224
177
191
191
172
169
211
176
76
2
20
70
46
30
-53
-81
-151
-207
-203
-164
-165
-278
-355
-398
-406
-452
-446
-448
-450
-504
-593
-648
-604
-550
-583
-591
-601
-600
-665
-666
-610
-528
-477
-509
-528
-496
-449
-416
-361
-295
-224
-258
-282
-236
-138
-54
-35
-26
-3
60
77
97
139
203
240
256
266
284
306
299
322
387
440
395
368
338
366
427
443
439
415
398
358
380
418
461
445
413
386
372
382
389
398
411
399
355
327
293
320
314
310
297
257
215
181
177
159
175
160
99
39
23
7
8
-14
-55
-83
-110
-126
-167
-161
-158
-165
-192
-224
-237
-251
-239
-257
-273
-259
-272
-319
-316
-286
-264
-278
-304
-307
-302
-274
-280
-275
-275
-263
-262
-278
-241
-206
-210
-227
-200
-164
-152
-168
-152
-117
-66
-57
-54
-33
-18
0
-1
31
74
85
53
43
77
113
104
87
83
95
83
37
29
56
71
26
-13
-21
-22
-68
-110
-88
-60
-84
-152
-205
-205
-170
-170
-197
-200
-195
-228
-261
-229
-177
-152
-182
-215
-191
-153
-149
-168
-145
-104
-88
-111
-124
-89
-47
-44
-47
-38
-15
-13
-25
-21
6
40
28
15
21
47
48
41
63
89
96
81
76
97
128
135
138
153
174
180
196
208
221
244
253
250
276
303
303
288
282
302
313
323
318
305
284
278
272
268
272
242
206
177
158
160
143
117
97
73
37
-6
-31
-35
-28
-46
-77
-112
-136
-151
-157
-163
-159
-162
-191
-225
-232
-215
-203
-205
-204
-213
-230
-243
-242
-208
-187
-172
-205
-227
-232
-208
-178
-167
-146
-161
-181
-188
-156
-127
-107
-114
-112
-104
-92
-86
-79
-46
-26
-30
-60
-60
-39
-10
-3
-4
-4
-6
-25
-49
-35
4
18
-9
-31
-32
-39
-50
-36
-18
-26
-55
-87
-95
-58
-34
-35
-40
-31
-36
-45
-39
-12
12
22
21
7
15
22
24
32
68
87
75
59
60
85
112
117
120
124
117
96
89
123
159
167
148
125
121
128
139
170
194
200
177
158
163
194
222
238
248
237
229
227
247
272
290
284
278
258
257
267
278
288
285
265
218
202
198
206
205
192
163
137
101
73
85
99
92
55
13
-15
-25
-26
-29
-43
-57
-92
-119
-141
-130
-111
-126
-134
-149
-159
-177
-191
-186
-162
-155
-183
-212
-221
-212
-206
-202
-198
-197
-204
-228
-236
-212
-183
-168
-184
-203
-205
-200
-188
-167
-148
-126
-132
-153
-158
-139
-111
-104
-96
-93
-99
-111
-113
-100
-75
-67
-79
-92
-95
-88
-79
-73
-59
-55
-77
-107
-117
-98
-85
-91
-95
-107
-123
-132
-126
-107
-94
-91
-105
-111
-104
-92
-95
-88
-63
-53
-60
-73
-64
-40
-17
-8
-19
-15
-12
-3
6
33
57
54
56
50
70
81
91
109
118
133
131
137
158
187
206
226
224
230
238
250
271
291
314
305
312
317
327
338
350
363
360
358
334
332
343
346
338
317
295
288
281
269
259
254
242
200
169
153
152
145
126
98
83
62
28
16
9
10
-9
-45
-67
-79
-90
-101
-112
-118
-129
-154
-176
-183
-183
-186
-205
-222
-237
-238
-241
-256
-244
-231
-237
-257
-262
-259
-250
-242
-243
-242
-232
-229
-243
-233
-216
-200
-189
-190
-187
-168
-155
-158
-142
-121
-113
-119
-116
-102
-86
-70
-73
-74
-65
-61
-46
-42
-29
-27
-29
-39
-39
-21
-12
-20
-31
-25
-34
-35
-35
-24
-15
-19
-31
-37
-29
-23
-25
-21
-18
-21
-29
-37
-29
-18
-7
-20
-15
-19
-18
-10
-13
0
8
3
-5
6
22
26
24
32
45
56
51
56
64
66
75
78
73
80
98
101
107
117
132
129
132
137
154
167
161
162
161
173
175
168
181
192
192
184
171
176
184
186
180
171
181
175
168
162
164
167
158
145
129
124
115
108
104
90
86
63
51
47
44
42
20
7
5
-4
-13
-23
-38
-47
-57
-65
-73
-77
-85
-98
-102
-106
-113
-121
-134
-132
-126
-136
-140
-151
-159
-155
-159
-162
-164
-162
-165
-173
-174
-161
-158
-166
-164
-161
-152
-146
-152
-151
-136
-133
-130
-126
-127
-114
-105
-100
-95
-86
-86
-80
-74
-68
-57
-54
-51
-44
-41
-34
-18
-21
-20
-21
-22
-24
-14
1
-7
-13
-13
-3
3
-6
7
19
19
15
9
22
23
29
35
37
44
53
42
41
56
59
61
56
66
67
72
71
74
86
86
89
77
80
79
78
84
71
76
83
80
70
68
81
80
73
57
68
69
63
72
72
72
70
63
49
58
58
54
42
40
49
49
39
37
43
28
34
28
26
26
23
6
3
9
-3
-5
-6
-1
-10
-15
-22
-26
-22
-25
-34
-30
-29
-38
-49
-57
-47
-47
-61
-57
-54
-63
-64
-72
-74
-68
-63
-68
-74
-71
-70
-72
-78
-74
-62
-67
-79
-78
-75
-70
-64
-69
-67
-54
-55
-57
-61
-47
-44
-51
-42
-37
-31
-28
-27
-28
-14
-13
-9
-5
-9
0
-3
-10
4
15
17
11
16
37
33
38
42
47
47
53
50
51
60
52
54
57
68
75
86
82
86
91
91
97
93
96
102
97
90
95
91
88
89
82
76
73
65
66
66
70
63
59
61
61
59
55
63
51
46
50
47
38
25
23
29
25
23
18
8
10
4
-1
-4
-8
-2
0
-6
-13
-11
-12
-23
-26
-27
-31
-28
-33
-38
-32
-28
-41
-45
-35
-39
-39
-51
-51
-53
-56
-60
-69
-69
-73
-64
-70
-71
-68
-74
-77
-70
-73
-81
-82
-85
-93
-82
-85
-81
-75
-82
-75
-85
-77
-73
-70
-74
-60
-48
-54
-48
-62
-52
-51
-44
-38
-35
-38
-38
-28
-28
-20
-16
-6
-3
-10
-2
9
13
17
23
29
22
28
30
35
40
44
52
50
51
56
57
59
69
75
77
82
78
81
88
90
97
90
100
96
98
103
104
108
99
102
98
107
99
95
90
82
85
76
77
74
76
75
74
75
61
63
64
60
47
37
27
20
25
15
16
6
4
2
-10
-15
-18
-24
-25
-31
-45
-41
-47
-45
-53
-64
-56
-56
-63
-76
-91
-87
-95
-97
-101
-98
-97
-105
-101
-106
-108
-111
-111
-114
-113
-109
-107
-101
-91
-101
-103
-98
-96
-95
-89
-88
-78
-69
-69
-65
-66
-51
-62
-54
-58
-62
-59
-61
-44
-43
-45
-35
-22
-25
-11
-2
11
7
2
11
12
21
13
9
13
16
19
33
39
38
41
51
55
53
63
79
77
82
79
82
86
83
92
93
99
93
97
92
96
99
92
106
117
113
121
115
115
123
105
106
101
108
108
101
100
90
94
102
100
92
79
76
76
75
64
58
57
50
63
63
48
49
47
44
47
31
25
28
18
16
13
14
14
-1
-6
-9
-9
-3
-16
-23
-33
-37
-31
-47
-54
-51
-56
-57
-67
-70
-62
-73
-73
-79
-87
-89
-101
-109
-104
-110
-120
-121
-129
-125
-123
-124
-129
-128
-123
-123
-117
-119
-116
-107
-114
-112
-108
-111
-107
-109
-108
-96
-91
-91
-83
-83
-87
-82
-63
-61
-64
-55
-60
-63
-56
-57
-48
-45
-39
-41
-40
-25
-25
-22
-20
-4
-10
-7
-6
-10
4
5
22
18
22
29
29
27
36
44
50
57
53
58
56
63
69
73
66
65
75
73
73
71
69
73
77
73
81
89
87
84
76
81
86
79
73
67
78
73
75
73
69
66
66
75
64
64
72
69
65
64
54
63
57
60
56
44
48
37
29
25
16
17
21
12
5
-1
-5
-9
-11
-17
-20
-22
-13
-22
-23
-21
-34
-38
-48
-47
-49
-41
-48
-57
-47
-46
-51
-57
-66
-64
-60
-60
-61
-60
-71
-72
-74
-86
-86
-90
-83
-85
-81
-82
-79
-89
-100
-94
-95
-85
-80
-80
-87
-79
-80
-86
-95
-89
-85
-81
-75
-66
-69
-76
-66
-66
-65
-61
-63
-59
-45
-45
-38
-33
-31
-36
-35
-29
-26
-10
-3
-9
-2
0
-5
2
3
3
8
12
18
20
16
13
10
20
22
25
27
20
20
29
33
26
36
42
48
46
47
57
63
63
66
66
69
74
81
79
76
78
81
75
70
82
82
83
91
89
81
89
83
80
70
67
80
76
76
79
79
66
72
66
70
63
66
68
63
60
58
57
48
52
50
51
50
59
44
47
31
24
28
17
21
19
16
12
15
16
14
11
12
5
8
-4
-6
-3
-8
-16
-18
-24
-23
-13
-22
-12
-25
-33
-29
-30
-44
-39
-43
-41
-48
-53
-40
-53
-57
-64
-61
-70
-61
-57
-60
-66
-70
-67
-61
-60
-67
-60
-53
-55
-57
-51
-63
-55
-60
-65
-54
-53
-47
-51
-46
-37
-43
-33
-24
-25
-26
-22
-12
-9
-13
-11
-17
-23
-25
-25
-16
-10
-7
-13
0
2
5
20
24
25
22
28
24
27
19
22
24
22
19
26
28
38
46
47
55
64
66
60
66
57
59
50
53
60
59
47
53
50
53
53
46
54
44
58
53
51
44
38
34
29
23
23
21
21
18
19
16
22
25
12
18
19
25
13
9
6
12
6
-8
-11
-13
-19
-22
-11
-15
-10
1
7
11
13
13
9
4
8
-9
-7
-11
-20
-16
-16
-13
-12
-13
-12
-12
-12
-11
-12
-7
-6
-12
-16
-9
-25
-27
-39
-42
-45
-43
-34
-35
-31
-32
-12
-22
-19
-23
-19
-22
-19
-18
-24
-28
-33
-36
-41
-36
-41
-32
-31
-20
-24
-7
0
-11
-1
-1
-7
-6
-10
-12
-21
-23
-28
-37
-22
-24
-6
-5
4
14
19
14
23
18
12
13
2
1
-7
-13
-22
-13
-18
-13
-9
-3
4
9
22
29
35
48
35
31
38
29
26
13
15
10
13
10
10
20
25
42
38
45
55
48
54
46
41
36
26
21
13
20
10
15
13
8
9
15
20
20
22
21
22
22
23
12
6
-2
-5
-12
-13
-13
-10
-4
7
12
29
30
35
46
32
35
25
19
18
11
1
3
-5
-6
9
8
6
7
13
20
28
32
32
34
33
16
0
-5
-16
-18
-26
-27
-16
-18
-3
1
3
14
19
22
23
21
24
13
4
-1
-16
-19
-19
-24
-28
-13
-16
-13
-6
1
9
9
19
9
10
3
6
0
-13
-12
-25
-27
-22
-25
-24
-6
5
13
25
24
28
28
19
6
6
1
-13
-21
-35
-39
-35
-30
-29
-30
-18
-5
-3
-3
-4
-10
-9
-15
-19
-20
-22
-23
-31
-37
-32
-38
-35
-28
-27
-11
-1
4
13
21
16
18
19
22
5
-6
-8
-12
-12
-21
-16
-12
-9
-3
4
1
-3
2
5
3
-1
0
-12
-15
-23
-31
-35
-43
-41
-34
-27
-19
-2
4
15
12
6
10
13
19
7
7
0
-7
-7
-12
-16
-23
-13
-6
-6
1
6
18
14
9
12
3
3
3
3
-9
-16
-19
-17
-16
-13
-11
-11
7
14
24
34
36
32
22
16
8
-9
-19
-22
-29
-37
-35
-27
-25
-14
-13
-6
8
3
12
9
4
6
0
-7
-18
-17
-34
-36
-38
-34
-25
-27
-9
6
10
14
25
20
25
31
20
5
-6
-2
-3
-12
-11
-12
-9
-2
8
19
18
19
19
26
20
21
20
6
-2
-10
-22
-12
-15
-20
-7
-4
3
13
16
24
32
29
36
27
27
21
6
9
3
-4
-6
-8
-10
-13
-11
-4
1
12
19
25
20
22
13
-2
-6
-21
-26
-34
-44
-42
-40
-32
-23
-13
-4
10
11
14
20
16
16
11
1
-20
-26
-32
-39
-33
-25
-19
-14
-7
-4
3
12
13
24
31
20
19
1
-11
-6
-25
-36
-35
-40
-32
-25
-5
-2
2
18
19
28
22
17
11
6
-7
-14
-26
-21
-23
-33
-27
-34
-29
-14
1
8
13
15
23
19
26
19
9
0
-18
-8
-22
-31
-39
-28
-18
-10
5
10
21
19
30
29
24
16
0
-6
-21
-44
-51
-50
-47
-42
-47
-32
-16
-7
9
4
10
12
11
3
-12
-13
-22
-23
-24
-30
-32
-32
-25
-15
-5
12
21
28
35
46
51
38
35
32
16
9
7
-14
-15
0
-4
1
4
15
24
27
34
37
39
29
27
14
12
9
-3
-5
-12
-12
-16
-9
8
12
16
38
40
42
44
36
31
27
16
-2
-7
-15
-24
-29
-24
-21
-18
-12
6
5
7
15
13
18
10
7
-1
-10
-19
-24
-31
-32
-33
-26
-12
-10
4
19
32
36
38
37
23
15
16
-4
-13
-14
-17
-22
-27
-19
-15
-2
-1
7
12
15
17
16
9
5
12
-6
-12
-25
-25
-24
-29
-28
-21
3
8
24
40
48
50
47
47
35
26
21
10
3
-6
-5
-9
-6
1
2
16
20
24
26
26
25
22
21
5
-3
0
-14
-14
-24
-41
-26
-19
-18
-7
10
18
31
39
41
30
26
24
13
8
4
-6
-23
-20
-25
-16
-6
5
15
20
31
35
39
29
25
20
19
12
-1
-9
-22
-29
-27
-34
-22
-13
-8
5
15
26
23
34
34
30
22
14
2
-10
-16
-23
-23
-25
-10
-6
-2
14
26
38
35
26
25
22
14
7
0
-14
-19
-24
-30
-35
-28
-25
-15
-3
8
16
18
19
20
24
9
6
0
-9
-25
-35
-35
-37
-37
-22
-11
-1
13
19
26
22
28
26
14
11
3
-3
-12
-22
-29
-33
-33
-33
-31
-23
-15
-3
5
16
22
21
17
4
-8
-21
-32
-35
-38
-47
-47
-36
-26
-21
-9
4
6
7
14
19
17
1
-3
-14
-22
-26
-38
-38
-39
-37
-26
-16
-10
-3
4
18
27
28
35
35
13
0
-2
-15
-26
-28
-29
-22
-7
-6
2
17
29
36
39
32
23
21
11
-2
-7
-16
-21
-23
-28
-24
-16
-10
-6
-2
7
22
23
22
29
25
22
13
3
-12
-23
-34
-38
-44
-47
-28
-19
-6
10
9
19
23
12
4
-2
-16
-25
-24
-31
-31
-38
-35
-29
-36
-23
-6
-2
9
12
21
28
21
17
10
7
-5
-12
-30
-42
-41
-45
-41
-31
-23
-7
6
10
16
16
19
9
3
-12
-26
-36
-41
-34
-27
-24
-13
-12
-9
3
9
22
26
32
38
44
48
43
28
21
6
-3
-6
-13
-14
-18
-10
-5
10
18
32
34
30
25
17
7
-4
-6
-22
-27
-31
-32
-34
-34
-26
-28
-21
-10
-2
9
8
15
16
15
15
6
-1
-11
-26
-29
-41
-43
-32
-31
-14
-8
2
20
25
18
6
1
-18
-19
-16
-23
-19
-23
-24
-22
-25
-12
-3
0
7
12
27
32
29
22
21
25
16
10
-10
-18
-18
-28
-32
-26
-22
-11
9
18
29
32
35
33
28
6
-2
0
-19
-20
-19
-18
-13
-15
-7
-6
6
10
9
23
19
22
16
20
15
-6
-11
-17
-27
-40
-36
-36
-39
-31
-20
-17
1
10
12
16
14
5
-8
-15
-20
-33
-38
-35
-33
-26
-22
-13
-4
2
12
16
19
27
13
15
17
4
3
0
-4
-18
-18
-18
-33
-35
-31
-19
5
12
29
41
39
32
27
17
2
-3
-16
-25
-24
-20
-25
-16
-16
4
14
16
27
26
29
29
29
22
16
6
5
0
-9
-22
-19
-23
-21
-6
9
19
22
37
39
47
44
33
17
4
-10
-13
-27
-31
-32
-23
-14
-8
6
10
18
19
30
30
28
17
5
4
2
-3
-13
-22
-26
-26
-25
-23
-9
0
20
25
31
44
32
38
33
14
3
-3
-15
-11
-3
-2
-4
-3
4
3
22
28
35
43
50
40
35
38
20
18
6
-7
-10
-17
-16
-19
-8
-2
13
28
37
54
51
55
53
41
21
10
-4
-15
-9
-23
-31
-19
-9
-10
0
13
21
26
23
28
38
40
35
24
14
-11
-22
-38
-41
-36
-48
-43
-29
-8
4
19
31
38
41
32
21
4
-9
-17
-29
-33
-34
-32
-19
-21
-16
0
13
18
34
38
41
38
37
31
17
10
-7
-15
-35
-40
-41
-48
-28
-10
11
26
41
61
56
60
44
25
17
-4
-10
-14
-26
-29
-26
-27
-21
-13
10
19
24
39
52
57
55
48
35
25
10
-1
-19
-23
-37
-48
-34
-26
-16
-1
21
32
40
41
41
31
13
5
-6
-19
-25
-33
-34
-40
-35
-22
-16
-4
13
28
42
46
40
47
42
18
2
-13
-21
-39
-51
-54
-57
-48
-39
-15
-4
24
41
46
56
45
37
25
14
-9
-16
-27
-35
-39
-42
-32
-29
-19
-3
7
13
34
44
51
39
40
31
16
1
-16
-30
-45
-48
-59
-54
-41
-21
-4
25
46
52
63
59
38
22
6
-9
-24
-31
-34
-38
-41
-37
-16
-11
7
19
42
55
56
62
47
39
23
9
-12
-33
-55
-62
-70
-65
-53
-46
-21
-5
16
28
42
46
43
35
12
-5
-25
-41
-47
-57
-60
-56
-40
-26
-16
6
25
42
44
51
57
47
39
21
6
-6
-31
-46
-56
-63
-47
-34
-26
-1
19
37
56
63
63
64
50
25
13
-10
-24
-48
-55
-52
-47
-32
-31
-7
21
42
61
67
66
69
59
43
26
10
-10
-38
-60
-71
-72
-61
-43
-28
2
29
42
58
56
56
49
29
12
-14
-25
-48
-53
-53
-60
-54
-48
-32
-19
8
28
44
56
57
56
45
31
3
-16
-35
-48
-54
-63
-56
-39
-28
-12
11
27
51
53
53
44
23
19
5
-11
-26
-34
-48
-51
-51
-48
-44
-28
0
16
34
41
48
53
50
43
29
15
-10
-37
-54
-59
-66
-60
-51
-38
-6
18
31
54
66
66
63
52
28
2
-10
-25
-38
-43
-44
-45
-38
-29
-17
3
22
41
53
60
63
58
43
20
6
-15
-50
-70
-78
-79
-79
-63
-38
-16
11
32
52
51
50
35
16
-4
-24
-36
-53
-66
-67
-59
-55
-38
-28
-3
13
35
61
64
61
54
40
22
1
-16
-23
-47
-60
-58
-63
-56
-40
-24
1
21
37
45
44
42
35
15
-9
-14
-25
-44
-56
-56
-45
-35
-29
-14
3
22
38
56
62
70
67
58
48
16
4
-16
-37
-46
-50
-44
-39
-18
9
19
40
56
59
64
57
44
26
14
-3
-16
-22
-33
-45
-44
-37
-22
-7
3
20
32
42
53
51
41
28
9
-6
-29
-44
-58
-67
-66
-62
-44
-27
-13
14
38
45
47
41
33
26
3
-10
-34
-55
-55
-55
-48
-41
-32
-19
11
15
37
56
58
57
48
38
20
6
-18
-33
-54
-48
-47
-47
-31
-20
0
9
24
36
40
41
48
35
19
4
-14
-31
-42
-50
-55
-44
