-50
-39
-27
-26
2
-14
-20
-10
5
20
57
88
63
53
52
11
31
61
43
35
33
35
50
15
8
7
-16
-8
10
0
-7
10
-1
32
29
50
28
12
11
3
34
44
50
38
42
51
0
-10
-12
-36
-19
-11
-14
-18
-18
-43
-46
-13
-15
-25
-20
-26
-23
-3
-12
-23
-36
-65
-74
-73
-27
-36
-55
-68
-45
-57
-52
-30
-37
-39
-61
-74
-73
-60
-41
-36
-32
-3
-27
-21
-39
-83
-65
-61
-57
-62
-70
-108
-78
-85
-72
-44
-41
-19
-21
-5
1
-3
-23
-31
-24
-55
-85
-78
-73
-75
-72
-29
-37
-55
-12
-20
-23
-50
-48
-47
-77
-86
-99
-95
-82
-62
-75
-75
-55
-58
-65
-70
-61
-99
-123
-91
-83
-87
-90
-98
-88
-118
-133
-103
-94
-85
-76
-95
-105
-59
-45
-74
-97
-102
-126
-115
-92
-58
-37
-48
-40
-35
-26
-36
-39
-55
-53
-73
-75
-74
-68
-82
-63
-67
-89
-99
-118
-127
-116
-127
-97
-93
-118
-107
-118
-136
-155
-152
-151
-143
-148
-148
-107
-114
-74
-84
-113
-113
-84
-57
-38
-48
-73
-72
-59
-58
-47
-68
-84
-113
-120
-131
-106
-94
-120
-116
-113
-96
-107
-130
-119
-151
-157
-142
-135
-132
-141
-107
-129
-151
-154
-149
-145
-114
-110
-137
-123
-121
-112
-116
-82
-96
-109
-101
-109
-92
-92
-88
-102
-114
-129
-117
-121
-112
-73
-75
-80
-121
-131
-135
-158
-145
-149
-161
-161
-151
-100
-69
-64
-86
-94
-92
-107
-101
-71
-80
-76
-100
-106
-97
-101
-72
-72
-90
-105
-94
-77
-90
-53
-39
-47
-82
-67
-71
-104
-110
-112
-79
-56
-50
-53
-40
-60
-100
-103
-108
-133
-92
-82
-91
-116
-86
-124
-123
-110
-153
-140
-152
-141
-139
-166
-171
-179
-172
-163
-142
-105
-113
-106
-72
-66
-66
-95
-106
-102
-123
-117
-97
-80
-58
-69
-66
-38
-56
-35
-51
-35
-60
-45
-44
-83
-72
-88
-84
-99
-90
-92
-112
-121
-142
-138
-126
-122
-98
-92
-94
-69
-67
-106
-98
-141
-97
-76
-107
-95
-85
-73
-85
-86
-106
-83
-73
-65
-67
-90
-72
-60
-62
-66
-67
-76
-63
-70
-99
-115
-97
-122
-149
-125
-124
-116
-121
-112
-82
-68
-98
-91
-77
-68
-60
-48
-72
-104
-161
-169
-136
-113
-105
-83
-81
-97
-84
-60
-59
-106
-106
-120
-112
-95
-91
-76
-73
-56
-51
-31
-67
-67
-84
-95
-98
-101
-120
-88
-70
-56
-61
-81
-72
-75
-75
-87
-108
-99
-94
-94
-55
-37
-29
-6
-37
-43
-13
-30
-30
-16
-7
-25
-56
-23
-56
-59
-60
-75
-75
-107
-110
-85
-94
-71
-38
-65
-71
-94
-112
-94
-146
-118
-119
-121
-89
-119
-101
-94
-90
-96
-76
-55
-74
-55
-54
-81
-108
-117
-129
-109
-119
-123
-80
-92
-79
-74
-54
-58
-53
-40
-34
-37
-54
-57
-42
-63
-32
-44
-29
-36
-50
-57
-62
-65
-51
-25
-48
-39
-61
-41
-39
-48
-25
-26
-31
-28
-36
-31
-56
-51
-50
-32
-49
-43
-78
-110
-101
-111
-85
-68
-54
-87
-78
-74
-76
-93
-117
-103
-94
-74
-46
-53
-82
-86
-62
-55
-16
-22
-27
-7
9
11
0
20
48
38
43
72
44
20
11
23
14
-5
-39
-33
-13
9
18
16
8
8
23
2
20
8
-26
-31
-31
-38
-63
-50
-45
-44
-39
-26
-23
-20
14
41
49
57
59
25
26
16
-7
-8
-5
-16
-38
-40
-36
-22
-41
-36
-30
-46
-56
-58
-73
-80
-66
-63
-58
-59
-60
-61
-45
-27
-28
-20
14
-1
2
1
10
3
3
33
26
43
37
30
32
1
8
38
26
-3
-11
-1
-37
-13
-23
-28
-6
-1
24
6
33
25
0
8
13
19
46
61
49
30
77
50
34
50
37
55
39
66
77
74
73
74
75
28
27
33
32
9
30
46
47
85
117
109
96
110
114
112
106
112
100
111
93
92
92
76
83
98
91
109
115
125
126
126
130
108
87
124
108
109
144
123
126
106
91
107
91
81
73
85
113
99
88
87
96
124
137
160
169
199
183
163
167
157
151
146
167
164
151
171
156
141
148
118
109
103
137
161
165
161
154
152
126
95
101
124
139
138
140
160
131
155
163
173
164
157
147
134
171
151
166
157
162
208
179
219
215
198
214
184
203
208
196
177
170
189
202
222
222
209
195
207
179
117
133
145
160
153
147
179
168
189
240
227
215
209
218
222
218
194
154
187
183
199
203
237
254
246
295
287
278
292
297
297
287
294
265
278
285
273
295
273
288
252
226
208
194
213
232
227
217
236
216
211
195
217
194
227
251
221
186
213
254
264
250
255
250
234
256
252
292
237
234
241
252
257
229
253
239
239
240
260
251
248
245
245
227
218
210
215
233
219
242
247
265
261
264
264
232
243
246
242
254
248
249
264
234
223
227
222
225
225
236
262
263
256
246
273
275
239
267
246
244
238
237
232
196
211
178
162
210
211
213
196
190
191
204
194
203
190
218
225
181
216
245
199
187
217
227
248
254
244
219
224
233
250
234
257
252
211
224
220
220
226
203
195
238
250
249
223
235
206
214
201
224
212
192
221
185
203
196
192
208
192
192
185
172
174
169
169
127
115
133
116
161
188
196
202
214
175
208
214
202
186
162
168
146
162
181
188
198
241
229
224
228
241
221
213
198
186
168
197
215
204
202
200
172
151
145
116
132
110
118
118
93
92
128
128
119
146
159
169
162
165
165
132
140
126
110
78
88
133
137
145
158
130
127
127
148
182
163
175
147
123
112
91
91
120
95
110
89
84
102
90
84
91
97
93
105
98
121
93
111
121
77
70
49
71
41
72
101
103
110
154
165
150
142
95
119
97
113
128
142
155
110
108
95
95
73
71
79
46
70
32
52
38
49
46
43
46
46
76
55
72
76
67
67
94
83
90
81
79
81
87
101
113
105
72
54
42
82
66
46
55
59
66
85
88
59
52
7
41
60
18
16
50
71
53
73
78
75
42
21
18
-1
17
31
0
-19
-7
-36
-24
-32
-29
-11
-9
18
-8
54
59
52
71
39
27
13
22
27
40
45
47
61
52
54
61
16
5
2
-16
-20
-16
-38
-45
-47
-65
-50
-11
8
16
10
36
19
13
22
-3
29
2
40
25
9
4
-22
-7
-33
-29
-4
-8
-20
-35
-51
-36
-38
-28
-16
-4
-19
20
-19
-27
9
6
7
-11
3
-5
-38
-55
-53
-46
-39
-62
-54
-79
-82
-77
-65
-68
-86
-78
-115
-102
-97
-64
-81
-107
-89
-101
-95
-104
-73
-70
-47
-31
-33
-38
-15
-3
-2
-7
-23
-23
-36
-37
-29
-25
-3
2
-62
-58
-70
-57
-52
-55
-53
-65
-68
-58
-69
-54
-37
-45
-36
-55
-25
-52
-70
-86
-98
-88
-104
-110
-124
-133
-108
-112
-121
-117
-110
-99
-97
-58
-67
-71
-45
-23
-15
6
5
4
-49
-51
-33
-34
-23
-49
-45
-50
-98
-105
-72
-87
-88
-79
-64
-61
-88
-70
-47
-51
-30
-50
-60
-55
-60
-98
-101
-73
-91
-87
-94
-75
-75
-63
-51
-33
-36
-43
-67
-101
-88
-107
-80
-90
-70
-67
-69
-55
-82
-79
-113
-110
-134
-135
-95
-93
-77
-32
-33
-43
-39
-60
-56
-60
-50
-47
-59
-61
-50
-43
-67
-75
-58
-42
-69
-87
-106
-102
-101
-104
-115
-102
-89
-69
-44
-42
-54
-70
-80
-78
-65
-75
-66
-62
-70
-75
-94
-100
-132
-140
-131
-161
-135
-143
-131
-120
-129
-133
-129
-126
-99
-102
-135
-96
-94
-98
-108
-109
-128
-123
-129
-141
-133
-127
-135
-99
-79
-83
-95
-108
-146
-158
-162
-158
-143
-173
-146
-138
-79
-83
-72
-71
-59
-65
-55
-41
-51
-51
-65
-66
-102
-93
-98
-80
-88
-119
-119
-114
-115
-120
-115
-134
-133
-111
-129
-142
-108
-105
-108
-84
-92
-95
-101
-92
-94
-84
-91
-51
-50
-42
-51
-67
-67
-100
-123
-152
-155
-158
-144
-123
-113
-125
-104
-83
-88
-87
-79
-114
-122
-124
-157
-122
-110
-94
-83
-50
-36
-39
-50
-97
-110
-135
-129
-150
-136
-140
-159
-165
-142
-135
-148
-168
-174
-166
-180
-158
-140
-132
-116
-89
-82
-66
-61
-80
-118
-104
-122
-134
-101
-115
-108
-100
-97
-103
-94
-114
-150
-168
-174
-188
-212
-232
-235
-231
-235
-205
-191
-152
-143
-156
-140
-134
-124
-127
-150
-162
-145
-131
-144
-127
-150
-171
-160
-182
-184
-188
-188
-169
-186
-175
-178
-196
-170
-166
-179
-171
-158
-183
-148
-156
-158
-169
-157
-88
-123
-120
-131
-144
-164
-211
-208
-234
-254
-238
-215
-224
-226
-229
-207
-182
-175
-186
-194
-180
-168
-154
-178
-200
-175
-171
-162
-146
-154
-147
-123
-154
-189
-188
-221
-216
-190
-179
-190
-241
-234
-215
-204
-150
-182
-207
-216
-230
-208
-211
-204
-209
-230
-236
-220
-193
-174
-177
-188
-190
-182
-194
-209
-191
-217
-222
-240
-239
-245
-229
-232
-232
-212
-205
-193
-200
-185
-187
-172
-171
-162
-151
-160
-163
-153
-184
-202
-206
-226
-230
-228
-230
-218
-243
-251
-246
-268
-268
-271
-275
-272
-260
-278
-243
-279
-260
-253
-238
-258
-263
-255
-217
-184
-171
-140
-153
-169
-163
-154
-189
-211
-226
-233
-242
-241
-255
-280
-253
-283
-274
-272
-264
-232
-232
-197
-221
-228
-225
-251
-281
-261
-245
-252
-294
-301
-283
-228
-266
-273
-252
-266
-284
-277
-257
-268
-280
-259
-255
-275
-272
-296
-250
-245
-233
-230
-220
-237
-256
-280
-269
-254
-231
-251
-257
-252
-250
-240
-225
-227
-255
-255
-280
-291
-290
-281
-270
-282
-268
-251
-247
-209
-209
-205
-249
-226
-215
-189
-189
-193
-201
-205
-228
-232
-214
-245
-240
-271
-288
-294
-272
-294
-306
-300
-293
-291
-270
-259
-252
-261
-278
-278
-280
-262
-281
-276
-240
-249
-246
-241
-210
-210
-197
-191
-243
-276
-298
-296
-297
-286
-276
-262
-250
-227
-235
-226
-210
-234
-204
-196
-209
-222
-197
-215
-196
-193
-236
-193
-203
-211
-216
-206
-222
-222
-227
-234
-235
-249
-234
-278
-280
-258
-245
-235
-241
-241
-217
-184
-192
-233
-219
-221
-196
-174
-180
-165
-151
-159
-176
-199
-222
-226
-241
-247
-259
-222
-223
-218
-225
-243
-187
-180
-184
-163
-152
-144
-132
-138
-163
-176
-160
-150
-133
-135
-129
-140
-126
-99
-131
-144
-153
-181
-195
-172
-193
-164
-214
-204
-151
-169
-186
-215
-207
-216
-191
-183
-168
-163
-174
-166
-165
-159
-148
-150
-156
-149
-129
-123
-133
-162
-153
-178
-195
-194
-170
-167
-174
-173
-164
-176
-142
-112
-132
-134
-145
-173
-178
-174
-172
-171
-175
-165
-166
-169
-153
-125
-139
-113
-101
-134
-127
-112
-134
-162
-155
-183
-186
-174
-170
-140
-141
-149
-155
-129
-127
-138
-145
-160
-176
-173
-160
-183
-131
-141
-169
-191
-204
-199
-207
-207
-198
-191
-162
-161
-162
-163
-172
-156
-168
-159
-142
-135
-153
-132
-136
-137
-131
-100
-109
-87
-118
-106
-99
-115
-113
-125
-103
-115
-109
-117
-107
-122
-125
-105
-128
-150
-131
-143
-151
-145
-133
-126
-137
-112
-120
-130
-139
-129
-124
-111
-135
-150
-137
-125
-137
-134
-146
-151
-129
-133
-117
-116
-97
-118
-120
-137
-120
-123
-100
-98
-88
-65
-75
-55
-76
-73
-87
-82
-55
-61
-90
-106
-92
-84
-76
-71
-77
-86
-86
-106
-69
-86
-99
-110
-94
-123
-132
-105
-115
-122
-127
-80
-70
-45
-70
-53
-24
-15
-26
-16
-34
-85
-47
-50
-38
-36
-56
-68
-49
-66
-45
-52
-77
-74
-83
-84
-93
-90
-95
-71
-73
-50
-37
-49
-70
-78
-88
-82
-96
-79
-52
-71
-61
-43
-65
-44
-31
-47
-32
-23
-56
-87
-59
-51
-53
-46
-64
-49
-47
-64
-76
-97
-62
-88
-43
-26
-38
-21
-34
-29
3
3
-12
-12
-14
10
-27
-44
-32
-14
-26
-66
-56
-28
-34
-44
-38
-35
-67
-56
-57
-57
-42
-45
-21
-1
13
-7
-42
-50
0
-4
-24
-21
-26
-16
-26
-15
28
-16
-36
-7
-13
-21
7
-2
-8
-21
-33
-35
-31
27
40
30
26
14
9
23
26
-27
-28
-36
-25
-43
-52
-31
-76
-79
-57
-50
-40
-35
-31
-2
-6
2
40
9
22
55
54
43
36
16
17
15
52
38
43
51
12
-5
-20
-34
-27
-47
-29
-2
5
19
16
44
11
14
11
2
12
23
6
-10
3
-31
-40
-21
-11
9
10
15
11
-2
6
-35
-27
-33
-20
12
19
46
39
20
2
-21
2
49
16
31
3
-23
-15
-17
-7
-13
-6
-7
9
-4
7
-5
-18
-8
-28
-45
-71
-39
-34
-18
-11
-53
-38
-26
-29
-21
11
25
1
57
43
49
52
47
46
55
52
55
22
22
-2
-15
14
16
33
17
25
15
22
-5
24
8
6
15
9
5
-3
17
19
41
44
51
35
44
18
-2
-41
-36
-22
-49
-36
-42
-17
-13
16
14
36
30
33
31
34
49
60
92
74
95
84
94
118
101
70
29
-9
-66
-51
-36
-26
-11
-13
-16
-35
-27
-15
-5
-5
-13
0
21
17
41
13
4
19
-2
10
18
4
22
24
19
15
2
7
-22
-10
8
41
31
24
12
9
-18
-10
-5
-11
1
-2
12
5
54
59
35
36
18
2
8
3
4
7
10
-13
-10
10
19
34
-19
-11
8
15
53
39
31
31
21
22
-14
-4
12
-26
-31
-30
-46
-34
-53
-21
-27
11
46
30
50
6
24
0
-4
-24
-7
24
10
-11
-10
-11
1
24
33
-1
-16
21
9
44
33
53
73
45
26
32
20
9
17
10
-8
1
12
22
-15
-27
-15
-17
-29
-24
12
-27
-30
-52
-1
17
15
30
8
-24
-26
-43
-30
-30
-7
-4
-13
-16
-33
2
-7
-4
-15
-16
-32
-14
-18
-15
-44
-44
-20
-43
-30
-24
-18
-48
-28
-47
-54
-28
-45
-50
-47
-64
-65
-83
-74
-62
-66
-64
-83
-74
-78
-85
-88
-79
-62
-46
-85
-80
-72
-60
-71
-61
-64
-68
-56
-89
-54
-84
-128
-132
-142
-145
-128
-109
-85
-71
-77
-57
-61
-73
-68
-89
-77
-71
-87
-68
-91
-75
-49
-43
-45
-29
-14
-11
13
-8
16
-11
-44
-18
-28
-45
-69
-58
-39
-39
-47
-32
-19
-44
-64
-50
-60
-54
-44
-75
-96
-127
-158
-125
-125
-103
-97
-94
-87
-71
-70
-68
-103
-106
-116
-149
-126
-129
-105
-84
-62
-64
-57
-61
-59
-50
-80
-96
-105
-147
-105
-90
-89
-67
-92
-67
-41
-24
-28
-46
-52
-59
-76
-78
-88
-129
-123
-146
-144
-135
-133
-102
-94
-60
-55
-59
-48
-44
-45
-65
-53
-66
-82
-99
-106
-99
-78
-61
-71
-72
-74
-85
-85
-95
-72
-77
-108
-108
-158
-130
-133
-133
-123
-125
-136
-153
-119
-149
-142
-108
-97
-108
-112
-105
-131
-116
-117
-74
-73
-102
-93
-120
-106
-113
-131
-128
-142
-107
-97
-105
-95
-106
-105
-110
-108
-94
-91
-132
-137
-118
-143
-111
-106
-116
-107
-117
-113
-118
-134
-139
-141
-136
-128
-114
-113
-145
-114
-93
-97
-65
-76
-98
-77
-48
-59
-70
-89
-77
-61
-51
-53
-57
-50
-78
-69
-89
-79
-65
-53
-77
-78
-91
-100
-104
-116
-107
-117
-94
-93
-85
-62
-61
-68
-42
-64
-70
-105
-116
-81
-96
-111
-96
-116
-127
-142
-126
-82
-70
-55
-66
-67
-74
-105
-87
-107
-128
-98
-93
-109
-100
-87
-87
-79
-49
-44
-64
-39
-51
-41
-34
-65
-66
-58
-57
-49
-46
-42
-55
-42
-46
-50
-55
-54
-48
-60
-52
-82
-73
-75
-92
-89
-92
-84
-44
-39
-34
-16
-12
-16
-60
-71
-81
-72
-71
-74
-41
-74
-45
-12
4
20
31
15
13
11
10
-10
-39
-36
-48
-32
-39
-50
-33
-43
-35
-31
-66
-26
-15
-29
-51
-58
-41
-61
-65
-74
-74
-86
-79
-48
-57
-55
-52
-41
-13
-60
-52
-26
-29
12
25
43
25
20
12
13
15
17
35
15
10
-1
-29
-49
-82
-97
-103
-81
-59
-45
-29
-65
-35
13
16
41
14
-36
-41
-10
-46
-33
-50
-36
-9
-6
0
-19
-17
-13
-18
-13
-7
-32
-33
-39
-50
-49
-45
10
7
5
31
-7
-37
-19
-11
-14
13
-9
-27
-18
-65
-80
-65
-90
-80
-35
-20
-13
-32
-15
-10
-51
-83
-83
-60
-68
-46
-69
-65
-63
-23
24
35
25
0
-5
-50
-40
-60
-42
-39
-44
1
37
63
49
45
9
7
0
-15
-47
-55
-19
-32
0
24
16
0
6
18
23
25
27
14
3
-7
-30
-25
-16
-43
-34
-22
-36
-21
-30
10
-7
-2
-1
-12
1
-29
-37
-39
-58
-58
-71
-35
32
9
18
20
8
-4
-9
-12
-23
-50
-53
-39
-46
-31
-56
-39
-38
-56
-41
-66
-65
-45
-18
-8
-30
-21
-17
-38
-58
-55
-50
-71
-50
-31
-40
-47
-22
-15
-5
-5
-26
-34
-38
-43
-27
-13
-51
-36
-22
-45
-43
-58
-82
-118
-96
-105
-109
-55
-68
-77
-82
-96
-89
-90
-93
-137
-159
-114
-98
-84
-52
-57
-75
-73
-41
-47
-41
-32
-42
-53
-54
-36
-45
-27
-26
-24
-38
-49
-50
-39
-56
-50
-24
-20
-27
-33
-25
-60
-40
-32
-41
-55
-70
-52
-78
-69
-54
-67
-42
-44
-38
-36
-97
-118
-115
-95
-61
-78
-93
-100
-81
-79
-49
-70
-74
-70
-73
-69
-47
-24
-21
-27
-38
-79
-94
-109
-121
-93
-82
-49
-44
-22
-42
-43
-57
-45
-70
-60
-59
-65
-33
-59
-14
-13
-18
-24
-26
-80
-94
-100
-103
-117
-97
-91
-97
-81
-99
-92
-78
-75
-46
-63
-112
-97
-139
-118
-114
-106
-66
-49
-59
-60
-40
-42
-73
-81
-109
-146
-161
-145
-139
-97
-68
-63
-63
-76
-60
-93
-65
-67
-88
-103
-98
-87
-75
-72
-118
-136
-118
-125
-139
-133
-104
-83
-75
-52
-73
-66
-46
-74
-54
-53
-70
-66
-64
-57
-73
-75
-76
-107
-91
-101
-110
-101
-87
-93
-88
-96
-78
-70
-79
-66
-105
-107
-96
-75
-76
-100
-121
-141
-149
-123
-125
-113
-104
-103
-105
-132
-85
-88
-73
-79
-74
-70
-69
-76
-79
-76
-71
-55
-52
-76
-65
-73
-88
-105
-92
-103
-110
-81
-105
-83
-101
-62
-18
-30
-22
-27
-44
-81
-71
-69
-86
-77
-62
-91
-77
-78
-67
-93
-128
-115
-124
-119
-107
-103
-92
-68
-87
-53
-59
-38
-51
-70
-61
-67
-68
-36
20
-3
-8
19
6
-37
-55
-74
-67
-88
-80
-88
-82
-65
-11
-21
-30
-33
-69
-61
-66
-27
-28
-37
-32
-35
-56
-47
-45
-75
-64
-74
-47
-51
-61
-48
-37
-51
-33
-59
-75
-56
-79
-82
-54
-68
-75
-53
-34
-13
-45
-33
-42
-87
-82
-99
-116
-97
-60
-61
-47
-38
-31
3
-21
-30
-28
-21
-33
-43
-48
-51
-66
-75
-59
-25
-16
3
6
16
-4
-38
-21
-67
-67
-27
-48
-38
-13
-30
-28
-37
-9
2
3
-16
-30
-38
-38
-27
-7
20
1
17
0
-31
-47
-39
-61
-29
-10
-17
4
-4
23
38
23
-3
-17
-13
13
6
6
28
7
20
13
33
44
32
54
59
42
32
24
41
30
34
62
76
78
80
94
74
83
48
35
50
51
35
52
37
48
43
44
46
31
38
44
24
8
2
-19
-32
-22
7
23
20
43
47
71
73
48
56
43
31
48
49
77
86
75
47
69
125
137
170
188
170
139
133
153
159
153
162
173
150
158
177
177
174
161
186
191
199
189
206
191
191
163
157
153
178
178
178
197
177
190
189
198
180
179
194
193
219
227
219
238
213
206
204
189
235
202
188
195
160
132
112
100
117
105
73
71
64
39
43
39
16
-19
-42
-85
-97
-79
-146
-130
-155
-130
-108
-118
-117
-174
-201
-198
-195
-167
-182
-159
-151
-163
-161
-139
-104
-95
-53
-11
-9
6
-15
-55
-73
-53
-33
8
53
95
130
147
152
196
233
266
262
284
311
298
309
328
336
326
335
333
332
327
318
313
317
326
351
366
358
372
333
313
315
297
317
330
333
323
360
400
417
407
433
436
442
390
363
385
372
360
345
326
298
278
248
206
166
130
92
33
-29
-110
-168
-234
-295
-342
-376
-405
-455
-477
-498
-531
-530
-521
-526
-528
-515
-504
-487
-458
-425
-434
-411
-368
-328
-299
-274
-235
-198
-163
-137
-117
-120
-96
-83
-49
-15
3
57
116
107
136
173
196
247
276
275
256
290
328
374
401
445
472
489
521
548
600
581
566
521
482
428
379
361
335
387
374
379
395
411
456
460
455
451
455
430
408
380
349
328
287
302
295
267
295
311
333
307
278
250
187
151
83
32
-56
-125
-195
-269
-288
-327
-384
-422
-441
-481
-522
-559
-599
-629
-622
-668
-663
-706
-727
-714
-678
-652
-613
-543
-518
-470
-462
-429
-383
-350
-331
-279
-254
-218
-133
-68
-9
50
92
119
144
192
196
236
289
300
301
331
373
376
418
445
458
470
529
535
540
572
633
651
657
630
558
513
442
413
398
355
300
266
253
272
285
272
277
310
324
296
273
227
181
152
81
36
16
-21
23
23
68
92
104
115
108
73
60
7
-68
-81
-127
-142
-213
-209
-244
-276
-293
-237
-254
-271
-297
-289
-295
-345
-368
-363
-391
-431
-442
-403
-391
-358
-329
-290
-290
-261
-244
-255
-224
-187
-143
-90
-57
-40
-27
-33
6
15
74
75
60
23
28
66
56
52
48
26
6
-11
-33
-11
8
15
-25
-62
-54
-44
-92
-106
-155
-171
-168
-228
-247
-183
-159
-168
-188
-113
-68
6
59
137
157
170
169
200
220
214
243
276
333
334
370
421
539
575
607
640
731
820
824
859
921
922
945
1012
1088
1154
1220
1291
1359
1378
1479
1540
1615
1636
1643
1688
1680
1660
1653
1710
1754
1740
1742
1791
1813
1811
1767
1696
1640
1562
1463
1291
1162
1027
880
706
549
388
226
109
4
-51
-172
-270
-335
-404
-473
-565
-599
-676
-749
-795
-789
-804
-808
-770
-770
-743
-694
-666
-628
-569
-593
-616
-709
-761
-886
-992
-1158
-1303
-1438
-1568
-1624
-1660
-1715
-1794
-1842
-1926
-1972
-2009
-2066
-2134
-2140
-2193
-2247
-2248
-2221
-2193
-2127
-2064
-1990
-1870
-1703
-1586
-1455
-1300
-1163
-1006
-887
-767
-669
-568
-458
-326
-192
-68
92
178
312
439
541
670
744
855
947
1040
1139
1200
1317
1413
1525
1637
1782
1930
2049
2197
2298
2454
2624
2856
2912
2992
3107
3317
3411
3505
3597
3634
3701
3676
3717
3616
3535
3335
3144
2813
2469
2089
1749
1379
1048
710
326
32
-231
-395
-612
-832
-1030
-1147
-1341
-1484
-1624
-1701
-1801
-1831
-1839
-1840
-1793
-1697
-1572
-1417
-1265
-1111
-937
-745
-531
-365
-201
-86
23
100
111
102
109
91
124
106
123
114
77
55
12
-55
-121
-242
-363
-443
-600
-697
-815
-921
-1076
-1219
-1307
-1445
-1557
-1635
-1673
-1714
-1739
-1772
-1773
-1767
-1700
-1661
-1567
-1489
-1417
-1323
-1288
-1255
-1228
-1241
-1238
-1278
-1280
-1276
-1348
-1346
-1352
-1312
-1319
-1275
-1257
-1221
-1215
-1161
-1138
-1128
-1092
-1071
-1002
-944
-915
-830
-684
-591
-426
-230
-34
158
405
594
778
974
1232
1515
1796
2047
2211
2481
2755
2944
3151
3395
3631
3840
4029
4188
4335
4440
4544
4590
4590
4552
4460
4332
4083
3758
3406
3036
2666
2273
1864
1452
1098
733
359
20
-285
-553
-812
-1034
-1237
-1436
-1585
-1680
-1840
-1990
-2088
-2121
-2109
-2097
-2050
-1959
-1808
-1619
-1439
-1281
-1137
-960
-778
-668
-551
-466
-389
-281
-208
-175
-148
-154
-118
-96
-99
-102
-169
-212
-228
-321
-433
-553
-630
-721
-847
-955
-1040
-1188
-1389
-1600
-1766
-1910
-2083
-2202
-2280
-2302
-2277
-2287
-2239
-2148
-2014
-1902
-1792
-1622
-1539
-1481
-1454
-1413
-1423
-1414
-1411
-1424
-1418
-1405
-1364
-1335
-1257
-1137
-1062
-996
-929
-903
-829
-771
-755
-734
-747
-759
-750
-746
-712
-640
-556
-443
-285
-59
170
384
614
884
1161
1400
1635
1889
2182
2415
2589
2795
3065
3257
3458
3662
3973
4187
4339
4481
4632
4748
4736
4703
4529
4298
3929
3592
3196
2800
2369
1913
1526
1157
777
396
114
-161
-405
-706
-991
-1247
-1503
-1716
-1934
-2117
-2286
-2480
-2558
-2591
-2589
-2571
-2508
-2360
-2169
-2022
-1845
-1622
-1390
-1185
-1063
-937
-844
-752
-658
-569
-522
-455
-384
-296
-182
-139
-118
-113
-78
-46
-72
-131
-169
-248
-379
-519
-653
-824
-1031
-1215
-1431
-1628
-1892
-2091
-2259
-2375
-2492
-2574
-2566
-2556
-2545
-2519
-2397
-2298
-2244
-2218
-2168
-2117
-2088
-2075
-2058
-2042
-1993
-1977
-1928
-1874
-1827
-1698
-1565
-1449
-1317
-1207
-1086
-967
-899
-817
-745
-661
-621
-612
-614
-552
-442
-332
-254
-127
74
263
462
703
949
1185
1468
1736
1987
2248
2475
2749
2969
3195
3406
3628
3863
4077
4245
4390
4556
4719
4788
4816
4735
4613
4329
3985
3689
3291
2837
2365
1908
1501
1090
704
380
110
-148
-450
-759
-1025
-1260
-1493
-1734
-1976
-2236
-2469
-2628
-2758
-2828
-2870
-2880
-2803
-2642
-2524
-2387
-2188
-1957
-1740
-1575
-1414
-1288
-1153
-1051
-964
-882
-817
-722
-623
-506
-415
-380
-311
-224
-94
-91
-70
-54
-54
-52
-120
-233
-308
-447
-600
-782
-979
-1196
-1416
-1565
-1778
-1939
-2132
-2281
-2393
-2464
-2527
-2588
-2607
-2594
-2574
-2584
-2528
-2483
-2453
-2397
-2325
-2282
-2197
-2170
-2122
-2050
-1992
-1952
-1871
-1746
-1633
-1540
-1390
-1210
-1077
-914
-779
-640
-511
-379
-248
-146
-62
5
74
188
280
371
517
654
798
1022
1265
1505
1751
2054
2375
2635
2912
3249
3494
3781
4016
4263
4484
4600
4720
4854
4970
4996
4981
4855
4660
4396
4075
3749
3371
2914
2470
2101
1682
1264
839
501
206
-133
-488
-814
-1062
-1306
-1495
-1777
-2059
-2276
-2475
-2619
-2756
-2871
-2898
-2872
-2805
-2708
-2636
-2495
-2300
-2081
-1904
-1736
-1606
-1425
-1223
-1068
-959
-848
-726
-591
-418
-323
-236
-126
-14
89
160
214
231
250
221
131
8
-104
-237
-358
-518
-687
-869
-1068
-1237
-1384
-1501
-1622
-1721
-1830
-1917
-2027
-2137
-2204
-2301
-2367
-2426
-2467
-2452
-2479
-2459
-2426
-2374
-2302
-2201
-2070
-1963
-1853
-1734
-1618
-1533
-1406
-1302
-1225
-1110
-1048
-960
-862
-794
-691
-623
-529
-435
-279
-135
-1
137
294
441
591
762
878
1064
1219
1375
1526
1696
1910
2173
2448
2735
3035
3350
3651
3909
4240
4470
4692
4863
5044
5214
5307
5329
5294
5193
4953
4730
4435
4111
3695
3268
2894
2494
2058
1618
1260
889
583
280
-59
-394
-719
-1013
-1289
-1622
-1954
-2226
-2459
-2642
-2852
-2982
-3038
-3037
-2950
-2842
-2766
-2626
-2407
-2206
-2029
-1877
-1684
-1508
-1321
-1171
-1053
-907
-779
-628
-456
-328
-185
-21
126
270
385
458
530
581
582
496
386
231
23
-200
-393
-624
-866
-1065
-1231
-1366
-1483
-1620
-1741
-1767
-1820
-1902
-1974
-2021
-2105
-2143
-2206
-2312
-2373
-2430
-2443
-2456
-2390
-2357
-2257
-2082
-1901
-1695
-1484
-1335
-1177
-997
-873
-755
-617
-528
-460
-384
-347
-308
-319
-275
-194
-103
-9
107
275
435
579
713
879
1037
1177
1285
1432
1556
1716
1841
1992
2245
2477
2765
3008
3327
3589
3879
4233
4542
4830
5039
5254
5399
5546
5577
5534
5438
5221
4964
4623
4249
3842
3417
2967
2565
2138
1716
1379
1059
800
485
171
-172
-459
-786
-1089
-1456
-1816
-2149
-2429
-2645
-2860
-2993
-3101
-3087
-3082
-2997
-2906
-2759
-2560
-2336
-2129
-1957
-1757
-1554
-1352
-1218
-1082
-950
-793
-656
-570
-479
-376
-239
-79
46
157
266
318
375
355
259
94
-87
-236
-458
-680
-896
-1120
-1310
-1409
-1506
-1602
-1674
-1729
-1729
-1793
-1841
-1900
-1944
-1990
-2047
-2095
-2170
-2191
-2184
-2187
-2125
-2009
-1894
-1716
-1544
-1356
-1127
-936
-772
-589
-421
-321
-230
-181
-89
-24
26
57
73
162
193
294
370
483
626
745
891
1026
1153
1291
1391
1502
1637
1726
1820
1976
2123
2283
2501
2715
2965
3252
3514
3791
4100
4356
4637
4867
5122
5298
5462
5538
5496
5383
5153
4895
4634
4294
3883
3493
3062
2669
2281
1940
1587
1268
1014
699
397
82
-219
-518
-844
-1194
-1536
-1881
-2173
-2456
-2717
-2874
-3014
-3064
-3039
-3005
-2939
-2817
-2627
-2442
-2230
-2013
-1813
-1646
-1456
-1324
-1219
-1108
-1006
-873
-793
-699
-614
-472
-387
-307
-242
-197
-146
-136
-142
-168
-218
-325
-443
-576
-672
-776
-920
-1027
-1111
-1203
-1323
-1397
-1485
-1549
-1630
-1684
-1743
-1788
-1785
-1805
-1800
-1759
-1694
-1621
-1514
-1408
-1283
-1209
-1111
-1003
-889
-809
-696
-591
-506
-404
-318
-211
-99
-10
103
185
263
349
430
475
554
640
687
741
814
898
958
1060
1157
1247
1381
1491
1619
1768
1912
2073
2274
2452
2614
2830
3032
3309
3542
3746
3989
4263
4557
4789
5043
5195
5314
5383
5356
5259
5074
4836
4530
4157
3790
3433
3053
2720
2317
1899
1544
1163
914
611
320
35
-283
-519
-824
-1160
-1465
-1726
-2022
-2307
-2539
-2763
-2916
-3008
-3026
-2998
-2905
-2783
-2613
-2443
-2271
-2108
-1890
-1715
-1576
-1449
-1358
-1230
-1172
-1066
-1055
-1047
-1000
-956
-886
-844
-789
-718
-659
-589
-559
-502
-492
-502
-542
-621
-693
-805
-932
-1036
-1156
-1284
-1383
-1483
-1527
-1554
-1566
-1569
-1526
-1493
-1447
-1360
-1290
-1195
-1141
-1066
-995
-933
-888
-853
-784
-721
-640
-529
-446
-343
-218
-117
-16
109
229
369
444
545
629
715
810
860
862
894
936
970
1036
1085
1166
1227
1327
1394
1534
1647
1754
1889
2037
2186
2340
2521
2713
2949
3194
3444
3633
3881
4127
4379
4597
4763
4975
5086
5144
5087
4990
4860
4634
4351
4036
3711
3329
2947
2549
2175
1785
1440
1135
866
586
279
4
-269
-520
-776
-1081
-1407
-1697
-1978
-2259
-2489
-2698
-2868
-2968
-2996
-3014
-2973
-2877
-2728
-2569
-2390
-2215
-2027
-1880
-1758
-1628
-1561
-1492
-1433
-1400
-1354
-1319
-1276
-1249
-1217
-1211
-1165
-1040
-956
-836
-735
-664
-615
-615
-665
-739
-796
-886
-1001
-1103
-1206
-1296
-1348
-1418
-1429
-1436
-1403
-1353
-1306
-1268
-1189
-1145
-1075
-996
-972
-924
-870
-833
-823
-794
-723
-673
-600
-502
-438
-309
-200
-115
-5
151
232
334
457
549
620
658
748
831
901
929
936
999
1050
1150
1246
1309
1447
1557
1659
1801
1951
2099
2280
2455
2635
2815
3012
3230
3461
3702
3907
4123
4324
4541
4697
4797
4891
4886
4843
4678
4495
4289
3971
3635
3275
2913
2547
2191
1808
1480
1167
899
608
340
81
-182
-450
-747
-1010
-1306
-1612
-1910
-2194
-2481
-2715
-2880
-2999
-3025
-3086
-3056
-3029
-2902
-2751
-2633
-2453
-2334
-2183
-2078
-1944
-1894
-1831
-1793
-1768
-1747
-1710
-1657
-1631
-1568
-1520
-1427
-1301
-1175
-1072
-951
-883
-830
-819
-811
-835
-893
-933
-1006
-1104
-1180
-1246
-1282
-1327
-1327
-1332
-1290
-1226
-1155
-1127
-1123
-1053
-1013
-970
-957
-938
-961
-938
-917
-881
-877
-806
-746
-667
-581
-498
-377
-265
-127
-7
80
203
266
322
386
424
531
600
698
735
828
947
1040
1114
1225
1283
1395
1485
1606
1776
1928
2124
2296
2510
2748
3015
3176
3393
3609
3819
4027
4228
4435
4522
4625
4713
4721
4641
4456
4219
3988
3732
3407
3083
2714
2373
2028
1682
1379
1064
759
455
177
-102
-356
-575
-838
-1153
-1425
-1715
-2009
-2283
-2580
-2811
-2970
-3047
-3137
-3134
-3090
-3030
-2883
-2745
-2589
-2437
-2287
-2149
-2034
-1938
-1907
-1823
-1799
-1785
-1731
-1717
-1658
-1628
-1562
-1457
-1367
-1285
-1174
-1044
-957
-882
-849
-807
-815
-855
-892
-933
-999
-1069
-1130
-1202
-1234
-1293
-1340
-1332
-1301
-1271
-1222
-1169
-1115
-1098
-1051
-1014
-968
-938
-944
-917
-880
-893
-876
-801
-756
-677
-580
-538
-444
-320
-224
-90
21
130
228
308
415
492
591
666
746
824
912
1023
1137
1261
1345
1495
1625
1781
1963
2165
2370
2569
2781
3022
3259
3476
3747
3947
4185
4417
4543
4683
4778
4824
4801
4756
4623
4444
4221
3950
3642
3314
2961
2639
2280
1929
1587
1255
927
662
403
97
-191
-504
-813
-1094
-1362
-1655
-1918
-2162
-2380
-2538
-2731
-2833
-2901
-2986
-3009
-2947
-2865
-2732
-2571
-2430
-2249
-2079
-1931
-1804
-1675
-1579
-1500
-1517
-1481
-1445
-1411
-1381
-1353
-1328
-1258
-1159
-1086
-1002
-968
-890
-827
-832
-772
-745
-774
-778
-863
-932
-1019
-1114
-1204
-1283
-1315
-1343
-1391
-1342
-1337
-1307
-1270
-1226
-1202
-1159
-1096
-1077
-1055
-1046
-1028
-1015
-938
-910
-891
-835
-790
-682
-613
-488
-381
-286
-165
-51
108
192
275
353
441
491
544
612
705
798
923
1090
1244
1414
1549
1719
1895
2111
2311
2523
2745
2967
3159
3336
3582
3795
4020
4241
4454
4651
4806
4856
4871
4837
4698
4526
4234
3935
3627
3265
2880
2507
2159
1790
1454
1140
819
526
231
-12
-253
-523
-801
-1090
-1395
-1702
-1997
-2286
-2591
-2804
-2975
-3066
-3143
-3185
-3105
-2992
-2858
-2694
-2522
-2338
-2144
-1966
-1776
-1650
-1562
-1463
-1427
-1385
-1374
-1376
-1334
-1294
-1236
-1140
-1111
-1030
-935
-888
-822
-759
-716
-704
-686
-695
-705
-789
-872
-987
-1105
-1187
-1304
-1384
-1418
-1462
-1455
-1483
-1491
-1439
-1431
-1363
-1334
-1261
-1261
-1199
-1103
-1077
-1054
-1018
-978
-957
-872
-810
-719
-607
-538
-442
-355
-236
-117
-20
54
121
224
343
432
543
654
756
883
973
1084
1182
1285
1405
1518
1662
1841
2033
2256
2556
2803
3027
3284
3515
3761
3998
4194
4408
4590
4716
4805
4889
4914
4839
4713
4550
4304
4051
3712
3399
3029
2687
2329
1971
1645
1290
983
638
354
84
-172
-481
-772
-1043
-1372
-1652
-1941
-2199
-2428
-2626
-2791
-2872
-2932
-2975
-2973
-2916
-2791
-2654
-2515
-2356
-2137
-1960
-1802
-1638
-1494
-1382
-1320
-1204
-1162
-1103
-1072
-1035
-1009
-985
-930
-882
-860
-817
-764
-740
-704
-683
-647
-680
-703
-760
-816
-879
-996
-1091
-1205
-1318
-1412
-1498
-1574
-1616
-1639
-1641
-1624
-1590
-1534
-1477
-1404
-1314
-1235
-1133
-1063
-1009
-945
-892
-809
-786
-761
-692
-602
-533
-448
-334
-227
-101
11
178
286
409
511
639
728
791
880
977
1095
1208
1317
1453
1591
1700
1835
2000
2241
2474
2674
2933
3202
3448
3706
3945
4201
4421
4621
4804
4916
4956
4931
4853
4683
4484
4249
3987
3672
3338
3006
2637
2321
2002
1686
1401
1110
837
545
263
-38
-333
-656
-974
-1340
-1682
-1957
-2247
-2477
-2665
-2772
-2879
-2946
-2952
-2934
-2849
-2736
-2599
-2445
-2307
-2154
-2001
-1870
-1769
-1622
-1482
-1375
-1251
-1147
-1047
-958
-894
-802
-749
-719
-653
-614
-564
-552
-577
-568
-599
-624
-649
-725
-780
-883
-1002
-1079
-1195
-1288
-1342
-1409
-1463
-1559
-1652
-1697
-1761
-1767
-1773
-1784
-1735
-1683
-1581
-1478
-1375
-1268
-1171
-1061
-966
-844
-720
-685
-618
-557
-494
-382
-347
-242
-169
-48
68
182
309
436
539
643
772
883
1043
1201
1294
1378
1505
1645
1722
1816
1952
2124
2301
2499
2761
3000
3339
3656
3968
4197
4452
4651
4805
4931
4946
4896
4743
4583
4347
4095
3791
3486
3185
2864
2527
2221
1894
1613
1315
1027
742
449
151
-133
-443
-800
-1083
-1400
-1715
-2027
-2339
-2605
-2773
-2916
-3016
-3057
-3068
-2982
-2857
-2706
-2580
-2416
-2278
-2132
-1962
-1837
-1734
-1636
-1517
-1388
-1295
-1214
-1060
-927
-820
-709
-624
-581
-521
-465
-412
-410
-437
-445
-485
-525
-623
-684
-770
-861
-939
-1018
-1111
-1179
-1277
-1351
-1446
-1517
-1600
-1690
-1739
-1793
-1812
-1861
-1842
-1820
-1767
-1693
-1572
-1452
-1344
-1239
-1143
-1024
-893
-788
-684
-626
-537
-464
-409
-341
-288
-215
-125
17
137
251
393
525
700
869
1044
1229
1366
1458
1553
1706
1819
1933
2119
2297
2459
2629
2862
3101
3362
3629
3875
4163
4402
4637
4777
4888
4891
4838
4723
4517
4277
3958
3614
3287
2941
2583
2248
1856
1536
1287
1039
770
491
255
-5
-291
-616
-933
-1249
-1572
-1886
-2193
-2461
-2712
-2879
-2998
-3082
-3106
-3079
-2993
-2852
-2671
-2523
-2367
-2191
-2025
-1841
-1692
-1572
-1453
-1362
-1273
-1184
-1118
-1007
-871
-779
-651
-545
-474
-417
-353
-319
-307
-340
-405
-407
-501
-557
-645
-776
-868
-960
-1091
-1191
-1307
-1384
-1473
-1565
-1634
-1718
-1769
-1843
-1866
-1910
-1924
-1949
-1969
-1952
-1919
-1824
-1696
-1606
-1479
-1330
-1182
-1050
-911
-788
-670
-573
-475
-396
-350
-275
-191
-96
31
181
340
502
755
939
1112
1308
1463
1602
1720
1843
1927
2027
2118
2263
2432
2619
2808
3035
3297
3581
3854
4130
4354
4566
4738
4837
4830
4758
4602
4394
4078
3742
3409
3058
2725
2381
2038
1721
1475
1247
1039
780
537
285
33
-231
-531
-865
-1184
-1519
-1831
-2147
-2422
-2652
-2852
-2962
-3026
-3055
-3026
-2891
-2746
-2583
-2392
-2198
-2011
-1851
-1699
-1576
-1479
-1387
-1325
-1228
-1179
-1099
-996
-867
-713
-600
-539
-461
-400
-321
-330
-337
-302
-390
-471
-580
-688
-768
-860
-946
-1031
-1157
-1244
-1339
-1395
-1466
-1506
-1579
-1691
-1756
-1846
-1924
-1982
-2029
-2004
-1979
-1964
-1911
-1803
-1660
-1525
-1367
-1246
-1124
-1003
-914
-764
-682
-598
-530
-486
-464
-393
-315
-240
-95
34
233
395
603
788
978
1167
1324
1476
1569
1691
1796
1927
2015
2134
2287
2442
2650
2885
3141
3418
3692
3940
4163
4359
4511
4587
4578
4484
4329
4152
3905
3614
3270
2881
2538
2209
1888
1587
1318
1072
871
663
437
207
-41
-310
-607
-939
-1288
-1594
-1925
-2196
-2490
-2714
-2834
-2934
-2935
-2931
-2849
-2764
-2638
-2437
-2289
-2162
-2002
-1852
-1702
-1563
-1496
-1421
-1325
-1195
-1112
-1055
-963
-842
-690
-600
-533
-457
-394
-334
-316
-310
-368
-410
-478
-614
-670
-744
-862
-960
-1105
-1232
-1339
-1406
-1480
-1550
-1612
-1693
-1779
-1821
-1849
-1875
-1925
-1977
-1965
-1946
-1957
-1931
-1817
-1703
-1560
-1424
-1284
-1137
-976
-807
-703
-579
-488
-459
-406
-340
-274
-248
-133
-43
110
293
436
622
775
961
1144
1288
1412
1558
1690
1804
1890
1981
2130
2309
2498
2693
2957
3209
3463
3721
3967
4174
4318
4457
4499
4507
4381
4222
4007
3716
3422
3070
2761
2426
2121
1808
1501
1282
1041
788
541
275
30
-201
-464
-764
-1081
-1370
-1651
-1942
-2225
-2486
-2705
-2858
-2949
-3002
-2985
-2907
-2775
-2614
-2450
-2290
-2146
-1984
-1819
-1672
-1569
-1496
-1398
-1308
-1188
-1104
-1013
-903
-768
-642
-548
-454
-402
-349
-343
-299
-359
-400
-435
-510
-556
-640
-742
-837
-914
-1021
-1132
-1248
-1345
-1451
-1525
-1606
-1693
-1767
-1848
-1916
-1997
-2038
-2035
-2049
-1990
-1934
-1870
-1771
-1653
-1528
-1414
-1316
-1196
-1106
-941
-815
-767
-700
-630
-569
-477
-375
-284
-111
43
206
327
478
662
795
963
1083
1181
1302
1450
1587
1690
1839
1987
2172
2434
2659
2885
3137
3350
3597
3822
4041
4188
4313
4421
4377
4299
4159
3968
3723
3459
3158
2850
2507
2219
1911
1613
1359
1145
913
632
390
137
-139
-412
-682
-1009
-1335
-1642
-1919
-2164
-2367
-2566
-2703
-2773
-2832
-2813
-2778
-2674
-2566
-2428
-2294
-2155
-2000
-1837
-1701
-1553
-1468
-1389
-1249
-1144
-1042
-955
-833
-688
-537
-422
-335
-252
-205
-186
-159
-159
-208
-283
-352
-461
-570
-703
-794
-899
-1001
-1086
-1184
-1247
-1329
-1420
-1533
-1654
-1763
-1849
-1924
-2006
-2101
-2165
-2201
-2204
-2196
-2141
-2049
-1926
-1790
-1677
-1551
-1424
-1270
-1134
-958
-818
-752
-719
-667
-602
-530
-474
-365
-261
-132
77
294
524
718
898
1077
1211
1291
1392
1467
1566
1633
1742
1918
2127
2333
2538
2767
3031
3302
3530
3766
3952
4121
4270
4333
4277
4178
3988
3782
3516
3246
2922
2599
2277
1984
1682
1375
1148
933
735
526
266
45
-199
-443
-733
-1046
-1358
-1658
-1952
-2216
-2440
-2620
-2774
-2847
-2877
-2873
-2802
-2713
-2566
-2435
-2270
-2119
-1983
-1840
-1708
-1605
-1515
-1432
-1345
-1265
-1180
-1060
-936
-801
-681
-555
-444
-339
-272
-247
-223
-269
-296
-331
-441
-542
-667
-764
-846
-905
-966
-1030
-1070
-1126
-1204
-1317
-1449
-1527
-1647
-1778
-1860
-1970
-2014
-2069
-2104
-2092
-2074
-1984
-1880
-1753
-1579
-1428
-1301
-1113
-951
-856
-769
-701
-716
-673
-686
-654
-600
-553
-452
-315
-124
86
325
534
759
938
1120
1271
1337
1410
1434
1492
1583
1682
1862
2033
2174
2398
2638
2940
3217
3482
3748
3944
4134
4280
4328
4300
4179
3990
3795
3525
3237
2975
2687
2390
2094
1843
1556
1329
1114
899
692
443
197
-56
-316
-630
-933
-1284
-1663
-1931
-2221
-2482
-2670
-2801
-2885
-2916
-2905
-2840
-2764
-2621
-2471
-2340
-2179
-2078
-1969
-1866
-1821
-1704
-1622
-1521
-1371
-1284
-1164
-1053
-839
-688
-564
-458
-353
-251
-236
-223
-248
-333
-428
-513
-617
-748
-836
-936
-1025
-1077
-1119
-1168
-1217
-1252
-1323
-1371
-1465
-1576
-1653
-1776
-1905
-2016
-2175
-2234
-2269
-2295
-2265
-2175
-2034
-1908
-1691
-1494
-1315
-1123
-968
-870
-760
-677
-619
-588
-552
-533
-517
-478
-400
-261
-107
85
270
531
771
1005
1189
1321
1454
1522
1591
1680
1759
1804
1897
2007
2139
2339
2534
2827
3116
3390
3691
3934
4155
4267
4351
4324
4191
4036
3773
3516
3210
2908
2567
2261
1998
1716
1460
1241
1049
826
636
402
164
-62
-330
-613
-957
-1289
-1616
-1946
-2204
-2497
-2680
-2828
-2889
-2901
-2886
-2809
-2712
-2577
-2401
-2221
-2067
-1907
-1777
-1640
-1562
-1503
-1452
-1372
-1291
-1181
-1055
-933
-796
-646
-483
-350
-238
-183
-135
-147
-160
-224
-289
-381
-499
-609
-742
-800
-847
-886
-988
-1058
-1074
-1140
-1132
-1228
-1332
-1454
-1598
-1681
-1783
-1874
-1964
-2003
-2042
-2052
-1989
-1862
-1750
-1607
-1458
-1328
-1157
-1019
-902
-757
-658
-624
-604
-608
-580
-557
-500
-430
-305
-185
4
215
398
582
781
991
1110
1245
1346
1462
1536
1607
1668
1785
1935
2075
2246
2433
2644
2905
3195
3433
3686
3897
4075
4197
4258
4244
4137
3964
3760
3509
3219
2887
2570
2299
1987
1716
1518
1299
1124
917
722
517
259
19
-292
-606
-928
-1253
-1546
-1861
-2123
-2388
-2588
-2735
-2781
-2829
-2793
-2729
-2632
-2476
-2359
-2239
-2083
-1925
-1812
-1715
-1630
-1578
-1498
-1404
-1297
-1224
-1152
-1020
-896
-740
-602
-484
-398
-324
-288
-251
-297
-347
-422
-520
-584
-710
-796
-885
-954
-1011
-1068
-1170
-1206
-1215
-1297
-1367
-1441
-1541
-1664
-1754
-1835
-1909
-1991
-2034
-2069
-2049
-1992
-1944
-1824
-1724
-1603
-1445
-1314
-1129
-980
-856
-784
-722
-675
-661
-634
-615
-599
-560
-447
-337
-189
31
210
373
564
729
900
993
1106
1192
1258
1353
1384
1487
1580
1763
1951
2161
2353
2570
2823
3063
3311
3567
3792
3930
4044
4054
4026
3936
3801
3618
3361
3074
2781
2531
2255
2007
1780
1559
1322
1089
892
679
479
257
37
-270
-596
-935
-1253
-1585
-1903
-2164
-2414
-2598
-2736
-2799
-2806
-2776
-2684
-2589
-2477
-2332
-2191
-2039
-1930
-1811
-1707
-1639
-1569
-1530
-1460
-1352
-1267
-1154
-962
-845
-692
-585
-467
-358
-315
-282
-298
-302
-359
-402
-459
-540
-630
-713
-783
-866
-949
-1006
-1023
-1077
-1136
-1217
-1287
-1378
-1509
-1619
-1760
-1869
-1951
-2000
-2038
-2072
-2088
-2030
-1939
-1839
-1724
-1602
-1444
-1287
-1182
-1081
-972
-899
-798
-756
-703
-675
-632
-597
-564
-449
-301
-125
90
292
485
687
845
1013
1143
1205
1259
1308
1343
1383
1437
1568
1703
1893
2081
2268
2520
2758
2986
3229
3466
3664
3828
3910
3936
3904
3831
3668
3441
3236
3024
2790
2533
2261
2005
1777
1579
1367
1172
978
746
493
225
-72
-332
-612
-937
-1254
-1552
-1822
-2114
-2332
-2503
-2638
-2749
-2800
-2788
-2763
-2690
-2565
-2514
-2410
-2270
-2129
-2002
-1896
-1772
-1691
-1582
-1467
-1324
-1202
-1125
-984
-835
-709
-589
-480
-369
-312
-261
-239
-245
-273
-342
-444
-538
-606
-708
-747
-831
-914
-998
-1057
-1110
-1123
-1159
-1221
-1317
-1414
-1485
-1588
-1695
-1812
-1907
-1961
-2027
-2036
-2018
-1946
-1817
-1675
-1497
-1343
-1158
-1023
-864
-801
-715
-633
-638
-585
-572
-541
-499
-448
-364
-265
-107
68
275
486
661
836
987
1098
1231
1288
1340
1352
1403
1441
1500
1623
1741
1918
2079
2302
2508
2712
2949
3198
3413
3609
3753
3834
3860
3822
3745
3614
3435
3231
2984
2720
2476
2249
2038
1804
1590
1378
1203
1009
801
546
297
69
-183
-473
-778
-1078
-1398
-1685
-1934
-2168
-2338
-2461
-2546
-2578
-2596
-2527
-2471
-2360
-2250
-2144
-2052
-1947
-1859
-1778
-1690
-1592
-1466
-1358
-1254
-1134
-1014
-863
-700
-567
-438
-338
-287
-231
-172
-147
-152
-189
-239
-321
-421
-522
-648
-701
-775
-868
-936
-1022
-1064
-1129
-1178
-1260
-1323
-1396
-1507
-1649
-1743
-1846
-1925
-1967
-2008
-1967
-1917
-1803
-1693
-1554
-1436
-1273
-1113
-961
-832
-747
-673
-634
-571
-553
-518
-476
-392
-314
-241
-95
56
222
406
574
726
885
993
1103
1219
1288
1346
1392
1429
1493
1598
1711
1840
2032
2204
2406
2628
2875
3074
3272
3437
3582
3680
3734
3769
3714
3630
3527
3380
3202
3016
2809
2591
2382
2151
1929
1686
1466
1290
1109
910
706
475
228
-44
-320
-620
-900
-1173
-1464
-1718
-1950
-2121
-2258
-2338
-2366
-2412
-2374
-2319
-2283
-2192
-2085
-1979
-1886
-1817
-1743
-1636
-1557
-1488
-1340
-1227
-1099
-987
-844
-684
-530
-399
-307
-186
-126
-93
-76
-75
-107
-188
-226
-318
-420
-521
-619
-723
-779
-804
-869
-909
-976
-1021
-1069
-1205
-1262
-1368
-1454
-1558
-1675
-1759
-1812
-1798
-1822
-1803
-1784
-1677
-1582
-1455
-1356
-1220
-1098
-986
-871
-802
-669
-580
-534
-499
-447
-385
-292
-231
-170
-59
49
188
363
546
707
863
989
1104
1215
1285
1323
1355
1421
1483
1552
1637
1753
1907
2083
2238
2474
2693
2919
3126
3327
3476
3574
3681
3698
3687
3652
3532
3388
3211
3023
2790
2591
2396
2194
1994
1845
1675
1505
1294
1122
921
715
461
198
-54
-362
-632
-915
-1160
-1428
-1650
-1824
-1964
-2040
-2112
-2156
-2169
-2153
-2088
-1990
-1897
-1796
-1734
-1639
-1578
-1528
-1450
-1398
-1343
-1247
-1145
-1045
-885
-728
-554
-382
-230
-136
-55
5
24
69
34
-10
-81
-202
-312
-427
-513
-612
-710
-779
-848
-915
-939
-968
-1012
-1097
-1178
-1286
-1404
-1491
-1572
-1689
-1811
-1888
-1930
-1932
-1930
-1871
-1781
-1672
-1538
-1404
-1194
-1045
-896
-792
-715
-641
-595
-520
-518
-486
-453
-414
-352
-261
-116
20
156
302
459
645
775
890
977
1029
1050
1101
1128
1122
1204
1253
1333
1420
1530
1640
1790
1996
2209
2437
2650
2840
2997
3138
3250
3332
3345
3356
3277
3169
3070
2939
2749
2576
2434
2258
2108
1964
1826
1671
1512
1309
1115
887
613
388
159
-99
-371
-620
-862
-1116
-1324
-1492
-1669
-1813
-1930
-2005
-2033
-2046
-2020
-1971
-1918
-1853
-1780
-1723
-1680
-1623
-1573
-1494
-1416
-1332
-1242
-1119
-977
-820
-678
-529
-369
-252
-101
-41
21
60
73
34
-26
-108
-209
-292
-415
-502
-594
-663
-739
-818
-865
-868
-902
-938
-1011
-1077
-1147
-1248
-1351
-1488
-1585
-1680
-1745
-1798
-1772
-1768
-1742
-1661
-1569
-1437
-1370
-1256
-1107
-998
-881
-783
-679
-556
-487
-434
-409
-372
-321
-284
-211
-154
-83
47
149
273
368
493
623
740
846
915
976
1026
1096
1128
1151
1158
1224
1274
1371
1506
1654
1840
1989
2211
2347
2500
2637
2772
2901
2992
3056
3093
3066
3044
3047
2970
2868
2771
2608
2459
2327
2188
2018
1843
1697
1507
1322
1126
931
714
509
293
30
-214
-473
-700
-920
-1094
-1291
-1479
-1610
-1743
-1796
-1841
-1871
-1881
-1887
-1884
-1880
-1858
-1817
-1764
-1710
-1648
-1562
-1473
-1389
-1306
-1229
-1141
-987
-856
-701
-567
-507
-417
-330
-278
-240
-245
-256
-306
-366
-442
-503
-567
-613
-638
-744
-798
-849
-877
-884
-898
-944
-1021
-1094
-1157
-1229
-1331
-1409
-1477
-1525
-1578
-1614
-1641
-1633
-1586
-1534
-1468
-1368
-1279
-1156
-1037
-911
-823
-732
-643
-582
-502
-464
-430
-401
-311
-231
-177
-66
-9
29
124
230
320
368
397
431
452
494
543
551
581
597
659
682
736
827
940
985
1069
1206
1369
1475
1580
1770
1876
1997
2137
2204
2305
2372
2446
2528
2567
2635
2640
2655
2687
2619
2563
2503
2430
2324
2189
2035
1860
1707
1506
1282
1028
830
640
445
252
32
-173
-362
-544
-686
-880
-1070
-1257
-1400
-1550
-1677
-1772
-1841
-1892
-1938
-1975
-1979
-1953
-1947
-1861
-1824
-1711
-1637
-1529
-1386
-1270
-1198
-1122
-1006
-911
-807
-763
-734
-699
-618
-593
-566
-528
-505
-493
-498
-532
-570
-566
-536
-543
-586
-632
-673
-716
-796
-875
-930
-969
-1041
-1144
-1196
-1227
-1245
-1265
-1276
-1262
-1203
-1183
-1161
-1140
-1103
-1051
-1027
-968
-880
-787
-701
-655
-575
-498
-407
-299
-253
-223
-164
-78
-14
36
63
112
163
172
200
190
253
275
268
310
329
362
390
450
456
506
563
608
655
677
717
756
851
933
995
1097
1191
1335
1424
1535
1640
1746
1856
1962
2070
2137
2199
2244
2268
2303
2279
2246
2262
2250
2179
2080
2015
1918
1808
1673
1494
1342
1202
1042
885
682
497
320
131
-56
-247
-416
-568
-755
-910
-1061
-1218
-1342
-1433
-1526
-1583
-1651
-1711
-1710
-1729
-1700
-1676
-1682
-1660
-1627
-1576
-1514
-1468
-1370
-1275
-1175
-1086
-1004
-914
-861
-849
-826
-788
-724
-711
-667
-647
-672
-663
-671
-676
-642
-651
-635
-638
-673
-721
-776
-816
-887
-901
-962
-1004
-1002
-1037
-1011
-1002
-994
-973
-990
-971
-920
-852
-818
-792
-752
-690
-624
-551
-488
-426
-373
-265
-218
-151
-100
-61
-20
19
71
105
153
171
224
223
245
274
277
286
276
265
277
262
248
266
297
293
277
275
364
402
421
452
500
562
602
666
753
863
935
989
1077
1204
1320
1429
1512
1586
1665
1738
1794
1861
1920
2008
2023
2054
2067
2065
2064
2035
2009
1915
1836
1728
1628
1553
1465
1334
1208
1037
881
753
607
440
319
171
-39
-179
-355
-475
-591
-765
-889
-1001
-1101
-1173
-1251
-1319
-1361
-1401
-1386
-1370
-1322
-1276
-1281
-1281
-1260
-1248
-1200
-1162
-1132
-1064
-973
-935
-891
-842
-821
-794
-730
-708
-685
-656
-602
-598
-579
-553
-557
-558
-565
-574
-587
-610
-679
-666
-683
-719
-737
-727
-742
-710
-686
-646
-664
-642
-608
-596
-539
-525
-447
-405
-360
-321
-262
-187
-98
-35
-10
39
63
121
159
199
217
248
289
308
347
372
366
349
323
305
328
315
321
296
277
212
210
219
195
175
160
197
210
242
271
284
305
325
344
361
409
507
583
663
742
803
885
938
1022
1104
1166
1261
1334
1404
1478
1530
1570
1630
1667
1703
1743
1747
1749
1734
1703
1703
1679
1664
1615
1556
1493
1469
1450
1357
1281
1209
1115
1029
887
750
649
504
381
297
184
91
-7
-116
-191
-259
-309
-402
-491
-582
-649
-689
-767
-798
-860
-882
-921
-918
-900
-931
-918
-924
-903
-912
-894
-840
-842
-806
-756
-746
-704
-704
-709
-717
-713
-703
-678
-664
-640
-585
-588
-583
-548
-525
-501
-468
-466
-452
-421
-437
-422
-402
-405
-413
-365
-366
-369
-340
-285
-229
-218
-167
-82
-68
-74
-47
22
35
59
17
-8
18
15
24
-21
-24
-8
-5
3
38
34
74
16
24
18
-30
-27
-46
-71
-93
-73
-104
-85
-79
-58
-18
-28
-7
14
49
87
68
81
106
159
193
253
320
365
402
442
481
507
620
646
680
704
761
823
874
905
1002
1034
1101
1165
1179
1224
1238
1278
1269
1305
1327
1308
1266
1238
1239
1263
1267
1250
1221
1195
1180
1177
1194
1148
1137
1108
1053
997
936
894
787
706
621
552
433
357
287
218
181
111
59
-26
-88
-175
-221
-233
-320
-373
-449
-514
-555
-611
-634
-682
-684
-701
-712
-736
-707
-696
-710
-681
-676
-653
-638
-598
-627
-578
-556
-540
-501
-522
-468
-429
-385
-366
-338
-305
-239
-213
-185
-200
-190
-176
-181
-200
-203
-180
-181
-166
-176
-155
-155
-151
-113
-85
-60
-43
-23
-15
-6
-15
-11
-12
-1
10
-4
-23
6
29
6
22
1
29
31
21
19
27
43
63
68
92
91
71
87
80
110
87
63
60
48
84
110
114
125
141
167
190
212
269
282
326
350
382
426
485
556
578
622
643
660
682
732
788
824
882
928
932
944
965
990
1000
1034
1046
1059
1045
1027
1065
1050
1054
1054
1031
1027
1026
1000
973
950
925
930
880
869
843
817
812
778
767
739
748
716
647
576
533
473
426
362
325
294
235
201
133
49
-19
-68
-108
-170
-209
-280
-336
-388
-438
-484
-540
-565
-636
-657
-675
-706
-740
-755
-759
-731
-712
-743
-751
-748
-715
-723
-706
-665
-651
-607
-566
-522
-529
-520
-490
-483
-460
-446
-442
-451
-431
-404
-384
-375
-358
-330
-340
-355
-331
-346
-351
-342
-341
-333
-325
-288
-259
-240
-239
-219
-208
-206
-198
-196
-191
-186
-202
-219
-210
-197
-209
-196
-158
-129
-72
-61
-82
-98
-83
-68
-79
-70
-88
-63
-52
-28
7
16
50
17
23
18
46
37
53
105
118
158
175
241
280
308
337
385
418
449
454
480
489
476
485
501
537
545
590
600
626
652
727
731
757
786
768
780
800
796
771
745
728
696
676
681
642
681
681
672
645
619
612
604
594
550
528
465
420
382
318
271
237
205
172
168
161
130
109
89
56
26
-10
-68
-123
-156
-185
-222
-288
-329
-376
-404
-446
-468
-457
-495
-499
-510
-494
-499
-522
-538
-556
-589
-627
-591
-609
-633
-613
-609
-600
-621
-638
-629
-634
-632
-595
-574
-578
-533
-526
-487
-450
-445
-447
-465
-507
-500
-499
-521
-502
-480
-422
-426
-413
-402
-400
-379
-333
-326
-336
-337
-402
-395
-370
-369
-300
-260
-240
-212
-182
-171
-167
-167
-186
-165
-163
-165
-164
-146
-115
-88
-62
-51
-35
-38
-5
17
19
37
15
2
38
42
48
19
16
36
43
24
26
63
63
75
105
119
109
145
152
203
226
233
234
229
212
220
253
288
307
310
329
312
312
298
281
309
342
331
315
353
346
369
382
383
376
380
367
358
314
272
255
216
206
201
222
182
184
158
140
155
145
129
74
6
-33
-74
-70
-66
-85
-97
-94
-118
-145
-133
-159
-180
-192
-229
-219
-223
-251
-275
-308
-347
-390
-400
-423
-425
-435
-462
-466
-473
-471
-463
-502
-525
-519
-547
-537
-545
-546
-579
-625
-656
-640
-655
-643
-638
-634
-605
-594
-558
-569
-556
-565
-530
-516
-503
-494
-453
-440
-453
-427
-414
-418
-413
-363
-383
-370
-351
-323
-295
-317
-267
-264
-274
-248
-239
-237
-232
-219
-197
-204
-208
-169
-205
-208
-208
-203
-189
-179
-154
-184
-198
-202
-170
-158
-170
-153
-173
-169
-189
-196
-151
-162
-145
-155
-176
-151
-141
-139
-132
-138
-163
-160
-143
-111
-146
-144
-135
-122
-126
-152
-133
-109
-108
-93
-64
-73
-51
-60
-47
-33
-48
-46
-36
-32
-38
-32
-30
-26
-31
5
-4
5
-1
35
40
11
-11
-14
12
-9
13
-7
5
-7
-8
-6
-41
-23
-49
-38
-21
-34
-27
-40
-39
-43
-56
-106
-121
-133
-176
-175
-188
-202
-220
-206
-187
-214
-195
-172
-156
-185
-183
-206
-199
-166
-202
-223
-247
-260
-274
-258
-246
-258
-261
-287
-292
-270
-273
-227
-230
-239
-239
-254
-242
-233
-234
-249
-267
-297
-283
-268
-286
-257
-269
-255
-279
-289
-259
-293
-308
-297
-270
-228
-238
-221
-226
-212
-214
-200
-198
-214
-234
-244
-211
-206
-178
-186
-190
-189
-147
-139
-120
-136
-151
-156
-145
-157
-134
-123
-116
-92
-107
-113
-129
-123
-116
-96
-111
-92
-72
-78
-74
-59
-58
-50
-52
-52
-54
-62
-67
-44
-59
-49
-36
-78
-88
-91
-124
-92
-83
-69
-50
-49
-36
-16
-33
-28
-23
-54
-48
-37
-28
-12
-12
-21
-19
-54
-50
-52
-55
-85
-144
-140
-143
-133
-167
-199
-197
-206
-167
-145
-119
-116
-110
-107
-121
-129
-146
-176
-195
-181
-202
-208
-180
-175
-190
-184
-197
-187
-172
-172
-154
-171
-152
-141
-162
-162
-146
-168
-157
-137
-134
-125
-128
-99
-96
-106
-145
-128
-98
-105
-94
-102
-89
-49
-29
-27
-50
-65
-49
-80
-96
-83
-72
-42
-11
-20
-41
-37
-36
-4
-26
-33
-58
-50
-60
-35
21
1
28
8
16
20
49
81
76
60
72
85
91
91
75
73
64
91
78
62
58
39
38
71
53
78
121
127
134
163
170
126
155
132
149
133
95
87
80
47
54
93
100
148
175
178
166
146
113
99
144
139
137
167
169
160
191
174
185
205
174
168
160
139
129
128
147
157
148
145
155
172
186
201
201
210
200
189
209
212
193
216
218
226
261
256
270
279
259
248
213
227
233
253
264
260
262
286
273
272
245
240
261
257
262
247
255
255
248
260
228
234
232
231
252
245
278
299
286
254
261
241
244
262
282
271
239
235
236
220
236
245
222
245
224
235
244
229
228
209
207
216
244
269
284
295
296
303
286
319
339
342
323
300
283
300
312
295
302
307
289
283
279
287
325
320
311
317
290
295
293
258
260
252
287
304
310
329
311
300
297
307
324
318
315
312
279
289
277
292
271
279
278
303
302
320
367
358
359
356
352
327
353
310
287
299
258
256
248
239
251
231
229
257
270
267
271
293
240
226
220
210
228
226
282
252
239
254
253
242
269
267
246
218
204
230
205
215
208
209
217
229
262
263
262
274
275
256
261
230
214
181
227
262
251
262
260
249
254
239
231
224
204
207
241
285
279
292
307
312
325
331
330
336
341
347
315
317
334
329
321
317
295
265
233
276
295
327
344
315
320
346
298
322
337
322
325
289
287
280
327
294
316
298
286
329
298
309
320
308
296
285
300
312
329
321
329
335
373
384
366
375
369
352
348
356
342
325
351
340
361
383
389
381
374
406
412
407
384
382
355
359
347
346
371
356
350
330
325
317
317
337
322
349
362
319
320
343
364
379
373
383
373
371
381
404
363
323
295
305
277
310
303
292
274
242
270
288
262
270
271
263
268
262
266
235
254
260
248
238
250
280
242
248
259
216
237
222
231
266
259
241
241
252
234
218
218
203
229
212
219
249
271
294
303
275
279
272
248
234
251
276
287
277
274
274
263
269
242
223
237
249
240
266
316
332
356
336
320
322
279
307
309
289
303
276
259
282
282
286
280
287
285
293
321
317
336
354
358
352
348
355
374
349
302
325
310
325
309
305
312
303
300
306
304
284
274
295
302
277
306
299
307
298
299
313
323
294
286
255
252
272
274
250
226
230
239
243
239
211
208
228
196
155
178
219
243
279
267
261
250
255
232
262
225
198
202
171
162
146
153
175
172
208
213
182
186
177
163
177
203
177
177
193
172
181
199
152
152
124
118
141
121
170
168
153
189
191
194
181
161
151
149
144
130
140
159
152
163
181
199
200
174
153
172
164
133
107
137
156
160
138
145
178
168
188
182
151
168
138
150
141
101
107
120
144
177
172
185
190
201
206
188
198
180
187
200
213
210
234
217
222
232
221
260
230
219
228
229
237
220
260
260
242
233
206
187
181
203
208
205
233
259
284
266
258
234
229
244
245
231
253
262
249
248
227
215
193
239
219
217
203
191
208
209
210
209
221
201
230
238
243
259
274
266
244
234
223
208
207
188
167
192
191
169
191
188
192
179
138
144
132
132
104
111
107
99
111
125
154
137
146
180
153
161
130
138
165
159
143
127
123
126
118
146
115
84
118
104
115
114
114
123
110
123
135
136
149
121
92
91
137
173
149
137
117
97
102
109
101
87
78
87
70
85
109
108
140
114
158
144
171
174
144
182
134
141
137
125
115
98
127
160
174
164
156
148
142
147
133
149
164
159
141
77
83
100
125
167
166
149
173
168
152
151
162
170
151
151
147
145
153
155
144
155
155
154
154
146
177
175
173
171
145
97
94
107
99
107
96
70
93
107
105
135
135
147
137
103
119
130
110
123
128
81
87
59
64
64
63
47
16
28
21
14
42
75
60
65
58
56
77
60
53
85
64
67
83
83
109
126
103
86
94
67
40
45
25
2
3
14
44
43
59
73
67
60
60
73
93
85
61
70
75
76
59
79
40
52
62
39
79
67
73
64
42
36
57
45
45
39
29
41
42
49
58
60
21
21
33
42
46
27
38
9
-3
-15
32
45
31
57
67
52
49
4
2
9
-25
-9
-19
-29
-20
8
-18
-18
9
16
32
40
51
61
14
17
12
-1
3
-2
25
5
10
0
8
25
48
65
66
54
53
45
17
2
-4
-12
2
29
36
0
-25
-6
-42
-55
-40
-75
-41
-16
-42
-29
-37
-17
-40
-75
-30
-52
-80
-51
-76
-64
-60
-42
-45
-71
-75
-72
-52
-64
-13
-22
-10
-11
-35
-40
-51
-43
-48
-45
-89
-109
-157
-161
-157
-140
-162
-120
-99
-120
-113
-120
-114
-161
-179
-188
-164
-173
-169
-166
-188
-180
-150
-143
-112
-91
-84
-98
-104
-113
-116
-100
-121
-114
-134
-162
-161
-143
-148
-128
-116
-143
-166
-205
-208
-207
-183
-159
-165
-156
-146
-135
-165
-155
-174
-170
-188
-202
-186
-169
-123
-132
-148
-157
-177
-185
-209
-195
-221
-206
-206
-209
-190
-222
-195
-184
-161
-156
-184
-195
-218
-177
-177
-189
-191
-195
-182
-184
-170
-198
-221
-228
-230
-226
-210
-200
-223
-216
-214
-210
-155
-135
-162
-168
-200
-236
-242
-226
-227
-224
-222
-256
-265
-240
-217
-221
-194
-193
-215
-232
-233
-202
-215
-179
-202
-214
-225
-261
-260
-259
-232
-204
-223
-223
-236
-218
-222
-238
-259
-267
-261
-246
-257
-300
-267
-275
-281
-288
-299
-275
-267
-266
-243
-245
-258
-276
-286
-279
-288
-268
-271
-283
-283
-306
-303
-299
-296
-304
-292
-290
-290
-268
-291
-277
-281
-275
-246
-244
-252
-235
-247
-275
-315
-311
-291
-307
-296
-338
-336
-335
-344
-316
-341
-353
-322
-310
-319
-338
-300
-318
-372
-361
-349
-332
-341
-318
-317
-317
-308
-321
-308
-318
-354
-340
-332
-351
-350
-336
-320
-291
-299
-318
-273
-261
-243
-274
-301
-297
-322
-335
-336
-319
-294
-300
-316
-278
-292
-315
-326
-332
-357
-353
-322
-327
-330
-347
-343
-328
-294
-290
-281
-269
-269
-265
-255
-256
-258
-237
-252
-300
-334
-323
-296
-291
-289
-304
-285
-267
-257
-280
-291
-307
-329
-341
-342
-351
-347
-322
-320
-294
-318
-342
-313
-343
-353
-338
-339
-344
-315
-319
-311
-328
-303
-299
-303
-292
-299
-274
-288
-251
-279
-284
-278
-304
-344
-366
-336
-356
-339
-307
-311
-298
-310
-324
-311
-300
-295
-322
-347
-329
-340
-321
-291
-291
-313
-319
-318
-303
-312
-298
-279
-295
-297
-312
-314
-327
-311
-341
-346
-363
-360
-316
-297
-316
-290
-288
-275
-264
-258
-230
-249
-247
-283
-279
-292
-308
-280
-274
-274
-254
-248
-229
-249
-286
-290
-302
-280
-286
-251
-260
-249
-223
-214
-262
-269
-269
-303
-277
-285
-297
-294
-255
-265
-263
-246
-221
-215
-220
-238
-241
-213
-220
-217
-232
-219
-248
-258
-206
-223
-230
-231
-231
-234
-214
-196
-179
-176
-181
-171
-179
-175
-192
-180
-184
-170
-189
-208
-208
-236
-227
-211
-211
-176
-202
-237
-232
-242
-217
-206
-212
-205
-190
-185
-168
-153
-170
-146
-144
-173
-154
-144
-153
-156
-162
-113
-144
-141
-148
-159
-133
-108
-124
-150
-127
-138
-125
-177
-188
-151
-165
-143
-119
-152
-184
-171
-128
-139
-146
-145
-149
-145
-152
-160
-148
-143
-167
-175
-185
-182
-157
-160
-136
-128
-142
-128
-125
-91
-109
-125
-126
-103
-81
-88
-93
-111
-106
-94
-143
-166
-155
-156
-169
-141
-125
-127
-135
-165
-154
-177
-166
-158
-123
-124
-108
-116
-87
-50
-54
-83
-101
-107
-121
-97
-85
-61
-50
-43
-69
-73
-50
-68
-84
-55
-62
-92
-100
-116
-94
-81
-73
-66
-32
-32
-18
-40
-48
-34
-69
-69
-61
-58
-63
-84
-92
-45
-26
-19
-34
-49
-28
-50
-30
-64
-74
-66
-78
-60
-69
-30
-28
-58
-66
-60
-31
-19
4
-4
-15
11
2
2
-2
6
-27
-12
0
11
24
-3
-4
11
13
-19
7
6
17
-8
-8
-12
-27
-12
-21
-4
-11
-44
-42
-39
-36
-11
-55
-57
-89
-88
-27
-29
-20
13
0
4
9
0
12
-26
-35
-43
-36
-21
-26
-38
-52
-17
-12
15
31
45
47
9
9
-5
-11
-15
-14
-11
-38
-49
-37
-9
-14
-3
-3
17
12
-1
16
14
-15
-16
16
26
26
25
51
22
8
17
23
35
5
-17
-19
1
29
31
39
37
44
63
54
38
27
9
11
7
0
-7
-25
-10
-4
11
6
38
23
29
58
58
56
22
51
53
72
67
56
51
52
38
54
69
54
10
4
21
13
2
-6
58
52
63
42
42
70
83
77
73
111
96
73
72
75
70
71
53
51
62
64
82
87
98
52
43
43
31
24
-3
-6
19
26
10
43
39
42
53
55
70
89
100
93
105
134
116
109
101
86
74
51
54
83
101
135
124
105
83
67
76
69
51
79
81
58
66
85
101
94
108
74
61
121
135
105
85
59
25
36
45
80
115
98
110
111
108
110
117
89
88
79
64
97
100
88
102
109
94
110
108
127
102
140
134
106
128
105
127
119
123
153
171
179
161
151
149
148
123
152
165
141
130
107
156
151
144
131
106
115
131
162
175
214
207
203
185
180
202
195
199
190
155
158
157
149
166
157
178
175
170
173
167
185
185
174
177
196
206
200
232
236
228
223
239
250
234
168
155
166
154
163
160
144
142
137
134
199
199
205
195
204
217
206
204
191
207
205
235
251
236
242
236
197
208
212
208
213
199
212
202
201
197
216
223
188
203
202
228
218
232
211
213
225
198
220
192
215
229
237
213
206
206
239
233
264
257
270
300
300
287
264
273
254
292
265
259
279
275
283
285
296
272
301
273
267
272
259
270
282
296
288
310
309
304
294
297
262
265
250
252
267
266
239
217
233
210
269
293
270
257
299
299
266
287
268
251
279
277
274
311
314
317
303
312
287
283
292
267
252
252
265
285
274
291
336
319
320
309
304
299
281
300
300
286
299
298
298
302
269
267
289
296
263
243
265
265
265
308
294
295
320
326
338
341
341
320
302
298
268
267
281
298
316
331
292
294
309
263
276
280
276
264
271
291
288
255
238
236
266
294
289
319
294
279
276
269
287
301
278
277
278
269
306
302
298
313
297
301
276
268
267
262
284
298
302
314
317
312
324
273
276
279
282
296
273
297
297
283
296
279
262
283
301
298
295
316
308
313
315
335
336
320
309
328
318
310
316
314
307
318
306
295
294
316
320
325
315
292
323
326
317
336
354
370
371
348
338
331
339
329
308
289
278
263
241
274
287
284
291
328
315
283
290
274
275
277
282
283
296
308
309
315
302
300
284
287
283
263
277
257
257
279
287
290
305
324
318
314
329
315
287
282
276
254
255
253
235
264
256
283
254
243
264
266
293
294
289
259
265
245
215
213
231
219
255
251
265
307
303
312
301
284
251
277
282
267
255
282
283
288
307
266
254
225
234
235
252
258
246
240
247
261
266
278
264
264
252
286
273
263
271
249
270
219
248
239
254
283
258
277
282
267
270
279
251
226
214
211
201
214
196
221
252
234
241
240
235
261
244
258
271
259
261
223
205
197
237
254
225
227
205
220
244
238
236
219
216
229
231
208
206
172
167
158
171
203
196
222
224
207
213
208
162
173
170
204
192
194
208
208
215
202
211
191
181
170
186
195
208
192
179
172
162
157
156
156
137
116
103
108
92
116
127
144
151
159
179
186
182
161
161
162
167
167
178
169
181
191
201
177
146
144
155
154
158
158
129
134
135
148
143
139
122
105
99
78
87
66
67
75
79
55
63
72
94
91
85
71
50
48
62
68
59
76
64
59
76
81
62
52
40
72
52
28
64
63
60
76
80
103
113
95
87
62
76
61
90
76
65
47
28
37
33
71
75
89
103
109
73
99
59
42
56
39
26
22
19
3
21
11
12
28
62
51
36
41
28
18
15
5
-9
5
8
36
36
51
26
-3
-18
9
20
20
39
27
17
37
-6
-21
-10
-18
-25
-39
-18
-44
-36
-8
-39
-12
-2
2
17
5
2
-31
-32
-9
29
49
16
22
25
25
17
-3
-15
5
-38
-39
-63
-67
-33
-33
-53
-52
-56
-74
-71
-48
-45
-73
-45
-64
-57
-40
-52
-62
-75
-71
-67
-34
-29
-18
4
5
-22
-44
-40
-47
-47
-65
-66
-55
-47
-56
-55
-24
-40
-27
-37
-56
-51
-62
-56
-52
-62
-76
-95
-62
-56
-46
-43
-63
-94
-92
-64
-62
-40
-53
-42
-59
-98
-111
-104
-80
-112
-110
-88
-121
-119
-110
-93
-84
-99
-109
-127
-143
-136
-113
-121
-117
-140
-154
-140
-129
-127
-114
-105
-106
-96
-95
-70
-57
-87
-86
-77
-49
-33
-65
-70
-90
-93
-101
-142
-142
-138
-137
-104
-93
-94
-108
-116
-127
-111
-112
-162
-170
-154
-158
-171
-192
-180
-193
-234
-196
-166
-148
-148
-158
-181
-208
-215
-228
-206
-185
-163
-130
-146
-163
-154
-172
-151
-149
-153
-162
-175
-177
-195
-192
-216
-200
-158
-168
-169
-163
-142
-164
-202
-203
-197
-238
-247
-209
-214
-206
-201
-177
-195
-210
-203
-193
-212
-210
-186
-193
-177
-181
-200
-198
-183
-185
-180
-197
-212
-203
-189
-188
-167
-168
-189
-195
-173
-182
-193
-218
-242
-205
-174
-189
-199
-203
-203
-173
-185
-217
-193
