8
3
5
5
6
10
6
5
0
2
-7
-7
-6
-12
-12
-13
-13
-8
-12
-9
-8
-12
-1
-2
-7
-4
-6
-10
-7
-3
-6
-6
-1
0
10
-1
-1
-5
-2
3
-15
-11
-13
-9
-10
1
0
-9
0
-1
1
3
-6
-1
12
-7
-4
3
7
9
4
-2
-4
12
10
2
3
-1
3
-1
6
1
3
3
-4
5
1
5
0
3
7
5
5
11
7
4
8
11
10
11
12
7
18
18
13
17
16
7
8
-1
-3
0
0
-3
3
3
-3
0
-1
5
3
2
-2
-9
-10
0
-8
-8
-13
-24
-19
-18
-15
-10
-8
-14
0
-10
-5
-16
-18
-7
-21
-6
-10
-13
-7
-14
-6
-4
0
-4
0
-3
-7
1
-1
6
7
7
0
3
10
5
3
7
7
5
10
13
15
16
5
0
1
-2
0
-5
-3
-3
2
-9
-12
-5
-12
-13
-12
-9
-6
2
-2
-5
1
0
-1
-9
-6
5
-4
-1
-2
-10
-8
-3
1
-13
-6
-6
-2
1
-3
-6
-5
-6
2
0
-2
2
-2
3
-6
-3
4
4
-1
-2
0
2
8
9
3
-1
0
-2
-12
-15
-9
-16
-14
-17
-19
-9
-3
-8
-13
-10
-6
-9
-4
0
1
-7
-9
-7
-8
-3
1
-3
-10
2
-1
-1
-1
-6
-3
-4
-3
-2
6
-1
-12
-3
-4
-10
3
0
3
6
5
4
3
1
5
3
-2
10
1
3
9
0
-3
-7
-7
-4
-4
-8
1
-11
-2
4
-4
5
-2
8
3
4
7
4
7
5
3
4
7
0
6
4
9
14
9
9
4
-3
-7
-4
-1
0
1
4
-6
1
1
-7
-9
-6
-9
-6
-4
-5
-4
-5
-1
-10
-9
-11
-3
1
2
4
-3
-2
4
0
3
3
9
9
13
13
13
19
7
8
1
6
8
6
3
5
5
4
7
7
10
8
7
4
10
8
13
14
8
-3
3
3
-1
6
-3
7
8
4
3
7
9
9
13
10
4
3
3
1
-3
-7
-6
-7
-9
-6
-2
-3
-4
-9
-4
-13
-11
-5
0
-2
-3
1
0
0
0
-4
-7
-6
0
4
-1
6
5
6
10
6
12
16
10
13
11
5
3
7
4
5
9
0
0
-4
-2
-5
3
9
15
14
15
13
14
16
12
15
10
15
18
9
6
15
7
2
-6
-2
4
7
0
0
1
0
5
1
2
-6
3
-6
-12
-11
-6
-3
-12
-13
-7
0
-10
-12
-7
-10
-6
-4
-6
-4
-9
-3
-7
-3
-9
-8
-4
-9
-4
-6
-14
-6
-4
-7
-5
-8
-1
-5
2
1
0
5
9
7
13
12
9
10
-1
4
-3
-8
-6
-2
-12
-10
-3
-6
-7
-4
-7
-7
4
1
0
-3
4
7
3
5
-1
-10
0
-1
2
6
-1
-1
4
3
8
2
-3
-3
-8
3
-2
4
11
6
-2
3
6
0
2
3
0
9
12
12
13
9
9
4
6
-2
0
-6
3
4
0
-2
-3
1
2
2
-3
-4
-11
-13
-16
-16
-14
-9
-15
-7
1
-1
-9
-5
-6
-9
-11
-22
-8
-11
-13
-12
-9
-10
-1
3
6
-2
-4
1
0
-1
-1
0
5
7
9
12
4
12
7
10
6
14
11
17
20
16
18
13
17
9
11
9
15
4
2
7
9
-1
-6
0
-3
0
6
10
9
9
3
10
17
15
15
12
4
5
12
11
1
-8
0
9
11
5
3
4
1
-3
-8
-6
-3
-3
-9
-16
-9
-14
-6
-6
-18
-24
-19
-23
-22
-21
-24
-23
-25
-21
-19
-12
-16
-12
-16
-10
-16
-15
-7
-2
-9
-6
4
0
2
4
-2
1
13
4
16
6
9
8
9
15
13
10
12
13
8
15
13
13
4
11
10
3
3
8
7
10
12
4
2
2
-4
-4
0
-5
2
-3
1
5
12
-3
2
1
-1
3
1
0
-6
1
0
7
-3
-5
-13
-13
-3
-2
-5
-7
-6
-10
-7
-3
-4
-6
-1
4
1
-3
5
-8
-10
-6
-3
-3
-10
-5
-11
-16
-15
-11
-13
-8
-10
-12
-4
-6
-6
-8
-1
0
-12
-6
-12
-3
-6
-8
-5
-8
0
-6
-6
-1
4
7
3
-4
-8
0
10
0
8
2
3
3
-2
5
4
2
0
3
0
-8
-6
0
-4
2
2
11
15
19
10
-4
-3
-6
1
-6
-9
-7
-4
-4
-6
-2
-4
1
3
-9
-2
-5
-1
11
22
23
-20
-3
13
-4
18
5
8
16
4
18
-2
14
0
4
9
5
12
-8
6
-8
-4
-6
0
-6
-6
-7
-12
0
0
-4
-12
-7
-14
-7
-9
-10
-15
-14
-14
-16
-16
-13
-15
-15
-20
-24
-20
-14
-10
-15
-10
-12
-4
-2
-3
-8
2
0
-4
6
-2
1
0
8
-1
5
12
12
11
6
6
6
8
7
2
-2
5
7
3
0
0
1
3
0
3
-2
-8
-2
-9
-10
-8
-12
-17
-14
-10
-13
-6
0
-4
-2
4
1
-5
-7
-1
0
2
5
-3
-7
-4
-3
-2
-1
-10
-5
-6
-12
-11
-12
-6
-1
-3
8
3
3
6
3
9
-3
9
5
10
7
3
18
12
26
25
22
17
10
15
15
8
9
8
5
6
1
13
7
-1
-3
-2
3
-1
-1
-9
-6
-7
-3
1
-9
-7
-6
-1
2
-3
-6
-3
-13
0
10
11
11
7
16
11
11
16
10
9
5
7
10
8
8
1
0
-1
-6
-7
-6
-9
-14
-16
-14
-10
-5
-11
-12
-11
-16
-13
-16
-10
-1
-2
4
8
7
19
13
19
20
23
22
12
22
19
13
11
23
21
16
14
16
12
13
9
11
9
5
6
2
4
3
4
0
3
-2
2
3
8
7
4
7
3
9
9
5
3
6
0
-6
-8
-3
-8
-8
-2
-5
-7
-6
-10
-15
-13
-4
-9
-9
-7
-4
-5
-13
-10
-15
-8
-10
-6
-6
-11
-9
-4
-9
-9
-7
-16
-14
-8
-5
-4
6
0
1
0
2
5
0
-2
-3
-1
-5
-1
-3
-6
0
-7
-11
-5
-1
-2
-7
-5
-10
-7
-10
-3
-6
-2
6
3
0
-11
-4
1
9
6
10
14
16
17
11
7
5
4
13
6
4
5
11
19
10
8
8
24
19
15
10
10
10
6
7
1
5
9
9
6
4
1
3
2
-3
-10
-2
1
9
6
6
12
11
15
6
-3
2
16
11
12
7
3
10
8
3
7
0
6
-3
-7
-16
-18
0
-3
-8
-23
-19
-22
-13
-25
-27
-28
-23
-22
-32
-25
-29
-27
-32
-32
-23
-7
-18
-25
-26
-18
-16
-22
-25
-16
-4
12
16
15
12
4
13
11
10
10
23
29
10
-5
-1
5
20
26
34
26
14
6
11
31
27
20
3
13
26
41
25
6
-5
-9
-11
-6
10
34
35
2
-15
-18
8
-5
-27
-17
78
178
144
-25
-186
-121
98
240
164
-19
-83
-29
12
-32
-82
-38
79
139
34
-137
-244
-187
-68
12
24
0
-47
-139
-222
-237
-117
35
97
19
-101
-158
-130
-89
-59
-38
7
40
-4
-76
-132
-120
-79
-16
24
35
4
-63
-113
-124
-63
11
61
50
-9
-68
-72
-2
81
100
60
34
55
123
162
132
67
50
139
261
292
178
44
26
134
258
261
154
50
35
89
145
124
63
19
29
80
116
69
-24
-70
-16
88
137
83
-25
-70
-24
58
83
51
7
3
21
15
-9
-31
-37
-26
-32
-44
-63
-99
-129
-168
-161
-133
-125
-168
-229
-256
-225
-177
-175
-216
-236
-185
-136
-149
-195
-190
-126
-52
-37
-80
-106
-58
-13
6
6
-1
24
28
16
-7
-18
-3
20
33
27
3
-9
-24
-32
-25
8
49
81
92
65
42
33
65
152
233
250
205
139
138
196
254
262
237
244
266
260
219
163
132
142
180
221
205
126
16
-48
-14
60
99
41
-34
-62
-45
-10
-27
-65
-75
-36
10
31
3
-47
-70
-79
-40
19
55
20
-65
-123
-116
-63
-63
-126
-181
-180
-139
-138
-234
-322
-317
-237
-185
-212
-281
-303
-254
-227
-254
-249
-178
-96
-89
-149
-164
-91
6
16
-4
16
87
126
67
-1
3
101
192
183
84
12
33
88
114
60
4
39
109
119
31
-43
-10
89
150
141
116
107
107
107
136
194
253
250
222
199
210
236
249
255
220
171
159
204
217
139
16
-23
55
124
76
-62
-130
-103
-45
-42
-89
-138
-175
-157
-120
-83
-83
-112
-136
-137
-123
-97
-68
-66
-98
-134
-108
-62
-53
-147
-233
-184
-61
-23
-130
-255
-288
-225
-193
-200
-197
-159
-183
-256
-278
-224
-141
-129
-159
-126
-29
17
-16
-98
-86
44
218
260
152
38
57
219
308
252
142
152
254
302
219
127
136
199
219
180
157
136
108
76
99
161
187
114
21
26
96
152
140
86
63
73
79
75
64
75
92
86
60
24
0
-8
-23
-50
-58
-17
2
-78
-215
-275
-197
-79
-73
-189
-264
-243
-207
-220
-244
-213
-145
-123
-167
-199
-186
-142
-104
-95
-70
-31
-17
-30
-72
-101
-45
64
131
91
-34
-102
-53
38
81
61
32
0
-39
-40
-19
-4
-3
7
83
139
67
-92
-153
-6
221
282
139
-13
-21
81
140
110
96
168
232
198
96
8
25
113
183
216
209
166
54
-71
-93
54
222
250
111
-76
-91
25
118
64
-15
22
124
132
2
-108
-95
-1
78
122
120
33
-103
-168
-94
60
133
47
-100
-171
-134
-60
-52
-109
-150
-103
-28
-63
-185
-278
-232
-121
-41
-48
-113
-158
-195
-203
-170
-98
-3
31
-44
-159
-188
-89
14
45
16
-1
7
10
-1
1
21
59
91
93
93
69
28
-9
2
92
199
188
57
-67
-35
93
179
152
79
38
15
11
57
135
145
62
-37
-20
67
103
51
-19
-14
72
120
44
-101
-148
-13
173
196
-7
-199
-196
-15
97
54
-28
-38
-12
-60
-110
-92
-28
21
42
46
35
-75
-189
-146
34
158
123
10
-97
-132
-111
-31
80
100
20
-64
-63
-28
-62
-92
-48
56
98
25
-116
-190
-135
-26
45
29
-14
-42
-84
-151
-146
-44
64
50
-45
-89
-83
-56
-38
-38
-28
10
60
57
-8
-91
-74
44
80
22
15
115
141
-18
-152
-28
215
273
66
-108
-44
102
147
62
-28
-40
42
141
150
33
-108
-128
4
146
150
53
-57
-108
-64
10
67
64
-7
-67
-86
-27
47
22
-94
-149
-51
105
117
-49
-202
-186
-32
96
86
-41
-153
-148
-13
68
9
-101
-77
22
32
-36
-87
-16
25
-25
-89
-17
100
70
-76
-152
-53
47
60
-20
-74
-47
-12
7
-16
-58
-69
-32
36
41
-25
-65
-28
7
-19
-35
27
74
25
-49
-15
90
76
-2
-2
118
177
95
16
23
93
128
152
155
114
74
98
147
150
111
109
167
170
135
139
155
116
65
94
180
211
157
79
41
44
78
142
169
82
-28
-22
54
85
16
-63
-92
-55
26
42
-72
-234
-257
-96
19
-85
-247
-262
-172
-152
-219
-244
-184
-145
-211
-286
-273
-187
-136
-184
-285
-304
-190
-60
-98
-299
-399
-268
-73
-66
-222
-312
-247
-188
-240
-281
-209
-141
-205
-307
-298
-171
-122
-226
-345
-281
-107
-21
-100
-270
-343
-237
-31
44
-73
-231
-201
-40
11
-99
-154
-19
101
54
-60
-58
20
68
74
117
180
200
178
186
240
293
395
487
518
471
453
563
696
719
681
692
787
894
882
809
791
870
984
1001
902
824
835
892
916
868
828
803
768
745
742
740
682
616
584
574
549
506
456
398
317
233
193
180
156
63
-79
-222
-274
-282
-338
-465
-594
-656
-726
-859
-998
-1038
-1100
-1212
-1277
-1227
-1206
-1372
-1566
-1608
-1535
-1476
-1397
-1330
-1421
-1660
-1722
-1472
-1310
-1451
-1568
-1342
-1073
-1208
-1514
-1487
-1217
-1138
-1226
-1110
-812
-747
-1014
-1208
-1050
-667
-345
-224
-282
-352
-224
102
324
255
193
511
1089
1383
1157
805
812
1213
1646
1782
1712
1670
1693
1633
1462
1370
1484
1694
1779
1642
1343
1035
884
979
1123
1119
949
816
819
768
524
276
318
590
806
736
463
159
9
109
388
595
505
215
49
133
210
77
-86
-35
140
174
-14
-218
-303
-311
-306
-213
-29
76
-45
-280
-341
-145
142
252
192
177
281
418
476
433
410
470
626
819
909
796
537
332
390
648
799
635
237
-22
4
120
47
-223
-462
-499
-389
-424
-712
-1047
-1145
-1052
-1091
-1297
-1373
-1290
-1414
-1859
-2105
-1808
-1432
-1581
-2085
-2301
-2130
-1943
-1943
-2045
-2178
-2333
-2334
-2124
-1948
-2022
-2188
-2130
-1858
-1626
-1593
-1586
-1392
-1034
-759
-756
-820
-631
-165
205
281
302
493
762
937
1015
1149
1391
1656
1805
1763
1597
1509
1679
1966
2096
1957
1707
1624
1745
1845
1766
1592
1586
1793
1915
1725
1366
1176
1299
1597
1780
1665
1321
1000
977
1215
1418
1455
1376
1264
1062
823
773
976
1153
1017
712
576
616
519
268
214
459
601
416
187
168
190
85
60
260
420
286
53
57
217
234
129
107
237
372
385
245
-14
-169
-67
150
197
-48
-405
-636
-656
-540
-450
-540
-853
-1194
-1279
-1154
-1103
-1303
-1603
-1737
-1719
-1790
-2036
-2236
-2248
-2240
-2337
-2374
-2334
-2456
-2785
-2901
-2568
-2272
-2450
-2803
-2822
-2600
-2521
-2576
-2456
-2259
-2180
-2157
-1984
-1757
-1662
-1508
-1128
-714
-639
-767
-651
-182
265
447
522
676
845
934
1109
1425
1680
1735
1754
1874
1956
1852
1776
1960
2192
2128
1906
1889
2040
1995
1736
1630
1810
2042
2041
1858
1634
1482
1426
1521
1693
1742
1592
1306
1100
1072
1166
1289
1343
1269
1129
1024
982
932
831
791
923
1061
934
619
452
498
565
604
720
830
683
401
357
598
778
667
510
577
761
825
720
539
416
506
797
1014
872
490
233
283
498
599
480
202
-31
-129
-144
-176
-285
-436
-573
-645
-709
-856
-1105
-1306
-1318
-1268
-1380
-1670
-1951
-2131
-2256
-2336
-2351
-2405
-2613
-2905
-3094
-3089
-3025
-3033
-3113
-3264
-3429
-3496
-3389
-3219
-3169
-3243
-3354
-3373
-3236
-3002
-2734
-2526
-2422
-2392
-2337
-2156
-1829
-1406
-961
-594
-439
-445
-383
-38
531
1082
1468
1638
1635
1608
1755
2153
2600
2876
2917
2858
2791
2766
2847
2974
3043
3019
3036
3089
3038
2767
2479
2397
2563
2800
2852
2553
1964
1528
1571
1967
2217
2013
1550
1183
1054
1121
1249
1334
1268
1084
970
935
816
554
434
633
924
866
442
68
-62
-40
67
216
276
66
-314
-499
-384
-199
-157
-200
-244
-274
-246
-124
-27
-98
-225
-119
247
503
355
-17
-162
54
369
497
407
171
-124
-291
-140
209
291
-83
-518
-607
-466
-471
-667
-794
-841
-989
-1268
-1553
-1758
-1856
-1799
-1746
-1988
-2469
-2806
-2803
-2766
-2841
-2810
-2699
-2934
-3530
-3796
-3421
-2983
-3068
-3391
-3435
-3354
-3442
-3490
-3255
-2982
-3008
-3054
-2772
-2396
-2312
-2396
-2240
-1843
-1455
-1085
-588
-173
-136
-294
-109
575
1340
1788
1919
1939
1966
2064
2331
2733
3109
3365
3480
3445
3238
3001
3025
3443
3928
4004
3609
3117
2899
3005
3198
3271
3197
2984
2689
2432
2300
2220
2101
2026
2054
2043
1820
1474
1256
1193
1191
1228
1340
1377
1175
836
553
446
515
749
951
793
272
-127
-80
123
94
-60
-45
45
-108
-458
-588
-426
-273
-253
-254
-213
-240
-369
-402
-304
-163
-112
-92
-5
38
-56
-268
-363
-174
122
203
6
-266
-395
-372
-276
-188
-171
-299
-575
-784
-857
-868
-910
-995
-1101
-1303
-1586
-1756
-1802
-1863
-2001
-2162
-2307
-2447
-2560
-2631
-2769
-3006
-3101
-2964
-2886
-3186
-3532
-3446
-3117
-3120
-3502
-3635
-3370
-3169
-3258
-3297
-3101
-3010
-3136
-3101
-2693
-2288
-2192
-2197
-2023
-1720
-1387
-989
-560
-287
-117
241
794
1192
1278
1416
1858
2444
2872
3082
3172
3183
3257
3560
4068
4442
4446
4227
4063
4061
4154
4242
4272
4197
4012
3801
3579
3355
3152
3024
2952
2858
2663
2385
2031
1685
1527
1528
1548
1386
1096
848
668
546
511
560
571
492
369
203
-20
-190
-117
117
169
-92
-426
-555
-561
-610
-610
-518
-485
-657
-915
-1049
-1029
-948
-834
-743
-805
-972
-1021
-853
-682
-650
-670
-629
-528
-431
-295
-183
-219
-326
-285
-55
95
56
-25
-34
-10
-31
-12
-5
-113
-290
-373
-335
-395
-595
-775
-869
-1009
-1250
-1467
-1568
-1602
-1654
-1774
-2035
-2403
-2605
-2450
-2294
-2459
-2741
-2778
-2692
-2857
-3122
-3043
-2706
-2663
-2967
-3109
-2945
-2855
-2935
-2840
-2545
-2467
-2690
-2756
-2480
-2219
-2194
-2074
-1691
-1400
-1436
-1461
-1129
-661
-300
39
505
873
944
966
1242
1736
2238
2714
3143
3319
3161
3031
3299
3855
4354
4637
4696
4511
4136
3894
4034
4415
4621
4476
4087
3629
3252
3075
3147
3212
3066
2705
2281
1886
1573
1411
1384
1383
1287
1058
689
303
102
227
517
662
538
218
-180
-496
-415
78
501
308
-369
-841
-806
-534
-395
-391
-470
-673
-923
-1064
-1082
-1073
-1003
-821
-710
-901
-1220
-1337
-1180
-903
-633
-456
-536
-895
-1102
-778
-216
43
-82
-237
-300
-337
-257
39
333
269
-33
-184
-158
-174
-231
-195
-160
-335
-647
-841
-923
-1126
-1330
-1325
-1213
-1355
-1795
-2203
-2341
-2231
-2052
-2020
-2301
-2697
-2816
-2659
-2612
-2781
-2822
-2636
-2632
-2918
-3035
-2743
-2591
-2850
-2942
-2537
-2229
-2603
-2956
-2588
-1959
-1878
-2193
-2046
-1502
-1203
-1236
-1088
-611
-227
141
669
1108
1065
857
1277
2243
2987
3099
3026
3131
3308
3476
3836
4387
4736
4698
4485
4312
4194
4125
4243
4475
4429
4003
3452
3146
3031
2896
2731
2558
2331
1992
1609
1245
934
750
736
748
569
196
-175
-392
-411
-279
-74
-22
-246
-572
-771
-725
-540
-317
-197
-355
-730
-967
-862
-621
-553
-679
-774
-775
-797
-877
-929
-879
-797
-729
-682
-732
-846
-863
-648
-380
-268
-358
-466
-370
-89
215
317
232
130
154
339
511
622
614
483
334
316
479
532
362
117
31
54
-52
-249
-438
-589
-778
-967
-1038
-1074
-1210
-1482
-1753
-1938
-2002
-1987
-2086
-2316
-2515
-2486
-2498
-2885
-3343
-3250
-2676
-2496
-2999
-3517
-3487
-3216
-3095
-2949
-2681
-2670
-3091
-3374
-2989
-2327
-2020
-2096
-2122
-1972
-1745
-1353
-841
-415
-193
173
760
1084
957
959
1715
2781
3282
3093
2885
3108
3476
3807
4218
4662
4808
4486
4131
4056
4220
4393
4426
4311
3880
3299
2968
3036
3110
2797
2260
1884
1792
1664
1325
928
646
546
471
328
77
-222
-460
-578
-504
-401
-414
-584
-762
-757
-641
-566
-571
-544
-518
-573
-637
-591
-444
-436
-583
-677
-612
-502
-496
-488
-467
-494
-554
-560
-483
-447
-409
-290
-129
-83
-194
-240
-127
86
316
520
588
408
237
351
709
910
812
710
731
733
651
636
678
617
463
431
475
288
-106
-300
-189
-209
-575
-861
-830
-878
-1295
-1690
-1659
-1573
-1890
-2282
-2248
-2117
-2464
-3020
-3074
-2735
-2769
-3202
-3350
-3081
-3078
-3545
-3749
-3304
-2875
-3061
-3413
-3359
-3107
-3063
-3042
-2679
-2267
-2221
-2302
-2073
-1651
-1416
-1117
-392
445
692
350
258
870
1871
2663
3057
3068
2836
2721
3073
3856
4526
4709
4538
4310
4109
3977
4096
4457
4624
4260
3605
3200
3122
3019
2716
2412
2246
2036
1668
1246
893
588
352
333
414
222
-328
-865
-932
-646
-439
-544
-815
-994
-1011
-874
-705
-558
-452
-461
-575
-660
-569
-334
-224
-306
-401
-346
-304
-405
-484
-338
-61
-5
-144
-293
-319
-271
-131
149
386
361
75
-133
40
509
902
941
709
505
516
728
955
1100
1081
924
790
778
860
873
804
736
696
587
429
310
237
150
-22
-259
-509
-708
-745
-708
-854
-1276
-1741
-1963
-1971
-1881
-1776
-1836
-2393
-3218
-3465
-2883
-2272
-2496
-3247
-3671
-3655
-3600
-3543
-3211
-2943
-3234
-3783
-3897
-3543
-3272
-3180
-2978
-2745
-2832
-3012
-2778
-2238
-1893
-1745
-1295
-575
-149
-193
-231
136
802
1583
2255
2528
2320
2074
2395
3139
3725
3903
3949
4024
3963
3834
3841
4068
4208
4103
3916
3683
3412
3113
2931
2823
2662
2469
2238
1915
1417
991
931
1088
1028
577
19
-316
-339
-136
32
-98
-565
-933
-847
-458
-189
-269
-405
-454
-401
-317
-173
5
26
-91
-176
-32
168
158
-22
-118
63
338
438
321
182
164
174
252
509
816
812
445
168
311
749
1035
1037
909
717
570
586
849
1074
998
823
746
755
628
489
584
794
810
474
133
18
83
148
61
-196
-580
-850
-877
-818
-922
-1249
-1580
-1809
-1966
-2083
-2141
-2192
-2370
-2656
-2990
-3185
-3190
-3094
-3047
-3223
-3484
-3679
-3745
-3752
-3713
-3513
-3340
-3370
-3639
-3879
-3801
-3445
-2989
-2735
-2768
-2998
-3022
-2567
-1927
-1508
-1417
-1230
-704
-140
121
127
375
982
1652
2097
2270
2386
2463
2619
2896
3340
3809
4069
4071
3834
3589
3535
3788
4154
4251
3932
3402
3017
2899
2902
2873
2703
2383
1957
1576
1350
1235
1106
854
569
344
207
83
-50
-198
-334
-378
-362
-291
-264
-335
-378
-273
-40
93
15
-115
-24
256
426
395
285
275
316
357
458
582
642
535
429
478
550
553
534
671
812
769
601
524
666
816
913
942
935
833
682
701
908
1095
1033
821
691
719
802
818
767
703
602
480
331
233
162
91
-44
-269
-490
-714
-910
-1128
-1265
-1301
-1398
-1731
-2241
-2520
-2494
-2373
-2427
-2757
-3165
-3553
-3676
-3468
-3197
-3274
-3808
-4229
-4186
-3822
-3658
-3793
-3949
-4068
-4102
-4037
-3755
-3448
-3450
-3689
-3815
-3485
-2952
-2502
-2282
-2307
-2339
-2153
-1476
-550
126
178
-121
-99
526
1534
2294
2531
2426
2328
2545
3040
3648
4079
4232
4215
4121
4072
4026
4105
4318
4494
4398
3984
3552
3268
3167
3085
2965
2827
2519
2048
1552
1249
1168
1141
1085
856
510
89
-200
-158
60
202
52
-215
-373
-295
-55
167
311
300
206
127
202
462
676
749
656
563
549
562
638
740
895
885
700
499
442
560
668
757
807
771
581
328
287
517
832
953
813
550
331
351
601
907
985
778
517
385
418
517
636
678
521
243
25
-15
7
-54
-193
-393
-664
-1006
-1244
-1310
-1324
-1476
-1787
-2092
-2351
-2569
-2712
-2740
-2736
-2871
-3225
-3608
-3760
-3653
-3508
-3536
-3744
-3960
-4119
-4175
-4077
-3883
-3743
-3850
-4056
-4099
-3907
-3667
-3534
-3452
-3388
-3331
-3240
-2972
-2543
-2203
-2073
-2004
-1728
-1176
-523
2
242
254
331
831
1679
2396
2634
2548
2576
2875
3359
3850
4261
4504
4514
4402
4311
4368
4522
4710
4839
4701
4289
3808
3561
3566
3579
3401
3022
2607
2223
1943
1748
1596
1443
1200
922
633
409
268
162
81
21
20
0
-82
-131
-38
173
298
251
123
130
316
516
623
581
452
370
441
650
825
869
747
575
492
553
729
828
795
674
592
584
561
515
503
576
630
625
560
457
372
372
531
721
695
420
162
165
319
411
362
201
-16
-230
-315
-236
-138
-253
-591
-997
-1295
-1403
-1355
-1287
-1425
-1813
-2304
-2633
-2693
-2595
-2528
-2621
-2927
-3337
-3680
-3805
-3658
-3398
-3271
-3523
-4055
-4445
-4331
-3880
-3650
-3821
-4098
-4153
-4071
-3992
-3872
-3685
-3528
-3496
-3464
-3307
-3069
-2823
-2534
-2203
-1949
-1753
-1401
-759
-139
127
166
370
926
1611
2183
2512
2660
2808
3085
3514
3944
4276
4515
4706
4782
4689
4589
4639
4838
4990
4937
4653
4201
3785
3595
3630
3606
3307
2807
2307
1947
1718
1612
1526
1289
906
512
254
121
80
57
-22
-164
-303
-325
-281
-231
-165
20
178
94
-105
-140
141
448
509
403
256
165
186
397
712
787
534
234
215
411
568
623
633
579
423
283
269
383
508
593
596
454
251
160
288
495
613
579
438
240
79
107
259
361
240
-6
-221
-360
-399
-360
-334
-535
-920
-1274
-1407
-1378
-1377
-1492
-1741
-2099
-2458
-2589
-2508
-2437
-2593
-2887
-3145
-3373
-3527
-3515
-3328
-3202
-3356
-3698
-3961
-4011
-3876
-3641
-3478
-3557
-3887
-4166
-4095
-3723
-3337
-3186
-3284
-3466
-3499
-3243
-2705
-2146
-1887
-1952
-2018
-1667
-847
12
412
286
161
562
1430
2273
2676
2724
2712
2887
3331
3906
4400
4661
4692
4641
4573
4561
4681
4927
5084
4938
4603
4275
4058
3842
3655
3547
3401
3063
2546
2064
1804
1694
1592
1419
1125
717
312
136
184
240
122
-97
-277
-331
-296
-167
41
160
62
-155
-205
21
363
519
398
204
193
314
455
541
597
597
525
446
420
470
507
581
706
803
690
411
224
310
556
737
701
477
213
86
187
409
568
518
337
97
-52
-29
119
222
127
-139
-402
-559
-579
-510
-483
-670
-1081
-1435
-1550
-1524
-1552
-1620
-1735
-1995
-2441
-2782
-2724
-2465
-2465
-2831
-3217
-3421
-3472
-3457
-3347
-3286
-3443
-3720
-3837
-3763
-3768
-3872
-3827
-3604
-3549
-3807
-4057
-3930
-3505
-3177
-3130
-3262
-3313
-3126
-2668
-2152
-1868
-1824
-1761
-1363
-707
-108
225
357
499
840
1414
2038
2507
2787
2944
3077
3275
3668
4219
4691
4879
4762
4580
4520
4678
4944
5136
5054
4672
4265
4036
3920
3805
3663
3465
3135
2654
2220
1965
1848
1675
1459
1233
942
544
186
91
166
203
75
-141
-363
-555
-568
-283
71
159
-116
-443
-498
-225
172
430
364
59
-141
-18
307
530
583
525
443
330
304
421
634
783
816
746
555
341
304
587
889
897
586
287
210
335
499
629
635
440
183
54
145
246
217
67
-71
-223
-412
-575
-618
-580
-655
-926
-1252
-1462
-1576
-1649
-1688
-1674
-1773
-2118
-2553
-2717
-2563
-2437
-2610
-2930
-3167
-3325
-3487
-3508
-3299
-3204
-3489
-3932
-4023
-3766
-3596
-3683
-3795
-3773
-3785
-3891
-3840
-3564
-3322
-3293
-3325
-3228
-3042
-2820
-2510
-2096
-1821
-1735
-1523
-922
-196
171
152
202
672
1434
2107
2447
2509
2548
2808
3325
3880
4197
4350
4489
4639
4673
4563
4569
4779
5026
5009
4669
4247
3974
3887
3836
3713
3472
3133
2751
2385
2094
1911
1803
1654
1392
1028
644
374
272
287
285
131
-118
-339
-418
-326
-168
-41
-30
-118
-237
-290
-170
113
386
429
231
17
28
255
513
654
625
490
323
263
407
641
797
810
731
570
369
269
439
768
908
671
263
50
150
386
521
481
282
-7
-203
-131
61
96
-120
-354
-423
-463
-638
-822
-822
-762
-916
-1271
-1544
-1625
-1644
-1700
-1695
-1747
-2049
-2488
-2677
-2491
-2371
-2617
-2983
-3115
-3139
-3336
-3583
-3561
-3358
-3401
-3725
-3964
-3954
-3842
-3793
-3763
-3725
-3838
-3991
-3948
-3686
-3435
-3391
-3408
-3330
-3170
-2912
-2513
-2094
-1889
-1824
-1534
-835
-108
209
184
285
833
1610
2263
2582
2650
2693
2927
3410
3995
4436
4637
4646
4572
4554
4645
4861
5055
5092
4903
4588
4296
4083
3941
3828
3686
3454
3093
2637
2208
1938
1849
1751
1507
1113
727
426
224
107
56
16
-103
-318
-541
-660
-621
-411
-173
-93
-250
-430
-443
-254
32
287
420
338
128
48
239
532
730
799
803
696
508
468
746
1108
1226
1057
806
648
593
718
1006
1166
910
433
219
371
583
613
488
356
156
-60
-123
25
155
31
-241
-460
-538
-590
-635
-678
-759
-955
-1206
-1385
-1480
-1584
-1716
-1762
-1766
-1908
-2307
-2687
-2732
-2528
-2496
-2855
-3305
-3512
-3450
-3391
-3488
-3707
-3956
-4100
-4071
-3924
-3882
-4061
-4252
-4246
-4138
-4068
-4033
-3916
-3774
-3733
-3662
-3445
-3136
-2901
-2698
-2402
-1995
-1509
-973
-493
-274
-242
43
815
1759
2335
2417
2337
2436
2847
3498
4198
4615
4658
4535
4506
4608
4799
5108
5412
5451
5056
4540
4308
4392
4454
4281
3930
3531
3135
2789
2536
2328
2098
1828
1528
1186
827
533
369
278
161
-28
-221
-392
-501
-515
-440
-370
-346
-313
-288
-270
-240
-126
13
111
208
369
431
281
149
318
701
936
882
689
569
517
606
921
1267
1277
873
472
428
708
1022
1111
913
499
138
117
383
619
536
230
-47
-162
-125
-42
15
-44
-244
-483
-613
-594
-589
-692
-872
-1051
-1194
-1333
-1476
-1608
-1726
-1840
-1956
-2077
-2247
-2489
-2685
-2766
-2776
-2882
-3136
-3364
-3487
-3551
-3627
-3747
-3861
-3970
-4083
-4146
-4058
-3926
-3954
-4172
-4352
-4283
-4030
-3769
-3654
-3644
-3644
-3570
-3347
-2937
-2487
-2195
-2020
-1677
-1070
-453
-130
-69
161
778
1610
2257
2557
2605
2629
2857
3390
4087
4643
4891
4843
4678
4608
4814
5236
5575
5553
5203
4796
4545
4453
4429
4350
4102
3636
3126
2784
2547
2299
2024
1781
1521
1135
692
394
271
159
-7
-156
-309
-530
-714
-705
-549
-503
-573
-544
-407
-332
-379
-347
-129
75
133
158
298
392
371
367
515
746
894
911
809
706
683
874
1186
1316
1109
786
660
787
989
1091
1015
729
400
256
344
474
454
256
51
-69
-129
-161
-165
-183
-260
-396
-568
-731
-834
-877
-930
-1036
-1221
-1476
-1703
-1775
-1758
-1774
-1885
-2071
-2301
-2519
-2652
-2643
-2557
-2628
-2994
-3408
-3475
-3275
-3259
-3590
-3931
-3934
-3726
-3717
-3941
-4083
-3998
-3946
-4030
-4056
-3939
-3808
-3787
-3781
-3678
-3490
-3305
-3115
-2840
-2581
-2345
-1945
-1310
-686
-457
-462
-277
337
1178
1892
2289
2389
2357
2440
2948
3748
4453
4752
4713
4585
4557
4747
5126
5478
5612
5452
5079
4740
4574
4546
4536
4410
4068
3572
3095
2750
2514
2329
2122
1840
1462
999
578
353
324
293
31
-327
-579
-676
-684
-702
-696
-714
-679
-644
-526
-366
-379
-470
-367
35
332
286
75
41
262
537
704
795
823
714
604
716
990
1157
1170
1141
1078
898
713
812
1161
1384
1115
477
192
390
472
506
402
170
71
-99
-100
-111
-110
-195
-395
-515
-670
-722
-808
-910
-1125
-1289
-1365
-1421
-1572
-1720
-1821
-1939
-2002
-2141
-2241
-2420
-2644
-2801
-2748
-2698
-2927
-3304
-3475
-3415
-3407
-3528
-3703
-3737
-3745
-3736
-3780
-3800
-3821
-3914
-3881
-3728
-3594
-3633
-3704
-3649
-3455
-3203
-2994
-2782
-2576
-2378
-2171
-1776
-1095
-399
-35
-20
-87
227
1131
2077
2634
2627
2421
2490
2954
3745
4491
4881
4880
4655
4475
4636
5073
5521
5627
5375
4903
4550
4479
4457
4420
4229
3859
3371
2953
2633
2376
2139
1898
1663
1344
908
429
116
38
51
-100
-383
-717
-999
-1010
-857
-676
-671
-776
-785
-673
-521
-424
-309
-164
-53
-10
80
163
216
262
443
671
772
781
707
745
833
975
1164
1233
1102
879
781
913
1040
1045
986
816
606
358
343
494
558
426
147
-18
-37
-25
-33
-83
-236
-385
-519
-629
-738
-858
-920
-1003
-1195
-1423
-1539
-1596
-1608
-1712
-1909
-2105
-2301
-2376
-2413
-2533
-2743
-2943
-3074
-3170
-3310
-3361
-3337
-3429
-3666
-3887
-3860
-3716
-3642
-3772
-3881
-3929
-3999
-3944
-3775
-3609
-3612
-3726
-3754
-3607
-3381
-3074
-2810
-2649
-2522
-2327
-1948
-1434
-851
-358
-20
85
136
560
1364
2178
2625
2674
2632
2813
3296
4018
4714
5067
5029
4832
4777
5004
5408
5722
5829
5560
5104
4771
4647
4697
4649
4443
4050
3558
3100
2763
2515
2273
1980
1682
1390
948
462
115
-13
-78
-251
-482
-704
-945
-1131
-1148
-989
-823
-822
-834
-718
-587
-664
-738
-500
-72
172
21
-190
-123
208
529
682
745
781
796
792
850
1027
1267
1347
1188
926
807
932
1115
1197
1115
860
512
316
393
674
754
448
47
-110
-1
67
-7
-132
-266
-451
-632
-727
-749
-886
-1092
-1188
-1229
-1365
-1644
-1780
-1700
-1710
-1949
-2232
-2335
-2388
-2523
-2658
-2702
-2778
-3038
-3287
-3327
-3248
-3275
-3400
-3478
-3570
-3778
-3860
-3664
-3457
-3588
-3907
-3922
-3634
-3420
-3514
-3650
-3600
-3405
-3196
-2952
-2721
-2670
-2646
-2373
-1812
-1236
-818
-502
-174
41
167
504
1225
2061
2537
2559
2416
2540
3059
3837
4569
4938
4890
4636
4544
4799
5296
5677
5733
5459
5014
4654
4520
4586
4644
4469
3993
3420
2959
2718
2544
2288
1969
1635
1308
882
432
83
-89
-196
-347
-606
-917
-1185
-1325
-1221
-1010
-913
-1020
-1123
-979
-623
-438
-499
-569
-403
-66
129
170
172
312
471
591
786
1035
1238
1186
1051
1081
1313
1546
1511
1281
1040
983
1100
1210
1182
948
596
361
359
508
556
342
19
-190
-207
-162
-168
-332
-567
-764
-852
-853
-918
-1103
-1366
-1517
-1543
-1533
-1625
-1796
-1931
-2011
-2086
-2229
-2382
-2519
-2575
-2574
-2654
-2868
-3174
-3333
-3203
-2976
-2975
-3306
-3672
-3806
-3638
-3424
-3353
-3416
-3658
-3951
-4078
-3845
-3409
-3217
-3428
-3776
-3853
-3611
-3214
-2826
-2606
-2560
-2643
-2496
-2017
-1321
-649
-226
-77
-194
-97
542
1598
2439
2598
2405
2410
2852
3499
4154
4754
5141
5224
5033
4905
5119
5632
6103
6116
5692
5117
4851
4921
4996
4827
4382
3928
3559
3246
2934
2584
2211
1852
1555
1213
794
370
-6
-259
-489
-663
-806
-962
-1208
-1467
-1498
-1336
-1161
-1175
-1225
-1110
-866
-762
-866
-873
-581
-185
3
-29
-26
107
269
445
734
1073
1152
978
875
1119
1477
1554
1329
1069
1004
1082
1202
1245
1122
829
527
473
609
705
579
287
63
-38
-35
-68
-155
-305
-511
-658
-764
-807
-895
-1071
-1231
-1333
-1400
-1537
-1697
-1765
-1793
-1881
-2023
-2116
-2215
-2363
-2514
-2557
-2538
-2645
-2854
-3066
-3149
-3114
-3018
-2993
-3250
-3667
-3808
-3465
-3074
-3189
-3666
-3943
-3813
-3624
-3574
-3478
-3331
-3365
-3613
-3657
-3296
-2840
-2635
-2615
-2490
-2197
-1798
-1335
-843
-433
-193
16
344
840
1449
2059
2523
2660
2683
2941
3576
4317
4829
5084
5148
5094
5016
5199
5692
6073
5966
5452
4998
4844
4836
4804
4656
4357
3851
3294
2920
2716
2486
2094
1684
1329
948
478
45
-207
-369
-547
-775
-1037
-1307
-1529
-1540
-1396
-1264
-1292
-1473
-1586
-1403
-877
-420
-489
-1000
-1207
-620
247
563
262
-9
155
502
788
1093
1391
1425
1171
1037
1238
1526
1556
1403
1304
1236
1109
1008
1078
1119
946
681
544
537
445
273
127
74
-13
-210
-402
-569
-677
-760
-797
-846
-1034
-1320
-1518
-1504
-1460
-1588
-1833
-1987
-2006
-2069
-2201
-2289
-2322
-2390
-2585
-2708
-2727
-2767
-2871
-2930
-2908
-3016
-3219
-3295
-3167
-3123
-3346
-3566
-3471
-3224
-3278
-3596
-3769
-3603
-3315
-3245
-3353
-3461
-3416
-3208
-2945
-2737
-2679
-2624
-2402
-1952
-1407
-925
-590
-421
-276
76
742
1515
2047
2285
2418
2627
2931
3388
4074
4770
5159
5104
4933
4939
5212
5657
6050
6149
5775
5180
4795
4842
5061
5055
4698
4090
3474
3023
2838
2794
2551
2028
1408
971
722
477
169
-177
-482
-714
-865
-1033
-1277
-1511
-1575
-1419
-1269
-1331
-1556
-1636
-1307
-738
-429
-705
-1177
-1136
-421
343
507
193
-85
41
471
968
1309
1333
1141
1046
1225
1452
1501
1470
1489
1498
1361
1191
1176
1217
1203
1073
896
715
566
504
478
393
234
80
-96
-288
-442
-493
-525
-657
-841
-1008
-1201
-1466
-1624
-1543
-1460
-1664
-2047
-2280
-2322
-2357
-2400
-2373
-2418
-2734
-3152
-3257
-3004
-2777
-2891
-3270
-3613
-3695
-3478
-3289
-3427
-3784
-3914
-3726
-3618
-3806
-3979
-3840
-3625
-3610
-3726
-3702
-3584
-3515
-3355
-3012
-2702
-2658
-2734
-2485
-1826
-1013
-430
-269
-364
-310
320
1372
2247
2554
2547
2623
2906
3341
3933
4699
5329
5466
5177
4895
4965
5396
5965
6343
6199
5539
4790
4541
4825
5110
4944
4331
3622
3036
2649
2480
2430
2255
1746
1096
604
347
131
-129
-298
-384
-591
-1073
-1502
-1552
-1301
-1152
-1245
-1365
-1452
-1569
-1591
-1167
-474
-213
-743
-1344
-1113
-174
537
510
165
6
124
424
859
1252
1320
1111
1003
1135
1252
1191
1193
1390
1533
1378
1036
794
732
785
892
905
655
250
16
76
202
151
-44
-278
-519
-691
-720
-667
-733
-941
-1160
-1344
-1527
-1657
-1619
-1527
-1637
-1987
-2334
-2501
-2484
-2368
-2297
-2449
-2802
-3113
-3167
-3069
-3040
-3078
-3141
-3312
-3600
-3771
-3660
-3492
-3531
-3669
-3679
-3660
-3847
-4024
-3856
-3471
-3338
-3551
-3699
-3528
-3246
-3040
-2823
-2540
-2339
-2260
-1992
-1323
-527
-129
-206
-259
195
1099
2006
2540
2692
2685
2816
3224
3896
4666
5198
5364
5253
5117
5113
5334
5761
6177
6288
5908
5249
4747
4665
4855
4974
4729
4084
3294
2700
2472
2479
2394
2044
1463
814
305
71
48
-10
-257
-637
-992
-1246
-1348
-1288
-1148
-1129
-1284
-1414
-1400
-1305
-1147
-812
-411
-358
-759
-1038
-624
211
669
482
130
78
317
664
1028
1316
1347
1179
1052
1067
1125
1196
1359
1515
1436
1077
727
620
722
857
897
759
432
73
-57
111
313
229
-135
-482
-632
-614
-591
-650
-783
-970
-1188
-1389
-1497
-1484
-1428
-1508
-1759
-2057
-2248
-2282
-2238
-2211
-2291
-2527
-2843
-3090
-3136
-3014
-2907
-2999
-3319
-3676
-3831
-3688
-3460
-3433
-3644
-3881
-3937
-3872
-3849
-3876
-3856
-3764
-3715
-3756
-3721
-3503
-3255
-3151
-3060
-2766
-2356
-2088
-1857
-1308
-537
-141
-311
-392
282
1483
2355
2529
2389
2427
2816
3520
4358
4977
5181
5125
5167
5327
5423
5568
5950
6392
6339
5684
4990
4788
5005
5134
4922
4435
3786
3140
2723
2624
2608
2331
1737
1098
632
336
119
-84
-294
-528
-815
-1140
-1413
-1500
-1406
-1281
-1259
-1355
-1479
-1563
-1514
-1197
-652
-274
-469
-1041
-1249
-627
341
760
420
-111
-212
192
778
1214
1340
1167
907
837
1005
1223
1311
1330
1332
1242
982
689
630
801
966
918
648
298
74
98
285
391
202
-192
-537
-629
-538
-499
-600
-833
-1084
-1277
-1376
-1405
-1451
-1517
-1605
-1775
-2050
-2292
-2336
-2181
-2100
-2266
-2614
-2928
-3064
-3051
-2926
-2873
-3028
-3388
-3725
-3800
-3653
-3461
-3439
-3606
-3846
-3987
-3987
-3948
-3903
-3856
-3778
-3730
-3720
-3664
-3544
-3386
-3161
-2793
-2423
-2178
-1939
-1435
-738
-352
-398
-322
407
1502
2224
2317
2219
2435
3017
3752
4405
4852
5094
5207
5277
5380
5530
5762
6059
6259
6169
5789
5298
4953
4899
5001
4968
4540
3838
3160
2740
2575
2467
2252
1808
1154
458
38
-40
-26
-208
-627
-1043
-1312
-1444
-1445
-1306
-1165
-1206
-1411
-1552
-1487
-1250
-922
-554
-311
-423
-782
-885
-368
432
850
661
290
212
516
964
1331
1534
1542
1397
1206
1117
1207
1429
1633
1666
1433
1012
696
692
924
1106
1006
658
284
65
55
164
229
86
-239
-573
-768
-829
-834
-822
-882
-1100
-1482
-1824
-1871
-1673
-1572
-1762
-2159
-2510
-2640
-2597
-2482
-2461
-2633
-2973
-3322
-3477
-3397
-3245
-3266
-3518
-3802
-3947
-3990
-4022
-3993
-3885
-3875
-4065
-4289
-4311
-4209
-4156
-4104
-3936
-3755
-3741
-3766
-3569
-3161
-2844
-2653
-2300
-1639
-967
-690
-726
-596
50
1009
1811
2213
2323
2417
2686
3205
3898
4582
5092
5345
5363
5225
5152
5433
6036
6485
6363
5799
5302
5164
5194
5111
4860
4558
4223
3774
3237
2744
2416
2180
1896
1538
1130
654
119
-299
-433
-415
-550
-872
-1204
-1445
-1605
-1595
-1318
-998
-1046
-1447
-1673
-1428
-937
-544
-326
-259
-422
-677
-599
1
686
926
774
633
626
660
831
1323
1896
1998
1543
1005
879
1191
1659
1960
1844
1300
695
495
791
1219
1305
958
410
40
-3
154
303
247
-39
-419
-717
-831
-777
-699
-747
-1008
-1358
-1621
-1713
-1690
-1690
-1774
-1932
-2181
-2498
-2704
-2666
-2519
-2572
-2845
-3149
-3400
-3600
-3661
-3538
-3452
-3697
-4112
-4277
-4144
-4061
-4218
-4337
-4271
-4198
-4296
-4400
-4315
-4101
-3919
-3795
-3635
-3478
-3331
-3065
-2564
-1857
-1203
-885
-903
-933
-482
583
1799
2480
2358
1984
2123
2948
3979
4668
4942
4996
5011
5050
5191
5474
5823
6047
5994
5686
5313
5103
5040
4978
4776
4417
3967
3503
3089
2750
2476
2175
1798
1372
940
516
170
-3
-76
-242
-604
-975
-1156
-1162
-1129
-1116
-1126
-1185
-1240
-1192
-990
-831
-825
-774
-463
-71
12
-205
-277
60
512
717
709
783
959
997
883
927
1292
1741
1875
1554
1066
876
1190
1663
1796
1421
883
635
790
1040
1036
751
419
281
314
334
196
-36
-186
-231
-281
-439
-649
-770
-802
-852
-1052
-1316
-1528
-1659
-1722
-1800
-1957
-2214
-2478
-2613
-2610
-2654
-2871
-3232
-3536
-3620
-3543
-3536
-3800
-4191
-4438
-4478
-4428
-4375
-4347
-4452
-4732
-4934
-4742
-4311
-4149
-4388
-4562
-4242
-3681
-3376
-3386
-3328
-2909
-2145
-1274
-740
-815
-1142
-852
448
2028
2766
2445
1886
1975
2854
4023
4896
5234
5108
4842
4755
4985
5452
5923
6156
5954
5432
4922
4771
4917
4991
4717
4171
3641
3246
2919
2539
2154
1866
1635
1314
811
216
-238
-396
-301
-226
-450
-959
-1397
-1462
-1211
-969
-941
-1056
-1164
-1164
-1059
-866
-661
-488
-285
-32
98
-10
-131
86
631
1052
1040
852
812
932
1042
1174
1498
1807
1745
1318
968
1046
1436
1764
1756
1384
862
532
669
1081
1274
1023
509
168
165
315
370
294
169
0
-220
-376
-393
-327
-326
-469
-709
-986
-1165
-1203
-1140
-1156
-1440
-1912
-2254
-2244
-2073
-2123
-2508
-2958
-3235
-3323
-3383
-3504
-3658
-3863
-4131
-4431
-4665
-4693
-4576
-4508
-4641
-4916
-5086
-4988
-4738
-4562
-4530
-4490
-4325
-4046
-3749
-3527
-3310
-2873
-2062
-1193
-845
-1137
-1314
-538
1038
2352
2621
2159
1885
2374
3405
4397
4944
5062
5054
5093
5173
5263
5437
5778
6057
5936
5399
4840
4629
4701
4695
4409
3917
3408
2909
2440
2094
1851
1662
1393
961
387
-158
-456
-443
-328
-426
-762
-1116
-1275
-1239
-1131
-1028
-896
-777
-765
-834
-840
-683
-403
-53
344
608
480
35
-92
530
1439
1793
1396
922
920
1254
1491
1585
1722
1804
1637
1297
1137
1268
1500
1549
1331
974
648
591
794
969
837
430
107
86
208
196
1
-179
-208
-152
-174
-351
-574
-674
-605
-566
-709
-955
-1131
-1192
-1251
-1368
-1585
-1869
-2103
-2139
-2061
-2166
-2585
-3059
-3238
-3151
-3151
-3413
-3800
-4092
-4199
-4269
-4393
-4547
-4669
-4754
-4826
-4845
-4813
-4782
-4781
-4782
-4715
-4536
-4267
-3988
-3812
-3708
-3508
-3004
-2209
-1473
-1118
-1118
-1114
-633
446
1670
2395
2399
2145
2301
2990
3834
4484
4891
5184
5358
5310
5132
5170
5543
5972
6054
5733
5265
4901
4695
4562
4435
4160
3705
3190
2749
2353
1948
1631
1451
1219
727
77
-372
-482
-472
-554
-748
-974
-1205
-1423
-1494
-1325
-1036
-851
-879
-990
-1032
-924
-670
-292
107
320
276
111
72
290
760
1223
1406
1294
1119
1108
1207
1308
1447
1694
1901
1766
1318
950
980
1337
1647
1576
1115
591
381
585
932
1044
799
389
68
-6
86
219
278
203
-11
-263
-372
-295
-161
-195
-415
-667
-802
-838
-863
-975
-1161
-1359
-1550
-1702
-1851
-2004
-2194
-2396
-2537
-2646
-2844
-3137
-3382
-3480
-3599
-3901
-4204
-4252
-4111
-4160
-4513
-4825
-4821
-4617
-4510
-4594
-4715
-4747
-4616
-4372
-4077
-3853
-3781
-3762
-3593
-3150
-2483
-1751
-1149
-884
-965
-954
-337
884
2027
2476
2347
2201
2421
3004
3814
4689
5296
5368
4983
4630
4742
5304
5944
6225
5964
5330
4745
4483
4594
4747
4637
4174
3513
2924
2520
2327
2229
2057
1628
1002
448
169
65
-79
-295
-492
-708
-985
-1215
-1278
-1177
-1039
-985
-1004
-1020
-997
-910
-749
-543
-377
-224
-40
176
243
82
36
459
1182
1539
1227
689
524
899
1498
1925
1952
1575
1084
878
1131
1546
1722
1561
1220
908
742
755
949
1139
1062
675
225
77
269
516
542
303
-55
-337
-395
-225
-69
-142
-431
-749
-938
-1015
-1031
-1042
-1120
-1325
-1620
-1932
-2143
-2173
-2105
-2139
-2448
-2882
-3148
-3162
-3130
-3246
-3466
-3692
-3881
-4022
-4057
-3985
-3973
-4132
-4401
-4546
-4450
-4223
-4051
-4048
-4199
-4334
-4232
-3832
-3392
-3256
-3349
-3252
-2723
-2027
-1477
-1121
-859
-668
-417
140
1026
1883
2314
2362
2385
2659
3186
3890
4609
5087
5166
4969
4823
4962
5338
5771
5982
5772
5219
4697
4535
4681
4763
4470
3915
3374
2987
2683
2390
2084
1778
1389
970
582
248
-75
-460
-723
-793
-813
-1012
-1358
-1596
-1559
-1413
-1322
-1288
-1280
-1304
-1337
-1221
-917
-620
-494
-422
-247
-104
-165
-140
311
972
1155
763
441
665
1178
1490
1577
1589
1529
1321
1184
1332
1608
1699
1521
1291
1099
975
982
1112
1225
1114
809
514
405
491
634
645
439
121
-127
-171
-104
-69
-163
-352
-587
-777
-875
-898
-969
-1190
-1433
-1590
-1669
-1852
-2137
-2323
-2363
-2434
-2668
-2970
-3126
-3158
-3209
-3375
-3590
-3705
-3743
-3828
-3979
-4068
-4083
-4123
-4226
-4222
-4086
-4005
-4163
-4386
-4347
-4011
-3638
-3460
-3450
-3461
-3284
-2868
-2321
-1776
-1351
-1033
-798
-594
-187
535
1352
1869
2025
2086
2338
2831
3447
4100
4634
4852
4762
4665
4768
5056
5357
5579
5642
5410
4876
4395
4295
4469
4498
4175
3677
3224
2829
2435
2146
1960
1736
1296
802
427
143
-137
-375
-489
-580
-768
-1042
-1228
-1276
-1193
-1084
-1000
-988
-1075
-1134
-1059
-848
-594
-335
-85
-4
-205
-433
-168
599
1150
1013
563
509
846
1143
1285
1527
1801
1704
1287
1068
1322
1711
1801
1625
1368
1076
846
874
1192
1398
1196
703
354
364
544
675
651
423
20
-336
-408
-241
-131
-297
-628
-916
-1100
-1184
-1236
-1266
-1397
-1637
-1922
-2165
-2293
-2330
-2363
-2519
-2772
-2989
-3058
-3129
-3327
-3547
-3593
-3494
-3509
-3763
-4070
-4163
-4019
-3909
-4022
-4173
-4195
-4104
-4111
-4258
-4318
-4127
-3794
-3568
-3508
-3507
-3423
-3105
-2505
-1746
-1132
-941
-1092
-1059
-415
708
1672
2016
1923
1871
2162
2713
3413
4160
4775
5001
4806
4531
4574
5012
5583
5912
5763
5273
4757
4486
4498
4584
4476
4091
3553
3066
2663
2351
2108
1866
1544
1105
642
250
-36
-275
-465
-586
-663
-843
-1127
-1375
-1423
-1249
-1023
-929
-1002
-1094
-1090
-923
-625
-263
19
98
2
-80
38
432
962
1327
1309
1052
932
1068
1358
1701
2065
2244
1941
1371
1181
1606
2107
2103
1673
1293
1151
1077
1050
1133
1211
1036
664
388
349
439
474
446
310
32
-307
-487
-387
-253
-369
-730
-1124
-1350
-1425
-1451
-1508
-1632
-1833
-2124
-2412
-2583
-2567
-2494
-2557
-2873
-3281
-3540
-3553
-3393
-3338
-3600
-4094
-4409
-4312
-4030
-3982
-4208
-4412
-4421
-4400
-4472
-4513
-4432
-4300
-4151
-3982
-3914
-3937
-3876
-3496
-2915
-2407
-1972
-1498
-1135
-1097
-1088
-471
789
1894
2184
1884
1724
2075
2863
3774
4536
4868
4735
4491
4497
4844
5292
5634
5760
5563
5111
4706
4605
4686
4625
4327
3894
3434
2974
2587
2348
2161
1862
1426
1002
635
279
-31
-194
-252
-344
-585
-908
-1125
-1161
-1034
-880
-833
-889
-976
-981
-828
-541
-253
-113
-92
-23
148
294
399
578
898
1207
1310
1242
1181
1190
1276
1484
1765
1947
1803
1416
1137
1232
1574
1783
1624
1196
827
714
833
958
940
759
471
200
71
120
218
198
29
-126
-199
-292
-445
-556
-557
-609
-859
-1166
-1320
-1323
-1380
-1566
-1775
-1968
-2146
-2270
-2279
-2323
-2551
-2876
-3096
-3104
-3085
-3200
-3495
-3853
-4060
-4029
-3895
-3933
-4166
-4387
-4439
-4395
-4365
-4355
-4345
-4381
-4455
-4390
-4080
-3736
-3649
-3740
-3651
-3165
-2440
-1774
-1334
-1182
-1189
-1001
-247
938
1898
2144
1928
1966
2496
3255
3903
4384
4790
5072
5165
5100
5079
5257
5601
5911
5941
5611
5123
4713
4549
4528
4407
4070
3557
3013
2529
2197
1993
1839
1508
948
330
-80
-205
-252
-387
-661
-941
-1149
-1268
-1285
-1228
-1169
-1132
-1072
-950
-861
-842
-801
-609
-270
39
196
206
147
163
451
986
1422
1418
1134
1025
1230
1500
1638
1775
1956
1914
1549
1220
1328
1763
2041
1847
1330
874
773
1040
1337
1299
897
461
265
312
381
383
347
229
-8
-262
-367
-301
-240
-358
-609
-896
-1089
-1118
-1072
-1122
-1381
-1745
-1968
-1962
-1934
-2091
-2375
-2587
-2686
-2813
-3057
-3291
-3386
-3418
-3600
-3948
-4242
-4319
-4267
-4237
-4279
-4425
-4640
-4792
-4736
-4526
-4437
-4507
-4496
-4305
-4172
-4202
-4094
-3663
-3137
-2854
-2674
-2243
-1593
-1098
-934
-784
-244
658
1504
1963
2048
2069
2345
2961
3711
4329
4700
4907
4968
4938
4959
5194
5617
5904
5842
5475
5082
4824
4720
4649
4470
4143
3705
3261
2845
2482
2175
1907
1626
1236
775
332
-9
-250
-401
-518
-679
-908
-1199
-1404
-1435
-1283
-1103
-1054
-1110
-1135
-1059
-925
-787
-586
-300
-37
79
29
-33
91
525
1090
1421
1248
811
651
1028
1672
2068
2003
1622
1229
1131
1430
1868
2056
1781
1265
891
860
1083
1321
1311
971
501
244
331
534
589
388
100
-155
-304
-302
-237
-283
-497
-735
-894
-1008
-1117
-1186
-1192
-1261
-1510
-1834
-2057
-2118
-2089
-2091
-2219
-2534
-2962
-3242
-3214
-3007
-2977
-3300
-3802
-4103
-4050
-3847
-3797
-4020
-4308
-4440
-4396
-4318
-4286
-4236
-4192
-4200
-4241
-4205
-4000
-3692
-3415
-3245
-3114
-2885
-2377
-1645
-1047
-892
-1014
-807
25
1125
1844
2019
1967
2083
2484
3083
3766
4410
4869
5056
4972
4789
4804
5204
5799
6054
5744
5111
4699
4682
4805
4735
4360
3865
3431
3140
2899
2570
2140
1752
1480
1215
816
329
-102
-338
-405
-445
-592
-900
-1243
-1437
-1347
-1103
-936
-965
-1098
-1183
-1134
-917
-591
-282
-145
-155
-164
-72
158
498
858
1090
1087
952
954
1173
1451
1688
1878
1931
1772
1476
1302
1471
1836
2030
1787
1293
896
830
1038
1227
1182
871
511
285
275
360
361
201
-49
-266
-420
-507
-550
-573
-662
-854
-1068
-1221
-1285
-1332
-1424
-1526
-1644
-1823
-2073
-2284
-2358
-2359
-2379
-2497
-2744
-3064
-3326
-3316
-3103
-3049
-3401
-3938
-4187
-4014
-3739
-3757
-4078
-4405
-4488
-4332
-4137
-4131
-4300
-4450
-4380
-4122
-3876
-3774
-3779
-3688
-3385
-2934
-2438
-1965
-1551
-1302
-1221
-981
-291
755
1558
1773
1637
1695
2217
3010
3790
4355
4657
4703
4695
4826
5145
5495
5718
5785
5698
5445
5129
4903
4848
4809
4589
4221
3800
3427
3067
2738
2435
2147
1767
1331
920
543
216
-57
-202
-318
-541
-878
-1126
-1162
-1090
-1106
-1215
-1241
-1151
-1058
-1066
-1079
-941
-670
-334
-82
-37
-222
-372
-48
683
1233
1142
713
557
818
1220
1572
1874
2001
1725
1254
1131
1514
1972
2044
1738
1303
962
829
975
1295
1414
1098
567
246
267
437
549
474
229
-129
-432
-506
-397
-298
-392
-675
-969
-1152
-1235
-1208
-1157
-1165
-1376
-1751
-2107
-2250
-2155
-2020
-2020
-2270
-2649
-2974
-3054
-2952
-2877
-2958
-3159
-3405
-3672
-3881
-3852
-3639
-3591
-3859
-4155
-4146
-3991
-4022
-4194
-4169
-3970
-3848
-3807
-3675
-3492
-3474
-3497
-3158
-2471
-1817
-1442
-1225
-1034
-924
-696
44
1169
1940
1988
1727
1849
2440
3176
3845
4383
4660
4588
4441
4549
4931
5310
5508
5508
5329
4956
4590
4463
4568
4590
4330
3908
3484
3108
2697
2350
2162
2035
1749
1259
731
377
181
23
-119
-227
-363
-660
-976
-1131
-1090
-976
-908
-900
-970
-1127
-1224
-1035
-633
-334
-308
-388
-380
-303
-180
65
395
617
623
544
549
600
698
979
1393
1602
1376
1007
907
1127
1406
1548
1491
1253
927
748
905
1194
1270
1013
676
513
534
612
640
582
398
110
-145
-222
-163
-158
-328
-607
-831
-967
-1068
-1152
-1222
-1337
-1590
-1928
-2174
-2225
-2171
-2163
-2288
-2555
-2885
-3109
-3119
-2976
-2889
-3016
-3276
-3509
-3619
-3637
-3586
-3516
-3537
-3678
-3820
-3828
-3764
-3766
-3838
-3850
-3729
-3565
-3476
-3505
-3544
-3466
-3209
-2788
-2433
-2230
-2109
-1815
-1290
-767
-474
-383
-140
486
1316
1913
2099
2079
2271
2805
3540
4211
4621
4726
4652
4691
4991
5413
5678
5681
5525
5374
5221
5101
5012
4906
4709
4387
4035
3696
3319
2889
2508
2228
1987
1605
1106
624
262
1
-223
-393
-593
-861
-1175
-1387
-1402
-1332
-1355
-1498
-1583
-1498
-1319
-1195
-1167
-1117
-922
-608
-351
-260
-335
-354
-54
521
942
881
575
517
888
1346
1586
1613
1543
1404
1243
1282
1583
1829
1716
1331
998
910
1033
1238
1322
1107
678
364
379
548
547
335
80
-123
-316
-470
-488
-439
-497
-707
-958
-1129
-1210
-1241
-1255
-1295
-1447
-1729
-2002
-2109
-2054
-1982
-2024
-2253
-2572
-2848
-2896
-2673
-2453
-2602
-3187
-3701
-3662
-3243
-3097
-3445
-3859
-3954
-3862
-3847
-3849
-3814
-3899
-4142
-4238
-3948
-3603
-3624
-3807
-3693
-3303
-3024
-2931
-2705
-2229
-1694
-1261
-961
-780
-663
-316
499
1479
2036
2050
1950
2201
2863
3681
4396
4825
4880
4719
4686
4943
5402
5814
5965
5773
5395
5086
5007
5059
5019
4829
4505
4109
3653
3218
2882
2622
2386
2102
1685
1154
607
260
122
45
-103
-422
-849
-1252
-1401
-1288
-1119
-1168
-1394
-1546
-1524
-1400
-1250
-1092
-983
-910
-778
-560
-449
-540
-530
-106
490
742
529
276
379
763
1162
1489
1625
1485
1188
1020
1207
1581
1834
1742
1387
1038
946
1129
1345
1354
1147
839
578
455
468
482
347
92
-154
-317
-494
-692
-809
-828
-903
-1124
-1399
-1593
-1711
-1784
-1811
-1863
-2048
-2368
-2588
-2563
-2422
-2430
-2625
-2864
-2993
-2989
-2903
-2833
-2917
-3176
-3413
-3417
-3224
-3069
-3199
-3500
-3701
-3631
-3386
-3227
-3329
-3637
-3831
-3708
-3373
-3120
-3152
-3330
-3376
-3149
-2767
-2392
-2086
-1815
-1528
-1207
-904
-668
-378
142
870
1498
1784
1817
1992
2493
3163
3756
4229
4625
4856
4887
4872
5088
5537
5951
6036
5793
5445
5234
5226
5294
5241
4964
4508
4012
3645
3417
3186
2801
2298
1852
1517
1107
610
211
39
-114
-460
-910
-1229
-1365
-1437
-1493
-1557
-1665
-1806
-1795
-1622
-1477
-1497
-1527
-1342
-996
-742
-625
-577
-584
-496
-116
435
708
557
384
625
1083
1373
1498
1610
1628
1435
1266
1446
1838
1979
1706
1306
1101
1111
1282
1432
1372
1047
651
477
509
521
396
150
-120
-334
-479
-592
-742
-876
-988
-1141
-1377
-1611
-1701
-1724
-1814
-1977
-2116
-2293
-2549
-2666
-2546
-2409
-2553
-2869
-3028
-3039
-3086
-3080
-2873
-2775
-3179
-3762
-3812
-3338
-3039
-3288
-3638
-3704
-3636
-3647
-3621
-3471
-3443
-3597
-3639
-3399
-3219
-3323
-3429
-3199
-2743
-2415
-2218
-1973
-1613
-1260
-952
-597
-204
203
632
1125
1609
1957
2206
2474
2916
3534
4133
4544
4749
4895
5064
5250
5449
5719
5958
5968
5757
5540
5481
5434
5240
4988
4789
4531
4103
3660
3327
3011
2577
2147
1853
1526
968
368
67
-10
-205
-626
-1027
-1285
-1485
-1645
-1674
-1615
-1682
-1861
-1920
-1757
-1599
-1578
-1538
-1334
-1042
-781
-601
-519
-531
-454
-70
467
765
681
552
730
1120
1431
1594
1625
1534
1391
1373
1559
1720
1647
1396
1150
996
965
1028
1055
883
561
314
212
137
-38
-260
-407
-553
-746
-907
-1040
-1190
-1388
-1497
-1510
-1567
-1744
-1951
-2069
-2127
-2175
-2218
-2309
-2461
-2577
-2610
-2570
-2595
-2665
-2747
-2849
-2918
-2882
-2764
-2872
-3218
-3426
-3255
-3033
-3179
-3520
-3582
-3388
-3333
-3448
-3486
-3400
-3410
-3472
-3323
-3052
-3019
-3191
-3157
-2773
-2345
-2103
-1800
-1315
-880
-708
-655
-329
362
1173
1777
2020
2026
2154
2623
3328
4011
4533
4869
4996
5000
5059
5357
5777
6100
6219
6063
5705
5380
5341
5543
5557
5144
4548
4118
3877
3613
3265
2861
2417
1949
1578
1280
848
276
-163
-282
-337
-625
-1080
-1450
-1655
-1742
-1686
-1571
-1611
-1869
-2068
-1907
-1560
-1379
-1427
-1462
-1284
-911
-534
-350
-389
-483
-325
143
653
887
798
635
683
1041
1520
1765
1641
1362
1292
1464
1645
1701
1597
1381
1115
1018
1147
1277
1094
708
486
482
447
214
-48
-233
-415
-648
-809
-860
-1011
-1327
-1592
-1617
-1554
-1683
-1985
-2220
-2248
-2235
-2345
-2512
-2656
-2743
-2831
-2874
-2796
-2740
-2861
-3093
-3158
-2959
-2813
-2997
-3297
-3357
-3202
-3171
-3389
-3551
-3467
-3323
-3357
-3499
-3536
-3462
-3382
-3354
-3328
-3316
-3278
-3177
-2965
-2745
-2627
-2472
-2089
-1442
-896
-700
-730
-566
31
859
1572
1980
2158
2266
2519
3050
3821
4581
5085
5282
5250
5169
5280
5708
6292
6609
6391
5839
5464
5449
5570
5570
5289
4823
4331
3906
3538
3185
2814
2433
2029
1584
1101
616
175
-166
-396
-577
-832
-1179
-1511
-1749
-1845
-1813
-1708
-1686
-1845
-2027
-1941
-1586
-1287
-1305
-1428
-1311
-881
-417
-196
-263
-455
-350
217
882
1046
690
439
755
1328
1588
1492
1341
1308
1312
1358
1485
1558
1393
1106
958
972
970
883
769
658
490
300
166
77
-19
-178
-390
-606
-782
-885
-965
-1129
-1318
-1426
-1456
-1574
-1781
-1902
-1893
-1913
-2080
-2255
-2348
-2428
-2564
-2642
-2571
-2470
-2559
-2801
-2956
-2929
-2825
-2794
-2882
-3024
-3171
-3281
-3296
-3242
-3213
-3249
-3300
-3298
-3271
-3329
-3395
-3354
-3196
-3058
-3036
-3050
-2983
-2834
-2645
-2371
-1988
-1539
-1140
-846
-661
-494
-166
439
1161
1697
1925
2066
2354
2784
3289
3878
4506
4968
5127
5086
5122
5370
5755
6074
6169
5991
5621
5319
5291
5403
5346
4962
4446
4029
3707
3370
2975
2583
2177
1725
1238
815
421
-12
-440
-708
-823
-1014
-1418
-1847
-2002
-1921
-1861
-2019
-2175
-2126
-1942
-1816
-1773
-1669
-1534
-1410
-1208
-798
-379
-334
-608
-579
65
736
798
477
461
881
1217
1258
1317
1521
1552
1284
1128
1336
1580
1480
1185
1022
935
756
616
704
822
623
222
-24
-19
-5
-151
-351
-509
-690
-894
-1010
-1033
-1091
-1273
-1467
-1542
-1512
-1555
-1735
-1929
-1977
-1953
-2035
-2220
-2380
-2408
-2401
-2464
-2558
-2633
-2707
-2789
-2803
-2753
-2809
-3024
-3229
-3235
-3135
-3155
-3289
-3358
-3305
-3226
-3235
-3326
-3373
-3290
-3094
-2945
-2965
-3077
-3018
-2714
-2371
-2178
-2086
-1877
-1462
-910
-425
-115
-10
86
476
1147
1839
2282
2497
2630
2832
3208
3789
4473
4959
5128
5086
5068
5188
5407
5674
5845
5744
5433
5190
5138
5086
4834
4510
4305
4118
3722
3159
2692
2410
2138
1793
1410
982
451
-70
-345
-404
-533
-882
-1322
-1631
-1749
-1786
-1777
-1802
-1919
-2057
-2040
-1838
-1666
-1658
-1711
-1632
-1362
-991
-687
-610
-723
-696
-279
268
489
357
306
591
954
1141
1190
1261
1290
1220
1232
1436
1610
1528
1257
1050
1045
1081
1077
1005
872
679
470
338
260
161
-7
-224
-420
-572
-723
-886
-1059
-1173
-1241
-1299
-1393
-1491
-1571
-1675
-1809
-1887
-1874
-1888
-2011
-2158
-2209
-2190
-2163
-2181
-2225
-2272
-2283
-2256
-2224
-2287
-2462
-2658
-2755
-2708
-2644
-2733
-2964
-3126
-3058
-2918
-2960
-3146
-3222
-3098
-3052
-3178
-3224
-3000
-2718
-2711
-2829
-2677
-2251
-1823
-1446
-971
-512
-390
-493
-300
485
1479
2143
2329
2317
2373
2742
3487
4366
5003
5194
5108
5013
5071
5304
5718
6077
6084
5696
5246
5014
5006
5010
4888
4615
4176
3639
3134
2781
2507
2253
1925
1461
876
314
-65
-214
-319
-581
-935
-1239
-1457
-1625
-1738
-1763
-1685
-1660
-1743
-1856
-1862
-1725
-1528
-1324
-1170
-1084
-1058
-974
-672
-251
0
-36
-114
57
424
713
798
832
937
1094
1153
1113
1093
1225
1426
1501
1350
1084
957
1019
1157
1186
1079
841
568
402
402
439
294
-14
-303
-484
-619
-757
-859
-951
-1114
-1297
-1420
-1480
-1584
-1726
-1817
-1846
-1915
-2045
-2146
-2190
-2246
-2299
-2289
-2238
-2228
-2258
-2256
-2223
-2176
-2198
-2288
-2391
-2415
-2349
-2343
-2549
-2814
-2845
-2601
-2418
-2601
-2965
-3118
-2910
-2662
-2681
-2918
-3079
-3015
-2805
-2645
-2580
-2539
-2427
-2157
-1729
-1205
-815
-686
-691
-459
167
948
1559
1868
2004
2154
2494
3094
3821
4442
4775
4868
4849
4858
5082
5519
5903
5894
5535
5183
5070
5091
5046
4857
4558
4104
3591
3195
2923
2633
2191
1717
1269
800
314
-55
-253
-458
-823
-1209
-1466
-1620
-1754
-1874
-1903
-1905
-1980
-2074
-2036
-1853
-1666
-1568
-1475
-1307
-1119
-947
-711
-402
-127
-40
-67
65
428
800
933
873
881
1052
1243
1348
1385
1402
1384
1313
1297
1376
1392
1242
1012
934
1001
992
813
581
458
393
278
89
-75
-201
-350
-516
-650
-760
-895
-1078
-1200
-1189
-1209
-1366
-1599
-1703
-1668
-1677
-1801
-1946
-2030
-2102
-2177
-2177
-2077
-2045
-2197
-2384
-2379
-2213
-2136
-2245
-2395
-2461
-2514
-2617
-2696
-2683
-2661
-2730
-2810
-2814
-2797
-2872
-2955
-2890
-2746
-2753
-2914
-2946
-2738
-2515
-2478
-2491
-2345
-2021
-1626
-1192
-788
-588
-620
-524
62
912
1532
1728
1771
1978
2360
2881
3512
4158
4574
4610
4534
4627
4947
5345
5635
5722
5529
5225
5006
5013
5121
5009
4644
4202
3882
3595
3211
2765
2389
2112
1757
1253
727
311
-21
-312
-571
-791
-1051
-1403
-1713
-1841
-1849
-1861
-1891
-1893
-1907
-1983
-2004
-1837
-1514
-1283
-1223
-1189
-986
-646
-391
-297
-233
24
408
667
684
661
809
1068
1236
1287
1291
1258
1208
1238
1381
1440
1249
955
847
959
1017
833
564
375
248
142
40
-67
-253
-501
-668
-727
-801
-986
-1196
-1284
-1279
-1332
-1498
-1669
-1704
-1652
-1680
-1840
-1989
-2020
-1996
-2007
-2034
-2023
-2068
-2197
-2258
-2092
-1890
-1932
-2158
-2320
-2292
-2240
-2274
-2333
-2358
-2440
-2592
-2693
-2637
-2490
-2428
-2522
-2686
-2762
-2724
-2643
-2606
-2564
-2445
-2338
-2336
-2378
-2246
-1833
-1318
-901
-688
-664
-683
-458
190
1027
1579
1702
1717
1926
2330
2817
3419
4084
4526
4527
4296
4306
4706
5250
5589
5564
5302
4992
4825
4846
4915
4824
4497
4074
3672
3323
2947
2580
2269
2010
1676
1169
577
66
-209
-312
-443
-752
-1225
-1670
-1877
-1854
-1799
-1829
-1911
-2009
-2068
-2048
-1902
-1688
-1511
-1378
-1233
-1054
-909
-740
-498
-205
15
203
451
650
654
650
988
1483
1646
1353
1106
1245
1525
1643
1630
1587
1426
1131
945
1033
1189
1122
840
575
382
223
114
61
-14
-201
-445
-670
-868
-1000
-1060
-1072
-1120
-1290
-1513
-1665
-1663
-1595
-1606
-1744
-1907
-1973
-1972
-2020
-2112
-2100
-2054
-2084
-2162
-2182
-2114
-2129
-2235
-2283
-2242
-2276
-2456
-2567
-2523
-2486
-2578
-2710
-2731
-2687
-2710
-2748
-2705
-2679
-2730
-2757
-2684
-2563
-2507
-2437
-2239
-2016
-1878
-1748
-1442
-947
-521
-365
-324
-98
445
1112
1615
1884
2039
2235
2538
3008
3616
4169
4413
4365
4298
4467
4832
5174
5323
5245
5034
4825
4756
4764
4694
4459
4118
3778
3449
3103
2754
2439
2162
1833
1379
882
451
133
-110
-319
-543
-850
-1246
-1577
-1712
-1701
-1700
-1802
-1909
-1960
-1963
-1925
-1812
-1650
-1523
-1409
-1277
-1116
-927
-668
-384
-235
-237
-146
215
632
759
679
775
1056
1196
1134
1150
1337
1459
1374
1285
1316
1283
1078
939
992
1027
862
595
437
358
243
78
-51
-180
-385
-614
-768
-830
-910
-1020
-1147
-1277
-1399
-1505
-1550
-1565
-1576
-1586
-1647
-1771
-1873
-1906
-1880
-1865
-1852
-1850
-1890
-1949
-1984
-1978
-1997
-2026
-2032
-2051
-2123
-2247
-2362
-2444
-2508
-2493
-2416
-2402
-2582
-2814
-2854
-2677
-2509
-2502
-2573
-2611
-2573
-2459
-2245
-2053
-1924
-1763
-1418
-980
-680
-545
-421
-103
408
985
1484
1800
1937
2076
2385
2875
3410
3880
4206
4301
4216
4230
4490
4863
5089
5049
4880
4646
4424
4314
4311
4261
4010
3592
3205
2885
2559
2241
1997
1746
1355
848
392
114
-100
-324
-543
-746
-1007
-1303
-1507
-1562
-1514
-1513
-1596
-1704
-1751
-1691
-1539
-1321
-1164
-1154
-1202
-1073
-694
-288
-116
-202
-273
-120
225
549
720
756
775
847
935
1015
1093
1195
1267
1252
1160
1093
1062
1015
949
904
857
759
607
483
401
283
142
31
-66
-230
-440
-565
-617
-723
-872
-995
-1069
-1196
-1357
-1410
-1365
-1400
-1568
-1710
-1736
-1740
-1776
-1794
-1825
-1930
-2093
-2123
-2028
-1938
-1938
-1999
-2111
-2280
-2368
-2263
-2101
-2141
-2381
-2585
-2614
-2563
-2500
-2421
-2429
-2614
-2816
-2806
-2558
-2362
-2358
-2441
-2434
-2325
-2168
-1931
-1699
-1456
-1154
-756
-474
-413
-374
-37
645
1329
1715
1834
1901
2080
2475
3029
3603
4000
4179
4166
4114
4185
4478
4858
5076
4987
4673
4403
4257
4263
4300
4169
3799
3336
2967
2677
2362
2055
1810
1561
1165
686
270
-30
-290
-489
-565
-669
-996
-1460
-1694
-1608
-1459
-1464
-1552
-1617
-1643
-1653
-1546
-1314
-1128
-1089
-1056
-843
-536
-367
-409
-436
-242
132
417
482
413
384
487
675
879
1016
1001
850
716
780
944
975
854
706
644
600
533
483
475
392
185
-3
-58
-67
-164
-340
-480
-528
-600
-735
-865
-918
-950
-1031
-1134
-1199
-1243
-1316
-1436
-1488
-1478
-1491
-1546
-1625
-1662
-1717
-1798
-1842
-1783
-1706
-1725
-1849
-1967
-2043
-2074
-2020
-1934
-1926
-2097
-2336
-2428
-2327
-2194
-2142
-2208
-2368
-2531
-2527
-2338
-2112
-2051
-2144
-2166
-2061
-1907
-1784
-1566
-1205
-841
-626
-550
-486
-292
91
644
1210
1575
1686
1693
1871
2293
2859
3372
3653
3718
3667
3675
3844
4163
4485
4596
4421
4082
3895
3973
4106
4000
3639
3249
2968
2771
2539
2267
1973
1645
1303
1025
772
465
101
-222
-385
-450
-604
-879
-1145
-1279
-1294
-1289
-1296
-1330
-1343
-1339
-1309
-1227
-1098
-978
-892
-766
-564
-364
-292
-314
-231
43
358
516
497
439
456
571
765
986
1062
897
673
620
790
973
974
795
548
405
408
481
507
380
151
-70
-191
-206
-221
-316
-465
-591
-669
-760
-896
-1007
-1012
-995
-1055
-1207
-1332
-1375
-1376
-1352
-1336
-1378
-1509
-1587
-1537
-1446
-1463
-1581
-1646
-1615
-1576
-1600
-1624
-1653
-1726
-1801
-1792
-1752
-1816
-1979
-2077
-2060
-2057
-2111
-2143
-2153
-2254
-2399
-2400
-2215
-2070
-2126
-2234
-2184
-1987
-1808
-1684
-1532
-1350
-1142
-851
-513
-259
-145
-23
372
979
1489
1711
1770
1916
2234
2714
3196
3535
3654
3616
3643
3833
4117
4336
4362
4234
4046
3903
3853
3827
3733
3480
3160
2863
2620
2376
2070
1752
1488
1283
1031
667
246
-84
-254
-314
-399
-609
-924
-1179
-1262
-1208
-1141
-1176
-1248
-1267
-1228
-1172
-1122
-1031
-907
-762
-601
-458
-404
-423
-348
-114
154
293
307
325
365
404
496
695
887
877
691
543
578
716
847
900
797
541
319
327
513
606
443
167
-38
-123
-143
-158
-205
-311
-468
-607
-718
-815
-894
-921
-912
-971
-1128
-1309
-1367
-1308
-1223
-1232
-1373
-1539
-1609
-1550
-1464
-1467
-1577
-1682
-1708
-1663
-1622
-1663
-1774
-1872
-1875
-1822
-1825
-1926
-2069
-2178
-2205
-2152
-2085
-2076
-2200
-2358
-2352
-2172
-1972
-1935
-2004
-2027
-1846
-1472
-1075
-855
-902
-982
-760
-137
538
886
888
840
1046
1552
2140
2585
2814
2887
2957
3111
3352
3622
3836
3945
3942
3844
3741
3677
3664
3661
3563
3330
3014
2728
2525
2348
2144
1893
1621
1332
1013
703
433
278
162
-29
-323
-667
-831
-805
-749
-816
-1002
-1172
-1233
-1160
-999
-847
-853
-965
-988
-811
-570
-439
-375
-273
-128
-57
-32
99
323
468
501
534
645
743
743
736
782
872
924
929
872
743
612
597
715
772
617
306
63
28
101
99
-73
-348
-582
-701
-730
-766
-869
-1002
-1118
-1242
-1361
-1455
-1489
-1458
-1435
-1488
-1622
-1754
-1774
-1671
-1571
-1562
-1676
-1815
-1871
-1796
-1675
-1631
-1688
-1802
-1868
-1897
-1868
-1821
-1795
-1829
-1952
-2088
-2133
-2074
-1979
-1912
-1894
-1950
-2102
-2234
-2150
-1754
-1255
-980
-1093
-1429
-1571
-1224
-418
407
746
509
96
107
718
1593
2261
2465
2334
2132
2142
2484
3025
3500
3667
3520
3241
3056
3123
3372
3586
3532
3193
2795
2525
2421
2380
2320
2178
1945
1603
1227
934
780
747
735
623
353
-8
-300
-327
-151
-32
-128
-388
-592
-617
-472
-262
-152
-214
-374
-432
-278
-45
50
-6
-46
22
127
167
154
135
170
279
435
496
355
111
29
266
588
660
416
104
-1
142
363
457
319
42
-150
-120
47
134
16
-185
-305
-319
-310
-344
-402
-500
-604
-687
-762
-838
-913
-970
-976
-980
-1068
-1221
-1369
-1399
-1345
-1305
-1360
-1498
-1622
-1646
-1574
-1528
-1591
-1706
-1770
-1760
-1725
-1722
-1760
-1775
-1751
-1723
-1666
-1609
-1578
-1566
-1555
-1505
-1398
-1294
-1232
-1234
-1212
-1043
-723
-427
-357
-500
-613
-393
132
653
819
672
525
645
1021
1403
1641
1722
1739
1743
1781
1874
2010
2133
2212
2224
2191
2162
2143
2098
1997
1917
1870
1871
1820
1669
1439
1239
1183
1217
1221
1090
867
657
584
607
628
588
499
418
345
300
289
339
386
365
299
250
258
291
331
404
487
460
335
211
222
340
457
481
352
147
-44
-75
99
328
339
51
-311
-461
-323
-78
47
-65
-341
-617
-686
-535
-353
-340
-507
-694
-770
-740
-692
-632
-588
-595
-676
-767
-798
-762
-682
-629
-654
-773
-926
-990
-922
-830
-859
-1014
-1201
-1317
-1324
-1273
-1258
-1358
-1540
-1677
-1703
-1716
-1798
-1898
-1941
-1960
-2015
-2106
-2146
-2101
-2053
-2084
-2137
-2060
-1805
-1454
-1255
-1324
-1488
-1436
-983
-346
77
135
51
109
338
649
991
1375
1753
1936
1866
1697
1728
2085
2582
2876
2753
2349
2039
2074
2339
2541
2452
2137
1774
1473
1288
1237
1275
1268
1084
716
320
77
59
165
234
159
-41
-268
-386
-370
-236
-68
47
69
-25
-104
-36
204
479
625
613
547
576
720
904
1043
1096
1095
1081
1058
1008
961
996
1126
1226
1097
728
383
335
590
803
665
207
-256
-416
-244
24
66
-246
-676
-889
-757
-498
-410
-545
-762
-910
-959
-917
-802
-662
-620
-723
-866
-920
-850
-712
-558
-457
-480
-616
-701
-607
-423
-309
-340
-461
-569
-655
-670
-585
-499
-523
-683
-843
-922
-920
-875
-821
-809
-891
-1036
-1121
-1077
-1002
-982
-1026
-1063
-1108
-1167
-1176
-1085
-942
-859
-881
-914
-888
-760
-540
-331
-219
-235
-227
-48
230
386
392
388
491
673
825
919
971
1014
1049
1107
1190
1264
1331
1426
1494
1453
1317
1242
1289
1370
1362
1242
1102
1017
971
913
848
785
737
683
625
547
465
411
420
480
472
367
238
195
268
372
417
359
238
129
132
268
438
493
376
211
108
132
253
348
325
150
-70
-179
-164
-97
-105
-210
-368
-538
-627
-651
-635
-654
-736
-860
-958
-1017
-1083
-1102
-1084
-1050
-1060
-1155
-1248
-1249
-1190
-1102
-1021
-981
-989
-1042
-1020
-892
-756
-680
-679
-666
-638
-617
-607
-559
-439
-350
-328
-396
-460
-448
-356
-205
-78
-60
-148
-229
-186
-45
92
138
108
78
60
83
133
214
263
275
277
315
357
351
347
396
503
581
607
557
469
394
412
525
632
597
409
241
199
257
333
370
309
176
63
45
118
210
233
169
91
24
16
73
147
173
116
37
-1
53
121
170
181
181
204
243
293
324
354
399
465
523
551
516
486
488
540
604
608
544
465
461
503
562
557
520
465
433
440
480
509
475
414
348
325
319
310
270
221
171
104
39
-6
-15
-6
-26
-92
-180
-218
-209
-180
-177
-227
-285
-337
-354
-347
-360
-401
-441
-464
-471
-490
-527
-557
-556
-526
-516
-529
-519
-506
-509
-503
-479
-415
-363
-351
-363
-377
-363
-323
-265
-209
-200
-233
-248
-202
-133
-79
-51
-28
2
19
28
49
118
189
237
234
193
156
157
212
275
282
228
162
143
190
226
231
217
204
203
212
207
217
208
186
181
180
156
120
100
86
88
63
51
34
32
34
23
25
12
7
0
20
25
0
-47
-89
-80
-51
-53
-91
-145
-183
-190
-176
-145
-143
-182
-224
-235
-224
-192
-183
-209
-244
-259
-247
-233
-222
-218
-203
-186
-189
-184
-174
-161
-133
-92
-48
-45
-70
-95
-63
-10
36
41
25
9
1
25
57
101
99
73
46
42
70
99
129
126
83
47
23
47
85
81
42
-20
-37
-22
20
27
0
-31
-48
-27
12
31
21
8
0
16
34
47
56
56
47
47
57
69
80
76
76
94
116
130
127
108
115
138
158
163
149
124
100
101
129
143
128
92
58
45
65
92
98
87
45
22
29
49
70
81
67
38
18
22
38
56
51
14
-23
-28
-12
-11
-20
-44
-63
-65
-47
-44
-55
-68
-63
-62
-66
-86
-103
-107
-130
-130
-168
-202
-236
-257
-241
-242
-255
-290
-313
-322
-310
-281
-272
-285
-315
-338
-336
-303
-275
-271
-287
-303
-297
-275
-241
-203
-180
-175
-167
-140
-93
-48
-1
29
61
104
120
148
179
204
228
245
251
262
263
263
286
295
305
298
302
307
320
316
312
317
303
285
266
261
250
236
235
231
209
193
184
195
214
233
244
230
234
244
278
318
331
343
341
345
374
411
434
433
428
412
411
420
423
419
392
367
356
354
348
332
297
265
240
215
171
116
56
-8
-61
-123
-174
-227
-286
-348
-376
-401
-427
-439
-470
-505
-534
-559
-569
-585
-614
-641
-674
-695
-692
-677
-667
-658
-648
-636
-610
-568
-538
-517
-506
-503
-483
-472
-462
-459
-456
-453
-446
-423
-400
-392
-403
-402
-390
-375
-367
-385
-404
-417
-421
-395
-372
-369
-363
-361
-350
-306
-262
-242
-234
-221
-214
-202
-168
-136
-111
-95
-75
-39
20
98
167
225
281
332
393
451
502
534
552
554
548
548
563
590
611
617
622
641
664
707
729
742
739
726
692
670
658
630
600
561
518
482
475
463
466
453
450
433
405
395
387
392
376
339
297
291
287
301
305
286
257
240
239
235
237
206
167
127
98
63
28
-10
-53
-72
-86
-91
-91
-111
-128
-140
-152
-165
-198
-240
-291
-337
-373
-397
-437
-471
-489
-499
-497
-469
-437
-417
-400
-391
-379
-347
-336
-338
-344
-361
-357
-367
-357
-347
-334
-330
-329
-304
-271
-229
-210
-188
-177
-184
-174
-172
-177
-174
-189
-206
-210
-203
-193
-190
-183
-174
-161
-141
-124
-111
-103
-95
-82
-81
-68
-56
-38
-21
0
28
60
94
129
167
199
231
255
277
298
312
326
347
369
391
402
410
414
442
461
484
502
495
484
464
458
445
430
401
367
329
306
282
284
270
252
249
226
228
214
212
186
152
123
88
73
53
29
6
-14
-33
-36
-36
-20
-19
-10
1
-4
-11
-11
-14
-35
-52
-81
-111
-129
-147
-171
-190
-195
-209
-200
-201
-217
-225
-247
-260
-278
-302
-332
-367
-415
-456
-492
-509
-528
-556
-578
-588
-591
-594
-580
-574
-575
-579
-577
-574
-562
-546
-538
-541
-544
-534
-520
-485
-449
-412
-384
-370
-354
-325
-281
-249
-231
-223
-214
-195
-167
-133
-103
-72
-49
-6
29
58
89
108
120
136
145
139
149
147
162
171
179
190
210
247
296
350
374
398
414
429
459
502
509
492
477
478
487
496
521
538
555
566
580
613
643
679
689
682
671
656
667
661
652
631
586
547
512
500
521
534
529
495
431
403
395
388
386
347
304
259
209
201
203
184
143
105
73
81
101
96
73
41
16
-27
-50
-52
-66
-94
-126
-176
-205
-216
-201
-178
-168
-177
-198
-236
-255
-262
-284
-315
-367
-396
-431
-436
-440
-449
-478
-512
-518
-508
-471
-437
-419
-430
-450
-485
-501
-508
-502
-484
-481
-496
-512
-525
-514
-475
-417
-373
-351
-341
-334
-307
-286
-253
-258
-286
-302
-301
-285
-250
-228
-205
-190
-167
-129
-94
-53
-35
-25
-40
-41
-50
-45
-22
-4
3
3
8
23
58
111
160
191
207
204
224
243
260
255
252
253
265
291
319
348
350
359
378
414
469
491
505
495
465
458
434
422
412
418
414
399
386
359
352
372
403
407
389
349
309
284
259
262
210
140
122
84
116
107
85
76
37
41
50
78
54
47
23
-46
-66
-124
-143
-153
-170
-148
-154
-154
-186
-186
-193
-194
-184
-186
-190
-215
-235
-283
-329
-373
-399
-403
-389
-385
-363
-402
-429
-439
-423
-408
-414
-408
-463
-472
-483
-469
-462
-472
-470
-472
-445
-417
-394
-367
-341
-314
-295
-268
-250
-228
-196
-186
-180
-206
-194
-178
-120
-57
-22
3
-3
7
13
66
97
110
133
127
142
136
126
121
98
119
149
196
220
244
254
262
272
268
284
270
279
291
308
325
325
326
328
342
364
363
377
381
397
433
459
474
452
444
426
434
436
439
424
405
409
409
411
401
377
350
316
280
281
278
273
272
262
221
164
105
69
63
59
64
42
5
-19
-40
-41
-60
-85
-128
-152
-155
-158
-148
-168
-176
-200
-213
-220
-231
-237
-239
-228
-230
-229
-243
-253
-257
-262
-265
-268
-281
-292
-293
-276
-274
-268
-290
-313
-322
-330
-321
-320
-320
-326
-314
-291
-266
-265
-286
-319
-337
-320
-298
-273
-250
-260
-245
-237
-241
-227
-221
-196
-168
-145
-132
-130
-140
-143
-140
-128
-107
-87
-60
-22
5
36
29
14
20
32
69
93
107
90
94
85
85
92
122
150
171
184
181
166
144
157
165
196
193
196
176
168
155
131
142
151
172
185
194
183
162
137
135
149
187
209
205
173
123
90
87
94
114
132
139
157
158
157
143
116
104
119
142
166
153
129
103
94
81
57
45
59
85
116
122
97
66
26
25
24
28
10
-32
-70
-88
-89
-58
-31
-6
-7
-50
-90
-137
-152
-142
-110
-84
-76
-88
-114
-164
-189
-193
-173
-127
-94
-66
-63
-86
-110
-131
-144
-123
-95
-64
-55
-66
-95
-117
-111
-79
-52
-43
-55
-76
-80
-72
-61
-44
-23
-9
-1
-36
-76
-121
-130
-118
-88
-63
-50
-22
13
22
-25
-74
-133
-117
-38
31
67
64
-16
-103
-110
-64
7
101
151
164
141
67
26
32
94
149
190
174
135
95
76
98
132
178
218
233
202
154
102
81
79
94
99
116
133
139
124
93
56
31
38
58
71
70
56
19
16
0
8
35
59
78
80
53
10
-16
-7
22
39
52
56
56
31
13
1
-8
19
67
100
97
34
-41
-82
-84
-54
-15
11
18
13
-26
-63
-104
-111
-97
-76
-63
-85
-127
-161
-162
-132
-95
-81
-78
-107
-135
-149
-139
-124
-94
-60
-61
-51
-47
-60
-77
-86
-82
-58
-24
2
27
8
-10
-34
-38
-36
-25
20
42
64
58
47
15
-9
-14
-7
2
-13
-1
9
10
9
2
-15
-18
-11
-6
-13
-21
-22
-20
-14
0
6
4
6
16
16
4
7
18
44
70
81
73
67
61
69
88
105
98
96
110
103
119
125
122
127
118
97
88
102
112
114
105
85
82
72
74
65
33
33
38
46
37
33
18
0
0
-19
-37
-47
-50
-41
-32
-28
-47
-54
-45
-49
-52
-44
-41
-38
-21
-19
-22
-41
-44
-42
-34
-31
-25
-15
-13
-9
-23
-37
-57
-54
-33
-14
-22
-47
-70
-92
-101
-110
-121
-125
-121
-121
-105
-113
-132
-148
-163
-158
-168
-165
-158
-154
-139
-143
-133
-131
-125
-103
-83
-67
-54
-31
-23
-17
-22
-30
-29
-15
11
33
54
69
76
77
79
82
102
113
124
123
97
66
38
45
70
80
95
91
71
42
11
-21
-35
-27
-3
31
44
27
8
-1
-12
1
0
14
38
53
66
60
44
35
61
82
109
136
149
158
157
153
153
160
177
197
227
237
230
227
223
239
240
241
228
207
181
172
174
172
170
161
161
143
116
95
67
49
42
21
-12
-45
-88
-123
-139
-139
-119
-122
-125
-144
-177
-228
-265
-274
-282
-270
-265
-269
-286
-304
-321
-326
-315
-279
-262
-263
-277
-305
-318
-326
-311
-301
-282
-275
-279
-285
-298
-303
-304
-289
-278
-265
-256
-269
-260
-252
-239
-226
-224
-202
-189
-176
-164
-157
-159
-152
-142
-112
-75
-46
-12
27
83
120
142
139
142
159
195
237
273
309
341
385
418
417
417
430
446
485
504
523
527
521
517
511
508
505
505
496
493
477
447
401
356
322
291
271
242
212
189
154
132
97
60
36
6
-23
-61
-110
-171
-199
-221
-247
-255
-271
-282
-298
-316
-338
-355
-365
-380
-383
-386
-366
-359
-356
-357
-353
-345
-356
-354
-360
-355
-342
-320
-306
-280
