3
0
-3
14
8
17
12
14
23
7
12
14
19
26
22
18
16
15
14
21
32
23
15
22
17
16
19
17
13
16
14
9
6
2
5
2
6
17
16
19
13
7
7
4
-4
-9
-7
-16
-6
0
-6
-5
-9
-10
-8
-9
-20
-19
-10
-10
-8
4
3
0
0
0
-4
-2
3
4
9
10
12
7
6
2
0
-1
-4
-9
-10
-6
-16
-4
-7
-12
-7
-9
0
-2
-3
9
15
-1
1
-4
-10
-6
-6
-6
-7
-7
-14
-13
-18
-18
-21
-25
-18
-16
-13
-9
-10
-9
-12
-12
-11
-7
-10
-3
9
6
-3
-6
0
4
1
0
12
6
3
-3
-13
-12
-22
-30
-28
-29
-16
-13
-8
-5
-19
-13
-21
-23
-13
-10
-9
-7
-12
-11
-10
-16
-22
-25
-20
-18
-15
-24
-19
-15
-21
-21
-18
-21
-19
-20
-18
-11
-4
-7
-17
-17
-21
-23
-19
-10
-10
-4
-6
-1
-5
-1
2
-12
-2
4
10
13
9
-1
3
1
-3
1
-3
1
1
13
15
7
5
5
15
12
7
10
12
19
18
6
-13
-5
-5
1
6
3
8
12
11
13
21
22
22
24
26
22
22
11
7
3
1
5
8
6
10
11
10
11
3
6
5
-2
-13
-16
-16
-14
-13
-12
-14
-5
-9
-9
3
-4
0
-7
2
4
0
3
1
-6
-6
-10
-3
-1
-2
-2
-6
5
11
7
6
2
4
14
-1
3
-3
1
-2
-9
-1
3
6
1
2
-4
0
2
13
6
9
12
18
19
13
23
25
16
14
19
17
15
16
9
13
17
3
7
7
7
1
6
7
-1
0
1
4
1
3
1
-6
-10
-11
-12
-4
-6
-10
-6
-9
0
3
10
18
3
12
5
1
-4
-5
3
-1
10
4
3
-8
-6
-8
-6
-6
-5
-2
-6
5
1
2
9
6
7
3
-6
-7
1
6
-3
-8
-19
-10
-7
-12
-3
-3
-14
-10
-5
-5
5
-2
3
-3
5
7
5
13
4
2
-2
-7
1
12
14
19
19
19
18
6
-2
0
3
11
13
21
16
14
16
17
13
10
15
10
18
17
12
16
15
9
9
1
6
2
-4
7
6
-4
-11
-16
-9
-6
-9
-5
-1
-1
-8
-9
-11
-17
-22
-20
-13
-12
-18
-22
-19
-8
-9
-17
-15
-16
-12
-12
-8
-5
0
4
3
7
12
14
20
12
11
12
7
8
6
5
-4
6
5
3
3
6
9
9
7
7
9
10
-3
-5
1
1
0
-6
1
-9
1
0
-9
-11
-13
-16
-9
3
-6
-3
-2
4
-2
12
23
18
9
5
10
19
14
8
10
0
5
3
6
8
11
13
9
4
6
-3
3
2
-12
-8
0
9
12
17
18
20
13
3
-1
1
-2
-3
-13
-13
-2
0
-6
-8
-7
-10
-6
-1
-10
-12
-6
-20
-20
-23
-20
-13
-16
-8
-7
-6
-4
3
4
0
11
7
11
18
11
13
12
4
-2
5
6
6
7
11
12
15
13
13
16
13
9
12
8
-2
-1
-6
1
-6
0
-3
-6
-4
4
9
8
21
15
15
-1
0
-3
-11
-6
-7
-11
-10
-10
-6
-3
0
-8
-9
-3
-9
-8
-6
0
-20
-21
-22
-26
-22
-9
0
-5
3
1
3
1
-4
-3
-11
-14
2
-1
0
1
-11
-5
-4
0
6
1
3
10
10
18
18
18
8
-6
-10
-6
-1
6
6
10
10
9
19
16
16
14
11
10
3
3
11
0
1
4
10
17
22
20
25
30
25
24
13
16
9
15
10
3
2
1
-3
-6
-1
5
5
3
6
10
3
-4
-2
-9
-16
-19
-17
-24
-17
-18
-12
-5
-3
-4
-14
-11
-15
-16
-22
-20
-22
-18
-16
-16
-20
-18
-12
-15
-10
-14
-11
-7
-7
-3
-6
0
0
-9
-2
-2
10
5
6
7
5
15
15
6
3
1
-4
-3
3
6
-5
4
3
9
4
1
6
0
5
5
5
7
7
-6
-8
-9
-22
-30
-26
-20
-15
-12
-11
-6
-5
-6
-6
-14
-25
-22
-24
-20
-19
-15
-13
-23
-26
-14
-16
-8
-2
-2
1
-8
-7
-12
-10
-14
-13
-10
-13
-7
-5
4
10
4
5
2
2
8
4
3
6
3
-4
-4
-12
-16
-12
-14
-16
-6
-16
-16
-14
-15
-15
-19
-10
-21
-18
-16
-16
-16
-6
-7
-11
-9
-9
-7
-6
-8
-11
-17
-22
-22
-18
-10
-10
-7
-3
3
1
14
14
19
19
14
19
16
14
0
6
8
12
16
13
11
8
5
4
9
11
6
6
5
0
-4
-6
-12
-10
-14
-15
-13
-16
-6
-10
-6
-7
2
-2
-6
-6
-12
-14
-15
-7
-15
-12
-15
-2
-2
2
-4
-3
-3
-9
0
-12
-9
-9
-7
-6
-4
1
2
8
5
5
15
14
12
16
18
10
6
7
3
5
13
16
14
15
10
11
7
10
16
19
21
13
9
11
7
6
7
12
10
12
18
20
18
12
22
13
13
16
0
4
7
4
10
16
16
26
32
31
29
25
22
22
18
6
1
0
2
10
6
9
9
12
12
15
16
22
25
18
21
11
3
0
-7
-13
-13
-14
-19
-16
-16
-13
-13
-10
-3
-3
-6
-6
-6
-7
-3
10
11
10
9
7
10
6
10
8
2
6
7
-1
-3
-2
5
5
3
2
9
7
13
13
10
13
6
14
12
19
14
5
-1
-3
1
10
12
9
12
10
18
11
13
13
14
10
0
0
3
10
1
-1
7
-3
3
4
9
15
7
7
1
-1
-7
-4
-9
-12
-5
0
1
-3
1
2
14
8
11
13
4
-6
-11
-9
-23
-20
-11
-10
-5
-3
-6
-3
7
12
13
1
2
-1
-11
-6
-13
-13
-10
-16
-16
-22
-13
-11
-21
-9
-7
-4
-1
-3
-6
-6
-1
-1
-5
-9
-8
-13
-7
-4
3
13
7
6
4
4
2
1
7
0
-2
2
4
6
10
16
16
22
11
15
17
-1
-2
-9
-12
-11
-23
-18
-9
-15
-10
4
3
-2
3
-6
-6
-7
-4
-7
-12
-10
-17
-11
-6
-3
-2
-2
-4
4
4
-1
-2
-5
-7
-1
-1
-10
0
-2
0
-5
-3
-8
-12
1
-1
-4
-7
-4
-5
-10
-9
-10
-4
1
0
5
9
13
11
6
-1
5
6
10
9
-1
-1
-3
4
3
6
10
14
9
8
15
13
18
20
18
17
16
15
12
14
9
-2
6
1
3
10
12
12
9
14
14
8
0
-7
-9
-10
-8
-8
8
0
1
12
17
12
-7
3
-7
-1
-2
-9
0
-6
-25
-16
-13
-25
-7
-13
-12
-8
-9
-10
-8
-9
-19
-22
-19
-22
-21
-17
-20
-20
-9
-3
-11
-8
-13
-13
-9
-14
-14
-9
-13
-9
-4
-9
-4
0
1
4
1
0
0
1
1
-14
-5
-9
-10
0
2
-3
-9
-1
-6
4
2
7
6
5
5
5
7
3
7
6
5
1
16
12
-1
12
18
13
21
12
1
-1
-9
-12
-16
-16
-7
-3
-2
2
0
7
9
7
-5
-3
0
-2
0
-9
-9
-9
-6
-10
-7
-6
-9
0
-1
-4
-8
-13
-10
-5
-11
-10
-9
-10
-9
-8
-3
-8
-4
-5
-12
-10
-12
-12
-12
-15
-17
-19
-20
-28
-21
-22
-23
-3
-5
-15
-10
-9
-20
-24
-18
-13
-4
-7
-9
-6
-8
-6
1
-3
0
-2
-1
7
3
3
-5
-2
4
7
7
3
1
-5
2
7
16
15
19
22
24
24
8
8
-2
-3
12
11
11
14
10
14
12
3
15
15
13
11
7
6
6
2
2
4
6
13
7
6
1
4
3
-3
0
-6
-5
-3
-5
-3
3
-1
0
14
13
18
30
21
22
20
16
22
10
10
22
12
9
5
4
7
10
16
2
6
0
-1
6
-3
-1
4
4
6
14
6
0
6
15
10
13
12
6
9
5
3
5
7
3
10
9
16
19
15
7
9
16
16
22
13
19
24
20
19
19
14
13
13
12
6
4
17
14
15
11
10
8
0
4
1
-2
2
3
-5
-4
6
13
16
12
12
4
7
-7
-13
-16
-22
-20
-28
-26
-25
-16
-6
-4
-16
-13
-16
-12
-21
-26
-18
-19
-9
-10
-3
-4
-3
-5
3
-2
-1
-2
-6
-3
2
2
-3
5
4
12
6
8
13
13
4
-3
-3
-2
-3
-11
-3
-3
-2
-6
-2
-1
-2
-2
-7
-10
-4
-7
-10
-10
-8
-6
0
3
-6
-4
-2
1
-7
-3
-1
-3
-9
-11
-10
-11
0
-6
-13
-14
-25
-22
-19
-25
-20
-23
-13
-17
-17
-16
-12
-11
-9
-4
-17
-17
-17
-20
-10
-4
-9
-6
0
10
13
19
12
8
6
-3
0
-8
-6
2
8
10
12
10
10
13
8
1
0
-4
-18
-26
-23
-28
-31
-26
-28
-33
-32
-18
-15
-13
-14
-9
-7
-16
-16
-5
-6
-3
-5
-9
-12
-16
-16
-22
-16
-22
-27
-36
-44
-42
-38
-44
-49
-45
-48
-35
-28
-10
4
9
15
22
28
30
34
49
64
70
66
60
71
83
95
106
94
88
75
67
76
77
87
74
66
60
56
56
53
58
70
61
48
45
42
42
53
64
58
48
33
20
10
9
0
-11
-40
-63
-88
-100
-111
-131
-136
-159
-174
-196
-204
-211
-201
-183
-183
-186
-195
-192
-168
-141
-118
-98
-97
-99
-96
-78
-57
-36
-18
-19
-14
-25
-34
-18
-1
6
-6
-11
-28
-28
-9
8
32
41
43
44
72
116
164
198
224
240
239
249
293
333
362
389
380
360
342
339
355
375
368
337
278
219
175
158
166
152
125
69
9
-26
-42
-33
-23
-25
-49
-78
-99
-107
-83
-51
-36
-57
-108
-145
-171
-166
-146
-152
-180
-237
-299
-350
-380
-383
-390
-406
-453
-519
-566
-585
-569
-521
-493
-499
-509
-510
-483
-417
-322
-237
-182
-167
-149
-117
-67
12
93
146
146
126
111
124
161
203
225
209
166
123
95
111
159
206
217
198
161
148
195
266
345
396
424
419
414
446
511
597
656
673
630
578
544
551
589
611
563
462
361
261
206
183
166
127
45
-59
-167
-234
-240
-206
-191
-220
-284
-355
-381
-351
-292
-245
-223
-238
-263
-292
-291
-260
-202
-158
-177
-232
-299
-321
-315
-310
-332
-369
-399
-439
-492
-531
-526
-499
-459
-448
-469
-480
-458
-385
-315
-252
-206
-159
-88
-31
18
53
127
228
285
295
289
299
330
370
368
356
362
343
311
247
200
196
198
200
147
69
-9
-48
-51
-47
-53
-73
-101
-141
-193
-234
-214
-148
-70
-58
-109
-154
-154
-91
-14
28
44
34
12
-3
9
54
109
183
206
174
112
85
136
225
275
260
211
162
162
177
200
238
283
287
244
173
145
186
266
329
321
288
253
241
240
262
281
323
361
339
255
145
123
194
287
282
188
77
16
-10
-54
-92
-87
-40
-62
-200
-359
-413
-349
-253
-227
-299
-382
-415
-406
-391
-372
-321
-221
-159
-196
-303
-353
-247
-73
24
-45
-173
-199
-127
-66
-97
-152
-122
-73
-110
-245
-353
-332
-241
-210
-296
-428
-484
-470
-473
-498
-531
-518
-492
-500
-554
-643
-670
-618
-511
-448
-461
-503
-538
-536
-515
-461
-329
-124
11
-40
-206
-282
-139
147
436
584
550
431
321
344
546
860
1131
1214
1099
875
694
722
995
1332
1499
1363
1007
711
651
816
1056
1220
1201
993
681
454
466
691
983
1110
986
696
452
432
656
972
1140
1050
808
619
576
649
763
855
857
714
436
146
22
75
151
73
-169
-452
-685
-856
-944
-961
-935
-978
-1164
-1381
-1508
-1469
-1371
-1315
-1277
-1261
-1256
-1242
-1208
-1151
-1104
-1050
-948
-825
-829
-999
-1179
-1182
-1006
-893
-987
-1277
-1540
-1637
-1623
-1589
-1628
-1737
-1899
-1997
-1997
-1940
-1893
-1801
-1574
-1309
-1158
-1179
-1154
-843
-254
320
588
594
629
925
1404
1827
2064
2170
2260
2356
2386
2362
2339
2368
2421
2349
2108
1751
1420
1229
1134
993
729
441
233
80
-123
-363
-487
-413
-310
-332
-431
-479
-430
-332
-186
69
360
508
477
428
541
770
1021
1202
1269
1195
1012
910
1016
1198
1169
1008
949
952
773
391
180
407
793
809
409
26
15
263
460
558
629
675
597
503
575
809
1015
1038
1037
1132
1197
1021
751
715
937
1058
787
336
102
116
78
-178
-500
-710
-932
-1247
-1493
-1573
-1689
-2064
-2510
-2656
-2555
-2626
-2948
-3149
-3060
-3005
-3303
-3636
-3562
-3272
-3199
-3341
-3332
-3140
-3046
-3136
-3092
-2791
-2523
-2455
-2364
-2056
-1765
-1693
-1666
-1364
-864
-492
-281
34
446
622
520
555
1068
1768
2162
2180
2124
2168
2243
2328
2521
2841
3048
2959
2668
2346
2168
2155
2270
2376
2304
2044
1699
1369
1101
959
1001
1132
1167
960
590
284
196
373
645
827
765
526
370
390
506
651
875
1214
1448
1269
776
467
745
1403
1851
1684
1083
597
601
997
1345
1390
1246
1088
889
556
310
479
972
1316
1164
671
241
157
446
948
1302
1174
584
0
-85
288
699
809
592
172
-241
-473
-443
-329
-360
-543
-779
-1099
-1577
-2030
-2092
-1723
-1468
-1748
-2431
-3010
-3229
-3148
-2930
-2721
-2750
-3163
-3651
-3797
-3595
-3445
-3437
-3323
-3120
-3259
-3873
-4283
-3879
-3027
-2563
-2766
-3157
-3304
-3198
-2888
-2311
-1664
-1412
-1675
-2017
-1825
-1039
-129
543
863
882
747
760
1227
2057
2839
3212
3197
3014
2822
2835
3223
3895
4382
4249
3591
2909
2593
2664
2859
2931
2782
2417
1928
1393
959
749
803
949
872
497
29
-279
-350
-195
121
477
626
435
170
140
390
748
1091
1388
1581
1525
1295
1264
1652
2198
2393
2095
1647
1460
1583
1775
1834
1742
1596
1418
1224
1027
932
1019
1150
1085
724
309
192
420
720
840
729
459
172
104
290
507
473
168
-86
-123
-85
-154
-299
-399
-459
-623
-955
-1285
-1488
-1576
-1673
-1836
-1991
-2159
-2396
-2670
-2832
-2805
-2734
-2816
-3108
-3473
-3684
-3568
-3264
-3164
-3445
-3778
-3771
-3515
-3453
-3681
-3838
-3751
-3603
-3595
-3644
-3640
-3629
-3621
-3498
-3228
-2987
-2922
-2886
-2696
-2405
-2133
-1881
-1527
-995
-379
151
462
587
775
1268
2039
2752
3144
3312
3486
3702
3871
4023
4345
4808
5087
4959
4536
4131
3906
3852
3917
3950
3732
3217
2595
2114
1818
1629
1518
1444
1255
847
365
31
-34
89
259
370
348
205
79
165
455
746
919
1096
1349
1528
1457
1267
1335
1765
2205
2309
2074
1762
1568
1539
1671
1840
1848
1571
1164
867
740
709
759
837
799
564
218
-44
-97
70
306
386
122
-281
-402
-172
77
36
-146
-205
-205
-403
-719
-778
-551
-416
-663
-1102
-1344
-1356
-1368
-1501
-1703
-1901
-2111
-2342
-2539
-2721
-2861
-2924
-2970
-3031
-3227
-3551
-3854
-3920
-3721
-3603
-3833
-4210
-4299
-4048
-3915
-4135
-4317
-4093
-3748
-3855
-4321
-4490
-4067
-3539
-3437
-3635
-3666
-3359
-2898
-2440
-2054
-1834
-1779
-1609
-1022
-193
455
877
1334
1862
2226
2426
2843
3681
4544
4912
4832
4687
4725
4942
5321
5820
6148
6050
5493
4821
4407
4326
4460
4527
4298
3651
2826
2213
1966
1910
1812
1622
1325
869
277
-226
-398
-175
208
423
333
13
-234
-110
355
805
986
980
1012
1143
1253
1304
1460
1793
2121
2181
1885
1431
1140
1202
1454
1531
1250
800
480
369
326
276
214
102
-116
-410
-627
-727
-724
-640
-475
-344
-480
-812
-995
-819
-523
-471
-655
-793
-838
-961
-1084
-937
-613
-569
-945
-1349
-1513
-1565
-1678
-1761
-1748
-1909
-2371
-2807
-2841
-2658
-2677
-2953
-3239
-3422
-3659
-3925
-3974
-3769
-3590
-3663
-3904
-4020
-3904
-3715
-3663
-3768
-3863
-3790
-3614
-3547
-3644
-3746
-3640
-3335
-3014
-2848
-2883
-3019
-3019
-2662
-2068
-1545
-1286
-1245
-1138
-696
154
1189
1957
2129
1944
1997
2613
3541
4432
5095
5399
5290
4912
4819
5324
6179
6732
6655
6085
5288
4672
4501
4799
5133
5011
4315
3374
2564
2012
1734
1645
1548
1243
701
83
-383
-572
-508
-310
-183
-295
-511
-564
-373
-72
178
362
557
801
1086
1388
1643
1737
1627
1526
1700
2066
2206
1898
1458
1296
1423
1454
1189
832
581
402
207
69
13
-142
-447
-688
-654
-476
-521
-761
-916
-869
-774
-769
-806
-806
-778
-749
-643
-537
-547
-654
-692
-659
-695
-855
-949
-892
-918
-1219
-1640
-1763
-1644
-1703
-2184
-2709
-2804
-2605
-2636
-3073
-3486
-3581
-3558
-3657
-3707
-3551
-3478
-3805
-4213
-4132
-3670
-3500
-3717
-3732
-3350
-3259
-3862
-4309
-3741
-2696
-2488
-3257
-3838
-3529
-2859
-2515
-2359
-1982
-1561
-1416
-1472
-1388
-923
24
1430
2681
2825
1789
983
1870
4180
6158
6515
5652
4693
4408
4947
6081
7311
7914
7572
6544
5453
4789
4818
5493
6203
6129
4936
3257
2087
1857
2157
2350
2074
1332
332
-589
-1101
-1123
-839
-534
-480
-815
-1357
-1710
-1533
-883
-188
165
130
-79
-190
-2
578
1394
2005
1998
1375
678
559
1168
1972
2195
1578
622
40
38
273
401
364
240
-82
-688
-1363
-1615
-1257
-641
-284
-540
-1246
-1947
-2069
-1470
-638
-309
-721
-1378
-1674
-1441
-959
-480
-192
-235
-628
-1106
-1279
-1062
-718
-541
-702
-1190
-1722
-1972
-1912
-1799
-1852
-2034
-2261
-2614
-3087
-3394
-3292
-2950
-2778
-2927
-3260
-3587
-3758
-3583
-3071
-2706
-2890
-3331
-3385
-3015
-2838
-3070
-3097
-2551
-2066
-2362
-3172
-3473
-2834
-1886
-1539
-1966
-2573
-2647
-1956
-942
-310
-291
-441
-230
398
1065
1557
2010
2583
3161
3519
3628
3798
4365
5234
5842
5762
5308
5178
5691
6376
6588
6260
5763
5390
5122
4864
4640
4413
4100
3613
2973
2211
1438
954
888
917
517
-347
-1152
-1403
-1252
-1198
-1407
-1601
-1533
-1350
-1293
-1362
-1316
-982
-495
-79
140
171
209
395
730
1078
1302
1394
1388
1286
1098
967
1025
1160
1144
887
570
375
301
280
270
225
35
-329
-666
-754
-613
-419
-381
-534
-836
-1089
-1098
-852
-577
-505
-608
-773
-854
-802
-598
-346
-235
-364
-580
-711
-799
-908
-929
-823
-782
-1071
-1599
-1953
-1950
-1769
-1807
-2089
-2454
-2685
-2763
-2794
-2871
-3015
-3113
-3189
-3269
-3329
-3234
-3081
-3086
-3261
-3345
-3236
-3152
-3259
-3277
-2997
-2687
-2697
-2911
-2923
-2746
-2592
-2503
-2189
-1634
-1208
-1134
-1194
-1044
-582
216
1239
2101
2309
1899
1652
2227
3412
4465
5047
5270
5178
4834
4573
4905
5792
6611
6805
6338
5600
4975
4697
4836
5154
5175
4624
3730
2912
2328
1906
1584
1407
1196
692
-155
-977
-1367
-1319
-1159
-1180
-1442
-1846
-2207
-2327
-2078
-1631
-1239
-1091
-1082
-1056
-949
-704
-263
294
661
642
399
337
620
1085
1402
1378
1094
751
534
560
740
892
860
628
303
23
-111
-89
53
114
-29
-376
-711
-762
-547
-316
-306
-483
-676
-766
-750
-629
-407
-253
-285
-437
-541
-553
-525
-474
-404
-369
-477
-690
-912
-1075
-1241
-1339
-1300
-1276
-1513
-1927
-2162
-2120
-2087
-2304
-2521
-2530
-2488
-2765
-3191
-3230
-2819
-2454
-2605
-3066
-3272
-3053
-2774
-2817
-3126
-3309
-3107
-2673
-2472
-2704
-3081
-3124
-2749
-2291
-2045
-1988
-1909
-1781
-1566
-1146
-575
-17
406
806
1268
1637
1893
2216
2818
3467
3935
4222
4486
4783
4940
5021
5167
5428
5659
5746
5656
5307
4754
4273
4119
4212
4139
3653
2918
2229
1654
1141
704
352
37
-375
-850
-1293
-1605
-1814
-1985
-2026
-1975
-1966
-2119
-2260
-2107
-1678
-1219
-964
-856
-750
-522
-71
503
911
866
574
625
1172
1745
1852
1612
1430
1347
1251
1188
1288
1368
1265
1058
876
673
353
198
426
758
676
179
-203
-190
-19
14
-32
4
30
-45
-148
-102
53
137
125
40
-16
-43
-60
-38
26
37
-91
-275
-417
-531
-666
-840
-974
-1067
-1249
-1526
-1777
-1845
-1827
-1896
-2100
-2414
-2684
-2833
-2793
-2762
-2931
-3109
-3065
-2784
-2775
-3161
-3530
-3484
-3119
-2938
-2962
-3102
-3286
-3492
-3526
-3131
-2646
-2472
-2701
-2933
-2827
-2487
-1969
-1461
-1074
-961
-947
-561
227
1157
1709
1900
1950
2123
2641
3361
4150
4595
4708
4693
4731
4981
5234
5569
5813
5803
5412
4771
4330
4147
4242
4245
3983
3379
2516
1767
1255
1043
803
389
-166
-765
-1196
-1511
-1643
-1743
-1880
-2026
-2192
-2284
-2366
-2240
-1911
-1497
-1234
-1243
-1233
-967
-376
273
714
812
664
623
872
1333
1686
1789
1803
1790
1691
1426
1239
1368
1752
1978
1696
1051
491
436
805
1220
1265
907
387
44
25
216
433
439
284
55
-92
-74
32
196
279
250
57
-186
-257
-139
107
138
-84
-441
-692
-709
-661
-627
-776
-1021
-1349
-1662
-1776
-1761
-1706
-1871
-2177
-2524
-2802
-2830
-2793
-2751
-2946
-3193
-3262
-3203
-3123
-3287
-3439
-3514
-3416
-3290
-3366
-3534
-3720
-3647
-3494
-3506
-3682
-3742
-3318
-2910
-2888
-3241
-3297
-2710
-2073
-1676
-1534
-1090
-496
-81
211
569
1210
1796
2297
2705
3065
3404
3659
4102
4557
4873
4986
5082
5362
5443
5255
4817
4558
4528
4482
4324
3891
3355
2736
2256
1906
1536
1075
490
20
-407
-833
-1214
-1475
-1551
-1651
-1786
-1994
-2143
-2141
-1953
-1593
-1301
-1142
-1112
-950
-527
82
730
1180
1302
1201
1253
1711
2279
2535
2423
2343
2513
2662
2560
2336
2316
2442
2477
2245
1903
1586
1402
1407
1486
1429
1115
780
630
638
569
352
147
110
157
148
58
-41
-46
25
69
70
3
-64
-78
-32
-10
-106
-271
-447
-545
-650
-763
-890
-1016
-1230
-1583
-1925
-2099
-2093
-2117
-2347
-2697
-2974
-3074
-3156
-3362
-3560
-3605
-3477
-3460
-3658
-3940
-4021
-3840
-3613
-3519
-3688
-4002
-4172
-3947
-3504
-3351
-3652
-3952
-3791
-3316
-3039
-3120
-3208
-2927
-2478
-2150
-1985
-1758
-1333
-777
-131
452
826
968
1181
1691
2372
2965
3448
3874
4185
4289
4368
4699
5297
5809
5903
5649
5234
4908
4821
4954
5057
4830
4265
3639
3123
2721
2298
1926
1599
1121
459
-222
-590
-687
-751
-999
-1324
-1562
-1663
-1660
-1665
-1675
-1588
-1273
-872
-678
-713
-647
-78
816
1419
1379
1034
1032
1506
2178
2552
2571
2461
2425
2474
2475
2477
2509
2590
2562
2266
1832
1492
1417
1526
1598
1474
1081
660
359
295
320
262
130
-58
-205
-359
-420
-341
-156
-66
-186
-360
-434
-391
-364
-350
-276
-275
-448
-752
-954
-932
-877
-943
-1208
-1558
-1921
-2169
-2228
-2197
-2232
-2502
-2909
-3256
-3483
-3625
-3656
-3550
-3539
-3833
-4315
-4561
-4344
-3977
-3849
-4090
-4412
-4577
-4515
-4337
-4197
-4137
-4191
-4250
-4214
-4026
-3790
-3645
-3524
-3331
-3017
-2713
-2497
-2236
-1795
-1117
-394
172
430
551
854
1513
2395
3116
3480
3604
3797
4187
4692
5156
5541
5867
6053
5990
5715
5420
5355
5472
5591
5427
4929
4285
3666
3287
3058
2822
2346
1675
1008
490
129
-182
-407
-571
-755
-1065
-1439
-1618
-1530
-1289
-1108
-1083
-1071
-909
-516
-129
147
434
894
1415
1647
1527
1417
1749
2383
2800
2737
2487
2377
2400
2396
2380
2434
2492
2337
1987
1621
1376
1301
1300
1312
1194
888
431
25
-107
50
266
205
-145
-525
-646
-476
-231
-95
-162
-337
-532
-638
-562
-371
-243
-355
-650
-983
-1196
-1289
-1297
-1299
-1456
-1835
-2311
-2649
-2752
-2726
-2745
-2962
-3350
-3746
-3997
-4038
-4082
-4252
-4396
-4186
-3829
-3933
-4577
-5006
-4545
-3749
-3556
-4024
-4422
-4388
-4239
-4077
-3756
-3425
-3446
-3760
-3787
-3423
-2959
-2696
-2573
-2472
-2323
-1926
-1303
-573
-112
103
344
834
1463
1910
2272
2738
3389
3942
4216
4360
4571
4981
5519
6118
6424
6186
5657
5336
5515
5842
5873
5490
4972
4487
4006
3522
3106
2799
2452
1933
1242
519
-36
-277
-318
-467
-941
-1469
-1668
-1533
-1419
-1489
-1564
-1488
-1269
-994
-666
-371
-127
163
595
1009
1175
1229
1429
1865
2188
2229
2228
2301
2390
2331
2338
2478
2539
2349
2055
1931
1837
1665
1448
1390
1341
1090
706
426
364
342
246
67
-92
-243
-353
-397
-371
-357
-445
-563
-603
-552
-477
-502
-616
-739
-830
-872
-939
-1116
-1393
-1641
-1750
-1767
-1848
-2143
-2595
-2919
-2980
-2898
-3002
-3308
-3687
-4005
-4210
-4267
-4113
-3964
-3974
-4213
-4485
-4592
-4425
-4154
-4091
-4251
-4436
-4401
-4268
-4145
-4077
-4056
-4079
-4037
-3711
-3329
-3192
-3377
-3423
-3001
-2351
-1805
-1578
-1350
-919
-218
503
960
1200
1456
1993
2705
3465
4061
4390
4485
4550
4905
5603
6336
6704
6577
6198
5891
5788
5873
6012
6059
5782
5176
4446
3827
3395
3110
2908
2567
1926
1040
290
-80
-211
-339
-620
-941
-1277
-1561
-1713
-1690
-1526
-1371
-1210
-1117
-1025
-974
-715
-86
621
961
727
543
888
1667
2195
2178
1956
1903
2063
2159
2213
2241
2311
2311
2153
1885
1590
1468
1513
1637
1542
1187
745
471
478
550
544
320
17
-224
-263
-184
-172
-289
-414
-379
-320
-386
-606
-710
-575
-362
-402
-761
-1182
-1413
-1397
-1347
-1423
-1707
-2066
-2374
-2586
-2737
-2820
-2853
-2984
-3274
-3663
-3853
-3808
-3765
-3928
-4242
-4381
-4221
-3876
-3724
-3891
-4245
-4444
-4292
-3884
-3475
-3401
-3635
-4024
-4135
-3866
-3448
-3186
-3179
-3193
-3149
-2987
-2831
-2608
-2280
-1888
-1430
-932
-351
97
306
431
874
1738
2604
3106
3250
3430
3788
4308
4822
5230
5511
5720
5995
6214
6243
5987
5705
5618
5733
5792
5496
4897
4196
3672
3326
3025
2637
2159
1613
1024
448
-12
-271
-431
-633
-982
-1324
-1513
-1504
-1402
-1337
-1317
-1291
-1175
-942
-592
-268
0
241
536
841
1034
1227
1502
1874
2111
2131
2039
1998
2069
2115
2180
2217
2234
2118
1849
1575
1482
1619
1707
1580
1201
834
584
493
521
543
468
211
-33
-187
-223
-238
-235
-214
-244
-345
-507
-606
-601
-489
-435
-538
-799
-1079
-1242
-1327
-1414
-1614
-1921
-2235
-2377
-2328
-2370
-2726
-3175
-3343
-3253
-3172
-3347
-3672
-3939
-4056
-3980
-3829
-3786
-3936
-4078
-4028
-3808
-3647
-3637
-3779
-3975
-3964
-3648
-3252
-3218
-3544
-3834
-3707
-3389
-3201
-3079
-2899
-2731
-2850
-2958
-2631
-1884
-1243
-1098
-1070
-718
-64
500
872
1191
1606
2079
2552
3073
3546
3881
4062
4346
4838
5364
5667
5746
5811
5884
5872
5743
5633
5535
5376
5108
4786
4406
3912
3388
2961
2666
2337
1916
1420
897
358
-80
-275
-328
-410
-688
-1053
-1301
-1322
-1172
-1002
-908
-955
-992
-875
-542
-127
164
250
308
593
980
1232
1217
1183
1328
1557
1644
1576
1592
1748
1891
1830
1712
1681
1747
1704
1528
1352
1231
1138
1005
929
856
699
437
278
303
338
222
-45
-252
-311
-237
-148
-137
-249
-461
-623
-651
-603
-650
-847
-1107
-1293
-1384
-1502
-1712
-1975
-2166
-2225
-2167
-2180
-2464
-2939
-3272
-3202
-2945
-2853
-3078
-3467
-3802
-3886
-3630
-3246
-3182
-3613
-3974
-3748
-3235
-3228
-3775
-4056
-3633
-3149
-3371
-3954
-4066
-3604
-3297
-3467
-3660
-3524
-3250
-3109
-3006
-2815
-2589
-2381
-2047
-1589
-1222
-974
-576
129
794
1080
1100
1366
2059
2911
3594
3947
4096
4187
4480
5091
5842
6303
6282
6019
5797
5747
5774
5846
5883
5724
5277
4682
4177
3847
3620
3334
2923
2365
1723
1124
666
390
226
66
-205
-613
-1029
-1263
-1224
-1064
-981
-1062
-1199
-1200
-1028
-732
-322
130
357
200
4
263
951
1450
1416
1207
1254
1480
1599
1674
1877
2110
2101
1824
1564
1504
1586
1634
1591
1444
1208
936
694
591
609
637
533
291
37
-128
-164
-133
-97
-146
-286
-440
-540
-630
-739
-787
-730
-684
-872
-1236
-1490
-1482
-1405
-1497
-1753
-2066
-2314
-2404
-2348
-2278
-2450
-2839
-3143
-3183
-3038
-2995
-3129
-3411
-3678
-3710
-3486
-3224
-3245
-3511
-3651
-3511
-3367
-3445
-3615
-3628
-3526
-3530
-3653
-3697
-3571
-3402
-3341
-3341
-3351
-3413
-3492
-3364
-2892
-2401
-2341
-2636
-2697
-2161
-1313
-689
-435
-345
-209
106
682
1397
2006
2423
2856
3412
3896
4095
4224
4718
5483
6052
6093
5820
5671
5813
6078
6237
6177
5903
5497
5116
4786
4417
4010
3652
3340
2915
2305
1650
1206
936
677
309
-114
-507
-819
-987
-1073
-1084
-1089
-1166
-1296
-1275
-970
-631
-587
-755
-673
-136
449
621
523
587
898
1240
1444
1523
1541
1581
1711
1840
1841
1719
1701
1890
2014
1819
1393
1070
1045
1178
1210
1019
722
465
357
394
461
423
215
-52
-259
-329
-318
-337
-402
-442
-478
-600
-819
-989
-1005
-976
-1062
-1342
-1681
-1868
-1884
-1883
-2018
-2227
-2310
-2300
-2430
-2817
-3152
-3122
-2922
-2898
-3098
-3313
-3451
-3495
-3385
-3167
-3082
-3312
-3654
-3666
-3360
-3120
-3242
-3541
-3654
-3487
-3211
-3070
-3143
-3417
-3656
-3600
-3224
-2879
-2867
-3116
-3259
-3064
-2683
-2372
-2231
-2124
-1947
-1649
-1237
-770
-348
0
413
973
1527
1860
2113
2610
3408
4147
4453
4484
4699
5294
5999
6424
6463
6283
6126
6155
6311
6383
6245
5932
5608
5345
5027
4568
4069
3661
3339
2922
2287
1562
1040
804
659
361
-126
-588
-865
-971
-1076
-1240
-1422
-1517
-1467
-1322
-1163
-1002
-798
-636
-524
-330
25
358
420
341
536
1050
1446
1393
1237
1397
1773
1914
1707
1524
1577
1694
1632
1463
1294
1163
1065
1035
1038
870
516
227
212
276
112
-228
-418
-357
-317
-502
-792
-985
-1020
-1043
-1128
-1245
-1390
-1562
-1671
-1681
-1704
-1884
-2142
-2286
-2297
-2334
-2489
-2633
-2714
-2791
-2906
-2974
-2939
-2874
-2937
-3145
-3347
-3434
-3350
-3171
-3079
-3136
-3225
-3261
-3249
-3239
-3221
-3121
-3029
-3103
-3298
-3432
-3379
-3185
-2974
-2878
-2955
-3169
-3349
-3293
-3023
-2757
-2663
-2683
-2626
-2475
-2274
-1944
-1424
-783
-374
-308
-303
71
846
1659
2231
2598
3026
3537
4053
4508
4968
5449
5914
6353
6659
6708
6566
6554
6862
7239
7265
6862
6329
5955
5719
5469
5105
4628
4071
3475
2916
2390
1882
1392
939
529
51
-523
-1039
-1302
-1312
-1323
-1514
-1830
-2022
-1972
-1768
-1522
-1329
-1242
-1235
-1100
-647
-98
151
111
236
730
1204
1267
1109
1227
1618
1893
1887
1786
1772
1796
1816
1844
1753
1420
1012
893
1084
1152
800
255
-19
67
152
-41
-389
-682
-858
-984
-1078
-1141
-1234
-1369
-1509
-1573
-1630
-1784
-1979
-2035
-1959
-1963
-2165
-2469
-2609
-2525
-2396
-2377
-2499
-2675
-2861
-2964
-2933
-2844
-2822
-2933
-3059
-3065
-2923
-2840
-2966
-3170
-3186
-2927
-2668
-2706
-2948
-3121
-3094
-2959
-2879
-2809
-2737
-2748
-2927
-3173
-3277
-3151
-2921
-2727
-2641
-2724
-2968
-3187
-3009
-2453
-1958
-1895
-2079
-2027
-1573
-982
-487
-67
370
771
1124
1546
2099
2749
3359
3918
4438
4864
5176
5524
6029
6597
7016
7150
7061
6917
6875
6964
7079
7043
6755
6278
5740
5248
4817
4420
4017
3519
2886
2126
1382
842
540
269
-173
-725
-1239
-1630
-1925
-2103
-2131
-2073
-2077
-2175
-2242
-2184
-2008
-1690
-1232
-853
-739
-800
-685
-251
305
762
1024
1086
991
947
1221
1702
1957
1810
1525
1416
1471
1486
1419
1335
1204
945
641
427
317
205
71
-38
-190
-453
-792
-975
-910
-797
-924
-1286
-1582
-1653
-1543
-1465
-1521
-1636
-1766
-1876
-1935
-1951
-1959
-2032
-2128
-2190
-2266
-2375
-2444
-2355
-2240
-2301
-2531
-2716
-2728
-2643
-2550
-2503
-2529
-2665
-2810
-2757
-2504
-2307
-2417
-2668
-2723
-2582
-2455
-2484
-2576
-2624
-2654
-2643
-2570
-2503
-2618
-2902
-3072
-2907
-2594
-2516
-2744
-2971
-2841
-2441
-2104
-2013
-2065
-1971
-1579
-1010
-490
-139
160
576
1122
1702
2234
2828
3489
4111
4556
4832
5152
5675
6382
7008
7320
7301
7166
7172
7331
7470
7422
7171
6796
6364
5926
5505
5086
4647
4140
3510
2824
2140
1479
877
383
10
-369
-866
-1462
-1903
-2042
-2035
-2121
-2335
-2548
-2648
-2534
-2199
-1799
-1622
-1696
-1652
-1161
-477
-152
-280
-297
151
712
930
877
971
1255
1462
1426
1335
1343
1353
1274
1174
1091
931
670
452
418
430
237
-147
-429
-501
-526
-713
-967
-1069
-1059
-1100
-1258
-1397
-1421
-1401
-1438
-1517
-1590
-1632
-1644
-1631
-1587
-1584
-1660
-1736
-1754
-1750
-1785
-1882
-1940
-1953
-1975
-2031
-2092
-2114
-2143
-2194
-2269
-2280
-2227
-2202
-2281
-2438
-2533
-2460
-2259
-2123
-2165
-2356
-2509
-2478
-2310
-2227
-2340
-2472
-2462
-2367
-2401
-2573
-2655
-2550
-2405
-2415
-2536
-2588
-2563
-2489
-2333
-2080
-1847
-1758
-1682
-1366
-828
-395
-179
76
623
1302
1809
2171
2671
3343
3974
4431
4817
5258
5699
6131
6555
6919
7087
7065
7070
7205
7308
7150
6802
6468
6175
5794
5278
4756
4293
3827
3254
2564
1879
1269
762
293
-218
-776
-1283
-1613
-1841
-2083
-2334
-2494
-2506
-2466
-2469
-2506
-2463
-2263
-1916
-1560
-1348
-1228
-995
-563
-162
38
126
334
688
919
949
964
1124
1333
1410
1332
1221
1157
1072
959
837
696
523
322
134
-10
-116
-234
-405
-658
-912
-1063
-1095
-1118
-1249
-1414
-1529
-1565
-1562
-1564
-1570
-1601
-1664
-1723
-1733
-1694
-1675
-1707
-1702
-1632
-1578
-1624
-1743
-1819
-1801
-1718
-1656
-1703
-1874
-2025
-2014
-1855
-1767
-1880
-2000
-1972
-1932
-2083
-2312
-2259
-1941
-1757
-1947
-2273
-2387
-2292
-2142
-2004
-1934
-2092
-2493
-2744
-2494
-2051
-2041
-2459
-2684
-2381
-1985
-2060
-2478
-2650
-2266
-1615
-1191
-1179
-1384
-1429
-1013
-164
695
1167
1247
1306
1689
2345
3064
3719
4369
4979
5358
5445
5486
5833
6487
7136
7407
7262
6923
6613
6480
6518
6594
6476
6013
5293
4559
3939
3428
3014
2671
2258
1597
696
-153
-683
-897
-1048
-1339
-1782
-2329
-2787
-2950
-2782
-2508
-2418
-2582
-2776
-2730
-2365
-1832
-1448
-1373
-1453
-1277
-681
-45
133
-70
-23
493
998
1014
729
692
1020
1309
1267
1033
857
772
698
663
647
525
199
-162
-269
-196
-237
-491
-752
-852
-897
-1045
-1227
-1282
-1214
-1220
-1365
-1505
-1501
-1400
-1313
-1300
-1350
-1435
-1527
-1485
-1298
-1137
-1168
-1355
-1482
-1425
-1287
-1216
-1233
-1305
-1441
-1583
-1596
-1448
-1346
-1479
-1722
-1782
-1578
-1460
-1628
-1888
-1949
-1841
-1782
-1798
-1785
-1795
-1944
-2147
-2193
-2062
-1999
-2051
-2073
-2067
-2250
-2601
-2748
-2456
-1998
-1813
-2012
-2430
-2734
-2619
-2004
-1274
-995
-1233
-1408
-1059
-442
-15
316
975
1810
2248
2152
2142
2826
3972
4920
5283
5250
5186
5411
5993
6665
7008
6857
6559
6447
6462
6306
6006
5782
5612
5231
4536
3790
3211
2813
2452
1996
1373
586
-134
-547
-740
-1053
-1567
-2020
-2222
-2332
-2586
-2819
-2796
-2565
-2383
-2373
-2415
-2391
-2213
-1831
-1303
-875
-804
-949
-891
-430
182
602
687
567
493
574
814
1061
1183
1165
1055
914
723
563
552
662
706
466
24
-323
-418
-308
-250
-369
-664
-979
-1159
-1170
-1078
-1075
-1189
-1327
-1418
-1469
-1480
-1439
-1335
-1257
-1271
-1349
-1434
-1459
-1392
-1223
-1058
-1059
-1254
-1435
-1437
-1282
-1130
-1128
-1272
-1444
-1508
-1457
-1401
-1457
-1584
-1589
-1490
-1495
-1657
-1792
-1760
-1675
-1708
-1808
-1815
-1741
-1714
-1791
-1915
-2000
-1987
-1879
-1769
-1834
-2059
-2241
-2242
-2074
-1901
-1840
-1926
-2082
-2106
-1853
-1454
-1154
-1094
-1101
-925
-506
30
576
1069
1390
1569
1829
2405
3187
3895
4331
4564
4792
5046
5399
5865
6321
6576
6526
6348
6198
6082
5948
5829
5730
5454
4904
4198
3584
3131
2719
2281
1820
1269
538
-230
-764
-1002
-1184
-1488
-1888
-2273
-2616
-2817
-2776
-2579
-2450
-2488
-2565
-2505
-2285
-1945
-1511
-1159
-1033
-1075
-899
-386
130
309
295
458
765
925
847
847
1069
1319
1322
1100
897
806
756
703
726
717
487
60
-253
-262
-146
-217
-489
-703
-786
-872
-1033
-1135
-1099
-1010
-1050
-1218
-1342
-1341
-1236
-1112
-1043
-1077
-1188
-1241
-1129
-945
-869
-971
-1134
-1192
-1091
-960
-944
-1035
-1179
-1276
-1296
-1266
-1237
-1290
-1427
-1501
-1472
-1497
-1628
-1707
-1565
-1407
-1553
-1866
-1930
-1680
-1491
-1642
-1900
-1957
-1818
-1738
-1799
-1933
-2099
-2180
-2077
-1901
-1955
-2245
-2380
-2168
-1924
-1968
-2117
-1966
-1590
-1353
-1300
-1123
-697
-263
44
417
1027
1585
1886
2154
2726
3524
4152
4479
4732
5098
5495
5840
6175
6489
6621
6542
6395
6338
6269
6044
5728
5448
5127
4615
3984
3385
2908
2448
1941
1379
771
145
-414
-826
-1166
-1534
-1905
-2184
-2380
-2579
-2769
-2852
-2793
-2629
-2516
-2528
-2563
-2409
-1954
-1454
-1243
-1334
-1362
-996
-413
-25
86
111
177
259
370
610
916
1037
899
712
646
672
649
611
638
634
420
33
-230
-222
-89
-96
-318
-608
-834
-939
-932
-884
-909
-1032
-1142
-1188
-1211
-1254
-1233
-1094
-994
-1044
-1186
-1218
-1116
-1008
-913
-856
-857
-967
-1104
-1117
-974
-794
-731
-833
-1057
-1241
-1233
-1022
-825
-868
-1102
-1277
-1261
-1179
-1168
-1222
-1242
-1205
-1214
-1337
-1496
-1558
-1492
-1425
-1488
-1678
-1842
-1893
-1915
-2001
-2124
-2208
-2275
-2326
-2336
-2317
-2343
-2422
-2406
-2222
-2005
-1853
-1683
-1369
-1020
-835
-693
-300
454
1214
1632
1753
1960
2482
3209
3941
4517
4867
4977
5041
5270
5723
6173
6389
6374
6195
5877
5512
5313
5364
5386
5029
4300
3514
2961
2610
2291
1926
1492
887
165
-487
-889
-1043
-1166
-1390
-1749
-2166
-2493
-2586
-2425
-2195
-2096
-2155
-2247
-2222
-2054
-1728
-1293
-880
-685
-793
-919
-694
-74
548
719
451
238
383
727
989
1049
1015
947
818
674
559
522
503
477
425
256
-63
-414
-569
-468
-297
-338
-641
-1043
-1268
-1172
-928
-829
-985
-1214
-1292
-1231
-1165
-1118
-1029
-917
-910
-1037
-1122
-1012
-813
-701
-700
-745
-840
-954
-940
-729
-515
-574
-881
-1087
-1008
-865
-818
-831
-856
-997
-1243
-1331
-1131
-985
-1160
-1432
-1440
-1289
-1434
-1821
-1937
-1653
-1507
-1821
-2235
-2342
-2251
-2265
-2385
-2410
-2434
-2614
-2778
-2662
-2396
-2373
-2542
-2489
-2057
-1590
-1413
-1413
-1224
-767
-155
481
1014
1340
1501
1852
2588
3435
3995
4248
4506
4906
5244
5452
5687
6053
6373
6398
6132
5772
5499
5387
5402
5343
4943
4161
3350
2834
2586
2324
1869
1274
617
-18
-540
-889
-1147
-1411
-1670
-1926
-2215
-2517
-2676
-2568
-2373
-2318
-2393
-2403
-2210
-1934
-1692
-1470
-1314
-1226
-1072
-671
-138
150
5
-231
-54
516
985
991
734
592
721
882
899
846
808
803
733
558
336
180
154
225
255
69
-306
-608
-636
-433
-332
-531
-862
-1015
-916
-792
-825
-963
-996
-908
-847
-923
-1024
-992
-841
-699
-703
-803
-916
-939
-838
-683
-603
-709
-904
-1031
-977
-850
-780
-860
-1037
-1132
-1110
-1066
-1169
-1310
-1261
-1099
-1147
-1453
-1683
-1597
-1447
-1490
-1631
-1670
-1735
-2079
-2395
-2238
-1828
-1840
-2390
-2842
-2726
-2422
-2408
-2600
-2609
-2456
-2417
-2443
-2323
-2021
-1703
-1378
-1016
-726
-566
-285
421
1335
1837
1877
2059
2809
3777
4344
4488
4647
5040
5509
5887
6152
6284
6225
6104
6051
6011
5816
5524
5278
5017
4515
3808
3220
2889
2601
2077
1397
755
215
-265
-656
-966
-1303
-1673
-1970
-2152
-2335
-2569
-2696
-2574
-2360
-2291
-2350
-2329
-2147
-1908
-1679
-1429
-1177
-971
-729
-408
-208
-246
-267
87
687
967
721
411
499
799
907
851
913
1054
907
473
204
341
616
636
417
135
-147
-391
-405
-145
19
-199
-659
-906
-812
-673
-674
-724
-731
-780
-945
-1059
-976
-785
-708
-784
-865
-888
-902
-947
-911
-778
-696
-788
-938
-988
-926
-887
-922
-944
-904
-907
-1022
-1149
-1188
-1152
-1106
-1073
-1103
-1243
-1466
-1569
-1469
-1359
-1448
-1653
-1793
-1863
-2015
-2151
-2080
-1991
-2153
-2536
-2738
-2626
-2498
-2569
-2658
-2601
-2582
-2736
-2799
-2456
-1901
-1582
-1585
-1591
-1345
-886
-313
376
1024
1346
1378
1613
2324
3215
3844
4167
4459
4789
5001
5125
5426
5905
6267
6248
5932
5617
5405
5284
5228
5140
4802
4170
3476
2963
2611
2217
1743
1265
808
295
-296
-835
-1187
-1359
-1487
-1668
-1981
-2351
-2573
-2506
-2301
-2185
-2216
-2252
-2114
-1874
-1658
-1508
-1375
-1132
-791
-486
-342
-329
-251
40
440
666
638
554
585
723
863
935
949
866
690
557
552
600
568
420
246
102
-42
-162
-187
-161
-261
-499
-675
-674
-631
-699
-808
-823
-789
-819
-880
-875
-829
-812
-806
-769
-701
-712
-762
-765
-721
-653
-633
-667
-711
-711
-680
-676
-736
-806
-789
-753
-806
-921
-986
-954
-978
-1090
-1145
-1107
-1129
-1293
-1465
-1489
-1421
-1460
-1605
-1759
-1859
-1942
-2018
-2065
-2125
-2260
-2430
-2505
-2494
-2468
-2507
-2583
-2599
-2542
-2425
-2273
-2062
-1837
-1680
-1543
-1287
-825
-302
150
533
914
1295
1694
2196
2819
3454
3923
4240
4500
4747
5010
5351
5799
6154
6138
5825
5551
5513
5568
5478
5233
4874
4392
3796
3242
2867
2576
2206
1680
1079
480
-87
-547
-827
-987
-1231
-1631
-2048
-2314
-2400
-2407
-2395
-2357
-2295
-2275
-2304
-2275
-2049
-1665
-1298
-1123
-1125
-1072
-844
-452
-80
169
269
265
290
438
718
970
1057
966
840
777
756
760
783
816
771
569
281
65
19
66
95
28
-173
-448
-700
-763
-655
-526
-516
-679
-911
-1062
-1027
-843
-664
-662
-787
-888
-871
-802
-738
-680
-623
-607
-668
-759
-813
-762
-621
-519
-615
-847
-1018
-979
-812
-739
-834
-1000
-1144
-1207
-1184
-1184
-1243
-1309
-1322
-1342
-1511
-1790
-1968
-1884
-1671
-1647
-1913
-2302
-2572
-2602
-2456
-2340
-2384
-2560
-2762
-2919
-2975
-2855
-2584
-2308
-2207
-2248
-2263
-2090
-1685
-1117
-589
-292
-149
130
714
1407
1956
2332
2692
3146
3653
4107
4478
4799
5086
5360
5578
5694
5744
5761
5732
5661
5495
5242
4940
4593
4260
3938
3567
3085
2521
1978
1532
1148
725
285
-161
-585
-969
-1262
-1450
-1611
-1828
-2093
-2237
-2204
-2085
-2032
-2050
-2048
-1959
-1784
-1558
-1293
-1030
-850
-789
-779
-620
-218
254
477
370
225
308
590
826
925
942
917
825
712
677
704
692
617
553
494
345
57
-145
-124
-6
-63
-300
-533
-668
-720
-764
-775
-745
-753
-893
-1071
-1116
-1011
-905
-882
-901
-912
-943
-988
-973
-841
-680
-666
-790
-886
-841
-708
-623
-639
-681
-757
-831
-833
-760
-676
-687
-827
-951
-981
-980
-1008
-1071
-1113
-1153
-1250
-1428
-1649
-1775
-1719
-1614
-1669
-1947
-2274
-2486
-2523
-2453
-2316
-2252
-2482
-2887
-3123
-2904
-2446
-2158
-2152
-2263
-2281
-2114
-1723
-1122
-556
-271
-194
33
570
1217
1775
2209
2677
3124
3468
3769
4152
4630
5040
5288
5415
5529
5588
5590
5592
5584
5488
5249
4938
4620
4296
3908
3484
3094
2699
2240
1663
1102
678
343
2
-415
-862
-1273
-1569
-1714
-1812
-1940
-2115
-2261
-2304
-2268
-2162
-2042
-1886
-1739
-1607
-1458
-1293
-1055
-806
-537
-250
-29
57
100
246
526
783
909
960
986
957
866
843
960
1123
1097
857
559
378
337
386
442
322
16
-332
-503
-466
-391
-422
-572
-763
-917
-997
-975
-889
-847
-860
-912
-969
-1009
-977
-825
-695
-704
-777
-752
-652
-626
-664
-636
-537
-519
-616
-678
-635
-616
-698
-796
-786
-757
-834
-954
-1047
-1104
-1187
-1273
-1300
-1327
-1456
-1641
-1760
-1785
-1839
-1994
-2169
-2243
-2250
-2315
-2506
-2728
-2833
-2808
-2731
-2721
-2795
-2897
-2947
-2861
-2637
-2378
-2171
-2078
-1986
-1714
-1251
-769
-409
-101
266
766
1299
1798
2243
2690
3157
3619
4043
4385
4683
4979
5302
5571
5693
5646
5546
5524
5547
5464
5181
4772
4404
4097
3752
3312
2835
2380
1920
1414
901
424
5
-341
-667
-1020
-1424
-1760
-1912
-1930
-2020
-2220
-2336
-2270
-2140
-2079
-2021
-1858
-1635
-1447
-1281
-1110
-909
-673
-326
51
191
54
40
449
977
1113
881
754
913
1090
1032
928
976
1061
961
698
460
352
344
383
396
231
-142
-491
-545
-364
-254
-404
-679
-866
-895
-857
-788
-723
-707
-763
-848
-871
-797
-672
-584
-557
-556
-564
-608
-641
-603
-463
-373
-477
-677
-778
-705
-610
-655
-792
-917
-1000
-1054
-1069
-1041
-1094
-1305
-1557
-1602
-1467
-1416
-1601
-1862
-1963
-1962
-2067
-2261
-2282
-2121
-2100
-2427
-2833
-2948
-2804
-2665
-2605
-2582
-2636
-2866
-3111
-3000
-2481
-1960
-1762
-1771
-1739
-1554
-1232
-699
47
748
1113
1204
1378
1863
2572
3313
3949
4382
4551
4586
4763
5188
5681
6002
6105
5978
5707
5410
5247
5253
5274
5086
4560
3859
3222
2811
2576
2319
1877
1280
665
127
-293
-595
-799
-1024
-1340
-1674
-1919
-2046
-2143
-2210
-2157
-2011
-1921
-1948
-1941
-1773
-1530
-1352
-1214
-1014
-731
-459
-290
-234
-196
-33
293
642
802
727
607
644
805
918
943
960
942
823
635
487
446
461
411
272
80
-101
-274
-419
-487
-508
-549
-682
-859
-1020
-1090
-1075
-1031
-997
-1027
-1107
-1160
-1148
-1064
-969
-897
-840
-829
-851
-882
-840
-741
-657
-646
-679
-706
-750
-811
-845
-827
-824
-875
-950
-993
-1081
-1266
-1412
-1378
-1261
-1319
-1553
-1754
-1796
-1820
-1950
-2030
-1991
-1975
-2140
-2405
-2544
-2506
-2465
-2510
-2552
-2526
-2522
-2630
-2708
-2630
-2364
-2101
-1974
-1908
-1782
-1495
-1122
-741
-398
-6
490
982
1373
1682
2083
2696
3405
3951
4209
4333
4602
5076
5558
5841
5909
5876
5823
5752
5653
5538
5416
5254
4960
4467
3840
3271
2914
2696
2371
1792
1075
435
-19
-312
-533
-800
-1172
-1579
-1899
-2044
-2094
-2148
-2166
-2109
-2058
-2091
-2095
-1919
-1603
-1328
-1198
-1129
-1014
-765
-393
-33
101
18
1
297
720
883
785
716
842
945
863
764
854
986
903
648
415
345
357
337
269
140
-74
-310
-436
-429
-427
-521
-647
-725
-798
-952
-1064
-987
-794
-727
-897
-1112
-1129
-962
-802
-742
-740
-731
-798
-931
-993
-837
-548
-439
-628
-951
-1095
-967
-747
-677
-802
-983
-1127
-1211
-1239
-1245
-1233
-1245
-1352
-1534
-1720
-1819
-1828
-1774
-1768
-1914
-2201
-2454
-2457
-2301
-2232
-2370
-2622
-2818
-2877
-2771
-2553
-2405
-2484
-2706
-2700
-2355
-1908
-1650
-1559
-1344
-997
-633
-295
149
730
1251
1601
1912
2366
2940
3506
3986
4346
4589
4766
5060
5473
5762
5800
5691
5641
5611
5460
5215
5028
4868
4559
4004
3391
2941
2636
2311
1840
1280
721
219
-202
-534
-805
-1075
-1380
-1656
-1893
-2069
-2177
-2181
-2112
-2042
-2017
-2034
-1979
-1811
-1529
-1275
-1135
-1048
-898
-605
-310
-164
-137
-21
281
542
596
507
514
699
870
897
829
768
735
701
658
623
541
416
327
309
226
-10
-233
-250
-116
-145
-434
-726
-788
-664
-626
-735
-853
-925
-930
-930
-894
-853
-857
-920
-945
-862
-760
-733
-795
-836
-801
-718
-708
-729
-726
-718
-761
-831
-864
-847
-855
-940
-987
-996
-1069
-1254
-1396
-1360
-1264
-1335
-1583
-1775
-1792
-1802
-1919
-2049
-2096
-2126
-2216
-2362
-2472
-2567
-2645
-2589
-2441
-2402
-2602
-2789
-2683
-2321
-2063
-2033
-1986
-1688
-1261
-991
-854
-584
-24
673
1244
1543
1696
1941
2509
3328
4075
4426
4420
4459
4814
5337
5703
5798
5766
5749
5667
5458
5208
5034
4913
4714
4322
3768
3152
2628
2268
2004
1671
1136
505
-45
-440
-719
-955
-1191
-1423
-1691
-1934
-2110
-2169
-2130
-2034
-1953
-1927
-1888
-1792
-1632
-1465
-1255
-987
-734
-635
-605
-416
-41
228
185
99
297
698
893
743
545
592
809
937
902
810
705
598
506
481
462
374
241
123
48
-72
-291
-483
-513
-430
-418
-603
-900
-1090
-1052
-928
-864
-939
-1087
-1196
-1191
-1110
-1088
-1116
-1112
-1024
-952
-1014
-1148
-1188
-1031
-819
-764
-896
-1093
-1157
-1072
-930
-873
-958
-1102
-1208
-1227
-1198
-1216
-1299
-1374
-1386
-1386
-1517
-1749
-1894
-1804
-1659
-1747
-2079
-2325
-2304
-2222
-2292
-2468
-2530
-2484
-2479
-2547
-2579
-2527
-2419
-2292
-2110
-1888
-1672
-1461
-1220
-925
-590
-165
366
909
1327
1621
1950
2462
3075
3621
4047
4391
4694
4957
5193
5428
5645
5795
5879
5874
5737
5469
5171
4975
4861
4626
4159
3554
3012
2589
2198
1745
1238
756
335
-73
-534
-1003
-1369
-1526
-1595
-1766
-2086
-2343
-2380
-2260
-2150
-2121
-2064
-1966
-1854
-1720
-1488
-1208
-1025
-886
-673
-386
-218
-218
-122
231
600
671
500
443
658
909
956
848
777
785
776
693
601
559
512
426
310
209
95
-45
-164
-197
-199
-290
-459
-606
-640
-622
-626
-704
-769
-807
-819
-817
-817
-816
-847
-868
-847
-771
-727
-784
-902
-928
-791
-667
-714
-870
-966
-922
-861
-882
-930
-961
-1004
-1085
-1121
-1150
-1222
-1302
-1269
-1165
-1237
-1532
-1776
-1735
-1589
-1610
-1752
-1856
-1981
-2208
-2419
-2390
-2195
-2188
-2434
-2607
-2560
-2507
-2650
-2759
-2519
-2032
-1731
-1876
-2113
-1959
-1355
-712
-310
-16
312
680
985
1322
1882
2613
3307
3762
3975
4050
4152
4541
5206
5813
5976
5692
5327
5217
5345
5461
5418
5157
4735
4214
3690
3250
2899
2647
2352
1898
1233
522
2
-264
-372
-553
-904
-1374
-1768
-1957
-1994
-1959
-1914
-1896
-1923
-1985
-1989
-1854
-1612
-1340
-1090
-883
-794
-793
-664
-302
79
216
183
291
550
676
582
536
742
980
970
769
626
622
626
560
500
457
351
172
22
-63
-132
-228
-328
-392
-473
-607
-746
-808
-805
-826
-891
-958
-970
-973
-1030
-1084
-1068
-993
-967
-1038
-1094
-1043
-973
-979
-1036
-1073
-1060
-1017
-995
-1011
-1069
-1157
-1172
-1111
-1046
-1099
-1242
-1321
-1288
-1217
-1243
-1338
-1403
-1426
-1463
-1539
-1569
-1554
-1630
-1790
-1904
-1863
-1849
-2035
-2275
-2316
-2184
-2171
-2345
-2519
-2509
-2429
-2419
-2394
-2251
-2074
-1973
-1903
-1673
-1312
-988
-715
-351
161
625
956
1229
1657
2229
2841
3395
3784
4035
4206
4513
4972
5429
5656
5631
5553
5519
5512
5405
5250
5109
4903
4541
4033
3546
3162
2817
2444
2007
1527
994
461
55
-260
-525
-820
-1133
-1413
-1647
-1805
-1902
-1902
-1900
-1881
-1852
-1786
-1667
-1596
-1500
-1306
-964
-615
-493
-601
-648
-320
222
529
438
266
370
648
755
705
761
945
1018
848
623
545
582
632
662
620
405
51
-170
-92
57
29
-188
-401
-532
-642
-706
-673
-576
-613
-797
-945
-964
-901
-891
-896
-844
-829
-900
-1030
-1061
-952
-843
-852
-962
-1015
-1024
-1037
-1071
-1047
-966
-1008
-1157
-1273
-1235
-1163
-1179
-1241
-1283
-1285
-1335
-1421
-1474
-1483
-1467
-1453
-1466
-1577
-1798
-1969
-1990
-1894
-1847
-1931
-2108
-2348
-2533
-2578
-2438
-2279
-2261
-2405
-2624
-2671
-2481
-2110
-1808
-1723
-1702
-1494
-1079
-679
-357
11
565
1143
1513
1740
2077
2686
3384
3919
4221
4374
4584
4887
5283
5648
5791
5723
5567
5505
5455
5326
5126
4911
4660
4224
3667
3175
2857
2551
2074
1512
1013
613
192
-280
-657
-924
-1181
-1469
-1690
-1831
-1993
-2153
-2218
-2124
-2028
-2004
-1957
-1837
-1672
-1564
-1452
-1230
-950
-723
-563
-370
-193
-100
-51
73
357
641
720
596
493
530
648
716
697
699
713
617
375
171
168
295
350
231
-14
-265
-397
-380
-276
-246
-360
-546
-686
-743
-748
-725
-673
-648
-700
-819
-945
-967
-897
-769
-702
-733
-860
-1005
-1062
-984
-826
-751
-827
-999
-1100
-1097
-1046
-1028
-980
-926
-993
-1162
-1278
-1204
-1138
-1213
-1315
-1257
-1134
-1280
-1645
-1882
-1752
-1507
-1505
-1768
-2108
-2288
-2330
-2317
-2339
-2447
-2525
-2560
-2556
-2635
-2774
-2817
-2665
-2321
-2036
-1899
-1898
-1805
-1507
-1069
-537
-50
414
770
1081
1445
1921
2509
3088
3659
4102
4384
4531
4699
5063
5489
5771
5840
5793
5680
5466
5224
5084
5068
4943
4556
3974
3348
2846
2482
2238
1943
1480
856
237
-212
-548
-767
-938
-1112
-1368
-1713
-2022
-2176
-2121
-1927
-1745
-1721
-1832
-1922
-1825
-1543
-1220
-963
-792
-661
-562
-472
-341
-148
127
368
510
519
462
452
515
660
796
862
800
656
518
437
446
467
462
420
296
78
-145
-216
-163
-97
-133
-287
-484
-667
-713
-646
-544
-572
-711
-823
-865
-851
-871
-866
-835
-809
-828
-909
-990
-1030
-974
-876
-846
-910
-1018
-1090
-1122
-1073
-973
-917
-993
-1163
-1255
-1215
-1082
-1014
-1110
-1287
-1407
-1314
-1147
-1143
-1372
-1617
-1606
-1483
-1496
-1690
-1813
-1806
-1874
-2117
-2331
-2275
-2112
-2098
-2323
-2519
-2550
-2466
-2311
-2156
-1994
-1904
-1853
-1702
-1366
-947
-604
-338
30
580
1093
1414
1679
2095
2698
3313
3780
4080
4279
4482
4769
5129
5412
5535
5545
5513
5415
5213
4991
4844
4742
4513
4083
3556
3040
2617
2251
1923
1552
1082
547
50
-330
-635
-873
-1083
-1308
-1592
-1853
-2004
-2033
-1992
-1917
-1839
-1828
-1885
-1890
-1666
-1311
-1069
-1005
-978
-842
-674
-494
-199
128
284
138
-31
135
569
846
724
499
475
603
627
527
505
585
583
424
253
146
64
16
58
125
-12
-328
-520
-455
-322
-362
-481
-556
-601
-724
-822
-757
-614
-570
-705
-839
-901
-917
-867
-725
-616
-730
-1004
-1150
-1026
-836
-807
-929
-1049
-1116
-1170
-1204
-1194
-1164
-1141
-1155
-1225
-1381
-1552
-1615
-1451
-1216
-1223
-1526
-1867
-1906
-1764
-1728
-1825
-1878
-1844
-1987
-2325
-2551
-2460
-2236
-2198
-2309
-2439
-2566
-2699
-2694
-2423
-2044
-1817
-1807
-1804
-1653
-1355
-954
-444
153
616
843
994
1340
1968
2691
3302
3713
3994
4184
4402
4769
5220
5627
5816
5799
5660
5517
5414
5343
5305
5209
4910
4373
3777
3309
2990
2670
2288
1846
1324
729
156
-243
-477
-657
-897
-1213
-1561
-1885
-2051
-2024
-1904
-1825
-1856
-1925
-1947
-1827
-1604
-1380
-1210
-1066
-868
-665
-567
-553
-459
-137
260
408
251
90
188
454
644
661
615
539
428
318
345
491
528
361
122
34
52
22
-97
-143
-126
-188
-382
-550
-533
-461
-458
-529
-585
-669
-801
-826
-698
-585
-633
-790
-857
-825
-793
-772
-725
-666
-742
-896
-949
-849
-755
-807
-900
-879
-831
-958
-1161
-1155
-935
-821
-995
-1265
-1368
-1296
-1223
-1235
-1313
-1431
-1536
-1583
-1600
-1718
-1944
-2082
-1988
-1842
-1972
-2409
-2774
-2770
-2500
-2329
-2443
-2696
-2911
-2933
-2737
-2429
-2225
-2153
-2033
-1754
-1455
-1262
-997
-474
234
828
1138
1309
1600
2158
2920
3615
4075
4296
4430
4630
4981
5421
5738
5836
5763
5654
5513
5331
5141
5007
4874
4584
4111
3540
3028
2628
2312
1977
1565
1098
581
79
-320
-566
-743
-963
-1220
-1456
-1638
-1790
-1883
-1865
-1783
-1691
-1637
-1631
-1607
-1523
-1350
-1112
-872
-718
-676
-629
-469
-234
-88
-61
67
309
423
301
181
344
574
609
483
424
464
427
305
249
332
333
175
17
-6
1
-123
-311
-322
-185
-193
-412
-592
-577
-517
-531
-561
-516
-515
-650
-792
-727
-556
-505
-609
-696
-657
-636
-712
-795
-747
-651
-661
-786
-908
-947
-966
-992
-955
-933
-1028
-1207
-1308
-1259
-1171
-1205
-1353
-1487
-1509
-1438
-1441
-1591
-1780
-1821
-1777
-1819
-1990
-2125
-2156
-2200
-2365
-2529
-2535
-2461
-2451
-2553
-2643
-2686
-2684
-2558
-2272
-1963
-1837
-1884
-1786
-1371
-819
-376
-24
356
750
1099
1472
2032
2671
3205
3550
3846
4183
4510
4794
5082
5394
5614
5639
5516
5398
5312
5235
5127
4953
4657
4194
3668
3271
3016
2719
2225
1677
1228
857
485
82
-302
-626
-851
-1030
-1240
-1519
-1736
-1789
-1728
-1701
-1745
-1776
-1726
-1627
-1513
-1381
-1223
-1066
-928
-760
-610
-516
-436
-219
84
195
59
-17
223
557
595
398
301
404
468
394
361
395
327
106
-37
6
47
-87
-247
-275
-252
-379
-610
-657
-490
-365
-505
-750
-848
-710
-563
-527
-557
-618
-682
-699
-600
-490
-453
-499
-559
-575
-563
-570
-590
-591
-597
-632
-715
-847
-943
-921
-860
-888
-1051
-1229
-1265
-1236
-1263
-1360
-1435
-1498
-1618
-1722
-1663
-1571
-1750
-2118
-2262
-2019
-1839
-2057
-2428
-2532
-2406
-2422
-2602
-2654
-2478
-2376
-2526
-2689
-2610
-2379
-2135
-1875
-1593
-1368
-1277
-1164
-760
-101
524
910
1159
1498
1927
2405
2909
3442
3956
4350
4602
4790
4982
5183
5402
5646
5841
5808
5511
5146
4939
4890
4820
4571
4117
3574
3032
2583
2261
1957
1587
1115
630
200
-188
-533
-822
-1007
-1098
-1219
-1477
-1792
-1948
-1836
-1611
-1494
-1548
-1650
-1674
-1549
-1280
-976
-794
-806
-834
-712
-468
-302
-233
-106
83
164
41
-57
66
309
426
345
202
111
86
102
154
162
73
-74
-158
-166
-198
-277
-335
-323
-300
-354
-509
-630
-600
-481
-443
-534
-651
-662
-588
-556
-570
-598
-604
-609
-609
-576
-559
-608
-704
-735
-689
-649
-693
-794
-855
-862
-850
-894
-961
-1023
-1064
-1060
-1065
-1128
-1246
-1334
-1341
-1317
-1339
-1447
-1599
-1700
-1761
-1801
-1824
-1857
-1984
-2199
-2351
-2346
-2285
-2364
-2524
-2563
-2499
-2541
-2681
-2656
-2362
-2092
-2041
-2029
-1821
-1513
-1270
-962
-403
191
470
533
842
1525
2213
2643
2988
3431
3841
4071
4238
4639
5131
5433
5494
5446
5385
5264
5155
5167
5197
5013
4554
4024
3642
3334
2999
2621
2278
1893
1372
779
303
21
-189
-444
-730
-994
-1317
-1631
-1805
-1762
-1667
-1689
-1797
-1838
-1795
-1726
-1621
-1483
-1306
-1147
-989
-859
-803
-774
-604
-275
-19
-19
-114
-19
240
375
322
304
424
517
474
401
397
417
370
316
317
303
184
33
-25
16
-10
-130
-254
-300
-315
-390
-472
-497
-461
-493
-602
-684
-656
-623
-657
-689
-660
-620
-677
-774
-769
-689
-693
-754
-756
-692
-717
-879
-990
-906
-799
-836
-973
-1038
-1025
-1075
-1192
-1259
-1210
-1162
-1227
-1344
-1425
-1497
-1619
-1713
-1654
-1548
-1599
-1861
-2100
-2177
-2164
-2212
-2269
-2221
-2178
-2334
-2662
-2827
-2664
-2359
-2188
-2126
-2104
-2086
-2077
-1947
-1495
-866
-367
-136
-40
154
567
1167
1832
2431
2869
3129
3347
3625
4014
4435
4880
5268
5449
5391
5183
5048
5124
5310
5389
5180
4691
4145
3714
3477
3313
3049
2605
2050
1490
1012
611
265
-5
-236
-486
-843
-1262
-1603
-1723
-1643
-1522
-1554
-1749
-1950
-1966
-1799
-1593
-1402
-1229
-1112
-1120
-1171
-1062
-749
-415
-199
-119
-106
-148
-205
-105
249
616
668
382
118
113
280
434
498
523
446
222
-36
-118
21
207
237
102
-114
-316
-453
-452
-282
-104
-83
-305
-594
-728
-639
-439
-302
-291
-420
-608
-745
-751
-619
-467
-433
-531
-692
-848
-916
-893
-794
-696
-706
-869
-1106
-1227
-1176
-1045
-961
-1003
-1139
-1307
-1442
-1438
-1335
-1239
-1280
-1423
-1534
-1615
-1724
-1854
-1832
-1684
-1675
-1984
-2361
-2488
-2397
-2299
-2317
-2387
-2470
-2591
-2697
-2658
-2444
-2238
-2104
-1969
-1764
-1547
-1393
-1127
-634
-19
448
712
961
1390
1962
2487
2948
3396
3822
4146
4381
4593
4839
5105
5338
5494
5476
5270
5012
4872
4860
4779
4470
4006
3559
3170
2782
2413
2078
1729
1287
784
333
9
-243
-480
-703
-922
-1176
-1424
-1569
-1586
-1529
-1511
-1517
-1544
-1572
-1557
-1427
-1196
-964
-838
-835
-864
-798
-577
-272
-47
-41
-146
-180
-36
191
318
327
329
341
295
173
125
252
443
449
202
-54
-119
-23
51
49
-41
-177
-357
-473
-438
-350
-358
-469
-516
-525
-600
-730
-724
-552
-439
-532
-703
-726
-653
-615
-607
-549
-492
-579
-724
-738
-607
-534
-655
-790
-774
-729
-803
-895
-888
-847
-936
-1131
-1179
-1061
-1043
-1244
-1420
-1370
-1274
-1394
-1632
-1658
-1524
-1545
-1809
-2010
-1957
-1851
-1954
-2165
-2216
-2178
-2212
-2289
-2266
-2187
-2199
-2286
-2196
-1884
-1655
-1634
-1630
-1370
-916
-547
-327
-48
372
848
1214
1494
1829
2282
2842
3331
3668
3834
3957
4208
4612
5003
5185
5123
4993
4928
4892
4825
4713
4573
4363
4012
3537
3085
2750
2506
2229
1860
1402
905
425
57
-158
-324
-543
-862
-1194
-1411
-1492
-1531
-1589
-1631
-1612
-1567
-1555
-1568
-1517
-1359
-1157
-984
-844
-766
-762
-708
-509
-179
40
1
-137
-105
129
332
356
277
253
285
275
208
187
199
201
168
89
-20
-170
-258
-225
-140
-150
-292
-461
-559
-525
-457
-447
-479
-519
-556
-596
-624
-617
-566
-509
-474
-497
-550
-596
-611
-559
-476
-436
-519
-652
-706
-667
-623
-686
-809
-881
-863
-860
-942
-1069
-1148
-1170
-1191
-1213
-1241
-1303
-1444
-1586
-1607
-1493
-1447
-1616
-1840
-1902
-1830
-1865
-2034
-2147
-2071
-2016
-2205
-2474
-2537
-2389
-2256
-2268
-2342
-2398
-2444
-2380
-2107
-1730
-1502
-1511
-1460
-1099
-577
-177
69
424
990
1502
1801
2025
2457
3077
3634
4000
4232
4434
4608
4832
5137
5429
5525
5375
5178
5087
5012
4840
4578
4330
4064
3659
3155
2696
2351
2001
1590
1188
809
389
-82
-478
-693
-831
-1036
-1316
-1544
-1668
-1741
-1779
-1761
-1709
-1685
-1681
-1640
-1516
-1387
-1274
-1134
-930
-750
-691
-706
-587
-278
-6
54
-72
-128
35
294
434
411
303
240
246
303
376
389
329
228
156
131
75
-7
-28
13
45
-73
-285
-420
-358
-195
-139
-250
-431
-487
-419
-333
-306
-321
-326
-330
-344
-351
-334
-335
-344
-325
-296
-316
-409
-506
-516
-480
-509
-571
-641
-707
-822
-932
-934
-911
-977
-1153
-1248
-1255
-1301
-1434
-1543
-1542
-1514
-1578
-1741
-1868
-1957
-2007
-2001
-1971
-2051
-2291
-2517
-2490
-2288
-2254
-2503
-2708
-2596
-2340
-2294
-2473
-2487
-2177
-1783
-1616
-1657
-1603
-1225
-643
-114
136
201
448
1014
1737
2238
2450
2644
3048
3586
3998
4196
4354
4606
4896
5094
5131
5023
4909
4890
4937
4894
4602
4176
3815
3605
3380
3023
2622
2235
1844
1419
1005
669
383
84
-225
-490
-738
-1018
-1265
-1397
-1401
-1421
-1502
-1607
-1671
-1684
-1633
-1460
-1246
-1141
-1201
-1262
-1090
-764
-567
-566
-569
-397
-186
-145
-225
-171
75
256
183
18
-40
62
158
140
86
-7
-122
-220
-211
-157
-191
-341
-480
-474
-417
-463
-587
-632
-541
-461
-509
-614
-637
-514
-382
-324
-362
-402
-360
-246
-153
-103
-125
-171
-163
-114
-61
-97
-184
-256
-250
-240
-298
-432
-530
-563
-587
-648
-745
-834
-933
-1022
-1079
-1081
-1143
-1299
-1435
-1422
-1390
-1502
-1682
-1720
-1621
-1680
-1953
-2123
-2000
-1878
-2054
-2341
-2358
-2185
-2191
-2421
-2467
-2218
-2061
-2221
-2350
-2070
-1634
-1467
-1538
-1414
-964
-493
-214
21
398
799
1131
1525
2020
2445
2704
2971
3401
3838
4040
4097
4303
4660
4883
4808
4626
4576
4616
4597
4453
4218
3900
3508
3170
2938
2735
2383
1888
1444
1129
833
456
83
-177
-357
-582
-896
-1185
-1335
-1369
-1377
-1452
-1551
-1604
-1592
-1531
-1434
-1317
-1223
-1161
-1078
-912
-734
-627
-620
-542
-338
-124
-56
-101
-99
-2
94
95
100
137
132
32
-60
-69
-19
-52
-164
-240
-252
-284
-398
-488
-465
-366
-352
-437
-524
-514
-437
-358
-297
-240
-202
-192
-162
-73
17
61
88
136
225
231
164
105
136
194
175
102
25
-55
-167
-297
-350
-335
-376
-529
-705
-765
-836
-979
-1110
-1094
-986
-1017
-1261
-1525
-1580
-1480
-1373
-1329
-1411
-1647
-1889
-1960
-1824
-1659
-1691
-1896
-2039
-2096
-2185
-2308
-2282
-2057
-1896
-2021
-2325
-2455
-2245
-1871
-1584
-1476
-1472
-1427
-1211
-817
-416
-80
237
602
993
1304
1566
1927
2430
2932
3296
3515
3686
3875
4130
4420
4653
4742
4696
4619
4588
4547
4403
4185
4002
3827
3553
3163
2765
2450
2150
1806
1419
1062
714
354
-3
-295
-527
-726
-923
-1154
-1357
-1485
-1531
-1545
-1572
-1613
-1600
-1548
-1469
-1385
-1244
-1081
-1003
-985
-882
-640
-415
-352
-378
-305
-146
-64
-80
-42
83
169
54
-139
-196
-78
38
-8
-180
-376
-468
-463
-418
-405
-427
-476
-563
-648
-673
-573
-405
-317
-342
-386
-353
-244
-129
-15
132
240
250
208
230
351
468
525
507
467
413
355
304
273
233
167
79
-43
-190
-347
-462
-536
-586
-684
-840
-1001
-1116
-1177
-1227
-1313
-1428
-1507
-1508
-1502
-1586
-1761
-1896
-1885
-1799
-1751
-1867
-2055
-2153
-2135
-2115
-2181
-2263
-2214
-2079
-2102
-2337
-2484
-2302
-1946
-1742
-1793
-1820
-1635
-1385
-1204
-943
-512
-67
149
262
547
1021
1507
1887
2243
2617
2888
3037
3286
3699
4070
4233
4304
4390
4464
4401
4301
4329
4393
4277
3931
3587
3351
3146
2870
2602
2312
1947
1517
1118
841
590
273
-47
-272
-460
-727
-1024
-1192
-1210
-1202
-1289
-1424
-1494
-1442
-1353
-1268
-1259
-1243
-1116
-926
-784
-758
-753
-656
-462
-322
-280
-286
-254
-211
-174
-148
-157
-227
-281
-256
-236
-320
-523
-644
-588
-493
-560
-723
-815
-796
-774
-803
-813
-737
-606
-544
-589
-630
-547
-326
-102
22
24
-6
62
222
400
515
560
544
518
494
510
545
567
537
430
309
173
57
-15
-63
-119
-237
-436
-639
-769
-796
-809
-881
-1030
-1170
-1256
-1308
-1357
-1409
-1447
-1507
-1544
-1553
-1584
-1750
-1935
-1930
-1724
-1644
-1903
-2233
-2234
-1984
-1930
-2217
-2425
-2224
-1917
-1902
-2177
-2280
-2053
-1691
-1439
-1302
-1201
-1127
-933
-553
-73
282
497
798
1241
1620
1792
1983
2482
3124
3508
3526
3505
3704
4039
4308
4463
4519
4466
4311
4161
4099
4030
3868
3660
3467
3201
2779
2320
2032
1893
1697
1284
819
458
202
-42
-314
-548
-701
-827
-1008
-1207
-1384
-1429
-1368
-1268
-1234
-1279
-1302
-1249
-1148
-1018
-865
-732
-627
-593
-561
-503
-421
-306
-190
-108
-109
-220
-332
-332
-211
-151
-236
-373
-486
-552
-624
-683
-683
-616
-611
-736
-886
-926
-815
-629
-523
-528
-568
-546
-428
-260
-97
8
98
214
339
405
414
474
645
812
828
722
631
639
671
613
522
440
361
228
28
-124
-255
-362
-474
-568
-702
-928
-1154
-1258
-1217
-1223
-1380
-1570
-1610
-1576
-1636
-1788
-1828
-1689
-1608
-1723
-1919
-1962
-1833
-1753
-1822
-1922
-1937
-1907
-1928
-1968
-1942
-1907
-1940
-1985
-1916
-1762
-1688
-1730
-1696
-1454
-1166
-1007
-948
-762
-401
-28
230
443
764
1182
1570
1870
2143
2420
2754
3100
3429
3688
3799
3860
3992
4210
4369
4326
4182
4065
4007
3890
3664
3419
3190
2946
2623
2252
1891
1568
1256
945
642
329
-18
-359
-598
-736
-873
-1078
-1278
-1401
-1435
-1448
-1473
-1482
-1473
-1439
-1350
-1194
-1033
-965
-988
-955
-740
-461
-321
-352
-373
-273
-158
-147
-163
-88
23
19
-132
-283
-338
-304
-266
-276
-353
-486
-625
-699
-667
-587
-532
-538
-568
-598
-610
-544
-367
-174
-69
-47
7
112
262
401
521
649
749
833
864
878
876
906
963
983
905
752
639
570
487
363
199
42
-113
-282
-409
-526
-695
-918
-1074
-1103
-1087
-1213
-1452
-1618
-1624
-1553
-1565
-1668
-1772
-1807
-1789
-1764
-1812
-1916
-1975
-1906
-1813
-1830
-1985
-2131
-2120
-2023
-1957
-1962
-1987
-2031
-2067
-1984
-1792
-1628
-1609
-1595
-1375
-1021
-777
-720
-583
-209
277
633
837
1073
1405
1773
2113
2435
2744
3025
3269
3502
3692
3805
3885
4007
4164
4236
4135
3935
3767
3659
3555
3402
3200
2920
2574
2201
1883
1621
1397
1160
863
537
174
-142
-352
-452
-547
-717
-908
-1096
-1209
-1247
-1241
-1200
-1164
-1097
-1061
-1071
-1125
-1092
-863
-603
-496
-591
-673
-597
-437
-325
-288
-261
-255
-278
-323
-357
-347
-340
-326
-344
-381
-499
-648
-662
-578
-480
-511
-618
-697
-670
-593
-533
-469
-392
-305
-259
-244
-179
-12
184
323
373
412
492
610
673
737
832
908
901
823
775
781
786
696
586
507
438
293
88
-67
-158
-249
-404
-562
-674
-821
-1021
-1180
-1207
-1199
-1315
-1483
-1576
-1590
-1637
-1698
-1723
-1707
-1726
-1793
-1802
-1789
-1858
-1960
-1912
-1717
-1652
-1859
-2082
-1976
-1680
-1594
-1770
-1916
-1739
-1486
-1409
-1472
-1412
-1164
-926
-780
-669
-442
-168
107
375
639
895
1146
1467
1852
2149
2304
2428
2706
3087
3356
3409
3367
3433
3579
3685
3633
3534
3430
3319
3149
2928
2713
2504
2321
2083
1796
1438
1064
775
618
492
241
-144
-487
-636
-652
-726
-903
-1068
-1117
-1129
-1205
-1252
-1208
-1044
-947
-1003
-1070
-1027
-812
-560
-447
-522
-667
-631
-370
-111
-121
-313
-392
-285
-174
-237
-319
-286
-190
-234
-424
-553
-529
-428
-374
-370
-435
-563
-669
-603
-352
-164
-199
-349
-379
-216
-31
88
160
261
350
353
342
434
600
732
783
763
711
654
626
666
727
727
616
412
242
145
128
101
-12
-198
-391
-538
-684
-806
-876
-908
-995
-1167
-1350
-1436
-1477
-1565
-1627
-1574
-1520
-1669
-1979
-2095
-1859
-1616
-1729
-2084
-2194
-1990
-1833
-1950
-2123
-2066
-1877
-1831
-1912
-1937
-1828
-1681
-1530
-1341
-1165
-1105
-1070
-807
-363
21
117
183
511
995
1356
1524
1746
2108
2440
2639
2843
3113
3338
3417
3460
3609
3783
3785
3667
3563
3520
3426
3257
3085
2927
2708
2365
2055
1827
1650
1398
1068
764
517
281
34
-190
-360
-496
-621
-794
-989
-1106
-1137
-1082
-1056
-1095
-1172
-1210
-1190
-1094
-908
-744
-723
-840
-912
-758
-479
-320
-345
-419
-397
-323
-274
-218
-123
-65
-101
-194
-249
-225
-173
-134
-98
-111
-219
-351
-382
-251
-130
-127
-211
-264
-248
-215
-142
-18
101
121
69
60
180
346
445
488
544
598
588
544
588
730
809
722
569
490
509
497
386
267
199
96
-100
-286
-382
-420
-527
-730
-912
-998
-1083
-1236
-1398
-1485
-1508
-1568
-1678
-1818
-1928
-1976
-1964
-1924
-1944
-2065
-2200
-2239
-2162
-2090
-2112
-2183
-2198
-2155
-2102
-2055
-2016
-1940
-1844
-1727
-1593
-1439
-1291
-1148
-952
-667
-347
-87
87
280
607
1030
1413
1653
1814
2047
2395
2744
2990
3118
3236
3383
3539
3667
3702
3657
3601
3576
3549
3441
3235
3015
2845
2695
2469
2192
1915
1666
1407
1130
894
689
459
209
24
-122
-293
-498
-642
-670
-663
-758
-904
-977
-962
-925
-900
-848
-810
-823
-847
-781
-689
-685
-680
-519
-306
-346
-661
-799
-485
-63
-59
-415
-613
-467
-285
-326
-404
-322
-212
-304
-494
-533
-402
-316
-316
-249
-166
-255
-477
-510
-215
128
148
-69
-196
-126
7
136
282
388
336
183
153
295
436
436
379
410
447
316
119
74
218
305
172
-61
-234
-310
-367
-404
-421
-485
-658
-898
-1049
-1065
-1058
-1116
-1240
-1355
-1457
-1546
-1631
-1683
-1713
-1751
-1780
-1850
-1964
-2066
-2065
-1974
-1915
-1958
-2049
-2064
-1986
-1875
-1765
-1685
-1607
-1508
-1390
-1214
-997
-798
-604
-348
-64
148
302
559
955
1364
1618
1724
1886
2178
2509
2790
2987
3122
3188
3219
3310
3459
3543
3489
3376
3279
3187
3018
2837
2714
2597
2358
2020
1717
1511
1328
1075
834
633
401
106
-138
-251
-299
-421
-589
-712
-795
-891
-941
-859
-725
-709
-862
-948
-827
-644
-546
-496
-430
-405
-495
-529
-336
-63
-15
-222
-353
-228
-72
-134
-266
-221
-73
-115
-329
-472
-414
-299
-300
-353
-384
-439
-568
-636
-508
-304
-259
-402
-518
-476
-357
-245
-166
-107
-93
-123
-130
-38
70
107
127
155
187
142
57
31
113
190
154
29
-113
-215
-257
-235
-247
-348
-531
-692
-748
-772
-844
-967
-1065
-1128
-1188
-1261
-1365
-1457
-1512
-1539
-1569
-1638
-1735
-1798
-1789
-1762
-1811
-1901
-1938
-1893
-1819
-1815
-1840
-1852
-1811
-1726
-1612
-1473
-1369
-1277
-1145
-965
-772
-597
-402
-105
228
456
586
782
1120
1496
1799
2022
2217
2377
2544
2758
3020
3220
3247
3210
3265
3386
3383
3243
3095
3039
3000
2807
2531
2294
2110
1907
1678
1467
1233
942
631
395
245
117
-76
-299
-471
-581
-661
-723
-770
-819
-841
-818
-775
-775
-801
-766
-642
-502
-425
-402
-383
-365
-326
-215
-61
16
-57
-145
-111
-27
-35
-95
-86
10
6
-190
-367
-335
-192
-158
-246
-358
-407
-459
-489
-430
-321
-301
-391
-444
-400
-328
-322
-284
-143
-16
-34
-158
-177
-12
170
247
233
209
171
149
193
298
383
327
198
129
136
112
54
15
6
-32
-161
-338
-465
-506
-491
-479
-559
-731
-939
-1060
-1075
-1024
-1019
-1122
-1287
-1441
-1509
-1512
-1506
-1545
-1603
-1642
-1672
-1745
-1841
-1881
-1794
-1669
-1618
-1663
-1735
-1739
-1640
-1451
-1244
-1081
-987
-905
-789
-595
-326
-35
244
474
654
828
1032
1296
1609
1918
2178
2321
2384
2471
2637
2863
3026
3057
3027
2974
2936
2885
2823
2765
2673
2523
2308
2060
1846
1669
1502
1328
1113
869
613
383
198
85
-3
-156
-376
-543
-588
-568
-615
-709
-756
-730
-712
-749
-689
-550
-480
-594
-671
-509
-269
-213
-362
-405
-260
-170
-254
-320
-209
-71
-151
-347
-432
-369
-329
-377
-386
-370
-473
-678
-762
-627
-464
-492
-664
-761
-724
-675
-652
-588
-478
-418
-454
-514
-490
-386
-244
-132
-85
-93
-117
-103
-35
48
133
212
203
125
37
58
133
183
158
81
20
-80
-167
-189
-148
-186
-314
-429
-468
-484
-593
-729
-771
-744
-772
-902
-1040
-1116
-1139
-1151
-1178
-1203
-1261
-1342
-1384
-1368
-1362
-1389
-1391
-1346
-1301
-1286
-1292
-1261
-1188
-1060
-899
-773
-707
-672
-529
-282
-38
95
198
408
680
864
978
1135
1387
1652
1822
1936
2042
2170
2287
2414
2554
2626
2604
2568
2558
2579
2548
2455
2357
2269
2165
2020
1874
1719
1533
1345
1195
1072
933
733
516
358
267
164
45
-56
-158
-274
-363
-406
-418
-434
-474
-458
-423
-413
-481
-534
-466
-305
-204
-248
-347
-360
-281
-198
-140
-123
-91
-109
-171
-211
-190
-132
-102
-122
-158
-222
-322
-389
-338
-224
-216
-333
-483
-522
-492
-462
-448
-435
-454
-519
-605
-636
-566
-492
-450
-443
-465
-519
-579
-534
-395
-287
-298
-383
-412
-387
-343
-303
-242
-211
-263
-337
-383
-376
-348
-340
-357
-376
-448
-541
-613
-648
-640
-635
-676
-764
-888
-991
-1016
-984
-981
-1051
-1138
-1192
-1214
-1236
-1236
-1207
-1181
-1185
-1193
-1170
-1125
-1085
-1034
-926
-793
-702
-670
-635
-503
-292
-129
-36
61
191
348
490
619
758
902
1043
1174
1285
1368
1448
1554
1687
1784
1824
1833
1850
1913
1971
1975
1918
1881
1875
1862
1806
1701
1608
1555
1499
1420
1310
1189
1069
952
875
781
666
534
433
369
279
172
67
-6
-34
-62
-114
-198
-300
-348
-304
-240
-262
-345
-393
-344
-288
-295
-315
-274
-208
-202
-250
-268
-215
-184
-181
-174
-149
-154
-222
-262
-220
-169
-178
-247
-316
-334
-335
-341
-348
-360
-390
-428
-465
-474
-481
-472
-458
-449
-467
-515
-519
-496
-459
-443
-427
-424
-458
-473
-439
-362
-327
-372
-416
-397
-354
-345
-377
-376
-356
-358
-370
-402
-433
-446
-447
-434
-441
-532
-629
-638
-587
-582
-666
-740
-766
-770
-784
-793
-802
-825
-845
-849
-827
-818
-859
-873
-808
-730
-723
-756
-748
-663
-557
-508
-470
-413
-353
-302
-232
-127
-15
61
128
229
339
419
472
557
676
815
909
949
979
1037
1131
1226
1303
1330
1319
1310
1341
1396
1422
1414
1391
1369
1348
1311
1261
1216
1199
1178
1139
1047
923
831
802
811
765
660
513
430
427
430
378
278
221
218
212
143
65
35
77
118
89
12
-56
-59
-12
49
57
3
-72
-105
-63
-23
-23
-60
-101
-109
-113
-146
-200
-230
-220
-208
-243
-330
-419
-449
-420
-394
-435
-522
-582
-602
-606
-609
-603
-606
-637
-678
-693
-661
-633
-639
-646
-615
-581
-583
-591
-563
-499
-460
-458
-465
-434
-394
-375
-349
-327
-302
-300
-306
-282
-232
-228
-254
-275
-279
-259
-240
-230
-252
-285
-319
-316
-300
-296
-310
-332
-345
-366
-403
-417
-375
-329
-316
-354
-381
-379
-351
-314
-262
-201
-185
-224
-237
-168
-57
13
26
61
100
120
133
185
287
392
439
450
436
457
529
626
701
717
700
672
698
749
802
817
812
802
783
766
746
742
746
753
737
689
620
556
554
589
584
518
421
377
372
366
338
307
292
271
256
231
206
197
196
221
239
216
184
170
198
235
242
233
215
212
241
259
245
221
206
211
229
201
136
101
84
88
64
2
-61
-108
-136
-180
-230
-284
-330
-372
-418
-463
-526
-582
-623
-641
-644
-686
-738
-780
-796
-785
-768
-771
-788
-784
-781
-762
-749
-731
-680
-626
-600
-594
-580
-542
-493
-430
-370
-328
-313
-308
-265
-217
-158
-125
-105
-77
-67
-53
-28
-10
18
49
53
50
35
15
32
76
95
77
53
30
45
63
60
64
75
80
57
49
69
97
107
124
139
150
149
156
190
235
272
265
275
287
307
347
396
414
410
405
430
467
481
480
474
492
483
475
486
495
477
454
439
437
420
386
372
380
373
333
282
246
254
249
236
207
151
104
88
95
91
68
33
1
-12
-22
-44
-44
-38
-46
-64
-88
-110
-120
-114
-87
-68
-89
-133
-168
-150
-120
-98
-107
-145
-161
-174
-185
-180
-184
-182
-200
-231
-253
-276
-281
-276
-265
-268
-296
-333
-370
-366
-340
-325
-338
-377
-408
-415
-386
-364
-369
-380
-388
-383
-375
-376
-346
-322
-307
-288
-293
-290
-272
-248
-209
-177
-187
-181
-163
-126
-78
-54
-41
-32
-27
-15
18
47
64
67
83
95
101
108
124
163
176
152
136
133
149
158
165
174
159
140
131
142
161
168
161
151
142
132
127
149
168
180
165
132
143
152
174
193
195
186
161
155
161
164
180
187
186
177
154
148
167
198
197
173
144
115
113
117
124
134
125
107
79
73
71
70
63
70
68
26
18
1
10
26
40
31
-4
-20
-18
-5
7
4
-13
-21
-36
-38
-25
-24
-6
-2
-10
-13
-26
-27
-26
-11
-9
-14
-38
-59
-53
-52
-50
-59
-57
-80
-98
-107
-110
-116
-132
-128
-136
-154
-168
-176
-173
-169
-177
-189
-193
-193
-197
-196
-192
-193
-189
-189
-197
-184
-179
-174
-169
-155
-135
-132
-123
-118
-114
-110
-91
-83
-61
-44
-47
-47
-32
-20
-10
2
7
15
28
43
50
66
73
82
92
100
94
86
96
118
116
110
117
110
115
115
119
115
120
118
109
115
101
95
101
100
105
94
85
80
70
78
84
79
75
66
66
74
70
71
62
66
75
71
59
60
70
82
78
67
64
62
77
78
86
77
65
77
87
90
79
60
51
57
48
50
42
19
12
3
-5
-12
-18
-16
-16
-32
-53
-61
-66
-60
-63
-72
-86
-103
-113
-105
-96
-91
-89
-111
-113
-115
-116
-113
-114
-110
-104
-111
-121
-119
-105
-81
-75
-72
-79
-82
-73
-51
-46
-39
-51
-58
-53
-51
-41
-41
-23
-15
-23
-35
-29
-23
-9
-7
1
0
-4
0
4
18
31
32
22
29
29
42
46
50
52
48
57
64
63
71
79
80
82
72
71
86
106
101
86
75
83
86
87
82
79
74
67
59
52
62
54
56
51
41
31
31
44
51
48
38
30
28
41
42
34
41
34
15
17
18
20
17
15
13
4
-4
3
10
18
19
25
16
10
18
22
33
37
37
28
35
35
52
59
56
51
54
57
51
65
77
82
74
58
51
59
70
78
61
53
42
30
31
24
22
10
-3
-8
-26
-44
-50
-60
-62
-82
-95
-120
-128
-130
-130
-132
-149
-160
-169
-165
-164
-166
-173
-176
-182
-183
-189
-187
-177
-182
-182
-174
-178
-175
-161
-143
-143
-139
-143
-145
-125
-110
-89
-98
-89
-88
-73
-65
-69
-46
-40
-32
-27
-28
-13
7
23
39
41
46
55
69
90
104
106
110
107
115
129
137
155
169
174
176
180
171
182
189
196
187
184
173
161
174
174
173
155
145
145
135
132
130
120
112
94
97
79
70
69
55
48
29
24
18
22
12
6
-10
-19
-16
-12
-11
-22
-28
-28
-25
-28
-32
-27
-27
-18
-13
-33
-28
-27
-23
-13
-9
-15
-19
-17
-5
13
11
4
-2
8
18
22
15
6
7
5
5
6
5
13
9
10
9
-2
4
3
8
8
-12
-20
-25
-31
-33
-31
-35
-47
-50
-66
-75
-79
-80
-85
-93
-100
-113
-120
-119
-118
-132
-132
-141
-160
-155
-149
-160
-163
-168
-168
-168
-166
-167
-171
-155
-158
-161
-166
-163
-152
-142
-133
-128
-135
-129
-121
-109
-101
-95
-86
-89
-79
-72
-60
-47
-38
-30
-26
-20
-18
-4
18
29
29
29
41
57
73
92
87
89
95
98
108
120
124
134
133
132
140
133
134
139
139
135
129
116
120
122
118
115
100
100
93
86
86
73
75
74
71
63
52
50
52
59
59
39
22
32
32
48
50
40
45
41
48
57
71
79
73
73
65
60
70
69
73
68
64
57
61
71
77
87
79
69
53
54
54
61
51
44
37
29
32
18
20
23
23
9
-7
-14
-18
-17
-15
-33
-50
-58
-57
-57
-78
-83
-84
-95
-97
-103
-104
-103
-105
-108
-122
-120
-118
-126
-121
-120
-137
-135
-136
-147
-145
-150
-150
-150
-152
-151
-152
-146
-135
-132
-132
-132
-123
-120
-116
-98
-85
-84
-85
-77
-70
-57
-44
-44
-36
-24
-18
-7
4
20
25
34
40
33
42
46
54
57
53
54
46
45
51
59
60
63
57
60
69
74
78
70
69
60
66
70
74
79
76
78
71
70
69
74
82
76
75
82
67
70
71
68
69
57
51
51
53
48
48
47
50
46
41
42
53
57
55
60
55
56
57
55
60
60
64
69
64
63
61
60
71
74
68
65
61
66
65
56
56
44
39
32
23
14
6
3
-6
-6
-16
-35
-41
-45
-45
-55
-63
-70
-77
-76
-82
-85
-87
-89
-97
-97
-95
-101
-110
-111
-115
-114
-111
-111
-102
-105
-104
-106
-107
-104
-100
-97
-88
-89
-90
-81
-87
-78
-73
-71
-68
-66
-60
-52
-50
-35
-31
-36
-19
-12
-4
-1
11
17
28
45
57
63
74
91
102
113
118
117
120
137
132
126
130
127
129
131
136
133
129
135
129
120
122
113
114
108
99
101
104
102
92
91
83
83
76
71
65
66
61
46
43
31
39
28
16
19
19
19
6
7
-2
-4
2
-9
-21
-30
-33
-38
-49
-51
-54
-63
-56
-61
-49
-51
-53
-48
-48
-38
-54
-57
-58
-59
-59
-69
-66
-71
-75
-76
-75
-71
-70
-77
-79
-83
-78
-76
-70
-66
-65
-63
-66
-54
-57
-59
-57
-58
-59
-59
-49
-42
-36
-38
-48
-51
-40
-39
-40
-32
-34
-34
-43
-43
-35
-36
-32
-32
-22
-19
-13
-16
-21
-15
-10
0
-6
-3
-1
-1
9
8
16
17
16
29
19
24
28
28
38
38
35
36
40
38
44
45
56
62
64
67
72
69
73
72
75
85
85
86
84
88
88
89
85
89
89
99
96
95
92
82
92
81
79
77
70
66
62
45
45
50
42
39
33
30
19
21
19
16
13
8
8
-4
-6
-5
-3
-4
-3
-3
-15
-22
-23
-31
-29
-16
-22
-28
-26
-37
-39
-34
-39
-42
-47
-45
-38
-53
-48
-52
-62
-64
-56
-61
-69
-59
-63
-64
-67
-60
-60
-63
-53
-51
-56
-57
-60
-57
-52
-64
-65
-64
-60
-54
-50
-44
-46
-37
-31
-34
-39
-37
-32
-37
-28
-26
-21
-20
-14
-14
-18
-12
-17
-19
-15
-8
-8
-10
-15
-13
-6
-8
4
11
9
12
9
7
15
20
23
25
38
28
28
25
24
28
28
32
22
21
15
21
12
7
15
6
3
5
12
0
9
9
4
18
13
5
13
18
8
16
16
14
20
19
19
22
20
16
25
23
29
23
6
9
16
14
19
22
22
9
2
10
-4
-4
-10
-10
-13
-18
-16
-14
-10
-12
-7
-18
-12
-5
-20
-22
-19
-16
-15
-20
-12
-21
-24
-23
-22
-22
-34
-24
-23
-26
-28
-24
-22
-22
-25
-25
-31
-30
-28
-25
-25
-27
-24
-38
-40
-37
-35
-40
-35
-29
-39
-42
-37
-29
-25
-29
-25
-20
-16
-19
-19
-3
-7
6
4
-2
4
3
6
10
16
12
13
15
19
23
18
12
13
12
13
8
16
16
6
10
6
9
11
6
7
3
6
12
14
15
12
18
14
15
13
10
18
18
18
16
11
21
27
17
18
15
9
16
18
6
7
3
7
10
10
3
-2
0
0
0
3
2
-3
6
-6
-3
9
10
6
5
6
3
2
-6
-6
-6
2
-3
-5
-6
-6
-16
-11
-7
-11
-2
-3
-7
-8
-3
-12
-12
-15
-19
-19
-7
-2
-10
-7
-4
-4
-10
-10
-9
-9
4
0
-1
7
2
9
6
8
4
1
7
1
6
4
2
6
3
6
6
2
-4
-1
8
6
8
9
11
12
7
6
0
-9
-3
3
-2
-7
-4
-4
0
8
2
-4
-7
-3
-6
-6
-9
-6
1
-6
-5
4
6
6
16
10
11
16
17
14
9
9
4
-2
8
5
8
13
1
9
7
10
6
9
10
13
18
18
25
11
16
13
18
25
14
14
8
12
21
20
17
17
19
18
22
23
13
14
17
16
15
12
3
5
14
9
6
-3
0
6
-1
12
8
-1
-3
-10
-15
-16
-12
-13
-4
-6
-7
2
-3
-3
0
-7
1
-1
-4
0
-3
-4
-2
-6
-9
-10
-13
-11
-17
-12
-15
-14
-17
-29
-23
-20
-15
-12
-16
-15
-6
-9
-14
-20
-22
-18
-11
-21
-19
-10
-18
-19
-18
-13
-19
-9
-13
-10
-4
-10
-12
-12
-13
-7
-11
-19
-10
-13
-6
-2
-3
-12
-7
2
6
2
0
11
10
23
13
12
19
13
19
14
14
13
4
7
6
5
5
13
7
7
17
10
19
11
3
10
13
12
15
14
15
19
16
21
21
22
26
13
13
19
19
11
2
3
-2
3
-1
1
-5
1
5
-4
-3
-2
-4
-10
-4
-1
4
4
11
11
9
12
20
10
14
22
16
19
9
12
12
19
23
16
18
25
22
24
20
11
12
10
18
18
11
9
9
6
-3
2
7
0
13
5
9
8
11
15
6
6
7
5
-4
-3
-9
-4
-8
-5
-5
-12
-12
-3
-3
-7
2
-5
-7
-13
-16
-11
-13
-15
-20
-22
-18
-20
-9
-22
-21
-19
-25
-18
-18
-13
-15
-14
-17
-6
-13
-13
-15
-4
0
-11
-7
-13
3
-2
-7
1
-2
-3
-3
-5
-12
-15
-16
-23
-16
-22
-20
-14
-18
-14
-21
-9
-7
-11
-13
-7
-7
-7
0
11
9
6
13
16
14
13
12
23
18
13
16
9
21
18
15
13
13
10
7
-2
13
9
2
6
-6
-4
-9
