25
35
24
17
39
32
1
30
41
55
45
34
61
41
28
48
35
40
35
33
39
37
37
23
41
21
18
52
29
53
42
32
48
39
42
50
53
44
56
54
59
52
69
54
56
63
53
46
59
57
56
63
66
50
58
45
60
63
67
68
53
52
55
53
38
61
36
36
41
44
24
28
58
44
69
54
61
59
42
47
51
47
66
48
43
58
35
51
42
45
65
77
61
68
55
64
39
27
42
44
47
57
64
75
59
56
44
48
56
32
36
33
58
54
43
58
47
26
43
41
44
24
38
38
24
42
58
53
47
38
42
40
39
26
33
41
27
36
42
31
25
27
55
28
29
36
22
56
48
62
80
31
52
51
15
46
38
55
55
43
51
44
32
43
46
55
31
16
43
36
47
43
31
47
60
38
53
40
36
59
34
33
53
33
58
78
80
74
58
33
60
54
29
57
59
95
81
84
71
76
58
67
65
65
65
41
55
57
49
40
50
33
10
30
23
24
28
19
42
23
12
38
26
41
45
24
32
40
36
40
38
37
58
64
49
61
48
58
75
68
80
56
63
33
47
57
70
61
74
83
58
73
61
82
51
43
72
62
73
81
54
43
77
75
67
63
53
53
55
31
45
59
65
59
54
67
37
40
62
59
70
58
47
53
52
70
71
54
48
77
66
44
70
77
91
67
90
106
84
86
84
77
74
75
67
45
69
65
52
47
40
54
53
26
37
44
56
47
27
46
55
38
40
16
14
24
26
13
3
12
14
32
13
23
20
28
36
32
32
7
6
10
19
47
23
11
24
26
47
20
18
19
11
11
43
24
15
33
23
26
19
53
44
18
16
13
3
0
14
14
31
39
24
23
40
35
10
41
37
24
15
36
37
48
50
54
44
47
26
46
31
37
56
33
58
46
41
14
33
32
32
45
49
44
55
56
45
49
42
38
14
77
64
26
24
35
49
-4
30
29
31
25
16
27
41
39
42
46
28
39
45
45
39
44
30
24
24
36
31
23
39
35
18
21
9
13
35
50
41
25
25
18
63
44
31
1
13
12
9
34
11
23
34
14
38
23
34
46
44
37
29
19
22
-1
35
40
5
12
24
25
20
-4
2
7
-6
16
24
21
-3
7
-1
-14
5
0
-6
14
20
11
13
26
12
29
19
6
4
26
24
24
48
34
28
12
36
23
40
36
34
39
21
25
21
39
32
41
36
22
19
25
37
41
14
26
25
17
27
29
20
28
23
23
23
25
39
45
57
25
42
35
24
21
29
25
15
39
18
10
26
20
21
38
26
25
32
12
19
11
21
27
10
9
15
27
14
12
-5
-9
-14
9
13
12
17
27
30
2
20
22
12
24
1
13
-1
8
37
8
-4
-4
5
-5
7
14
27
14
12
32
17
4
12
10
6
22
30
20
-3
12
14
20
28
33
22
-4
5
23
12
19
3
14
9
5
-9
6
32
12
26
-14
-18
19
17
13
16
12
22
17
1
1
20
11
-8
11
18
2
16
31
18
37
24
20
29
34
40
44
3
6
22
26
38
26
21
48
37
34
59
44
43
53
52
35
18
20
44
48
34
24
35
12
27
42
45
49
20
21
19
20
12
50
63
54
40
27
43
30
23
20
33
19
-1
27
36
40
40
42
48
28
25
24
38
39
57
43
57
55
47
47
33
48
37
54
39
22
65
50
61
87
76
63
49
59
75
71
64
59
85
41
48
51
51
58
59
48
53
47
27
41
46
52
38
55
34
50
66
73
66
45
67
29
34
57
46
57
36
25
45
70
63
31
45
52
49
33
36
33
40
30
18
48
38
59
49
58
33
46
31
2
7
0
9
0
22
22
35
43
17
16
37
24
30
32
5
33
43
40
42
40
18
20
32
33
7
30
16
31
24
48
48
52
59
46
63
57
62
44
37
40
28
12
26
23
29
31
38
30
12
2
10
30
20
39
7
28
38
8
25
26
27
-4
8
8
18
27
26
23
-2
26
25
22
35
37
23
25
29
8
24
25
1
21
10
4
16
-3
19
26
2
22
11
16
15
21
10
5
11
20
14
17
17
0
17
-1
15
-12
-20
-12
-6
-35
-12
-6
-30
-1
-4
-26
-43
-34
-29
-32
-26
2
-32
-38
-27
-44
-47
-52
-41
-23
-28
-21
-18
-34
-38
-7
-6
-8
-17
-6
-18
-8
-8
2
-6
-16
-28
-8
-2
-8
-16
-28
-23
-41
-45
-36
-27
-35
-31
-38
-15
-16
-21
-5
-38
-26
-18
-30
-14
-16
-21
-32
-5
-16
2
30
2
-4
-8
-9
9
20
20
9
19
9
-14
-26
-22
-3
-5
0
17
9
39
28
18
25
17
15
4
31
23
-3
8
4
4
8
3
12
16
-7
-3
17
5
-36
-9
9
-8
-23
12
32
30
19
22
8
13
22
-20
15
-4
7
15
-10
1
-12
24
41
11
18
18
9
36
31
7
13
22
34
25
37
46
50
44
45
42
35
20
45
49
26
35
25
39
41
33
36
26
41
20
4
5
18
-14
8
23
-1
31
24
24
23
8
13
35
10
30
35
31
3
11
11
11
12
11
8
3
2
25
14
6
7
5
7
6
-6
-1
42
32
23
4
9
8
22
4
9
-23
-17
-5
-6
19
-30
-18
-13
4
-4
1
24
12
30
40
10
3
29
4
5
2
8
30
-8
5
2
3
23
24
26
18
23
15
35
15
30
21
23
29
18
13
8
-25
-20
8
-14
7
-22
-6
-21
-6
4
15
16
12
9
-3
-17
-16
-2
0
-11
-12
-30
-21
-8
-9
-36
-33
2
4
10
5
2
-6
-24
-31
-10
-10
12
2
-6
15
1
-22
12
23
21
8
-2
-15
-11
-23
-16
-9
-18
3
-8
-26
-12
-9
-34
-15
-4
-22
2
8
-7
-11
1
-13
-22
-23
-13
-31
-43
-37
-63
-51
-44
-33
-40
-45
-29
-27
-42
-30
-28
-54
-35
-28
-20
-34
-29
-32
-16
-26
-31
-49
-51
-20
-25
-36
-26
-37
-29
-38
-42
-14
-10
-36
-16
-12
-35
-16
-48
-31
-49
-46
-51
-48
-55
-52
-62
-61
-38
-54
-48
-59
-60
-50
-30
-38
-43
-42
-25
-34
-29
-50
-58
-50
-38
-39
-39
-34
-33
-48
-49
-46
-36
-43
-57
-55
-78
-58
-53
-36
-35
-75
-60
-49
-47
-54
-54
-49
-49
-62
-34
-32
-46
-46
-48
-47
-51
-47
-65
-62
-74
-53
-69
-66
-57
-60
-55
-72
-62
-73
-64
-72
-57
-45
-54
-71
-47
-66
-54
-61
-36
-50
-56
-49
-65
-47
-64
-76
-72
-62
-58
-52
-54
-46
-58
-55
-52
-54
-32
-66
-54
-76
-77
-49
-72
-43
-50
-56
-56
-53
-60
-51
-27
-52
-51
-30
-77
-53
-44
-66
-38
-46
-44
-61
-31
-57
-52
-51
-74
-51
-57
-71
-72
-53
-73
-59
-49
-62
-53
-62
-70
-65
-62
-69
-49
-38
-48
-45
-40
-59
-64
-54
-59
-57
-68
-51
-31
-35
-43
-27
-14
-24
-35
-32
-16
-19
-42
-60
-62
-44
-39
-36
-47
-37
-52
-52
-39
-44
-34
-41
-38
-13
-12
-27
-14
-23
-37
-19
-7
-34
-44
6
-30
-45
-45
-64
-44
-51
-47
-54
-44
-29
-39
-45
-69
-63
-65
-46
-40
-52
-36
-40
-3
-8
1
-33
-32
-29
-20
-28
-39
-11
-16
-19
-41
-15
-5
-19
-11
9
13
20
-16
13
-1
-12
20
3
-12
-12
10
-19
-6
14
15
-1
-5
-6
-15
-11
4
-14
-9
3
13
-3
-6
-5
5
16
-17
19
17
27
39
13
39
54
43
41
20
10
29
23
40
36
31
34
25
29
47
31
45
35
36
42
21
29
25
28
45
16
12
33
37
15
17
34
54
56
26
-3
20
41
14
2
4
18
19
-3
-8
12
14
-3
-12
-19
8
15
-11
25
5
10
7
-9
15
7
8
-2
17
-4
23
40
18
45
37
48
32
39
34
25
29
37
51
44
29
32
33
32
26
32
64
46
9
47
47
55
51
58
57
37
46
31
49
40
45
52
35
80
81
72
70
60
71
27
43
50
45
58
67
61
35
39
53
49
37
45
40
38
20
41
34
43
24
21
44
51
18
20
53
23
48
62
44
26
80
49
37
53
58
18
30
48
37
48
45
61
24
6
50
39
27
32
38
39
29
60
57
29
42
36
34
22
60
43
41
38
48
42
21
38
35
55
33
40
45
23
55
36
32
37
35
31
15
31
25
49
33
40
3
20
51
54
50
37
29
31
47
34
26
25
49
37
42
37
34
42
28
33
32
35
38
43
20
20
56
18
46
48
39
32
22
45
7
43
37
35
27
42
55
32
22
35
35
7
19
48
64
61
56
48
61
68
47
45
67
69
82
55
50
65
35
60
36
49
72
42
75
25
48
42
62
45
59
35
6
54
40
51
43
24
9
24
44
25
19
9
25
39
38
34
36
40
31
47
31
45
23
35
67
44
36
69
42
27
52
64
68
64
54
46
51
66
81
72
54
89
71
54
55
72
76
72
59
62
69
76
74
66
84
73
41
40
64
64
56
61
66
59
74
72
70
63
52
72
62
63
56
66
52
47
82
68
66
76
70
78
85
87
76
76
63
72
71
74
102
72
85
118
88
77
73
58
80
65
80
91
104
89
80
77
75
84
72
82
58
90
66
60
72
78
82
53
46
43
52
33
59
51
72
55
48
66
79
69
71
92
55
73
92
78
70
46
48
77
70
64
71
79
94
96
87
62
83
91
110
93
82
96
96
105
86
73
78
88
95
83
80
57
75
77
59
82
60
78
77
79
69
81
85
61
96
68
84
77
65
76
62
50
67
91
89
118
83
102
111
104
100
88
114
98
111
92
87
98
102
102
101
110
79
109
111
96
114
105
102
66
80
81
67
109
83
84
110
75
86
84
90
86
100
97
93
96
93
100
102
115
84
79
88
100
98
104
117
103
112
104
106
97
86
99
125
122
128
116
110
114
88
98
83
108
124
93
94
91
99
124
107
108
79
87
88
92
100
97
113
114
103
94
98
80
106
92
77
82
91
92
102
87
92
86
97
99
88
93
97
80
86
73
62
113
93
79
115
87
70
100
85
89
97
114
111
93
103
114
120
86
103
102
86
108
103
108
106
85
102
105
109
119
115
105
86
86
99
110
108
97
93
100
108
116
116
119
125
130
137
147
122
118
139
112
118
135
124
98
98
126
99
117
99
121
157
149
114
137
128
148
150
129
165
168
158
153
173
182
164
157
162
181
180
161
159
151
176
181
167
156
129
164
150
134
146
159
160
146
164
135
162
170
185
163
153
157
148
166
151
157
150
146
166
150
144
158
170
173
167
149
149
145
170
166
153
159
112
125
149
161
145
151
132
158
168
153
153
160
185
164
175
152
150
168
172
179
167
162
152
174
145
163
160
162
176
161
196
151
168
159
159
183
157
167
187
172
169
203
172
161
152
171
176
158
159
148
170
167
150
171
178
157
155
178
157
160
171
150
156
150
180
164
168
168
177
185
158
180
176
157
168
155
158
175
179
157
160
154
160
165
162
184
182
163
177
181
178
184
169
155
130
161
174
161
183
182
164
190
166
169
179
171
188
176
173
179
193
193
144
149
157
174
161
165
168
160
152
170
167
141
153
139
175
164
175
148
140
176
148
139
140
163
152
167
180
163
169
168
165
188
194
181
168
168
169
188
178
165
155
166
170
159
167
153
163
172
179
164
141
158
173
151
175
163
151
160
168
140
156
146
126
153
156
161
133
161
168
151
163
177
153
175
176
151
163
191
193
213
171
185
196
184
208
173
203
170
175
195
186
190
174
169
177
172
165
179
177
191
177
191
172
187
191
145
153
177
155
155
152
160
166
170
165
158
172
140
144
140
157
175
142
135
151
153
157
156
152
148
157
153
134
175
150
150
170
159
177
140
138
145
155
138
132
134
132
133
143
139
154
155
136
148
141
138
148
115
132
132
124
126
108
112
118
120
136
111
113
152
151
133
140
143
133
145
154
143
131
132
157
141
129
133
125
158
141
128
143
134
123
125
121
122
131
120
140
148
130
121
134
142
148
135
117
134
123
117
111
110
97
100
110
122
110
101
120
98
113
99
92
90
105
129
119
140
129
131
116
110
131
135
114
129
108
131
127
115
139
128
129
84
123
152
94
107
128
113
140
152
155
136
133
136
130
151
143
153
147
99
122
123
119
122
113
133
116
130
150
130
153
135
140
142
134
119
144
145
133
156
151
153
159
137
146
151
140
141
181
171
168
174
168
180
163
178
193
177
169
195
193
188
194
192
193
185
195
176
204
195
191
204
205
189
202
187
176
189
206
192
192
194
171
197
189
189
193
180
211
198
226
221
200
221
203
225
212
236
198
196
204
218
236
232
257
212
221
216
229
200
197
227
223
241
249
238
235
206
203
239
232
188
226
227
232
247
236
229
227
237
218
245
229
244
221
215
211
200
233
201
213
205
202
220
212
200
206
221
205
213
224
227
235
219
226
238
233
228
206
215
221
224
206
235
229
204
227
222
221
200
247
240
213
235
222
238
230
206
237
255
231
232
247
238
234
254
256
212
228
244
233
234
246
258
242
241
250
242
220
242
231
222
244
230
266
246
235
237
237
224
252
238
229
254
249
242
221
223
228
237
240
257
242
233
227
227
215
217
226
236
226
212
221
198
221
198
206
238
218
217
214
231
228
227
215
217
220
219
222
243
242
235
230
225
216
213
228
205
226
235
238
223
223
218
230
216
185
213
205
221
209
197
208
216
222
229
230
228
216
232
233
217
205
228
220
205
225
206
206
194
207
213
218
209
170
198
185
173
192
194
191
210
181
183
190
178
187
182
203
180
159
148
144
154
149
154
169
180
144
150
159
170
162
165
171
127
155
151
169
163
163
153
159
166
166
169
154
189
168
172
155
185
179
150
181
152
171
153
167
173
137
132
150
162
179
179
180
164
176
177
177
165
169
167
175
173
145
142
135
143
142
152
138
154
160
153
145
164
164
174
179
179
170
140
162
140
142
146
126
127
154
128
123
150
165
155
132
126
117
115
114
123
125
133
131
111
97
105
111
99
101
118
100
111
114
120
107
89
123
130
101
108
111
87
107
106
90
89
75
97
72
75
92
77
85
76
99
87
112
104
99
107
78
109
98
73
94
102
94
103
82
84
107
75
61
74
65
82
107
70
88
81
76
84
78
88
76
70
82
90
73
85
89
93
95
88
84
100
128
125
107
101
109
124
123
110
99
92
92
90
95
97
103
95
81
93
93
102
107
89
65
85
86
78
66
67
101
64
94
67
31
58
37
61
55
75
70
49
35
58
48
71
79
104
129
90
85
84
105
103
105
87
89
66
76
75
55
65
37
48
60
32
48
57
53
66
42
19
29
58
65
48
65
52
66
53
58
59
70
87
89
96
100
104
99
96
75
91
79
84
87
101
86
91
75
65
59
59
62
76
67
40
45
67
53
46
76
70
66
69
71
62
50
30
49
67
55
65
54
28
28
54
65
70
71
43
27
31
31
35
-10
13
13
23
39
26
34
52
58
43
41
13
10
32
5
4
31
31
20
23
29
46
68
66
76
97
61
50
52
58
87
67
59
57
64
67
56
80
73
93
53
65
65
23
44
60
45
44
48
55
64
50
81
90
88
113
113
90
92
82
110
87
93
82
63
55
74
66
43
61
47
45
44
52
73
65
82
85
67
59
68
65
62
75
77
83
71
69
80
68
63
71
87
89
68
47
42
52
57
66
55
71
70
60
57
76
81
67
75
53
69
62
53
58
46
50
50
51
56
80
76
86
55
74
91
70
72
77
72
82
74
68
80
74
91
58
54
78
63
58
78
67
43
51
37
58
56
78
67
55
99
89
97
82
107
93
116
101
96
121
103
73
53
58
44
53
37
17
37
60
53
68
83
80
89
91
82
83
85
86
83
82
76
63
85
86
44
35
21
22
23
13
46
50
34
14
44
64
71
64
84
66
55
69
46
58
68
63
51
22
50
56
49
57
35
53
89
59
47
39
34
27
0
13
23
-5
18
-14
-31
-30
-14
-5
-11
17
-12
-10
-4
-19
2
-8
14
21
40
29
33
60
52
63
51
55
33
51
25
21
21
20
23
-24
-5
5
4
-5
-12
22
32
23
12
-3
1
-5
-1
-2
-1
11
10
34
55
77
81
53
58
71
65
61
58
53
30
52
38
58
57
62
77
58
25
41
39
30
40
28
5
-15
-7
-9
14
21
29
17
17
32
36
28
28
-1
8
8
18
22
4
21
25
40
62
60
57
83
57
52
65
46
25
75
34
44
49
50
56
46
21
13
32
14
11
3
14
-23
13
6
19
29
-7
-2
17
22
20
11
10
26
-2
10
16
19
7
-8
10
4
-12
0
-18
-36
-22
-36
-31
-28
-1
-14
-30
-24
-4
40
-12
-33
-11
16
1
4
10
12
25
18
25
38
29
6
17
1
15
-30
-43
-48
-51
-71
-87
-56
-86
-86
-80
-94
-66
-42
-43
-50
-50
-61
-87
-54
-57
-87
-41
-55
-75
-14
-12
-10
16
12
23
48
41
37
47
52
35
22
49
24
17
2
15
16
-5
-20
-3
-13
-34
-26
-49
-52
-76
-77
-100
-97
-71
-75
-96
-122
-71
-44
-50
-48
-37
-28
-11
-12
-24
-8
-15
-12
-26
-50
-42
-34
-30
-39
-17
-26
-17
-6
4
1
-1
16
11
6
-17
-52
-68
-63
-92
-105
-102
-124
-118
-106
-106
-94
-73
-53
-21
-41
-21
-40
-12
-35
-68
-79
-92
-92
-97
-123
-114
-106
-115
-75
-57
-57
-66
-50
-26
-26
-26
-11
-25
-33
-38
-46
-26
-25
-34
-22
3
-4
-32
21
24
31
36
23
25
39
20
-4
-12
-29
-40
-61
-69
-82
-69
-97
-113
-111
-127
-79
-71
-57
-35
-70
-36
-37
-33
-21
-45
-41
-37
-6
-22
-57
-54
-65
-91
-68
-78
-73
-56
-64
-71
-64
-42
-30
-42
-26
-21
-37
-31
-52
-73
-83
-78
-96
-89
-87
-120
-117
-110
-108
-71
-44
-39
-23
7
23
1
13
38
17
10
-27
-65
-62
-95
-92
-72
-67
-70
-100
-56
-32
-5
8
-13
-33
-36
-22
-34
-50
-42
-70
-88
-92
-96
-90
-120
-90
-66
-46
-39
-23
-27
-10
7
-9
-19
5
-19
-9
-5
-1
4
-13
-8
-29
-20
-28
-25
-26
-23
-32
-39
-61
-51
-59
-63
-62
-27
-36
-42
-36
-33
-23
-11
-36
-39
-16
-30
-21
-20
-21
-18
-19
-20
-34
0
39
39
35
67
84
71
103
67
77
66
74
45
27
17
4
21
-22
-37
-56
-28
-3
-13
-14
11
38
17
7
-5
-3
-22
-69
-97
-133
-145
-161
-165
-193
-175
-154
-114
-79
-59
-16
7
-15
36
80
57
30
13
18
28
34
3
-3
10
40
15
32
20
25
32
24
63
51
46
31
10
-32
-30
-42
-41
-51
-42
-31
-18
0
18
45
12
48
46
45
53
13
40
34
20
21
4
24
43
29
39
66
69
86
97
111
122
92
93
69
30
2
-52
-81
-79
-104
-136
-153
-153
-165
-125
-99
-82
-60
-66
-35
-25
1
-12
6
4
5
20
42
57
52
65
87
116
136
143
153
151
138
131
132
115
52
16
-35
-95
-96
-106
-139
-173
-157
-148
-115
-90
-79
-33
-26
-17
-6
15
24
28
16
10
-28
-18
20
32
46
93
98
120
178
193
207
201
190
157
126
84
53
12
-25
-76
-92
-88
-121
-112
-100
-83
-39
-6
-16
31
55
75
77
52
52
59
37
22
5
-1
19
3
19
20
33
64
88
125
127
127
128
125
118
51
5
-50
-106
-142
-211
-239
-207
-195
-212
-196
-173
-123
-82
-57
-39
-31
-15
-30
-22
-48
-77
-68
-47
-26
-2
16
13
61
136
171
188
233
223
215
189
158
134
94
38
-8
-47
-74
-103
-80
-84
-94
-36
-31
9
40
69
85
107
128
137
148
109
85
92
104
76
93
101
101
116
112
131
131
142
139
144
161
187
173
163
145
118
113
97
91
131
114
87
101
104
118
132
125
140
170
177
177
217
278
288
294
345
366
384
396
375
369
402
402
384
375
391
393
374
379
383
402
386
394
405
419
441
435
438
422
408
378
387
385
375
406
378
353
345
350
333
348
340
351
366
365
366
352
357
305
285
287
247
207
173
143
127
93
64
51
19
2
-6
-56
-70
-97
-94
-166
-220
-243
-279
-284
-314
-347
-347
-340
-334
-341
-317
-295
-310
-301
-307
-282
-297
-312
-367
-382
-388
-418
-457
-476
-490
-512
-528
-535
-518
-507
-525
-522
-506
-505
-494
-475
-474
-493
-483
-492
-498
-502
-510
-518
-513
-477
-467
-495
-443
-404
-350
-317
-259
-176
-120
-61
-26
69
113
134
145
146
188
189
192
166
156
150
136
129
146
191
178
205
224
268
268
290
289
305
315
320
351
420
468
469
538
607
685
749
848
927
1047
1145
1203
1327
1388
1445
1496
1511
1537
1546
1571
1554
1473
1430
1372
1333
1314
1251
1160
1125
1100
1005
991
930
853
767
702
646
531
424
233
111
-46
-215
-364
-508
-599
-700
-775
-817
-811
-786
-757
-726
-682
-614
-550
-481
-436
-394
-359
-334
-280
-236
-205
-191
-132
-109
-87
-35
-30
-12
-10
-77
-128
-215
-281
-394
-611
-784
-931
-1085
-1234
-1413
-1526
-1614
-1666
-1681
-1687
-1648
-1586
-1569
-1521
-1422
-1355
-1287
-1276
-1206
-1168
-1108
-1050
-1013
-942
-892
-797
-701
-577
-446
-329
-239
-177
-72
12
49
48
22
8
-21
-53
-77
-118
-196
-261
-258
-247
-248
-225
-200
-182
-152
-102
-72
-62
14
29
64
111
174
260
338
425
526
654
794
938
1087
1240
1379
1497
1632
1788
1892
1984
2049
2094
2169
2213
2226
2255
2268
2308
2304
2297
2285
2276
2228
2115
2015
1863
1636
1354
1030
680
338
-31
-415
-775
-1055
-1339
-1554
-1648
-1733
-1767
-1730
-1660
-1524
-1365
-1235
-1075
-937
-800
-655
-520
-383
-259
-122
22
138
317
496
631
806
956
1070
1202
1245
1269
1260
1179
1065
886
698
455
188
-61
-348
-581
-811
-1051
-1231
-1375
-1497
-1614
-1707
-1780
-1833
-1892
-1951
-1968
-2008
-1992
-2012
-2009
-1949
-1864
-1785
-1664
-1509
-1335
-1141
-933
-694
-535
-373
-237
-156
-117
-105
-145
-209
-314
-442
-527
-632
-701
-791
-842
-868
-854
-828
-785
-724
-709
-680
-648
-612
-600
-602
-615
-611
-619
-597
-526
-482
-407
-275
-144
17
204
348
507
664
807
922
1017
1095
1147
1203
1257
1292
1346
1456
1523
1608
1695
1827
1959
2096
2216
2349
2461
2492
2538
2592
2596
2604
2574
2503
2431
2347
2203
2046
1817
1566
1236
896
586
232
-110
-451
-762
-1060
-1326
-1518
-1658
-1741
-1793
-1806
-1775
-1655
-1535
-1428
-1272
-1097
-919
-749
-576
-400
-213
-52
127
313
469
664
826
965
1095
1188
1240
1289
1288
1222
1149
1037
864
640
432
180
-66
-334
-559
-771
-990
-1191
-1361
-1512
-1627
-1737
-1830
-1916
-1991
-2029
-2074
-2087
-2104
-2113
-2092
-2056
-1980
-1845
-1759
-1613
-1439
-1271
-1104
-901
-720
-563
-432
-303
-245
-214
-195
-216
-296
-407
-470
-537
-627
-749
-808
-861
-901
-874
-866
-838
-791
-801
-758
-691
-644
-644
-646
-633
-648
-611
-586
-544
-476
-383
-272
-153
23
173
345
542
681
845
986
1099
1177
1214
1298
1375
1420
1430
1486
1560
1663
1792
1945
2095
2234
2365
2502
2645
2746
2809
2860
2865
2850
2792
2723
2607
2466
2298
2038
1774
1446
1099
767
385
45
-282
-622
-959
-1201
-1434
-1612
-1707
-1817
-1836
-1837
-1781
-1679
-1590
-1433
-1255
-1094
-936
-707
-511
-292
-83
133
320
527
726
886
1053
1206
1332
1401
1457
1487
1418
1333
1250
1044
876
660
425
158
-89
-328
-569
-813
-1025
-1219
-1370
-1521
-1678
-1797
-1897
-2009
-2103
-2134
-2194
-2202
-2221
-2187
-2118
-2043
-1924
-1752
-1587
-1435
-1222
-1015
-835
-700
-580
-462
-418
-342
-341
-369
-368
-422
-479
-525
-542
-596
-654
-716
-727
-714
-750
-787
-737
-761
-764
-766
-780
-776
-758
-791
-788
-735
-672
-580
-506
-387
-264
-106
44
214
380
512
637
752
854
969
1087
1139
1212
1281
1343
1433
1524
1623
1736
1866
1998
2148
2316
2462
2598
2735
2833
2944
2972
2998
3037
2999
3021
2974
2890
2770
2624
2406
2122
1797
1434
1008
586
176
-232
-635
-1037
-1328
-1621
-1805
-1965
-2017
-2040
-2015
-1883
-1778
-1615
-1430
-1237
-1080
-876
-661
-459
-284
-68
118
307
547
734
921
1105
1304
1456
1565
1664
1709
1710
1630
1529
1381
1160
908
633
331
28
-278
-561
-818
-1058
-1284
-1453
-1561
-1689
-1765
-1811
-1860
-1908
-1965
-2038
-2083
-2038
-2054
-2061
-2049
-1974
-1867
-1768
-1639
-1481
-1294
-1153
-947
-766
-587
-435
-394
-336
-274
-283
-296
-372
-459
-546
-635
-708
-788
-821
-839
-857
-863
-848
-791
-725
-712
-697
-630
-580
-546
-516
-484
-448
-381
-339
-275
-167
-100
29
126
230
408
589
732
833
983
1103
1253
1360
1456
1588
1689
1782
1875
2001
2124
2267
2371
2504
2625
2774
2896
2962
3069
3131
3165
3217
3282
3260
3209
3106
2966
2788
2481
2126
1721
1304
846
336
-92
-540
-990
-1360
-1663
-1860
-2016
-2094
-2148
-2146
-2021
-1883
-1735
-1579
-1409
-1231
-1046
-863
-651
-469
-269
-94
125
356
566
808
1028
1240
1458
1618
1729
1813
1822
1814
1720
1563
1369
1112
808
509
175
-142
-443
-702
-968
-1200
-1407
-1548
-1686
-1756
-1834
-1912
-1966
-2033
-2078
-2125
-2164
-2200
-2181
-2169
-2131
-2065
-1932
-1784
-1585
-1395
-1212
-1014
-818
-671
-576
-469
-418
-432
-421
-429
-488
-603
-730
-827
-884
-903
-961
-990
-1010
-1004
-985
-939
-879
-855
-829
-807
-794
-781
-761
-729
-678
-656
-581
-488
-348
-178
-38
114
285
469
634
802
924
1007
1066
1166
1247
1263
1320
1415
1461
1601
1726
1875
2035
2183
2338
2546
2728
2865
3022
3088
3171
3196
3255
3280
3261
3201
3145
3051
2912
2711
2419
2073
1671
1281
828
387
-111
-588
-1005
-1420
-1742
-1985
-2178
-2301
-2392
-2383
-2303
-2169
-2003
-1865
-1650
-1462
-1221
-996
-792
-559
-324
-105
126
360
578
765
1006
1227
1407
1556
1667
1748
1792
1764
1676
1561
1354
1119
845
592
266
-65
-369
-674
-935
-1194
-1422
-1630
-1779
-1891
-2003
-2066
-2119
-2174
-2198
-2213
-2219
-2229
-2226
-2231
-2215
-2171
-2087
-1970
-1853
-1710
-1539
-1368
-1167
-993
-803
-648
-542
-462
-390
-363
-389
-447
-526
-596
-686
-818
-886
-973
-1034
-1060
-1068
-1028
-971
-886
-843
-782
-675
-592
-534
-476
-412
-326
-259
-194
-142
-41
-13
78
233
347
476
617
758
914
1114
1274
1432
1573
1695
1810
1944
2063
2169
2212
2329
2446
2553
2700
2800
2939
3057
3165
3306
3436
3535
3577
3579
3569
3486
3362
3070
2727
2288
1811
1310
748
220
-324
-866
-1335
-1719
-1980
-2179
-2328
-2377
-2365
-2280
-2175
-2046
-1861
-1669
-1491
-1330
-1147
-967
-812
-637
-447
-228
38
272
534
831
1089
1374
1627
1846
2022
2118
2131
2084
1991
1813
1567
1252
921
577
190
-158
-500
-809
-1080
-1295
-1491
-1638
-1760
-1833
-1917
-1972
-2000
-2079
-2128
-2187
-2232
-2246
-2275
-2268
-2270
-2220
-2115
-1989
-1803
-1613
-1419
-1233
-1029
-840
-665
-532
-438
-412
-416
-437
-503
-579
-693
-802
-910
-1006
-1069
-1124
-1155
-1127
-1135
-1104
-1048
-996
-913
-852
-764
-708
-653
-562
-468
-371
-297
-176
-78
48
160
303
416
538
641
754
902
1057
1214
1280
1401
1550
1715
1843
1975
2135
2313
2463
2593
2720
2865
3019
3094
3211
3326
3407
3460
3488
3507
3533
3496
3389
3256
3050
2757
2353
1909
1442
944
414
-165
-688
-1172
-1601
-1927
-2178
-2355
-2473
-2522
-2469
-2328
-2156
-1949
-1798
-1616
-1409
-1181
-962
-780
-570
-358
-138
72
333
599
836
1082
1333
1570
1811
1973
2035
2104
2101
2024
1879
1660
1374
1084
722
368
21
-357
-693
-1006
-1250
-1469
-1661
-1824
-1902
-1968
-2042
-2087
-2155
-2188
-2253
-2324
-2382
-2474
-2513
-2527
-2498
-2454
-2334
-2174
-1973
-1719
-1432
-1111
-861
-580
-345
-174
-19
39
27
-62
-156
-296
-476
-633
-809
-937
-1047
-1080
-1080
-1070
-964
-899
-785
-674
-559
-480
-401
-359
-356
-336
-345
-347
-316
-320
-284
-171
-51
100
290
516
699
938
1151
1379
1604
1785
1934
2091
2187
2330
2440
2526
2653
2724
2836
2916
3029
3149
3282
3390
3500
3579
3683
3761
3764
3711
3617
3461
3197
2875
2425
1966
1428
862
305
-258
-755
-1234
-1615
-1932
-2137
-2262
-2345
-2334
-2250
-2119
-1981
-1796
-1588
-1418
-1266
-1078
-883
-694
-506
-335
-105
109
338
620
894
1172
1463
1710
1913
2092
2225
2273
2199
2125
1959
1706
1431
1086
713
341
2
-339
-673
-947
-1159
-1389
-1552
-1644
-1747
-1811
-1911
-1937
-1948
-1970
-2022
-2115
-2186
-2219
-2327
-2430
-2457
-2414
-2352
-2280
-2136
-1897
-1626
-1385
-1131
-860
-572
-369
-212
-88
-58
-84
-171
-321
-486
-655
-843
-1012
-1122
-1206
-1244
-1257
-1195
-1122
-995
-850
-718
-610
-469
-335
-324
-255
-199
-198
-173
-186
-144
-96
-66
11
125
292
491
677
938
1198
1453
1686
1910
2173
2358
2545
2684
2825
2943
2998
3077
3148
3202
3258
3327
3388
3449
3530
3606
3680
3722
3735
3666
3496
3241
2889
2433
1925
1349
728
113
-507
-1126
-1642
-2081
-2418
-2638
-2786
-2806
-2730
-2563
-2365
-2119
-1845
-1601
-1363
-1122
-917
-730
-523
-402
-260
-48
132
352
605
848
1107
1399
1669
1943
2156
2271
2392
2379
2278
2124
1889
1565
1175
766
314
-122
-534
-897
-1262
-1520
-1688
-1859
-1967
-2031
-2063
-2060
-2023
-2008
-1999
-2002
-2057
-2187
-2308
-2386
-2427
-2453
-2516
-2508
-2396
-2220
-1974
-1714
-1417
-1096
-771
-481
-244
-7
116
135
48
-74
-195
-428
-663
-908
-1126
-1291
-1424
-1479
-1468
-1404
-1336
-1193
-990
-779
-588
-430
-348
-278
-194
-179
-208
-225
-249
-260
-285
-241
-104
33
199
445
741
1046
1365
1670
1957
2217
2454
2640
2799
2938
2977
3013
3057
3083
3106
3135
3196
3261
3368
3461
3574
3688
3790
3832
3838
3774
3584
3274
2836
2324
1719
1125
440
-261
-886
-1499
-2006
-2400
-2675
-2820
-2905
-2859
-2713
-2452
-2229
-1965
-1680
-1447
-1186
-1005
-821
-685
-533
-406
-276
-112
78
304
547
870
1150
1476
1800
2039
2276
2438
2481
2457
2329
2087
1797
1412
993
532
73
-381
-795
-1173
-1442
-1678
-1869
-1972
-2033
-2042
-2034
-2018
-2034
-1981
-1970
-1993
-2062
-2204
-2321
-2423
-2512
-2569
-2547
-2523
-2430
-2237
-1978
-1678
-1369
-1054
-735
-433
-207
-41
76
113
-15
-147
-301
-521
-756
-974
-1178
-1322
-1419
-1461
-1444
-1362
-1221
-1096
-913
-742
-570
-427
-330
-282
-225
-216
-189
-232
-233
-193
-184
-106
19
180
390
586
846
1161
1447
1715
1942
2188
2370
2546
2683
2814
2922
3018
3078
3132
3215
3304
3394
3470
3564
3668
3782
3835
3944
3959
3898
3762
3490
3082
2584
2071
1452
811
155
-519
-1173
-1743
-2180
-2531
-2795
-2925
-2955
-2905
-2757
-2513
-2268
-1986
-1725
-1511
-1272
-1001
-797
-645
-510
-349
-187
13
247
495
781
1081
1383
1684
1966
2232
2398
2506
2564
2455
2296
2049
1718
1329
889
443
6
-445
-868
-1210
-1510
-1746
-1879
-2009
-2069
-2085
-2089
-2046
-1998
-1981
-1996
-2043
-2132
-2203
-2263
-2346
-2470
-2525
-2485
-2443
-2324
-2122
-1881
-1575
-1281
-972
-623
-330
-97
23
93
98
52
-128
-350
-580
-818
-1055
-1265
-1402
-1509
-1567
-1576
-1471
-1363
-1161
-997
-816
-621
-471
-371
-296
-219
-198
-213
-249
-234
-219
-180
-114
-18
148
385
647
914
1229
1571
1932
2220
2485
2729
2922
3105
3206
3283
3371
3404
3421
3452
3480
3543
3569
3639
3732
3822
3903
3920
3906
3804
3595
3251
2810
2282
1679
1051
324
-373
-1066
-1690
-2230
-2685
-2995
-3158
-3266
-3223
-3033
-2790
-2501
-2185
-1869
-1523
-1258
-1012
-777
-602
-412
-273
-157
-5
223
405
631
910
1227
1516
1795
2063
2313
2471
2572
2549
2424
2246
1931
1574
1114
629
161
-320
-800
-1228
-1556
-1850
-2051
-2203
-2288
-2307
-2245
-2200
-2127
-2098
-2072
-2041
-2067
-2088
-2120
-2174
-2234
-2234
-2239
-2187
-2169
-2036
-1823
-1632
-1377
-1156
-886
-633
-441
-277
-160
-107
-125
-229
-360
-522
-707
-948
-1173
-1312
-1469
-1569
-1626
-1617
-1576
-1458
-1306
-1139
-952
-774
-634
-492
-372
-276
-176
-162
-139
-79
-37
39
127
273
397
563
808
1076
1360
1620
1890
2164
2451
2689
2902
3074
3215
3333
3414
3479
3550
3579
3575
3580
3615
3657
3679
3731
3717
3703
3625
3489
3235
2877
2448
1949
1406
772
146
-492
-1152
-1741
-2206
-2597
-2864
-3022
-3100
-3057
-2908
-2700
-2436
-2142
-1823
-1514
-1220
-949
-695
-478
-269
-94
20
233
410
615
830
1068
1316
1562
1831
2030
2206
2312
2354
2326
2196
1995
1715
1384
978
531
90
-347
-809
-1190
-1517
-1784
-2002
-2167
-2250
-2292
-2265
-2238
-2200
-2154
-2140
-2123
-2140
-2168
-2195
-2256
-2325
-2360
-2308
-2258
-2145
-1980
-1750
-1484
-1218
-929
-628
-366
-190
-32
51
98
50
-99
-291
-463
-694
-969
-1149
-1347
-1479
-1575
-1568
-1535
-1465
-1312
-1190
-1028
-874
-700
-577
-459
-394
-325
-249
-261
-272
-232
-184
-91
0
151
330
558
830
1097
1412
1721
2053
2355
2635
2894
3121
3304
3476
3568
3674
3688
3701
3705
3683
3671
3658
3646
3630
3623
3620
3592
3448
3299
3041
2668
2219
1743
1174
549
-68
-733
-1364
-1894
-2385
-2735
-3000
-3178
-3176
-3132
-2996
-2719
-2417
-2104
-1773
-1451
-1101
-818
-573
-331
-161
26
186
337
509
676
877
1096
1366
1596
1815
2017
2165
2287
2290
2270
2117
1912
1632
1271
847
390
-66
-504
-923
-1331
-1648
-1922
-2137
-2276
-2338
-2366
-2343
-2289
-2223
-2169
-2098
-2033
-2027
-2038
-2048
-2097
-2151
-2146
-2162
-2139
-2070
-1957
-1760
-1530
-1269
-998
-760
-511
-277
-95
36
84
53
-66
-220
-430
-639
-872
-1124
-1375
-1531
-1588
-1644
-1614
-1559
-1423
-1264
-1078
-885
-725
-530
-374
-248
-146
-87
-49
-51
-44
-8
38
142
232
396
625
885
1160
1458
1765
2059
2369
2617
2885
3114
3295
3427
3507
3559
3589
3579
3594
3542
3497
3472
3434
3439
3430
3463
3465
3422
3339
3150
2859
2522
2074
1599
1034
433
-197
-828
-1397
-1916
-2362
-2698
-2901
-3036
-3026
-2921
-2715
-2424
-2123
-1800
-1472
-1151
-835
-597
-371
-199
-19
109
243
387
526
711
884
1101
1329
1556
1775
1968
2114
2221
2253
2208
2069
1844
1540
1178
776
338
-106
-584
-992
-1352
-1679
-1900
-2088
-2212
-2225
-2229
-2181
-2100
-2031
-1969
-1905
-1867
-1836
-1843
-1924
-1980
-2019
-2043
-2065
-2028
-1961
-1845
-1699
-1480
-1241
-955
-695
-478
-255
-96
55
77
1
-78
-253
-472
-698
-913
-1135
-1346
-1514
-1595
-1634
-1631
-1553
-1466
-1308
-1093
-884
-686
-506
-363
-213
-129
-54
9
25
44
62
124
195
290
417
608
801
1061
1347
1647
1963
2250
2527
2780
3015
3210
3321
3432
3512
3517
3514
3511
3496
3494
3497
3493
3540
3570
3584
3624
3645
3563
3394
3127
2757
2300
1809
1243
598
-33
-714
-1317
-1837
-2316
-2654
-2898
-3008
-3032
-2942
-2730
-2458
-2139
-1824
-1505
-1202
-915
-663
-442
-256
-92
22
167
303
474
632
827
1063
1314
1570
1790
2033
2199
2315
2350
2316
2193
1978
1670
1296
905
453
-22
-453
-885
-1241
-1577
-1835
-2019
-2155
-2204
-2205
-2183
-2137
-2042
-1959
-1925
-1951
-1958
-2023
-2100
-2175
-2259
-2279
-2285
-2261
-2130
-1944
-1742
-1480
-1176
-869
-558
-307
-44
144
212
231
161
34
-141
-378
-640
-892
-1138
-1316
-1452
-1544
-1559
-1526
-1448
-1310
-1163
-993
-808
-682
-566
-443
-340
-302
-233
-208
-188
-168
-131
-36
86
241
415
688
959
1255
1542
1817
2117
2386
2620
2833
2992
3094
3150
3191
3267
3312
3335
3309
3330
3383
3438
3495
3537
3597
3610
3619
3577
3494
3342
3049
2680
2222
1728
1158
563
-46
-638
-1181
-1680
-2077
-2377
-2604
-2705
-2713
-2637
-2504
-2268
-2026
-1769
-1520
-1265
-1026
-813
-602
-448
-300
-168
-22
150
317
484
733
966
1211
1479
1698
1887
2044
2170
2179
2123
2019
1807
1520
1212
851
453
55
-354
-716
-1065
-1333
-1568
-1761
-1853
-1950
-1997
-1982
-1945
-1946
-1913
-1898
-1904
-1930
-1940
-2033
-2135
-2190
-2192
-2190
-2173
-2132
-2044
-1822
-1620
-1358
-1089
-801
-556
-373
-180
-60
11
-16
-144
-306
-437
-650
-909
-1100
-1314
-1449
-1566
-1632
-1601
-1558
-1450
-1337
-1189
-1002
-790
-633
-508
-389
-288
-215
-197
-172
-170
-153
-123
-81
1
154
334
518
758
1035
1382
1687
1981
2239
2504
2759
2979
3129
3178
3263
3313
3297
3311
3309
3286
3277
3257
3258
3307
3384
3407
3380
3340
3286
3130
2843
2462
2014
1510
959
352
-248
-862
-1450
-1950
-2344
-2642
-2831
-2912
-2940
-2853
-2657
-2393
-2119
-1832
-1554
-1242
-985
-755
-560
-358
-235
-152
14
138
328
480
633
852
1091
1341
1539
1721
1891
2007
2051
2048
1929
1754
1505
1157
800
384
-20
-440
-856
-1191
-1493
-1740
-1916
-2073
-2134
-2181
-2179
-2146
-2149
-2152
-2214
-2228
-2231
-2279
-2314
-2334
-2340
-2271
-2205
-2099
-1921
-1716
-1497
-1215
-932
-667
-427
-238
-74
20
64
61
-16
-123
-305
-512
-705
-913
-1082
-1190
-1312
-1391
-1432
-1428
-1365
-1278
-1215
-1141
-1045
-964
-900
-854
-831
-767
-744
-729
-650
-561
-444
-317
-132
90
305
591
849
1113
1397
1664
1953
2172
2379
2525
2680
2820
2917
2995
3051
3101
3144
3154
3179
3225
3280
3307
3320
3362
3374
3406
3375
3319
3209
3053
2757
2398
1976
1511
1008
439
-79
-612
-1096
-1535
-1929
-2215
-2398
-2506
-2525
-2480
-2350
-2169
-1979
-1750
-1545
-1293
-1059
-882
-695
-550
-415
-250
-105
46
215
396
616
796
1012
1256
1443
1633
1775
1858
1920
1894
1777
1656
1409
1113
821
467
115
-254
-575
-885
-1154
-1398
-1591
-1711
-1806
-1872
-1903
-1909
-1969
-2024
-2092
-2120
-2152
-2226
-2318
-2392
-2377
-2322
-2295
-2189
-2049
-1842
-1615
-1348
-1062
-808
-525
-320
-174
-61
19
47
-28
-168
-340
-489
-637
-809
-964
-1108
-1197
-1260
-1302
-1261
-1202
-1148
-1115
-1054
-984
-898
-849
-812
-792
-782
-731
-704
-642
-581
-485
-380
-192
-6
209
455
698
920
1193
1460
1695
1934
2117
2298
2501
2680
2796
2895
2952
3021
3043
3078
3117
3179
3215
3231
3237
3275
3315
3327
3302
3205
3118
2962
2750
2434
2085
1693
1180
684
177
-318
-791
-1255
-1658
-1971
-2199
-2363
-2436
-2467
-2389
-2264
-2090
-1909
-1715
-1516
-1299
-1090
-890
-703
-554
-416
-282
-75
83
259
434
642
857
1053
1261
1422
1559
1707
1768
1779
1715
1609
1448
1205
969
624
294
-31
-351
-658
-975
-1218
-1433
-1606
-1707
-1784
-1827
-1854
-1842
-1822
-1814
-1824
-1868
-1949
-2048
-2075
-2116
-2181
-2219
-2215
-2146
-1987
-1831
-1668
-1424
-1210
-966
-713
-475
-256
-125
-93
-82
-115
-186
-331
-520
-725
-921
-1064
-1243
-1376
-1460
-1486
-1466
-1403
-1327
-1237
-1106
-1006
-926
-828
-761
-699
-657
-656
-618
-601
-605
-572
-489
-373
-198
-35
178
433
708
1007
1260
1544
1815
2062
2281
2433
2580
2718
2764
2820
2862
2902
2919
2888
2920
2938
2973
3010
3048
3105
3164
3216
3206
3151
3080
2939
2684
2370
1995
1553
1091
575
40
-448
-940
-1353
-1707
-2002
-2173
-2310
-2349
-2334
-2231
-2059
-1896
-1679
-1495
-1295
-1089
-934
-779
-650
-535
-418
-293
-174
1
178
336
525
751
965
1185
1358
1538
1684
1755
1766
1685
1582
1395
1140
877
536
197
-123
-471
-787
-1050
-1271
-1426
-1574
-1690
-1775
-1854
-1896
-1940
-1966
-1987
-2033
-2080
-2152
-2186
-2204
-2211
-2192
-2119
-2019
-1909
-1734
-1544
-1338
-1136
-913
-702
-525
-361
-256
-173
-155
-150
-215
-289
-429
-563
-705
-881
-992
-1090
-1186
-1245
-1257
-1278
-1285
-1257
-1212
-1211
-1182
-1130
-1117
-1106
-1084
-1046
-1002
-952
-848
-745
-617
-437
-231
-16
209
430
678
889
1108
1332
1538
1702
1837
1980
2096
2238
2333
2448
2550
2653
2738
2834
2953
3036
3118
3140
3187
3256
3286
3288
3224
3137
3047
2913
2693
2423
2103
1739
1322
897
513
72
-362
-786
-1167
-1434
-1677
-1884
-2068
-2152
-2166
-2135
-2060
-1970
-1845
-1685
-1516
-1368
-1169
-1003
-846
-692
-500
-302
-125
29
222
414
593
790
949
1102
1263
1377
1426
1450
1462
1428
1310
1165
964
759
493
218
-71
-358
-612
-860
-1109
-1332
-1499
-1672
-1821
-1930
-2055
-2120
-2176
-2230
-2245
-2278
-2269
-2222
-2182
-2104
-2019
-1918
-1796
-1672
-1527
-1369
-1189
-1045
-903
-753
-609
-504
-440
-354
-318
-317
-311
-353
-391
-465
-520
-634
-711
-806
-890
-995
-1047
-1108
-1164
-1179
-1201
-1206
-1233
-1222
-1229
-1194
-1167
-1093
-1009
-912
-777
-615
-489
-332
-122
61
284
511
681
887
1104
1260
1478
1648
1805
1976
2149
2299
2433
2548
2658
2761
2844
2936
3007
3049
3074
3112
3132
3146
3119
3095
3032
2952
2880
2711
2532
2291
1993
1667
1281
945
521
106
-293
-703
-1038
-1337
-1598
-1817
-1937
-2036
-2079
-2020
-1952
-1828
-1698
-1562
-1387
-1174
-987
-812
-656
-485
-309
-169
-44
144
302
460
620
770
936
1061
1214
1307
1377
1442
1421
1410
1334
1218
1066
869
630
366
93
-139
-417
-698
-958
-1223
-1393
-1569
-1747
-1884
-1958
-2055
-2123
-2133
-2158
-2144
-2105
-2080
-2033
-1960
-1861
-1787
-1670
-1546
-1418
-1277
-1127
-1010
-855
-732
-613
-494
-406
-339
-256
-230
-231
-241
-284
-293
-371
-477
-553
-639
-732
-798
-877
-950
-1017
-1067
-1094
-1131
-1127
-1117
-1089
-1077
-1039
-976
-896
-765
-640
-504
-383
-215
-41
143
338
534
692
899
1093
1263
1462
1657
1798
1974
2152
2305
2453
2586
2699
2807
2916
2976
3028
3081
3151
3155
3148
3159
3125
3088
3038
2925
2799
2623
2443
2189
1908
1571
1213
844
461
100
-324
-672
-998
-1260
-1479
-1695
-1841
-1922
-1942
-1915
-1849
-1751
-1607
-1445
-1282
-1122
-946
-784
-600
-431
-265
-103
62
229
378
542
680
834
966
1107
1203
1288
1353
1390
1385
1325
1269
1133
993
819
605
350
92
-158
-415
-671
-924
-1159
-1360
-1531
-1698
-1845
-1926
-1994
-2037
-2074
-2078
-2050
-2014
-1965
-1890
-1793
-1712
-1589
-1470
-1351
-1242
-1112
-966
-872
-756
-654
-536
-442
-391
-297
-254
-242
-203
-216
-224
-279
-314
-388
-439
-490
-582
-657
-742
-805
-882
-930
-989
-1019
-1044
-1031
-1043
-1013
-958
-919
-828
-705
-607
-465
-320
-175
-12
170
366
549
721
921
1075
1255
1427
1587
1717
1869
2027
2136
2268
2395
2496
2585
2708
2797
2870
2917
2975
3003
3061
3067
3031
2988
2962
2882
2781
2620
2455
2236
1967
1682
1336
1036
682
303
-58
-407
-701
-941
-1219
-1412
-1572
-1670
-1713
-1735
-1708
-1648
-1546
-1433
-1301
-1130
-995
-854
-715
-565
-389
-229
-94
33
213
347
494
640
762
908
1007
1113
1162
1205
1245
1216
1159
1059
965
802
598
400
222
-7
-279
-525
-743
-956
-1172
-1344
-1515
-1660
-1785
-1848
-1931
-1982
-1976
-2005
-1932
-1869
-1865
-1803
-1723
-1636
-1548
-1451
-1338
-1216
-1133
-1011
-893
-778
-666
-592
-528
-448
-361
-337
-299
-278
-288
-292
-318
-359
-425
-477
-556
-635
-726
-781
-858
-923
-977
-1005
-1031
-1049
-1051
-1031
-994
-953
-872
-816
-704
-586
-454
-300
-189
-29
142
320
489
667
802
944
1118
1255
1444
1581
1723
1889
2030
2150
2277
2434
2524
2616
2698
2772
2838
2884
2887
2897
2934
2880
2837
2765
2679
2583
2453
2286
2093
1871
1618
1320
1048
731
416
140
-209
-498
-807
-1050
-1239
-1428
-1569
-1647
-1690
-1703
-1672
-1602
-1490
-1372
-1230
-1077
-904
-746
-586
-473
-308
-168
-3
143
229
343
475
552
661
750
822
890
922
952
933
936
876
790
672
542
401
218
21
-186
-401
-635
-856
-1048
-1253
-1429
-1605
-1734
-1821
-1895
-1936
-1963
-1975
-1958
-1892
-1853
-1791
-1684
-1591
-1504
-1409
-1293
-1191
-1107
-1027
-960
-870
-785
-737
-637
-557
-504
-455
-404
-363
-324
-340
-343
-355
-377
-425
-465
-508
-612
-695
-758
-827
-901
-968
-1027
-1076
-1099
-1128
-1138
-1106
-1077
-1004
-915
-852
-744
-603
-478
-335
-196
-11
136
285
435
567
695
886
1024
1178
1294
1432
1576
1732
1851
1941
2077
2176
2304
2397
2458
2524
2583
2633
2658
2666
2650
2626
2584
2516
2450
2360
2256
2111
1958
1781
1544
1306
1029
789
497
197
-73
-359
-587
-862
-1054
-1230
-1371
-1500
-1548
-1565
-1568
-1507
-1484
-1372
-1241
-1118
-974
-830
-718
-560
-444
-319
-195
-72
36
114
231
317
409
511
580
668
718
744
790
772
748
688
587
484
341
200
26
-157
-385
-578
-787
-1004
-1192
-1377
-1548
-1686
-1786
-1878
-1932
-1921
-1937
-1922
-1867
-1807
-1716
-1639
-1585
-1466
-1355
-1246
-1166
-1095
-991
-883
-817
-774
-693
-639
-547
-480
-438
-383
-344
-331
-302
-305
-324
-350
-371
-432
-492
-548
-631
-702
-791
-865
-953
-1014
-1040
-1089
-1121
-1128
-1127
-1085
-1034
-953
-839
-762
-635
-492
-355
-192
-58
124
257
431
590
728
866
983
1119
1241
1393
1505
1605
1723
1829
1936
2031
2109
2233
2275
2342
2420
2439
2498
2508
2528
2497
2466
2426
2357
2269
2154
2028
1881
1758
1571
1344
1114
884
668
406
143
-97
-317
-527
-718
-874
-1012
-1144
-1240
-1294
-1311
-1313
-1287
-1241
-1180
-1104
-990
-905
-777
-656
-548
-439
-322
-196
-63
22
95
193
264
374
448
509
547
576
597
602
600
548
486
425
313
194
30
-116
-293
-474
-628
-810
-967
-1138
-1292
-1422
-1525
-1627
-1714
-1756
-1786
-1758
-1744
-1731
-1665
-1596
-1529
-1438
-1353
-1260
-1144
-1084
-1016
-898
-810
-738
-652
-605
-518
-466
-389
-338
-292
-255
-245
-235
-251
-261
-276
-339
-398
-445
-517
-566
-637
-685
-788
-852
-874
-919
-942
-970
-993
-947
-938
-885
-814
-728
-627
-531
-401
-309
-181
-64
79
213
345
483
599
734
869
1000
1097
1233
1360
1500
1607
1697
1811
1910
1982
2057
2136
2180
2244
2278
2321
2348
2355
2354
2335
2307
2267
2238
2148
2039
1970
1853
1748
1617
1454
1304
1121
919
724
481
270
77
-124
-302
-471
-620
-794
-903
-980
-1043
-1083
-1085
-1063
-1020
-982
-911
-827
-708
-610
-506
-386
-293
-199
-123
-16
64
137
194
231
301
348
409
440
414
446
456
458
424
371
295
183
98
-4
-146
-300
-465
-611
-776
-920
-1073
-1212
-1332
-1428
-1502
-1585
-1645
-1617
-1606
-1609
-1550
-1477
-1390
-1320
-1230
-1156
-1078
-976
-904
-837
-739
-688
-640
-590
-532
-467
-432
-390
-359
-319
-290
-309
-262
-266
-273
-277
-295
-334
-379
-436
-504
-551
-615
-664
-704
-769
-799
-823
-845
-846
-845
-829
-763
-692
-627
-518
-391
-289
-186
-50
94
239
374
493
595
746
859
970
1097
1200
1292
1370
1465
1567
1657
1768
1822
1919
2001
2052
2123
2198
2246
2272
2291
2275
2288
2251
2221
2161
2120
2024
1938
1834
1723
1628
1463
1310
1143
974
802
604
425
206
25
-163
-332
-503
-670
-769
-889
-937
-992
-1032
-1023
-1014
-979
-943
-876
-804
-695
-608
-495
-416
-329
-225
-136
-65
25
102
153
202
258
319
356
369
371
359
340
326
277
223
176
85
-21
-147
-272
-392
-543
-697
-835
-985
-1124
-1231
-1327
-1398
-1494
-1535
-1555
-1586
-1570
-1528
-1494
-1429
-1360
-1282
-1221
-1137
-1051
-979
-865
-793
-722
-666
-620
-533
-467
-422
-388
-355
-310
-270
-268
-216
-224
-246
-228
-253
-294
-345
-372
-405
-470
-526
-581
-661
-686
-742
-779
-816
-828
-827
-799
-764
-741
-675
-613
-540
-438
-331
-200
-85
63
179
308
444
543
699
821
926
1055
1166
1248
1362
1442
1559
1613
1696
1787
1866
1922
1978
2051
2065
2126
2146
2170
2180
2186
2155
2095
2066
1979
1862
1770
1671
1533
1424
1279
1104
934
774
604
450
280
97
-24
-213
-342
-473
-584
-693
-783
-849
-908
-922
-943
-916
-904
-888
-848
-789
-706
-615
-554
-479
-362
-306
-217
-139
-64
8
44
93
150
178
189
227
241
222
189
166
144
72
20
-35
-123
-217
-328
-439
-567
-672
-788
-907
-1008
-1128
-1210
-1301
-1341
-1377
-1430
-1427
-1436
-1444
-1375
-1299
-1267
-1189
-1134
-1059
-975
-926
-829
-747
-689
-627
-570
-514
-507
-413
-387
-385
-381
-344
-314
-304
-322
-315
-314
-326
-333
-348
-375
-422
-446
-495
-516
-562
-583
-622
-657
-643
-652
-643
-627
-639
-589
-531
-467
-372
-321
-240
-104
7
146
281
412
551
670
818
932
1061
1181
1265
1357
1431
1510
1574
1629
1702
1742
1760
1818
1866
1906
1920
1943
1976
1974
1974
1984
1944
1926
1853
1813
1739
1621
1552
1422
1305
1163
1039
876
727
542
374
209
50
-75
-225
-329
-448
-576
-657
-705
-718
-752
-794
-772
-776
-771
-727
-703
-638
-605
-556
-507
-444
-368
-315
-223
-196
-141
-62
-7
30
55
92
126
161
171
150
116
127
76
26
-22
-115
-184
-302
-415
-504
-618
-721
-814
-933
-1027
-1089
-1146
-1198
-1228
-1255
-1259
-1257
-1275
-1245
-1182
-1144
-1099
-1068
-987
-923
-863
-779
-720
-654
-611
-545
-490
-456
-405
-358
-354
-321
-286
-270
-221
-257
-259
-248
-242
-260
-295
-296
-333
-356
-376
-415
-458
-476
-512
-536
-563
-566
-583
-585
-540
-526
-505
-465
-391
-348
-234
-176
-72
56
136
268
353
475
576
676
787
889
1016
1088
1148
1255
1306
1394
1429
1468
1562
1610
1649
1673
1724
1749
1772
1790
1790
1798
1781
1772
1722
1683
1620
1547
1478
1362
1259
1180
1063
961
849
718
595
481
340
213
104
-16
-131
-259
-356
-427
-492
-570
-608
-654
-685
-717
-727
-694
-697
-662
-635
-604
-533
-519
-471
-427
-347
-282
-263
-186
-155
-140
-106
-86
-76
-46
-50
-23
-49
-78
-83
-131
-161
-213
-255
-302
-385
-418
-514
-600
-671
-760
-834
-908
-958
-1015
-1057
-1069
-1095
-1112
-1118
-1112
-1051
-1055
-1018
-965
-905
-843
-808
-755
-715
-659
-580
-523
-487
-445
-393
-370
-353
-327
-298
-281
-289
-264
-235
-235
-237
-252
-290
-277
-293
-325
-302
-353
-387
-414
-414
-443
-443
-445
-469
-472
-456
-440
-410
-383
-329
-249
-238
-179
-103
-53
48
115
217
337
408
525
619
724
818
899
1014
1084
1135
1196
1250
1325
1346
1408
1449
1457
1515
1536
1570
1578
1588
1574
1570
1549
1523
1520
1476
1428
1382
1302
1243
1156
1082
992
869
802
678
602
460
375
285
163
92
-25
-105
-176
-244
-303
-384
-431
-473
-498
-525
-552
-565
-558
-563
-537
-516
-525
-489
-491
-446
-410
-360
-330
-294
-283
-245
-220
-208
-156
-150
-134
-121
-121
-140
-191
-185
-225
-263
-303
-391
-415
-459
-507
-586
-663
-698
-724
-771
-791
-847
-869
-877
-898
-894
-881
-856
-869
-805
-768
-772
-741
-693
-647
-609
-596
-530
-505
-469
-442
-390
-368
-346
-334
-298
-272
-245
-237
-258
-226
-253
-252
-249
-256
-274
-281
-291
-316
-332
-342
-355
-371
-376
-378
-373
-388
-357
-355
-333
-288
-253
-237
-202
-131
-95
-48
8
72
132
200
279
333
409
482
552
656
729
807
878
947
1010
1061
1081
1143
1204
1226
1229
1289
1289
1279
1310
1304
1317
1307
1298
1288
1264
1218
1201
1164
1130
1067
1009
937
907
842
760
730
623
564
507
429
350
258
182
99
21
-46
-161
-233
-291
-338
-389
-467
-478
-515
-559
-575
-578
-578
-592
-559
-530
-535
-502
-492
-491
-453
-428
-388
-377
-388
-340
-330
-330
-341
-327
-330
-365
-336
-375
-380
-400
-438
-456
-510
-516
-542
-576
-592
-654
-674
-690
-730
-762
-777
-794
-818
-838
-823
-829
-822
-787
-779
-743
-710
-687
-665
-613
-582
-534
-506
-485
-444
-423
-369
-365
-328
-301
-325
-308
-252
-329
-285
-295
-292
-281
-297
-283
-281
-300
-315
-297
-313
-252
-289
-302
-280
-260
-265
-258
-263
-224
-190
-178
-168
-121
-81
-47
10
65
111
144
203
288
332
392
449
510
586
604
667
740
766
811
836
880
908
939
958
978
1006
1011
1014
1038
1052
1067
1070
1060
1073
1056
1025
980
976
933
902
852
829
787
705
676
652
609
553
504
461
404
337
317
271
218
154
110
36
-19
-68
-113
-165
-254
-292
-349
-381
-388
-451
-455
-450
-455
-473
-472
-465
-489
-474
-448
-451
-443
-441
-443
-412
-420
-417
-436
-446
-450
-447
-443
-457
-464
-475
-497
-499
-514
-521
-530
-551
-583
-576
-589
-578
-618
-624
-640
-642
-652
-676
-677
-697
-677
-690
-663
-662
-655
-643
-614
-573
-562
-505
-490
-463
-441
-398
-366
-386
-338
-307
-289
-260
-260
-255
-220
-241
-206
-209
-245
-231
-236
-225
-226
-216
-230
-220
-200
-177
-173
-172
-188
-187
-151
-115
-115
-88
-55
-34
-15
6
26
39
102
119
137
161
219
274
329
358
386
440
483
527
555
622
654
654
706
724
738
746
745
777
762
778
790
780
762
747
717
716
728
698
716
661
650
618
599
591
572
567
522
500
476
458
397
399
363
326
322
288
277
251
205
169
127
77
38
0
-32
-73
-108
-172
-202
-251
-279
-316
-338
-389
-417
-438
-466
-467
-521
-532
-550
-554
-573
-578
-586
-574
-584
-587
-577
-606
-622
-638
-609
-607
-586
-599
-561
-556
-553
-522
-523
-551
-543
-524
-537
-498
-517
-519
-515
-496
-502
-510
-505
-495
-506
-488
-472
-475
-457
-452
-433
-424
-423
-389
-363
-377
-352
-357
-349
-336
-323
-320
-326
-322
-327
-313
-278
-285
-282
-244
-215
-207
-187
-177
-129
-148
-142
-115
-110
-83
-85
-68
-48
-36
-25
-35
-47
-12
-38
-22
2
2
22
16
49
62
78
109
109
127
142
176
202
218
229
266
299
298
327
317
327
345
365
379
362
377
391
408
428
404
392
395
415
403
377
363
333
346
314
310
283
240
253
260
243
207
206
193
195
197
180
190
193
178
137
139
123
119
103
59
52
39
-1
-41
-56
-62
-118
-138
-168
-232
-274
-297
-321
-337
-378
-405
-452
-507
-525
-560
-568
-580
-616
-649
-677
-666
-697
-705
-716
-734
-730
-742
-739
-737
-727
-728
-726
-740
-716
-682
-657
-669
-657
-630
-631
-635
-622
-592
-580
-576
-576
-571
-549
-543
-556
-520
-515
-501
-512
-504
-488
-484
-479
-454
-423
-412
-394
-398
-375
-350
-347
-332
-331
-290
-292
-277
-257
-234
-221
-228
-199
-205
-213
-189
-171
-168
-148
-132
-111
-97
-81
-74
-86
-70
-66
-78
-67
-71
-61
-57
-87
-70
-48
-50
-60
-91
-91
-68
-71
-81
-68
-32
-48
-48
-35
-47
-25
-15
19
9
32
42
47
57
50
79
73
65
70
83
74
67
61
56
52
40
47
31
20
39
28
-1
20
18
4
57
35
0
7
17
15
33
-17
-18
-32
-38
-29
-76
-58
-89
-79
-88
-98
-123
-121
-119
-128
-140
-139
-174
-180
-201
-223
-246
-276
-294
-306
-329
-374
-383
-419
-375
-403
-456
-467
-471
-474
-486
-489
-516
-505
-530
-544
-537
-539
-523
-569
-574
-576
-586
-584
-575
-562
-570
-566
-578
-543
-543
-538
-546
-550
-533
-532
-524
-507
-497
-477
-467
-475
-459
-443
-435
-438
-441
-407
-387
-362
-357
-354
-345
-357
-340
-311
-297
-273
-271
-258
-259
-228
-220
-229
-185
-213
-212
-203
-231
-209
-222
-213
-201
-226
-217
-225
-213
-228
-222
-219
-243
-230
-242
-220
-218
-215
-186
-187
-187
-187
-179
-182
-177
-174
-178
-188
-175
-166
-154
-181
-175
-187
-199
-186
-193
-161
-170
-169
-179
-183
-162
-154
-135
-139
-128
-129
-111
-87
-117
-105
-109
-89
-101
-95
-96
-94
-96
-97
-82
-91
-85
-64
-68
-80
-62
-73
-76
-70
-74
-87
-68
-84
-90
-80
-78
-87
-85
-114
-129
-140
-144
-145
-158
-182
-194
-215
-191
-184
-195
-200
-199
-201
-214
-229
-227
-215
-211
-198
-208
-231
-252
-254
-269
-254
-251
-294
-288
-281
-300
-304
-315
-301
-318
-323
-315
-340
-325
-337
-345
-358
-335
-342
-334
-340
-339
-348
-346
-363
-342
-374
-373
-348
-355
-327
-333
-309
-324
-296
-270
-307
-285
-266
-257
-259
-231
-235
-224
-233
-242
-236
-226
-212
-231
-217
-224
-219
-234
-236
-237
-215
-215
-237
-212
-178
-175
-200
-189
-179
-189
-161
-152
-175
-152
-145
-146
-162
-173
-165
-166
-159
-181
-165
-164
-177
-172
-185
-191
-179
-194
-197
-183
-183
-194
-217
-208
-204
-182
-209
-194
-169
-186
-166
-178
-189
-224
-204
-196
-222
-200
-197
-213
-179
-191
-209
-197
-183
-173
-196
-195
-191
-178
-165
-150
-146
-165
-141
-148
-169
-145
-170
-156
-147
-170
-149
-149
-157
-146
-169
-178
-158
-172
-165
-166
-157
-143
-128
-139
-136
-131
-120
-153
-157
-148
-183
-166
-173
-187
-179
-182
-195
-198
-205
-200
-202
-208
-188
-212
-212
-206
-208
-199
-227
-248
-232
-231
-237
-208
-211
-208
-218
-202
-212
-194
-181
-188
-176
-189
-198
-190
-182
-201
-199
-200
-176
-197
-183
-193
-213
-183
-166
-168
-146
-132
-148
-129
-136
-125
-97
-130
-120
-116
-120
-144
-120
-106
-129
-104
-126
-144
-147
-161
-159
-155
-158
-152
-150
-137
-161
-152
-152
-148
-130
-143
-141
-145
-121
-141
-141
-131
-151
-159
-161
-166
-172
-154
-162
-148
-133
-114
-131
-122
-133
-138
-145
-133
-149
-121
-149
-157
-160
-158
-139
-153
-156
-169
-150
-139
-146
-171
-141
-137
-159
-152
-142
-145
-159
-122
-118
-113
-105
-80
-86
-80
-84
-84
-103
-111
-100
-86
-95
-100
-100
-107
-90
-137
-129
-116
-140
-136
-124
-122
-93
-97
-125
-103
-125
-127
-109
-116
-136
-130
-130
-140
-117
-140
-126
-149
-164
-147
-145
-144
-148
-147
-152
-153
-149
-138
-134
-151
-148
-145
-143
-144
-148
-148
-138
-140
-135
-139
-152
-144
-165
-155
-162
-141
-166
-150
-148
-139
-132
-166
-151
-165
-177
-168
-179
-172
-181
-170
-179
-206
-163
-173
-163
-178
-184
-164
-161
-165
-176
-151
-156
-182
-174
-153
-182
-174
-149
-151
-170
-168
-155
-180
-166
-175
-157
-171
-170
-188
-164
-154
-152
-181
-184
-171
-169
-169
-172
-153
-182
-152
-161
-165
-177
-168
-159
-164
-151
-135
-144
-160
-153
-152
-141
-142
-132
-145
-153
-135
-122
-158
-157
-151
-181
-147
-157
-148
-147
-162
-131
-150
-144
-143
-105
-120
-128
-109
-104
-106
-101
-108
-79
-73
-98
-81
-84
-87
-93
-85
-74
-63
-103
-90
-79
-89
-92
-87
-75
-88
-94
-108
-103
-96
-101
-126
-97
-93
-68
-79
-74
-85
-84
-79
-111
-94
-88
-85
-79
-71
-71
-79
-89
-58
-73
-98
-82
-80
-67
-88
-72
-63
-79
-54
-99
-81
-67
-59
-57
-58
-56
-86
-62
-41
-43
-62
-55
-36
-36
-19
-32
-32
-39
-40
-18
-58
-61
-43
-62
-39
-72
-75
-96
-86
-46
-68
-65
-74
-70
-65
-52
-72
-63
-45
-79
-98
-85
-70
-73
-68
-89
-99
-81
-132
-122
-106
-121
-88
-98
-113
-123
-117
-121
-106
-109
-140
-120
-133
-124
-112
-125
-106
-128
-126
-101
-106
-119
-119
-140
-107
-127
-188
-137
-140
-134
-129
-129
-118
-98
-87
-99
-98
-105
-91
-88
-85
-81
-104
-82
-99
-107
-98
-129
-113
-113
-120
-111
-109
-90
-103
-137
-137
-123
-166
-131
-111
-131
-112
-112
-119
-135
-120
-103
-108
-108
-107
-97
-100
-99
-99
-101
-116
-112
-108
-114
-98
-114
-98
-92
-88
-101
-109
-97
-100
-106
-110
-105
-106
-107
-109
-118
-129
-94
-108
-114
-94
-107
-120
-130
-99
-106
-123
-95
-114
-104
-87
-77
-98
-112
-103
-74
-80
-91
-80
-84
-98
-74
-77
-76
-90
-110
-127
-98
-100
-108
-97
-104
-107
-104
-96
-85
-85
-88
-108
-93
-116
-111
-114
-140
-110
-103
-67
-94
-88
-83
-103
-90
-107
-135
-119
-109
-89
-124
-112
-101
-117
-104
-110
-114
-108
-103
-129
-132
-108
-102
-143
-119
-110
-128
-133
-110
-122
-142
-143
-114
-113
-125
-107
-135
-123
-110
-117
-135
-124
-130
-110
-104
-128
-89
-91
-123
-104
-106
-116
-105
-111
-100
-112
-87
-97
-90
-111
-129
-107
-138
-129
-141
-126
-111
-108
-108
-124
-125
-139
-96
-105
-116
-102
-106
-102
-100
-110
-94
-116
-110
-100
-111
-118
-140
-122
-116
-114
-99
-117
-98
-104
-84
-96
-93
-89
-85
-95
-94
-87
-91
-93
-74
-51
-63
-34
-35
-42
-54
-59
-66
-56
-58
-75
-72
-70
-60
-78
-91
-50
-53
-45
-57
-54
-64
-57
-75
-76
-105
-81
-71
-94
-78
-87
-56
-82
-68
-80
-76
-91
-115
-95
-69
-88
-91
-85
-64
-70
-73
-54
-71
-63
-67
-55
-45
-50
-41
-42
-56
-55
-65
-41
-51
-76
-73
-69
-68
-76
-33
-63
-59
-43
-37
-27
-29
-46
-43
-65
-47
-35
-44
-43
-38
-36
-21
-16
-34
-7
-36
-30
-32
-61
-24
-36
-45
-58
-50
-37
-56
-41
-61
-51
-55
-62
-50
-40
-36
-28
-23
-44
-32
-42
-27
-43
-59
-40
-31
-33
-25
-58
-50
-37
-32
-6
-13
-11
-4
0
10
1
-9
-5
-11
-5
-23
-22
-10
17
36
16
16
6
17
28
40
12
9
29
40
21
22
33
17
16
-6
-1
19
30
8
17
20
30
7
15
23
30
42
22
54
47
72
48
49
55
56
33
31
43
28
48
57
49
21
27
28
36
55
39
37
47
50
48
32
41
51
53
73
50
58
71
45
62
46
51
35
27
67
79
64
31
21
32
19
42
13
30
41
23
41
33
36
19
48
37
20
32
28
16
43
46
24
60
37
21
49
49
54
51
61
45
42
30
52
62
38
56
66
77
62
43
57
55
78
99
92
104
80
80
103
106
100
79
75
86
92
77
55
54
75
59
62
77
48
47
69
48
52
85
59
53
75
83
46
71
92
84
74
74
57
68
81
74
61
54
88
79
83
92
93
76
73
94
101
81
90
95
82
93
87
77
104
106
109
105
91
100
97
120
115
100
103
99
123
100
78
88
139
118
97
87
102
109
108
94
94
105
82
104
107
119
112
105
70
92
82
84
104
90
89
85
74
69
91
79
69
87
66
55
73
72
77
95
121
111
83
64
117
110
80
87
77
81
63
94
104
71
65
87
87
74
84
82
111
92
97
100
117
114
105
114
80
71
56
74
74
85
100
95
95
71
73
72
77
86
107
81
81
76
95
97
67
87
65
63
53
87
70
54
48
53
71
97
77
64
76
55
68
90
89
79
88
72
53
81
75
52
71
84
59
86
95
81
98
78
73
82
94
84
85
66
81
80
78
95
90
103
108
98
127
109
90
102
112
106
117
110
100
98
95
116
101
101
128
129
109
137
110
108
130
95
112
124
100
120
131
129
133
126
142
140
127
128
126
125
131
143
124
128
126
113
132
120
106
119
114
115
107
109
116
116
108
112
121
121
101
96
91
83
96
100
102
92
66
87
89
82
68
109
79
87
121
92
81
108
116
101
113
97
105
115
91
102
103
108
107
117
88
90
81
93
104
88
95
87
87
63
69
95
93
74
91
61
60
76
80
76
79
91
93
90
106
87
76
66
75
57
53
70
59
58
54
64
65
45
46
57
45
52
64
36
37
40
38
21
54
43
20
24
38
34
31
33
13
38
21
38
35
50
37
18
32
27
36
36
47
51
13
19
49
51
48
10
20
22
26
3
39
30
29
29
28
12
6
35
6
16
17
0
-21
11
25
2
-9
-6
-8
-13
-12
14
-19
-42
-22
-7
-21
-23
0
2
-5
-8
-17
-3
-5
-23
-20
-25
-19
-28
-32
-17
-29
-30
-9
-43
-39
-11
-52
-9
-22
-26
-27
-22
-39
-28
-21
-44
-11
-34
-28
-41
-18
-31
-29
-21
-37
-7
-17
-25
-40
-38
-24
-6
-10
-6
-39
-46
-49
-23
-10
-27
-22
-22
1
-4
-8
-29
-35
-27
-29
-42
-33
-16
-12
-13
-7
-3
-22
-15
-5
-21
-35
-39
-29
-41
-13
-11
-43
-37
-38
-40
-40
-51
-51
-31
-38
-47
-33
-18
-32
-28
-9
-30
-28
-4
7
-5
-24
-15
-33
-30
-24
-34
-20
-32
-45
-44
-47
-31
-62
-51
-64
-59
-35
-74
-60
-54
-43
-41
-56
-41
-43
-24
-29
-38
-17
-45
-48
-44
-27
-30
-36
-35
-41
-34
-47
-69
-55
-47
-55
-33
-33
-43
-50
-43
-60
-68
-42
-28
-28
-42
-34
-28
-41
-31
-42
-47
-39
-44
-32
-37
-24
-22
-26
-36
-50
-45
-56
-53
-17
-35
-48
-46
-68
-40
-42
-58
-53
-44
-46
-44
-34
-43
-61
-51
-32
-45
-50
-37
-38
-23
-42
-41
-26
-28
-30
-35
-10
-15
-29
-6
-15
3
7
-8
-21
-10
2
-29
-35
-47
-46
-46
-36
-31
-18
-8
-24
-24
-38
-55
-23
-16
-38
-44
-38
-9
-25
-59
-37
-53
-56
-25
-34
-46
-29
-35
-45
-39
-35
-37
-12
-4
-36
-20
-14
-6
-13
-29
-37
-45
-18
-43
-30
-26
-34
-26
-17
0
-15
-19
-29
6
-3
5
-26
0
-16
-4
15
-27
-15
-12
-13
-14
-12
-32
-17
-8
-14
1
-11
-16
-14
4
-12
-11
-18
-23
-11
-25
-25
-18
-27
-40
-21
-16
-17
-27
-8
-20
-14
-17
-26
-15
-12
-13
-18
-13
-15
-10
-38
-31
-22
-13
-27
-32
-17
-17
8
-11
-23
-29
-7
-13
-10
-23
4
-17
-10
2
-36
-1
-26
-2
-6
-8
7
-23
8
-16
-38
-26
-18
8
5
-17
-16
-2
-4
-14
-12
-8
-1
8
-2
13
-10
11
14
6
23
5
15
22
21
31
37
11
35
30
37
31
9
24
15
11
12
13
10
27
25
18
57
24
39
46
38
49
-5
-4
26
31
39
27
43
66
42
51
48
68
59
51
63
52
57
63
45
53
48
49
74
39
32
66
54
18
49
20
17
39
30
36
23
48
34
34
39
22
48
44
21
51
46
53
23
20
40
8
10
22
20
21
20
7
8
-4
-17
20
24
9
-5
12
20
21
44
36
38
40
3
9
42
19
8
33
21
13
13
10
20
17
43
25
18
15
8
18
22
24
26
35
33
37
25
22
15
13
10
18
31
35
37
28
10
16
13
39
28
19
16
21
9
10
40
41
43
15
37
2
15
14
15
33
36
29
21
32
29
45
10
35
14
2
37
27
22
16
11
9
25
16
1
-7
14
19
11
6
5
-7
7
14
0
28
26
20
6
4
23
26
21
30
37
28
20
26
27
23
27
20
20
32
9
16
35
-2
27
26
11
22
26
45
31
43
39
38
41
49
30
-9
19
29
30
32
23
33
28
39
48
43
24
13
12
20
13
7
-6
10
7
14
11
37
37
24
11
1
37
-3
8
22
24
25
34
47
21
29
25
32
20
-2
-10
29
7
18
10
3
-2
13
26
10
18
20
24
24
33
27
40
31
32
24
20
26
10
14
19
28
36
32
21
30
8
33
43
32
43
38
46
34
44
50
67
33
42
53
46
58
42
67
70
51
20
24
60
38
41
57
38
39
45
29
54
60
61
71
52
94
88
79
95
58
53
88
58
76
65
66
74
93
65
91
111
76
83
55
82
58
69
55
69
82
49
68
80
72
84
80
64
96
71
77
78
55
80
83
56
64
64
39
53
69
63
55
65
67
81
44
53
53
62
69
72
81
60
39
57
60
32
62
62
49
48
80
50
54
56
45
75
34
44
53
51
67
101
74
66
70
77
44
57
58
43
66
69
70
59
57
75
79
54
70
40
70
61
60
103
66
61
56
65
51
67
54
66
79
48
49
62
56
61
64
63
76
80
63
57
52
27
36
33
53
51
47
66
50
70
51
47
62
79
47
80
70
69
76
80
80
83
91
94
86
76
62
53
101
53
90
81
74
82
79
73
58
75
62
81
50
89
94
89
86
74
68
62
81
69
83
51
56
64
47
62
31
35
51
49
59
72
76
72
80
62
52
52
38
45
54
49
51
59
53
49
41
38
44
52
67
45
50
65
76
48
37
35
53
33
31
53
36
82
59
48
49
59
76
73
46
57
69
75
87
82
79
87
105
84
63
91
92
88
88
74
85
93
81
85
93
104
98
112
100
109
83
94
108
91
94
94
82
78
100
103
102
76
95
90
81
74
101
93
85
107
106
107
97
126
92
94
97
99
104
75
105
106
91
89
97
89
115
108
104
106
88
63
77
107
66
106
92
102
99
101
95
90
131
75
119
110
108
101
93
109
100
121
101
121
113
105
111
118
132
108
123
125
135
122
112
113
121
96
97
129
109
136
152
113
117
103
124
117
86
92
131
116
93
102
83
114
93
112
113
83
122
92
107
135
123
125
91
98
113
119
94
89
92
105
119
129
129
130
104
112
110
106
125
99
133
118
98
99
121
126
116
100
108
130
138
111
110
121
111
100
103
101
101
112
110
83
103
115
106
102
116
103
105
98
106
128
109
115
98
113
102
86
118
114
106
94
101
100
88
98
105
91
102
115
117
122
89
102
91
114
108
123
120
96
110
101
113
109
131
98
116
117
86
129
108
104
106
97
98
102
114
92
97
100
85
104
106
102
85
102
127
106
116
89
97
91
109
98
93
98
114
103
61
84
95
91
80
69
86
86
102
89
87
98
129
93
92
103
112
99
84
108
86
96
103
81
92
90
52
68
75
97
112
110
92
95
113
99
79
73
71
76
59
79
69
90
100
85
107
94
79
77
63
52
86
70
62
65
42
69
67
54
66
59
73
62
45
67
53
67
68
70
48
81
66
84
94
55
61
77
58
35
35
38
54
53
62
57
47
50
49
42
54
69
58
70
61
54
70
70
82
63
67
65
49
43
16
57
35
24
40
17
39
54
46
58
65
46
11
37
24
19
26
15
24
15
36
25
35
44
56
33
38
36
20
50
27
39
40
61
55
39
20
39
44
23
25
20
10
21
27
27
33
47
42
26
37
22
37
36
48
48
50
48
57
49
36
52
49
40
54
61
48
43
47
62
68
82
56
54
66
54
27
29
59
32
48
53
53
49
48
49
45
30
47
54
45
20
30
38
16
41
18
42
43
39
64
38
18
34
31
28
31
45
50
38
22
48
51
48
54
49
48
57
64
56
35
40
58
46
52
41
81
73
52
63
39
62
44
42
66
64
61
58
68
69
49
44
33
31
50
59
62
61
72
67
68
68
82
72
85
100
93
70
66
74
56
84
82
69
96
70
52
94
107
101
99
74
88
85
97
95
95
101
92
77
79
113
80
91
64
73
65
54
65
80
56
56
75
67
106
80
108
71
88
81
95
83
82
88
83
91
74
90
95
80
76
79
81
82
73
70
65
68
77
90
67
58
73
52
60
72
85
73
65
75
70
92
67
69
59
67
68
100
79
77
79
84
88
94
85
69
76
74
59
44
82
44
42
50
48
45
60
64
59
43
39
62
50
59
51
41
36
56
43
54
62
74
72
55
50
59
62
40
48
47
56
49
55
64
36
44
37
35
42
39
57
29
52
64
58
56
33
32
69
32
22
35
46
37
46
36
20
27
37
65
64
35
25
44
45
49
64
49
38
48
52
38
62
53
28
51
44
79
76
61
58
53
43
47
60
59
44
60
65
55
44
53
60
47
56
63
69
56
69
76
49
44
50
70
68
59
54
26
55
83
59
66
55
86
81
78
105
48
61
53
93
89
79
76
73
84
60
62
70
68
61
73
79
77
69
65
93
89
80
70
78
76
87
80
84
104
111
116
90
113
126
103
135
112
114
123
101
90
65
88
101
113
110
103
90
112
101
111
134
117
130
118
127
156
119
148
151
134
141
147
151
153
150
136
138
125
128
144
144
102
127
148
95
118
131
133
151
142
147
143
134
133
137
149
136
152
155
149
147
121
133
142
147
138
127
116
138
118
122
141
123
124
129
164
123
155
155
153
131
145
142
147
142
122
156
143
130
132
138
125
132
130
124
137
160
138
137
139
147
134
109
145
136
139
150
131
117
124
114
124
127
110
113
108
100
127
121
116
96
83
105
88
82
104
114
117
101
87
114
122
94
97
132
114
121
98
124
98
94
92
82
111
100
120
102
92
98
104
102
86
75
80
82
91
110
140
120
118
124
116
121
128
109
92
112
111
112
102
124
128
99
92
100
104
104
109
121
105
119
136
108
110
112
112
94
144
131
103
124
107
125
133
136
144
137
144
133
131
149
133
152
158
132
131
150
130
149
147
129
145
108
127
131
134
133
115
157
151
146
134
152
135
148
157
137
133
129
131
140
157
140
150
132
141
147
124
123
146
133
127
130
139
139
120
130
129
106
120
117
109
125
100
93
109
114
107
106
130
121
119
141
136
141
130
143
118
125
155
120
116
120
114
118
134
138
153
130
104
103
133
122
125
138
117
92
130
111
100
108
111
124
123
104
110
135
135
153
140
127
138
145
105
142
138
126
135
144
118
122
154
128
121
135
139
143
159
149
149
173
173
160
135
173
183
168
169
170
150
146
156
159
158
135
159
177
173
179
166
147
196
170
198
174
173
172
187
182
180
214
190
209
203
208
183
194
206
197
182
189
168
176
164
171
194
184
186
176
175
168
167
159
181
158
181
175
146
145
142
155
148
149
156
117
153
149
160
157
158
168
162
164
168
168
148
136
129
172
183
144
172
169
158
176
159
172
170
167
159
150
159
160
175
178
178
194
162
154
181
200
193
143
168
160
166
171
149
164
167
154
144
161
142
152
146
155
169
140
174
148
161
143
148
135
131
130
111
114
146
164
137
156
134
151
154
156
147
136
166
182
153
163
164
126
146
155
138
171
152
166
151
143
160
153
165
137
146
166
174
176
171
167
156
135
153
140
125
135
137
156
168
159
166
157
145
160
163
158
162
160
149
171
160
161
155
143
164
141
149
154
164
164
175
170
170
160
168
162
133
145
145
141
147
153
158
166
141
170
153
162
172
159
173
166
172
161
168
171
155
172
170
160
141
140
146
128
125
119
126
120
137
157
121
136
149
134
143
140
135
127
129
135
134
140
114
141
127
126
130
128
134
127
115
108
122
106
121
109
122
123
121
121
131
142
131
127
122
98
127
146
133
113
129
98
109
139
123
129
125
139
99
144
157
118
120
127
139
116
138
124
124
143
126
115
129
117
121
116
99
128
140
124
111
112
102
91
105
119
115
119
119
128
132
122
123
134
122
139
151
129
118
124
122
118
101
114
119
118
114
116
127
117
121
124
122
124
137
137
142
152
117
146
143
115
130
110
123
129
118
100
148
115
122
144
139
125
114
119
132
134
124
132
127
117
100
114
81
105
109
97
97
112
131
73
95
111
119
100
96
110
69
83
95
90
93
103
103
95
98
120
98
117
100
92
130
119
130
123
118
118
98
113
111
118
116
112
126
120
124
104
95
103
121
139
91
99
105
99
124
129
107
110
137
133
118
128
116
113
138
120
112
114
117
111
80
93
113
106
106
111
108
103
79
101
113
107
83
75
79
88
77
80
95
75
76
98
89
81
80
84
91
65
98
84
87
100
92
100
84
102
101
93
102
67
76
75
60
59
49
72
82
77
63
84
71
74
72
104
122
82
70
68
66
93
96
93
86
100
99
121
130
110
120
87
98
95
76
59
76
99
75
80
74
92
91
77
84
101
98
69
93
85
73
84
73
76
74
84
85
99
69
63
82
73
66
62
66
45
62
78
73
65
21
56
25
50
36
52
71
63
62
34
42
27
39
36
50
62
49
58
54
37
54
