18
25
9
15
12
3
-5
-6
-22
-43
-67
-52
-52
-71
-68
-48
-31
-14
27
-9
-9
8
-13
-13
14
-7
-18
-31
-27
-26
-21
36
31
-2
18
17
4
8
19
-12
-8
-32
-22
-12
-31
10
-7
-10
9
9
-14
-22
-19
-22
-16
10
-32
-71
-85
-87
-62
-81
-64
-59
-77
-66
-54
-37
-34
2
21
-15
-35
-10
3
16
34
28
51
55
39
43
15
-7
-34
-66
-80
-86
-42
-14
-8
-16
-3
5
-1
25
30
6
7
-33
-37
-10
-17
-33
-72
-84
-98
-86
-77
-72
-29
-26
-12
-11
-7
34
13
-28
-17
-37
-41
-11
-17
6
-11
-30
4
4
10
17
-13
-21
-63
-64
-52
-44
-24
-32
-25
-51
-64
-43
-37
-23
-69
-54
-34
-32
-38
-16
-2
-2
9
37
28
-8
-28
-39
-15
-23
-19
-6
-33
-10
10
42
23
65
44
11
79
55
118
85
82
83
20
17
4
40
42
55
54
52
45
58
72
52
50
45
34
16
20
14
34
19
6
17
26
23
8
53
30
36
52
43
44
53
33
29
61
63
67
27
6
10
5
-12
26
21
43
37
40
44
53
63
37
54
51
32
24
26
32
12
-13
-15
-32
-13
28
16
15
1
-16
-30
1
57
32
70
73
54
78
69
61
31
3
16
21
12
4
23
17
-9
-8
34
27
22
77
75
68
59
65
45
49
1
-24
5
3
26
37
34
20
28
24
50
3
-17
-16
-13
2
-6
19
8
23
44
64
66
69
83
94
68
77
82
79
75
69
55
61
71
44
21
7
22
30
5
9
44
37
44
86
73
49
78
62
17
13
33
36
40
-7
6
21
17
-5
-21
-37
-25
35
37
47
71
108
82
69
60
65
54
44
38
57
16
14
39
24
47
67
69
55
46
24
31
7
3
11
20
17
2
24
28
13
38
48
70
38
1
27
40
-1
-37
-35
-20
10
15
44
30
18
46
58
60
38
37
16
-1
1
34
40
39
35
26
41
16
20
42
47
24
6
-2
-12
-12
30
12
6
22
12
28
9
8
-26
-22
-1
4
5
-6
-23
-24
-4
-6
33
66
42
45
49
67
48
20
14
33
23
15
52
29
71
90
53
57
78
67
63
68
53
52
6
15
12
14
31
30
35
43
51
60
63
71
43
51
41
21
1
7
20
13
-6
31
46
28
31
14
24
51
63
40
53
63
64
57
61
57
47
68
43
37
44
54
37
22
14
-27
21
29
22
23
40
42
30
20
9
6
-13
25
22
9
7
0
13
-14
-27
-4
0
2
15
0
5
-25
-8
12
16
44
32
42
46
17
31
49
50
47
50
62
73
75
46
60
42
41
41
23
26
7
7
24
-1
-22
-5
1
17
14
26
47
51
47
34
26
-33
-2
20
10
1
-7
30
36
33
52
41
23
26
9
1
-7
-12
26
10
26
30
31
19
19
21
20
40
20
26
9
-7
-7
-29
-16
-6
3
29
14
1
-23
-18
3
-24
-35
-62
-36
-18
9
-7
21
29
15
6
-8
-6
-28
-21
-31
-9
-9
-18
-34
-49
-41
-39
-11
-3
20
38
6
19
44
9
3
-20
1
12
25
62
35
29
3
11
21
49
30
40
23
-10
12
6
22
35
40
29
31
30
38
25
46
62
35
14
18
25
10
19
52
87
102
81
86
60
76
82
66
41
48
60
33
58
28
23
27
43
60
72
74
48
42
51
62
32
16
19
26
7
28
23
39
39
14
50
36
59
62
47
-1
-18
3
5
27
17
19
34
46
48
50
51
61
73
39
22
44
49
59
55
75
61
55
32
26
41
59
47
46
35
27
46
10
14
3
40
52
26
29
43
49
22
35
29
31
20
34
25
34
13
18
9
-1
35
24
73
106
135
131
114
79
80
70
48
62
24
62
67
45
35
50
42
52
81
50
32
50
79
69
57
46
40
26
27
73
85
100
146
160
135
90
59
37
30
36
38
43
46
25
26
40
49
33
29
31
36
54
67
47
43
57
81
92
100
99
84
83
91
91
73
72
30
13
51
47
55
60
80
83
57
77
63
72
106
85
75
98
70
113
91
97
103
70
59
41
53
71
75
71
86
99
94
93
110
72
83
83
50
62
43
68
37
45
55
38
74
73
67
45
63
62
51
20
23
27
-1
21
45
50
63
65
76
74
77
87
70
42
54
47
69
75
98
122
98
95
114
88
96
95
92
78
59
33
53
76
57
59
32
28
38
49
33
42
23
49
18
-4
10
-1
14
46
43
31
27
14
12
15
42
12
22
1
27
47
44
76
73
87
71
72
35
60
65
23
43
-8
11
23
29
48
73
77
52
4
-13
19
11
13
57
45
38
36
32
59
30
33
46
42
46
52
51
43
28
28
22
29
39
41
26
-23
-14
-13
-4
16
14
54
82
63
91
73
21
33
18
16
3
14
29
28
23
16
39
56
75
24
26
24
-26
-2
18
-4
6
-4
-10
5
19
47
35
27
21
21
33
26
8
5
-6
3
2
31
4
-2
14
-8
-23
-37
19
14
24
46
32
28
33
50
0
-12
-25
-45
2
1
17
18
-13
-14
-22
-22
-27
-41
-57
-59
-38
-32
-2
18
43
28
6
-10
-13
16
29
34
52
22
-9
-15
-9
33
55
40
36
27
9
-18
-26
-24
-12
-61
-68
-40
-48
-11
-1
32
31
4
-8
-18
-20
-27
-2
-23
-37
-15
-14
-24
-59
-7
-13
-11
-4
-32
-22
-28
-26
-41
-46
-36
-8
14
36
3
1
-31
-51
-34
-60
-57
-58
-75
-55
-35
-56
-46
-66
-61
-72
-70
-71
-77
-76
-79
-86
-83
-94
-78
-74
-96
-101
-92
-112
-108
-72
-54
-60
-74
-70
-49
-33
-51
-18
-53
-67
-55
-49
-51
-63
-46
-79
-67
-81
-89
-100
-117
-59
-54
-85
-101
-108
-107
-126
-109
-78
-91
-132
-140
-121
-122
-122
-109
-127
-148
-166
-176
-161
-127
-116
-85
-104
-102
-108
-87
-55
-73
-64
-70
-87
-91
-90
-110
-95
-95
-116
-119
-132
-151
-136
-104
-117
-121
-103
-85
-64
-97
-76
-110
-112
-91
-106
-105
-126
-102
-122
-131
-119
-135
-132
-171
-174
-171
-181
-160
-124
-135
-146
-124
-133
-121
-121
-100
-98
-114
-169
-176
-168
-158
-150
-134
-146
-156
-167
-175
-165
-187
-216
-225
-190
-172
-181
-178
-197
-180
-183
-185
-187
-136
-144
-156
-143
-191
-164
-187
-175
-152
-160
-152
-179
-197
-211
-215
-183
-169
-190
-144
-161
-195
-180
-181
-208
-205
-191
-185
-180
-174
-174
-163
-171
-182
-140
-142
-149
-137
-128
-112
-145
-176
-198
-227
-237
-228
-221
-183
-196
-206
-200
-202
-178
-201
-221
-224
-216
-247
-243
-236
-205
-207
-184
-160
-141
-152
-197
-221
-218
-222
-208
-224
-214
-211
-243
-205
-180
-178
-173
-174
-184
-179
-199
-187
-190
-191
-207
-232
-228
-243
-265
-225
-216
-258
-278
-257
-254
-257
-250
-225
-233
-220
-201
-190
-211
-194
-207
-224
-215
-207
-188
-207
-211
-236
-217
-232
-211
-177
-185
-205
-242
-232
-203
-231
-244
-243
-217
-196
-181
-193
-225
-224
-227
-226
-235
-221
-211
-228
-229
-220
-222
-226
-251
-209
-225
-194
-215
-225
-236
-262
-248
-283
-246
-266
-259
-258
-252
-240
-263
-248
-230
-222
-188
-189
-188
-175
-209
-216
-218
-237
-260
-270
-276
-269
-279
-280
-262
-238
-231
-205
-176
-159
-169
-187
-199
-206
-202
-230
-231
-228
-225
-230
-250
-205
-201
-197
-182
-205
-194
-195
-184
-163
-161
-188
-189
-181
-185
-176
-186
-178
-213
-240
-193
-213
-198
-189
-151
-151
-153
-161
-198
-189
-219
-244
-220
-201
-184
-158
-186
-203
-203
-184
-186
-190
-187
-209
-220
-197
-205
-190
-177
-181
-196
-176
-164
-167
-172
-182
-233
-232
-240
-249
-206
-188
-163
-154
-146
-152
-152
-139
-112
-119
-127
-177
-196
-200
-196
-201
-187
-178
-168
-133
-134
-139
-150
-136
-134
-135
-132
-134
-124
-156
-161
-211
-220
-196
-184
-151
-177
-153
-125
-136
-129
-131
-149
-160
-176
-136
-145
-104
-108
-93
-98
-164
-134
-139
-130
-124
-130
-142
-99
-65
-82
-121
-113
-115
-122
-102
-121
-124
-149
-159
-131
-135
-142
-148
-146
-127
-147
-134
-116
-135
-163
-143
-144
-153
-105
-78
-55
-64
-75
-77
-86
-75
-89
-61
-47
-76
-39
-27
12
-17
-35
-28
-57
-35
-58
-58
-85
-80
-88
-86
-53
-49
-29
-18
-28
-32
-13
-10
-2
0
-49
-77
-83
-93
-103
-94
-76
-43
-55
-56
-58
-68
-50
-70
-69
-55
-65
-42
-23
-46
-21
7
28
26
17
40
53
24
15
-15
-41
-48
-87
-93
-116
-123
-84
-85
-79
-69
-70
-61
-37
-15
-2
-10
-39
-56
-86
-113
-100
-88
-77
-78
-54
-45
-66
-61
-65
-67
-46
-79
-51
-29
-21
-21
-37
-22
-35
-12
-15
-4
-30
-60
-66
-42
-63
-52
-58
-58
-71
-94
-77
-63
-47
-34
-65
-51
-47
-45
-52
-62
-54
-66
-93
-85
-61
-58
-27
-22
-43
-36
-14
-15
-14
-33
-36
-51
-36
-38
-61
-105
-87
-72
-74
-56
-62
-48
-55
-58
-37
-11
-35
-45
-21
-30
-15
10
-11
-13
-31
-59
-58
-63
-93
-76
-83
-84
-76
-82
-66
-65
-75
-94
-95
-92
-68
-35
-4
-18
-20
-61
-64
-47
-58
-43
-33
-18
-35
-30
-21
-11
-35
-45
-45
-53
-51
-59
-80
-88
-49
-48
-46
-35
-33
-29
-46
-51
-9
-16
-48
-60
-81
-100
-90
-86
-77
-34
-42
-49
-59
-42
-20
-35
-38
-28
-58
-28
-30
-22
-40
-26
-8
0
25
2
-5
-3
36
21
-9
-32
-33
-50
-55
-65
-61
-64
-49
-62
-57
-51
-66
-66
-31
-9
-30
-13
-26
-39
-38
-41
-50
-45
-52
-44
-75
-70
-46
-32
-49
-66
-59
-78
-56
-38
-23
-30
-25
-20
-17
-9
-25
-13
-5
-22
-22
-60
-58
-60
-71
-68
-69
-90
-59
-46
-61
-42
-30
-38
-44
-38
-24
-15
-33
-28
-49
-61
-82
-81
-61
-31
-56
-11
22
7
23
16
9
27
3
-33
-23
-51
-68
-36
-32
-37
-19
-27
-40
-37
-43
-47
-49
-35
-42
-27
-22
-34
-35
-30
-45
-35
-45
-18
-10
-37
-49
-74
-50
-57
-16
-3
-39
-14
2
-24
-33
-19
-3
19
5
27
10
-27
-35
-24
-19
-15
-39
-49
-20
0
2
-14
-4
18
15
15
-13
-18
-7
-18
-10
-17
-48
-35
-23
-10
-1
-25
-26
-3
-2
9
13
-17
-25
-3
20
15
1
2
-2
-27
6
-21
-27
-29
-33
-16
-48
-36
-19
-18
12
37
46
38
17
15
0
-3
-17
-43
-44
-33
-6
-8
5
26
42
13
30
28
-1
-24
-30
-10
-43
-21
-17
-15
-23
-31
-3
3
-11
-14
-28
-25
-2
-25
-18
-47
-56
-11
-15
-15
-13
-4
56
63
64
92
66
54
64
87
71
30
37
37
33
23
26
34
-10
-8
31
27
23
19
-6
18
20
9
-34
-45
-49
-40
-42
-53
-20
1
19
20
21
4
19
22
51
53
24
57
53
41
39
34
63
60
77
98
91
41
34
57
42
44
32
61
38
17
6
-9
7
-14
-15
-8
-21
-12
-19
-25
-8
-20
-13
21
21
47
49
18
20
39
1
30
22
30
27
3
2
4
-1
18
35
5
22
17
44
45
31
17
17
49
44
30
24
12
-7
-13
14
52
63
22
35
54
33
26
0
-26
-6
-39
-32
-6
8
26
53
62
26
54
17
-3
7
16
37
25
34
9
15
32
18
24
12
1
-3
-4
7
-1
-1
-36
-22
1
-22
-11
-18
-6
35
27
-22
-25
-23
-4
28
-5
15
-22
-8
-1
-7
-3
5
20
-16
43
55
67
73
80
61
59
29
39
43
50
72
86
121
110
91
91
77
28
26
-2
-11
-16
-5
0
10
34
6
7
-1
4
7
-15
-26
-9
-24
-27
-36
-13
22
24
38
45
53
36
25
17
24
-3
2
22
14
38
38
52
63
68
66
65
58
36
41
28
55
78
63
64
53
28
25
30
14
14
47
23
25
37
59
45
65
18
1
19
-6
-9
4
38
33
54
36
21
49
40
23
68
79
77
64
93
102
66
111
115
80
84
75
80
39
45
35
42
10
3
21
-3
24
55
88
85
92
94
126
113
80
98
39
-6
5
1
47
72
66
77
85
105
73
86
119
100
135
92
95
96
105
137
121
101
102
89
89
74
60
66
71
61
22
33
52
78
58
65
57
41
35
33
44
24
38
69
71
66
103
103
89
55
33
48
47
29
42
33
33
47
69
43
64
74
65
73
59
65
57
35
37
44
79
76
68
117
90
101
92
83
59
26
20
36
56
52
65
68
99
88
77
61
37
65
53
68
56
44
17
26
43
39
50
52
68
71
51
49
48
26
35
53
29
16
44
38
35
54
82
92
83
55
23
28
26
23
61
48
59
70
85
85
57
56
65
49
49
47
39
56
19
-30
-33
-11
-7
-9
23
49
77
69
54
55
59
64
79
60
76
61
63
63
37
43
45
82
81
79
73
84
79
60
53
60
12
-1
16
34
26
33
72
62
81
64
67
93
52
4
13
-7
3
0
21
44
60
55
75
75
66
60
36
55
57
63
30
55
84
79
70
78
81
80
40
28
25
67
71
64
61
19
31
9
-1
-6
30
11
38
43
49
45
33
43
22
5
-4
7
10
11
9
-11
-5
22
22
30
51
44
13
-10
-3
19
12
-15
-29
-23
16
21
0
5
20
8
-5
14
10
-5
-51
-60
-49
-55
-72
-60
-56
-71
-78
-56
-60
-50
-27
-17
-47
-40
-34
-49
-47
-29
16
-37
-25
-31
-38
-32
-25
-41
-76
-83
-73
-56
-47
-46
-20
1
-8
-29
-49
-51
-33
-4
-20
-18
-38
-46
-27
-57
-42
-35
-32
-45
-47
-49
-76
-45
-49
-28
-20
-30
-28
-8
-45
-43
-36
-61
-38
-46
-27
-28
-26
-14
-53
-70
-71
-73
-63
-47
-64
-53
-39
0
3
-2
-28
-28
-3
-40
-59
-60
-62
-53
-18
-40
-2
-15
-26
-24
-44
-46
-44
-75
-87
-97
-98
-72
-60
-53
-64
-44
-83
-62
-36
-56
-44
-38
-27
-8
-15
26
29
5
-16
-41
-24
-52
-47
-39
-35
-34
-50
-39
-38
-41
-43
-46
-46
-44
-44
-30
-39
-21
-39
-54
-47
-95
-91
-51
-37
-56
-28
-41
-67
-78
-67
-52
-28
-24
15
18
16
13
-18
-21
-46
-51
-62
-67
-74
-65
-53
-23
-26
-4
14
3
16
-7
-5
-21
-49
-20
-5
-8
-19
1
-1
-12
-28
-48
-33
-42
-17
-11
9
1
6
3
-20
-6
-8
-34
-34
-43
-58
-26
-3
17
30
19
22
41
59
33
43
18
12
25
17
56
42
53
45
42
15
38
44
5
15
13
25
23
-9
-10
9
-3
5
1
20
13
13
15
-20
16
-25
-28
-58
-31
-1
5
35
65
96
64
45
47
46
33
21
6
-13
-47
-21
10
27
9
35
38
54
53
50
80
47
28
46
30
49
74
30
45
53
65
40
60
45
15
-23
-46
-41
-19
6
14
29
-1
-12
-14
32
23
30
47
30
8
12
3
5
15
5
13
42
36
47
82
94
69
68
69
61
48
16
20
-7
-22
-6
1
16
30
48
38
30
73
58
58
37
26
16
16
-25
-47
-30
-16
21
8
25
8
11
39
61
72
107
103
78
64
57
57
44
38
25
65
71
51
49
5
-18
-34
-17
-8
-21
29
13
29
33
48
67
65
68
49
48
36
14
10
23
-5
-9
13
27
39
34
55
58
59
97
71
62
76
46
24
5
10
5
16
32
40
45
62
64
71
90
76
92
87
58
67
70
62
65
77
49
12
26
37
31
38
49
44
57
50
25
45
40
36
21
46
38
4
8
9
38
41
44
48
20
44
61
54
87
93
94
108
89
106
125
105
80
59
61
69
80
83
63
65
70
21
28
52
59
56
27
48
45
60
79
56
39
-5
-10
-3
6
18
24
42
77
95
59
111
120
73
61
68
93
105
117
98
82
99
107
95
99
80
79
59
34
42
40
67
63
69
66
67
72
93
62
79
84
71
77
49
59
34
10
3
16
39
73
57
72
78
83
85
70
39
47
25
31
69
50
95
94
94
106
73
69
51
50
61
57
72
66
80
70
49
42
51
38
25
38
30
44
83
99
77
84
82
64
43
51
52
37
64
51
108
90
103
109
102
78
61
58
50
80
96
72
105
139
152
162
152
146
121
109
100
65
50
58
38
54
46
47
77
106
94
94
83
89
80
74
92
78
93
99
75
107
108
85
101
78
70
79
114
108
107
127
113
91
91
134
106
75
87
85
98
125
110
102
112
113
131
146
122
137
91
76
74
70
78
94
81
50
30
33
78
44
70
34
60
63
49
69
59
116
112
100
60
76
97
106
83
49
37
30
41
19
14
9
27
49
95
118
109
112
103
102
113
91
116
84
91
99
96
105
98
125
108
94
106
102
78
59
14
21
10
16
50
43
27
36
38
82
86
107
127
81
73
40
51
44
27
39
67
69
33
38
63
74
26
48
46
38
76
81
53
37
30
36
60
82
88
59
67
59
50
44
38
14
15
14
-13
-24
8
37
32
25
32
69
91
111
143
113
114
95
108
100
85
109
78
65
71
85
92
126
110
101
75
63
62
34
35
38
64
76
104
70
31
63
54
60
48
57
47
5
-10
-7
5
43
67
70
66
57
55
67
71
48
44
20
28
53
77
70
73
19
20
68
74
84
57
51
47
81
62
59
74
79
97
74
104
113
96
88
114
114
123
102
69
70
82
75
81
51
64
70
40
36
40
77
91
101
132
132
113
100
72
50
54
67
47
74
71
86
91
67
44
5
7
7
21
28
41
74
86
59
27
31
32
6
28
13
14
-5
-27
8
46
40
56
51
20
30
27
50
59
57
28
38
30
56
53
44
64
67
50
8
24
18
1
-25
-21
5
-1
2
40
23
0
-16
-32
-27
-27
-5
-5
-17
-19
-1
0
15
-13
-42
-39
-59
-53
-36
-62
-75
-58
-74
-95
-66
5
24
-6
-27
-56
-55
-36
-51
-60
-31
-14
-26
-39
-8
-13
-49
-32
-26
-23
-19
-50
-22
-21
-53
-61
-103
-85
-87
-76
-68
-80
-80
-94
-75
-82
-92
-79
-100
-97
-97
-102
-105
-95
-119
-136
-120
-150
-133
-96
-94
-99
-104
-93
-111
-136
-121
-132
-112
-85
-77
-82
-53
-62
-53
-51
-65
-52
-51
-60
-88
-109
-126
-101
-85
-81
-101
-99
-124
-112
-79
-103
-138
-147
-139
-140
-155
-157
-141
-121
-126
-107
-60
-55
-52
-54
-51
-68
-93
-95
-111
-151
-144
-148
-141
-152
-131
-129
-118
-123
-118
-97
-164
-132
-133
-132
-141
-140
-111
-125
-107
-114
-106
-141
-129
-115
-142
-144
-150
-139
-113
-100
-103
-110
-90
-91
-84
-71
-108
-92
-86
-94
-91
-77
-81
-72
-85
-129
-133
-127
-136
-146
-159
-154
-128
-132
-93
-105
-116
-106
-137
-133
-142
-150
-156
-206
-180
-157
-151
-156
-143
-107
-117
-134
-159
-167
-149
-156
-188
-168
-195
-184
-158
-164
-126
-119
-148
-117
-101
-114
-115
-127
-112
-134
-132
-114
-121
-101
-133
-126
-112
-155
-137
-148
-157
-160
-149
-166
-160
-159
-155
-150
-147
-145
-156
-150
-167
-189
-173
-154
-152
-148
-165
-130
-147
-153
-168
-185
-167
-162
-191
-173
-182
-169
-170
-181
-191
-176
-166
-157
-135
-122
-115
-133
-99
-123
-114
-145
-123
-120
-150
-127
-140
-184
-200
-184
-154
-135
-150
-156
-155
-179
-174
-165
-187
-141
-156
-152
-147
-191
-185
-193
-182
-179
-180
-168
-143
-138
-152
-122
-107
-139
-169
-156
-183
-162
-144
-123
-80
-77
-65
-79
-78
-63
-78
-99
-141
-109
-112
-111
-122
-129
-124
-143
-102
-99
-103
-111
-129
-125
-127
-106
-123
-158
-191
-211
-172
-165
-159
-153
-119
-117
-99
-112
-91
-73
-124
-117
-136
-144
-168
-136
-138
-168
-166
-148
-121
-92
-97
-92
-118
-110
-133
-124
-116
-145
-143
-169
-164
-194
-168
-185
-173
-187
-166
-162
-133
-148
-155
-131
-148
-172
-166
-140
-176
-192
-190
-165
-168
-137
-137
-130
-129
-112
-134
-138
-132
-166
-132
-144
-161
-151
-171
-153
-134
-172
-176
-198
-187
-179
-166
-154
-124
-119
-153
-181
-169
-148
-154
-119
-118
-131
-148
-168
-170
-153
-155
-204
-238
-243
-233
-204
-172
-156
-157
-163
-145
-155
-154
-113
-116
-113
-127
-128
-142
-128
-105
-148
-128
-136
-152
-121
-136
-157
-145
-134
-162
-170
-167
-161
-152
-139
-175
-163
-148
-144
-114
-125
-114
-115
-109
-110
-135
-137
-143
-140
-133
-137
-145
-148
-160
-171
-147
-149
-156
-170
-146
-133
-129
-100
-105
-87
-85
-131
-101
-114
-111
-105
-103
-103
-136
-114
-121
-150
-167
-176
-164
-168
-147
-173
-152
-131
-138
-103
-115
-137
-166
-146
-169
-147
-127
-141
-124
-99
-89
-106
-102
-92
-113
-129
-147
-155
-176
-181
-184
-119
-97
-107
-116
-110
-109
-114
-92
-124
-97
-135
-135
-118
-139
-124
-120
-135
-153
-127
-154
-148
-159
-130
-145
-159
-164
-168
-156
-153
-124
-137
-126
-137
-112
-114
-116
-85
-100
-112
-106
-93
-72
-92
-90
-98
-95
-61
-56
-52
-84
-80
-118
-94
-81
-114
-107
-142
-166
-170
-171
-141
-106
-98
-110
-97
-94
-116
-112
-120
-109
-132
-131
-125
-109
-95
-110
-122
-117
-81
-77
-59
-84
-41
-28
-32
-37
-58
-26
-51
-82
-71
-73
-90
-83
-50
-46
-35
0
3
14
-7
-66
-59
-80
-98
-72
-71
-103
-110
-88
-68
-56
-49
-74
-91
-91
-78
-39
-13
-17
-2
-8
-38
-17
-31
13
30
4
-5
-50
-103
-103
-69
-84
-70
-73
-58
-58
-49
-12
17
28
12
17
37
8
-8
-7
-30
-43
-57
-54
-67
-57
-54
-55
-39
-44
-69
-55
-35
-50
-32
-42
-45
-42
-50
-34
-15
6
2
-7
5
-19
-30
-19
-9
-2
-29
10
-13
-26
-12
-4
2
5
26
7
6
8
24
40
39
59
19
23
27
13
7
4
25
3
-4
-4
-5
-7
-36
-23
-10
-21
-18
-29
21
45
54
75
70
72
48
30
29
29
11
-8
-6
2
13
23
11
24
48
39
51
25
27
29
47
32
5
-35
-28
-6
11
31
27
35
34
42
29
6
-27
-13
9
7
-12
-9
-33
-16
-15
7
8
-11
19
-2
4
18
45
35
68
89
76
72
44
49
20
5
-12
6
12
32
52
37
51
49
72
67
51
29
35
16
19
3
-2
26
39
30
32
24
19
18
11
52
58
43
71
70
56
40
35
70
75
78
43
4
-6
-2
-9
8
15
24
39
48
45
38
49
75
76
69
72
53
94
77
53
43
21
11
19
28
29
66
68
95
93
50
71
87
63
49
37
34
62
64
38
35
49
62
33
47
35
13
46
39
55
57
68
78
65
60
92
98
101
76
43
44
56
45
32
43
41
27
27
52
34
34
32
40
35
29
47
46
44
41
20
-13
-10
-12
5
21
-1
21
21
33
50
52
60
36
15
17
6
2
20
18
54
52
59
49
55
48
18
23
20
-3
-7
-4
-23
-16
11
33
65
59
45
66
55
25
36
18
2
18
7
10
28
32
20
8
-9
-11
-9
33
18
-39
-28
-35
-13
-25
28
22
5
49
56
58
55
66
46
56
55
4
-15
14
9
10
0
9
22
-9
-4
-18
-14
-11
-39
-6
2
1
-15
-45
-56
-49
-35
-47
-46
-21
-40
-33
-7
6
64
28
0
-29
-27
-9
-1
19
1
64
72
59
72
74
77
50
38
16
-20
-66
-61
-70
-61
-39
-15
-5
-40
-28
-11
-37
-21
-42
-17
-7
7
-2
-25
4
-20
0
29
46
63
25
38
23
7
15
-20
-15
12
11
-5
9
18
57
33
7
25
1
-3
-8
-5
18
15
4
-9
-14
4
20
22
10
-7
-17
-11
-4
-39
-38
-32
-49
-46
-29
-10
-18
-6
-16
-2
-18
-13
-6
15
43
21
26
39
63
72
75
42
47
36
38
52
24
41
40
18
23
9
0
43
37
49
13
3
-8
11
25
12
22
35
34
23
15
6
16
4
5
-22
-36
-32
-9
25
36
26
32
27
10
-3
9
29
39
44
50
73
77
64
57
68
44
31
22
-10
1
21
2
22
26
1
14
22
0
36
25
14
16
31
0
-5
24
18
23
5
13
2
-5
-27
-8
2
12
17
34
65
74
54
50
31
41
59
51
44
20
31
42
34
22
30
28
32
57
25
38
42
26
5
-33
-19
1
11
-30
-22
-26
-29
-5
-9
36
16
17
-7
-1
-25
-24
9
12
23
5
5
8
3
24
33
37
27
22
21
17
24
-14
13
11
23
27
33
52
57
41
51
41
15
24
25
26
9
9
3
5
12
-12
-11
-4
5
-10
-29
-37
-27
-2
8
16
44
18
14
24
11
41
0
18
20
2
3
-6
-2
-30
-21
-6
18
11
-11
-13
-29
-34
-9
33
33
40
48
30
59
88
67
85
97
76
64
53
42
23
15
9
-9
-19
1
13
15
33
61
76
67
54
44
20
35
24
24
24
4
26
30
40
34
38
21
52
25
-5
15
15
31
2
21
17
33
41
49
20
14
27
17
23
24
38
33
-19
-23
-23
-9
21
-7
-18
-11
15
21
34
37
10
30
15
28
27
5
20
1
8
25
55
65
49
58
70
33
65
62
48
12
-4
-6
-9
-9
-23
-48
-31
-20
-19
-26
-13
-5
-13
-1
-34
-37
-49
-36
-39
-31
-30
-29
-20
-28
-50
-8
-37
-26
13
13
18
-6
11
18
-4
-16
6
0
13
21
14
15
1
36
39
1
-3
-6
-40
-38
-56
-72
-66
-51
-45
-56
-52
-34
-20
-49
-44
-48
-56
-74
-46
-46
-32
-33
-27
-10
-24
-28
-54
-72
-61
-50
-100
-95
-87
-83
-72
-41
-19
-14
13
-2
-16
-7
-41
-17
-73
-71
-90
-107
-75
-70
-51
-92
-67
-56
-41
-25
-18
-24
-35
-26
-7
-54
-69
-53
-60
-57
-21
-25
-22
-5
-2
25
-1
-9
-15
-37
-21
-29
-17
-1
7
5
-25
-17
-21
-67
-77
-52
-55
-45
-46
-55
-56
-28
-26
-35
-17
-22
-37
-22
-40
-51
-40
-67
-59
-48
-34
-34
-48
-34
-51
-64
-38
-39
-50
-36
-55
-64
-71
-70
-66
-49
-71
-76
-80
-75
-18
-11
-15
-12
-12
-51
-65
-46
-46
-90
-106
-100
-77
-85
-106
-85
-62
-60
-79
-54
-50
-70
-52
-44
-65
-81
-73
-44
-24
-40
-31
-37
-34
-61
-72
-90
-77
-75
-90
-120
-126
-112
-113
-98
-74
-67
-63
-35
-31
-31
-56
-33
-29
11
-20
-35
-33
-55
-20
-25
-57
-43
-60
-84
-79
-72
-61
-63
-89
-61
-71
-80
-36
-2
-22
-37
-34
-32
-11
-41
-16
-7
-20
-14
-36
-27
-37
-31
-15
-33
5
-29
-49
-24
-37
-18
-24
-21
-25
9
-18
-12
-19
-9
-39
-46
-51
-50
-53
-45
-32
2
-10
-32
-51
-85
-97
-107
-84
-63
-73
-84
-65
-60
-14
-35
-35
-36
-25
-21
-42
-53
-49
-49
-42
-17
-51
-45
-57
-77
-46
-78
-57
-58
-58
-46
-39
-28
-24
-2
-7
-24
-30
-22
-50
-10
-14
-42
-52
-79
-63
-64
-68
-73
-91
-85
-67
-61
-58
-32
-7
2
11
-29
-42
-13
-7
-15
-30
-25
-16
-12
-21
-26
-23
-26
-18
-12
-39
-67
-35
-41
-49
-28
-8
-13
-29
3
-18
-41
-7
-1
12
4
1
7
-6
7
-10
-17
3
-6
0
37
51
74
47
54
28
-12
2
-6
13
26
23
40
14
48
48
43
49
27
50
41
39
40
26
39
41
12
15
-14
1
-2
7
18
8
-2
-30
-25
-49
-73
-56
-88
-108
-116
-132
-92
-94
-90
-79
-69
-61
-42
-35
-82
-116
-135
-156
-131
-109
-95
-63
-68
-76
-86
-109
-113
-118
-104
-99
-121
-112
-136
-143
-59
-63
-85
-99
-115
-98
-104
-98
-76
-50
-48
-28
-11
-24
-21
-18
-50
-47
-43
-54
3
23
34
66
90
102
159
146
166
184
179
202
225
216
254
266
273
324
310
312
331
312
337
356
344
358
380
368
338
352
352
369
373
376
355
354
369
353
332
339
289
322
298
317
299
300
286
255
279
225
224
225
220
203
190
185
205
187
173
165
158
98
33
24
3
-11
-46
-66
-109
-132
-166
-194
-231
-275
-296
-290
-304
-293
-279
-293
-293
-318
-325
-337
-350
-363
-409
-422
-454
-478
-486
-494
-484
-484
-491
-523
-514
-491
-499
-487
-503
-493
-506
-529
-519
-496
-461
-424
-407
-362
-342
-348
-304
-315
-282
-244
-203
-182
-157
-120
-76
-5
31
100
125
173
238
280
335
385
422
451
505
564
638
731
778
829
883
910
942
948
945
948
971
969
957
978
980
997
1006
983
982
990
986
982
960
928
916
904
918
901
867
822
772
733
706
709
685
622
565
501
458
403
346
270
202
123
33
-23
-93
-141
-182
-244
-298
-318
-369
-423
-483
-531
-572
-590
-647
-659
-676
-705
-704
-725
-733
-774
-816
-793
-803
-800
-776
-766
-791
-814
-818
-829
-833
-852
-863
-893
-929
-934
-964
-971
-971
-982
-987
-1005
-1012
-1004
-962
-888
-847
-805
-816
-800
-765
-753
-701
-668
-643
-591
-552
-535
-482
-400
-333
-259
-140
-65
5
75
122
203
304
386
479
571
653
760
826
888
962
1066
1158
1203
1277
1357
1381
1441
1526
1611
1629
1652
1681
1706
1742
1730
1735
1701
1659
1603
1590
1581
1528
1460
1340
1226
1096
978
887
781
665
536
424
281
150
25
-114
-177
-245
-318
-393
-458
-549
-625
-645
-642
-636
-637
-618
-585
-600
-597
-568
-523
-487
-488
-496
-416
-355
-341
-300
-258
-260
-255
-228
-203
-188
-203
-206
-210
-240
-256
-277
-314
-330
-381
-401
-406
-479
-525
-562
-647
-768
-836
-901
-947
-1019
-1109
-1164
-1189
-1227
-1240
-1262
-1255
-1195
-1166
-1130
-1089
-1013
-983
-916
-883
-872
-853
-836
-824
-824
-819
-822
-785
-758
-721
-693
-663
-599
-536
-527
-478
-420
-365
-298
-234
-168
-125
-86
13
75
143
213
280
363
494
602
706
816
939
1091
1203
1325
1420
1521
1599
1750
1824
1909
1992
2027
2066
2091
2125
2104
2114
2131
2115
2058
2028
1959
1886
1745
1607
1464
1283
1091
918
735
538
335
154
12
-154
-289
-407
-532
-670
-774
-830
-870
-902
-952
-988
-997
-1021
-1003
-1005
-975
-917
-894
-881
-833
-791
-741
-670
-606
-583
-544
-491
-450
-371
-362
-324
-269
-282
-281
-308
-361
-419
-470
-531
-625
-695
-803
-899
-983
-1109
-1205
-1341
-1432
-1516
-1677
-1751
-1787
-1776
-1772
-1777
-1718
-1692
-1661
-1573
-1485
-1388
-1305
-1291
-1238
-1147
-1143
-1069
-1009
-927
-871
-865
-788
-727
-656
-515
-425
-368
-292
-226
-151
-71
30
98
166
222
257
299
357
377
397
426
459
534
618
716
826
1004
1147
1281
1426
1554
1663
1776
1888
1969
2054
2145
2208
2286
2340
2382
2418
2435
2440
2436
2374
2304
2213
2106
1983
1802
1650
1431
1207
1005
791
518
301
46
-135
-324
-513
-689
-813
-919
-1017
-1042
-1121
-1157
-1181
-1232
-1237
-1251
-1247
-1239
-1201
-1163
-1146
-1103
-1048
-901
-797
-732
-665
-572
-466
-357
-271
-220
-130
-94
-90
-89
-81
-85
-116
-160
-259
-314
-386
-474
-573
-709
-842
-999
-1139
-1279
-1367
-1503
-1607
-1691
-1768
-1845
-1923
-1921
-1916
-1930
-1903
-1865
-1881
-1849
-1798
-1738
-1676
-1623
-1545
-1464
-1359
-1280
-1202
-1072
-975
-897
-803
-707
-629
-517
-420
-314
-226
-138
-41
77
172
241
304
314
386
391
396
413
444
525
583
672
787
918
1077
1230
1403
1582
1717
1858
2000
2151
2294
2434
2531
2636
2743
2824
2895
2932
2974
2997
2981
2949
2849
2711
2575
2392
2189
1903
1650
1412
1103
811
499
250
-26
-242
-455
-684
-886
-1036
-1150
-1238
-1317
-1431
-1485
-1566
-1599
-1641
-1649
-1649
-1610
-1564
-1536
-1463
-1386
-1230
-1122
-1010
-890
-785
-640
-518
-389
-287
-216
-161
-95
-45
-25
-2
-23
-39
-37
-143
-193
-309
-397
-497
-656
-774
-915
-1039
-1200
-1390
-1563
-1708
-1848
-1901
-2024
-2098
-2162
-2192
-2213
-2214
-2178
-2152
-2088
-2049
-1989
-1940
-1881
-1792
-1673
-1574
-1493
-1393
-1279
-1129
-1001
-838
-682
-539
-417
-252
-134
12
149
251
355
433
483
543
586
634
616
592
625
673
753
849
919
1018
1144
1277
1432
1619
1791
1965
2106
2273
2444
2590
2719
2811
2894
2980
3030
3089
3167
3177
3241
3258
3256
3202
3050
2829
2579
2278
1982
1576
1209
810
421
61
-272
-557
-802
-944
-1063
-1167
-1259
-1309
-1386
-1429
-1485
-1513
-1548
-1613
-1634
-1643
-1651
-1619
-1591
-1547
-1483
-1361
-1202
-1058
-869
-710
-519
-358
-188
-20
96
162
247
307
296
240
183
124
52
14
-140
-262
-414
-503
-586
-739
-914
-1058
-1219
-1381
-1521
-1702
-1822
-2019
-2159
-2246
-2311
-2404
-2435
-2477
-2494
-2468
-2415
-2354
-2296
-2188
-2080
-1986
-1921
-1759
-1640
-1573
-1495
-1390
-1265
-1152
-980
-813
-613
-455
-259
-91
41
196
341
425
503
525
569
590
571
564
523
564
548
603
707
775
881
1003
1160
1301
1481
1656
1840
2005
2152
2335
2473
2579
2688
2825
2948
3065
3187
3318
3417
3534
3629
3680
3677
3615
3462
3293
3090
2872
2577
2220
1854
1467
1115
765
401
83
-192
-430
-674
-892
-1038
-1188
-1294
-1423
-1550
-1691
-1819
-1904
-2007
-2082
-2170
-2211
-2237
-2209
-2150
-2054
-1900
-1737
-1547
-1346
-1130
-881
-617
-408
-247
-96
10
122
170
216
215
237
205
164
148
118
103
31
-53
-157
-272
-461
-669
-864
-1040
-1255
-1535
-1749
-1914
-2086
-2260
-2407
-2496
-2574
-2603
-2626
-2595
-2612
-2589
-2540
-2505
-2458
-2380
-2281
-2194
-2065
-1934
-1793
-1671
-1500
-1306
-1118
-932
-749
-560
-341
-183
6
179
329
444
505
586
599
647
659
678
690
681
733
773
864
937
1040
1202
1369
1508
1623
1779
1941
2117
2263
2361
2502
2620
2726
2890
3033
3195
3336
3481
3622
3732
3825
3870
3905
3875
3737
3536
3314
3067
2749
2397
2069
1705
1329
959
607
298
22
-221
-432
-661
-814
-938
-1125
-1272
-1433
-1579
-1721
-1870
-1984
-2085
-2154
-2196
-2220
-2247
-2202
-2116
-1946
-1735
-1565
-1376
-1150
-884
-668
-463
-245
-53
72
152
224
258
259
260
258
234
199
178
135
114
66
-39
-166
-279
-428
-634
-819
-1056
-1312
-1560
-1804
-2024
-2257
-2437
-2600
-2696
-2800
-2868
-2909
-2901
-2804
-2728
-2638
-2522
-2412
-2305
-2199
-2056
-1919
-1776
-1635
-1495
-1337
-1127
-939
-750
-522
-275
-31
160
351
545
728
888
998
1057
1086
1078
1056
1005
943
913
908
946
1001
1057
1171
1261
1413
1539
1722
1882
2076
2271
2476
2602
2722
2879
2959
3108
3210
3353
3505
3599
3707
3857
3953
4015
4023
3938
3822
3645
3444
3188
2850
2455
2071
1666
1241
832
462
153
-156
-426
-694
-928
-1089
-1234
-1379
-1562
-1701
-1794
-1922
-2057
-2176
-2268
-2332
-2331
-2335
-2321
-2253
-2143
-1990
-1818
-1632
-1378
-1114
-876
-591
-383
-211
-54
80
170
219
258
289
328
326
297
252
273
264
254
223
137
11
-180
-364
-611
-898
-1224
-1543
-1847
-2166
-2451
-2710
-2883
-3041
-3152
-3168
-3162
-3061
-2956
-2851
-2742
-2644
-2525
-2425
-2317
-2219
-2143
-2071
-1978
-1855
-1678
-1457
-1201
-914
-610
-334
-17
255
523
761
979
1132
1266
1300
1278
1236
1111
1026
922
862
799
808
845
931
1074
1231
1436
1636
1843
2043
2212
2385
2523
2687
2806
2905
2979
3068
3167
3286
3442
3600
3776
3942
4109
4216
4222
4202
4127
3961
3730
3409
3010
2592
2174
1713
1255
818
401
65
-247
-510
-756
-921
-1054
-1218
-1356
-1497
-1609
-1739
-1842
-2005
-2151
-2322
-2455
-2535
-2583
-2557
-2492
-2367
-2182
-2001
-1799
-1491
-1217
-965
-709
-472
-275
-93
44
162
204
252
239
224
187
104
49
-21
-59
-137
-160
-233
-334
-415
-538
-642
-796
-981
-1149
-1357
-1650
-1904
-2139
-2360
-2558
-2739
-2872
-2952
-2953
-2938
-2911
-2783
-2652
-2516
-2311
-2181
-2008
-1824
-1642
-1449
-1311
-1183
-1058
-932
-817
-705
-587
-451
-292
-144
34
206
362
504
586
702
761
788
823
855
846
818
836
866
899
955
988
1081
1193
1334
1492
1639
1784
1931
2115
2333
2534
2748
2970
3175
3389
3616
3814
3997
4176
4255
4357
4422
4405
4349
4191
3996
3762
3457
3128
2784
2429
2034
1628
1257
881
564
226
-68
-366
-616
-815
-1019
-1208
-1461
-1676
-1867
-2045
-2213
-2351
-2477
-2552
-2602
-2634
-2628
-2555
-2400
-2227
-2005
-1800
-1581
-1285
-1067
-869
-703
-530
-383
-286
-165
-92
-20
21
100
140
164
152
172
178
144
73
1
-123
-295
-517
-758
-999
-1265
-1588
-1897
-2154
-2383
-2588
-2777
-2910
-2994
-3063
-3104
-3063
-2997
-2919
-2817
-2731
-2610
-2482
-2362
-2204
-2070
-1900
-1785
-1614
-1461
-1300
-1076
-866
-650
-355
-41
257
566
776
989
1130
1195
1230
1233
1224
1166
1103
1085
1116
1123
1148
1223
1307
1400
1504
1638
1805
1927
2063
2228
2354
2554
2733
2927
3099
3270
3426
3636
3842
3983
4098
4244
4348
4346
4306
4194
4083
3874
3652
3292
2939
2554
2118
1774
1367
1016
643
328
18
-283
-581
-834
-1023
-1207
-1418
-1632
-1757
-1911
-2037
-2192
-2316
-2413
-2476
-2510
-2583
-2590
-2513
-2371
-2251
-2078
-1852
-1587
-1339
-1104
-895
-674
-464
-312
-150
-87
-7
47
107
126
88
80
77
46
-47
-114
-217
-318
-445
-612
-816
-1000
-1224
-1437
-1641
-1818
-2055
-2238
-2377
-2545
-2662
-2811
-2882
-2902
-2910
-2865
-2832
-2781
-2664
-2565
-2453
-2310
-2168
-1938
-1745
-1555
-1367
-1183
-972
-804
-633
-472
-254
-70
108
303
472
580
677
759
828
851
920
963
993
1098
1110
1190
1265
1302
1375
1442
1554
1625
1792
1951
2122
2315
2503
2737
2930
3136
3345
3545
3721
3933
4078
4204
4334
4444
4473
4409
4286
4106
3884
3619
3308
2932
2566
2195
1809
1388
994
678
371
93
-176
-440
-662
-819
-1025
-1227
-1448
-1665
-1880
-2078
-2285
-2442
-2591
-2660
-2664
-2706
-2631
-2558
-2383
-2222
-2039
-1808
-1547
-1298
-1045
-841
-699
-525
-389
-240
-188
-153
-123
-51
-40
-47
-28
-61
-75
-112
-197
-303
-377
-480
-602
-786
-983
-1189
-1435
-1680
-1903
-2108
-2335
-2505
-2658
-2754
-2852
-2914
-2939
-2951
-2902
-2812
-2718
-2605
-2475
-2329
-2167
-2002
-1829
-1666
-1491
-1331
-1121
-945
-770
-600
-444
-268
-72
123
326
497
626
752
823
872
928
938
969
1022
1033
1086
1154
1187
1281
1366
1452
1552
1682
1862
2041
2230
2425
2633
2836
3093
3300
3507
3709
3909
4054
4191
4304
4403
4492
4510
4406
4240
4050
3823
3531
3156
2818
2434
2058
1644
1231
884
549
261
-71
-363
-625
-830
-995
-1207
-1429
-1665
-1813
-2008
-2189
-2377
-2525
-2627
-2704
-2714
-2737
-2657
-2551
-2390
-2194
-1995
-1777
-1505
-1279
-1033
-821
-635
-438
-303
-206
-163
-107
-58
-54
-68
-68
-98
-86
-126
-154
-199
-299
-422
-577
-718
-937
-1166
-1365
-1574
-1813
-2027
-2233
-2404
-2570
-2697
-2781
-2855
-2905
-2917
-2889
-2885
-2851
-2775
-2635
-2492
-2339
-2147
-1979
-1794
-1623
-1424
-1237
-1009
-863
-704
-539
-408
-237
-68
150
336
467
610
765
869
924
981
1020
1032
1108
1149
1180
1235
1292
1394
1455
1576
1705
1917
2105
2351
2591
2793
3041
3259
3499
3712
3885
4044
4205
4332
4468
4599
4640
4615
4487
4318
4106
3852
3538
3189
2808
2383
1974
1567
1226
902
618
323
1
-263
-532
-753
-952
-1215
-1482
-1705
-1938
-2141
-2317
-2498
-2603
-2671
-2691
-2705
-2690
-2585
-2462
-2258
-2096
-1894
-1688
-1449
-1163
-955
-766
-582
-415
-297
-185
-152
-74
-34
1
72
91
117
113
92
38
-16
-102
-196
-301
-433
-657
-906
-1137
-1399
-1663
-1926
-2158
-2368
-2524
-2691
-2825
-2903
-2991
-2985
-2949
-2910
-2862
-2787
-2690
-2598
-2502
-2391
-2230
-2070
-1861
-1665
-1473
-1231
-1025
-791
-602
-471
-250
-47
173
336
484
652
790
868
956
1007
1069
1125
1141
1144
1231
1322
1365
1448
1533
1659
1828
2037
2218
2435
2634
2860
3102
3350
3626
3832
4056
4255
4417
4514
4579
4636
4577
4465
4306
4114
3880
3634
3314
2949
2594
2252
1874
1453
1080
765
476
168
-175
-425
-659
-937
-1195
-1432
-1669
-1871
-2045
-2226
-2397
-2558
-2642
-2656
-2694
-2682
-2608
-2468
-2259
-2066
-1890
-1663
-1434
-1215
-1005
-814
-589
-457
-294
-182
-88
10
84
123
153
204
239
289
286
280
292
229
163
46
-135
-358
-613
-855
-1152
-1429
-1715
-1984
-2244
-2474
-2693
-2879
-2978
-3057
-3077
-3061
-3000
-2947
-2902
-2819
-2755
-2657
-2562
-2469
-2351
-2216
-2072
-1880
-1669
-1438
-1203
-943
-673
-408
-139
109
357
586
733
891
1056
1135
1181
1170
1192
1182
1145
1162
1186
1224
1296
1404
1545
1720
1898
2130
2360
2613
2858
3079
3300
3468
3655
3855
4039
4185
4294
4441
4562
4600
4516
4373
4173
3991
3721
3371
3058
2654
2357
1970
1601
1261
922
616
297
-17
-335
-570
-836
-1038
-1316
-1563
-1754
-1926
-2109
-2287
-2403
-2510
-2531
-2574
-2596
-2546
-2435
-2295
-2153
-2002
-1791
-1553
-1295
-1060
-914
-679
-460
-275
-131
-13
90
176
251
294
315
350
382
403
406
402
403
332
243
97
-96
-316
-582
-855
-1112
-1380
-1672
-1929
-2172
-2400
-2602
-2762
-2869
-2944
-2981
-3007
-3005
-2964
-2924
-2856
-2812
-2745
-2670
-2535
-2338
-2214
-2077
-1869
-1614
-1356
-1110
-832
-550
-261
24
229
445
596
779
918
1049
1190
1257
1293
1352
1383
1383
1444
1481
1545
1578
1658
1771
1934
2088
2241
2449
2721
2970
3202
3428
3658
3859
4016
4169
4259
4372
4472
4456
4326
4170
4020
3832
3587
3271
2974
2643
2310
1986
1613
1284
988
685
435
172
-132
-347
-583
-840
-1115
-1412
-1612
-1824
-2051
-2248
-2421
-2557
-2610
-2644
-2654
-2595
-2507
-2366
-2175
-1981
-1784
-1522
-1244
-1036
-821
-646
-476
-317
-207
-114
-58
7
133
191
289
349
404
494
530
515
517
526
476
370
208
-1
-254
-482
-795
-1127
-1445
-1744
-2025
-2293
-2515
-2700
-2817
-2922
-2994
-3034
-3016
-2967
-2971
-2890
-2839
-2790
-2693
-2623
-2541
-2457
-2301
-2157
-1938
-1658
-1396
-1135
-876
-580
-265
-13
242
418
650
860
971
1047
1094
1175
1198
1205
1248
1307
1381
1468
1558
1631
1725
1893
2038
2208
2411
2626
2841
3014
3212
3415
3603
3802
3968
4126
4258
4357
4416
4413
4343
4224
4066
3866
3634
3365
3044
2701
2394
2072
1716
1401
1062
766
470
152
-126
-385
-613
-848
-1086
-1315
-1538
-1718
-1872
-2066
-2235
-2337
-2397
-2403
-2440
-2395
-2323
-2188
-2038
-1888
-1712
-1517
-1271
-1052
-856
-662
-451
-268
-132
-2
111
192
252
331
383
407
470
528
566
598
612
606
592
487
300
107
-117
-359
-659
-972
-1311
-1603
-1855
-2110
-2336
-2501
-2633
-2751
-2865
-2917
-2901
-2889
-2847
-2845
-2824
-2759
-2677
-2573
-2463
-2356
-2226
-2048
-1843
-1600
-1343
-1070
-805
-563
-330
-25
209
434
602
725
828
928
1039
1076
1136
1193
1266
1351
1421
1458
1567
1662
1747
1872
1985
2117
2283
2496
2752
2897
3094
3288
3475
3674
3843
4037
4154
4233
4291
4308
4241
4109
4017
3858
3658
3390
3089
2814
2461
2135
1806
1474
1195
863
580
330
20
-190
-385
-639
-864
-1083
-1327
-1560
-1766
-1932
-2076
-2228
-2353
-2431
-2415
-2372
-2338
-2255
-2116
-1947
-1764
-1551
-1377
-1147
-944
-768
-585
-449
-319
-193
-96
4
114
205
266
325
410
452
479
493
473
432
386
278
139
-39
-226
-423
-685
-930
-1180
-1435
-1691
-1938
-2126
-2287
-2417
-2529
-2596
-2643
-2683
-2714
-2669
-2676
-2634
-2623
-2548
-2419
-2284
-2110
-1970
-1795
-1625
-1398
-1179
-1005
-840
-613
-386
-210
-64
105
282
449
554
684
799
889
1011
1103
1181
1248
1305
1398
1466
1510
1590
1689
1820
1944
2130
2312
2492
2669
2891
3133
3347
3529
3718
3920
4038
4203
4264
4314
4337
4300
4196
3999
3785
3511
3273
2967
2657
2360
2027
1707
1403
1161
912
659
385
138
-116
-349
-568
-808
-1019
-1274
-1525
-1722
-1899
-2079
-2210
-2300
-2359
-2360
-2339
-2263
-2145
-1987
-1809
-1626
-1448
-1232
-1055
-857
-669
-524
-381
-288
-203
-100
-29
20
112
189
277
370
425
465
463
450
438
387
259
92
-106
-351
-537
-782
-1010
-1202
-1451
-1672
-1871
-2004
-2125
-2198
-2293
-2387
-2454
-2492
-2502
-2504
-2480
-2443
-2334
-2262
-2192
-2064
-1904
-1687
-1486
-1299
-1114
-911
-709
-549
-358
-190
-55
90
230
366
493
609
737
855
971
1033
1083
1129
1194
1251
1310
1383
1465
1566
1693
1848
1982
2195
2382
2589
2818
2998
3236
3418
3577
3769
3911
4034
4173
4257
4285
4249
4170
4087
3934
3736
3474
3210
2935
2628
2330
2001
1652
1361
1119
885
625
343
86
-124
-337
-627
-895
-1130
-1357
-1556
-1777
-1938
-2082
-2197
-2282
-2322
-2336
-2317
-2223
-2121
-1988
-1856
-1697
-1532
-1355
-1126
-935
-784
-618
-464
-348
-239
-137
-41
52
128
202
279
344
375
364
323
324
316
266
166
5
-170
-348
-565
-776
-968
-1179
-1396
-1581
-1758
-1909
-2050
-2164
-2252
-2334
-2390
-2451
-2455
-2446
-2455
-2403
-2340
-2228
-2119
-1994
-1827
-1692
-1518
-1323
-1128
-930
-751
-637
-473
-290
-137
18
169
275
372
484
569
678
774
897
1023
1115
1211
1341
1419
1516
1606
1643
1720
1807
1991
2164
2315
2473
2698
2943
3149
3345
3555
3737
3908
4049
4145
4236
4286
4237
4127
3969
3806
3644
3416
3108
2800
2497
2189
1866
1555
1266
1022
739
461
231
27
-202
-456
-637
-844
-1084
-1301
-1490
-1668
-1872
-2043
-2205
-2281
-2348
-2353
-2312
-2238
-2142
-2014
-1862
-1701
-1503
-1336
-1142
-955
-791
-668
-522
-398
-263
-152
-63
26
105
165
235
279
336
377
384
379
313
246
112
-16
-170
-335
-533
-770
-1029
-1269
-1469
-1653
-1821
-1983
-2132
-2290
-2376
-2443
-2489
-2538
-2562
-2524
-2466
-2411
-2327
-2230
-2125
-1968
-1860
-1735
-1605
-1420
-1253
-1093
-907
-779
-609
-473
-295
-122
37
191
307
409
534
667
753
858
933
1026
1114
1163
1234
1318
1375
1451
1572
1720
1894
2044
2224
2406
2618
2821
3002
3215
3387
3573
3722
3850
3938
4079
4125
4075
3996
3849
3684
3480
3260
3009
2770
2492
2221
1913
1630
1318
1068
803
527
269
14
-190
-433
-671
-883
-1080
-1290
-1478
-1652
-1853
-1984
-2090
-2191
-2266
-2339
-2346
-2297
-2184
-2096
-1991
-1841
-1682
-1499
-1315
-1139
-980
-818
-648
-498
-384
-308
-210
-106
-26
35
74
140
189
225
231
298
306
253
179
63
-85
-268
-452
-670
-895
-1080
-1269
-1464
-1656
-1818
-1935
-2092
-2176
-2240
-2337
-2396
-2409
-2408
-2398
-2336
-2250
-2182
-2049
-1945
-1837
-1688
-1548
-1432
-1284
-1128
-953
-838
-698
-536
-400
-251
-81
66
220
389
525
652
727
821
914
987
1009
1041
1085
1155
1255
1346
1442
1535
1675
1853
2034
2202
2372
2509
2677
2849
3042
3251
3418
3567
3695
3821
3887
3927
3912
3822
3689
3542
3326
3145
2944
2663
2421
2112
1809
1533
1290
999
738
493
263
28
-183
-367
-586
-786
-1032
-1251
-1448
-1637
-1825
-1989
-2121
-2197
-2257
-2275
-2218
-2176
-2109
-2011
-1916
-1799
-1654
-1494
-1339
-1162
-990
-843
-696
-587
-425
-343
-241
-122
-59
53
146
223
231
247
281
266
244
190
101
-16
-120
-270
-433
-641
-819
-1013
-1250
-1433
-1624
-1808
-1944
-2072
-2180
-2282
-2338
-2390
-2437
-2437
-2402
-2349
-2269
-2160
-2056
-1950
-1805
-1650
-1526
-1401
-1267
-1119
-999
-868
-736
-579
-418
-268
-92
100
235
342
458
538
619
686
714
790
880
958
1060
1083
1131
1217
1300
1407
1498
1659
1830
2017
2207
2381
2555
2730
2887
3057
3202
3326
3488
3595
3679
3725
3759
3775
3705
3641
3499
3298
3105
2892
2648
2363
2101
1799
1484
1188
911
666
380
121
-117
-324
-544
-744
-905
-1080
-1281
-1477
-1656
-1828
-1958
-2089
-2153
-2259
-2322
-2340
-2315
-2275
-2183
-2057
-1916
-1783
-1612
-1439
-1220
-1035
-863
-721
-612
-488
-372
-253
-157
-70
-5
74
132
163
191
172
140
130
18
-47
-134
-217
-328
-504
-697
-889
-1041
-1212
-1388
-1578
-1746
-1897
-2060
-2176
-2274
-2366
-2418
-2425
-2403
-2351
-2291
-2195
-2107
-1981
-1858
-1744
-1619
-1513
-1362
-1205
-1056
-938
-811
-694
-566
-434
-296
-157
-36
102
248
407
533
654
747
849
923
1007
1090
1141
1182
1228
1262
1303
1364
1466
1604
1772
1940
2099
2273
2464
2710
2856
3025
3188
3326
3460
3553
3649
3706
3682
3629
3571
3416
3262
3108
2937
2721
2524
2243
2000
1750
1483
1242
1024
796
518
260
2
-163
-365
-605
-846
-1034
-1258
-1462
-1632
-1785
-1941
-2082
-2188
-2265
-2318
-2302
-2280
-2220
-2116
-2024
-1876
-1739
-1578
-1377
-1236
-1101
-980
-818
-695
-610
-497
-410
-303
-221
-147
-63
5
93
123
132
128
93
69
-11
-123
-261
-397
-541
-702
-871
-1058
-1224
-1407
-1585
-1705
-1847
-1949
-2042
-2170
-2204
-2265
-2307
-2324
-2326
-2269
-2236
-2158
-2069
-1961
-1846
-1709
-1579
-1427
-1280
-1143
-975
-802
-611
-447
-306
-186
-57
53
157
256
341
459
589
696
757
840
946
1022
1072
1132
1164
1222
1296
1397
1462
1569
1707
1835
2026
2209
2405
2585
2703
2818
2950
3032
3164
3289
3406
3498
3585
3637
3613
3546
3452
3311
3144
2958
2748
2509
2227
1977
1694
1449
1205
964
722
480
244
22
-211
-451
-617
-825
-1012
-1174
-1345
-1480
-1627
-1760
-1881
-1963
-2022
-2086
-2094
-2093
-2018
-1969
-1937
-1804
-1648
-1478
-1325
-1117
-947
-816
-685
-592
-466
-378
-285
-206
-143
-89
-29
36
42
27
23
41
30
-42
-167
-266
-384
-505
-646
-799
-959
-1131
-1283
-1462
-1614
-1736
-1859
-1967
-2108
-2182
-2214
-2256
-2264
-2284
-2267
-2262
-2209
-2131
-2011
-1871
-1759
-1641
-1515
-1352
-1223
-1098
-942
-816
-687
-548
-408
-246
-106
58
197
345
489
568
660
731
788
852
908
973
1042
1104
1179
1253
1337
1379
1470
1601
1728
1911
2057
2222
2350
2525
2682
2839
2970
3039
3131
3221
3326
3391
3448
3445
3448
3410
3310
3204
3068
2905
2719
2507
2286
2054
1781
1520
1252
1000
769
486
264
49
-146
-361
-579
-787
-993
-1152
-1308
-1441
-1604
-1703
-1801
-1915
-1977
-1983
-2012
-1987
-1966
-1926
-1844
-1761
-1639
-1497
-1339
-1199
-1042
-901
-780
-635
-501
-370
-267
-209
-169
-124
-79
-41
-61
-76
-70
-75
-101
-170
-240
-345
-388
-506
-670
-810
-979
-1101
-1278
-1409
-1535
-1645
-1794
-1901
-2018
-2112
-2152
-2224
-2220
-2270
-2236
-2200
-2135
-2099
-2021
-1902
-1778
-1611
-1486
-1280
-1096
-938
-834
-732
-602
-521
-437
-340
-213
-124
26
145
275
399
562
672
754
873
907
955
996
1043
1111
1180
1248
1313
1380
1431
1524
1642
1781
1924
2112
2278
2434
2591
2722
2867
2956
3078
3182
3257
3290
3304
3331
3306
3265
3164
3009
2881
2673
2470
2236
1977
1741
1490
1272
1053
824
595
373
122
-103
-300
-534
-752
-928
-1089
-1249
-1433
-1573
-1676
-1789
-1854
-1916
-1945
-2001
-2041
-2021
-2003
-1916
-1829
-1723
-1593
-1475
-1370
-1251
-1117
-991
-881
-750
-633
-524
-419
-329
-269
-225
-158
-85
-66
-74
-102
-126
-146
-226
-311
-394
-492
-610
-774
-934
-1113
-1244
-1360
-1505
-1631
-1705
-1783
-1881
-1964
-2037
-2088
-2125
-2176
-2195
-2171
-2132
-2072
-2040
-1993
-1917
-1802
-1660
-1504
-1338
-1175
-1023
-878
-738
-567
-447
-314
-201
-129
-3
67
145
250
371
465
604
740
823
945
1038
1121
1173
1225
1282
1342
1348
1400
1488
1536
1576
1664
1752
1881
2053
2178
2343
2477
2587
2716
2849
2927
3050
3173
3221
3223
3184
3113
3047
2930
2802
2701
2535
2366
2157
1888
1639
1407
1169
937
698
488
296
110
-93
-270
-455
-628
-777
-977
-1188
-1372
-1504
-1649
-1768
-1851
-1956
-2022
-2005
-2001
-1992
-1972
-1918
-1828
-1718
-1589
-1470
-1346
-1196
-1060
-927
-806
-705
-586
-485
-420
-358
-278
-213
-157
-115
-58
-18
-3
-51
-69
-87
-174
-221
-323
-429
-554
-717
-874
-1033
-1211
-1363
-1524
-1639
-1755
-1878
-1979
-2062
-2070
-2119
-2119
-2095
-2091
-2060
-2054
-1996
-1941
-1890
-1795
-1698
-1618
-1454
-1297
-1174
-1007
-874
-706
-572
-436
-311
-167
-7
131
255
368
439
531
663
704
764
799
832
877
895
914
934
1030
1114
1180
1242
1316
1408
1504
1569
1662
1806
1913
2010
2098
2234
2334
2478
2624
2742
2813
2914
2967
2989
3004
2960
2897
2845
2718
2624
2485
2343
2139
1935
1733
1493
1275
1020
833
603
416
204
1
-173
-351
-525
-712
-900
-1093
-1253
-1445
-1601
-1749
-1843
-1931
-1983
-2046
-2103
-2080
-2077
-2001
-1960
-1834
-1731
-1635
-1525
-1391
-1270
-1140
-985
-884
-758
-664
-555
-456
-366
-297
-211
-158
-106
-32
29
78
74
58
11
-53
-133
-210
-350
-498
-654
-833
-1007
-1161
-1331
-1456
-1576
-1689
-1758
-1832
-1876
-1942
-1993
-2021
-2033
-2044
-2029
-1996
-1949
-1912
-1855
-1744
-1656
-1541
-1367
-1194
-1037
-872
-729
-522
-351
-224
-62
25
167
289
393
481
544
610
648
727
768
780
810
848
888
931
947
975
982
1005
1062
1116
1147
1181
1257
1369
1448
1567
1672
1778
1890
1972
2051
2180
2290
2370
2490
2621
2720
2778
2845
2841
2829
2823
2733
2590
2425
2281
2168
2025
1842
1641
1410
1217
1050
829
635
388
163
-40
-236
-406
-571
-703
-845
-1019
-1142
-1299
-1415
-1541
-1638
-1709
-1789
-1834
-1877
-1870
-1833
-1792
-1758
-1650
-1573
-1452
-1331
-1209
-1073
-909
-796
-690
-584
-488
-420
-355
-244
-150
-105
-50
3
27
56
54
88
82
18
-46
-114
-239
-354
-465
-629
-754
-887
-1047
-1171
-1280
-1400
-1503
-1598
-1673
-1717
-1763
-1754
-1747
-1722
-1687
-1703
-1670
-1603
-1556
-1462
-1372
-1263
-1133
-1022
-882
-744
-613
-485
-308
-189
-34
81
215
325
401
502
583
637
678
690
705
726
721
724
699
686
677
677
692
703
734
792
819
901
972
1013
1069
1135
1263
1352
1427
1485
1581
1664
1784
1897
1976
2077
2202
2331
2437
2534
2578
2647
2685
2690
2666
2612
2544
2424
2282
2135
1955
1791
1571
1355
1160
956
749
560
345
121
-69
-209
-359
-546
-685
-845
-996
-1143
-1295
-1420
-1550
-1618
-1706
-1801
-1879
-1944
-1944
-1849
-1815
-1731
-1645
-1520
-1396
-1233
-1097
-966
-854
-743
-618
-521
-440
-354
-249
-190
-110
-57
19
72
80
73
80
66
42
-19
-83
-173
-228
-321
-442
-523
-597
-730
-877
-974
-1090
-1192
-1321
-1384
-1457
-1517
-1595
-1633
-1614
-1592
-1575
-1546
-1500
-1442
-1325
-1197
-1066
-953
-818
-692
-568
-449
-338
-212
-126
-89
0
80
133
239
278
300
342
386
414
454
486
483
502
476
487
491
446
415
382
396
393
394
397
425
447
471
521
622
656
752
844
988
1080
1212
1390
1508
1645
1756
1865
1943
2059
2133
2253
2288
2319
2367
2370
2402
2382
2346
2270
2206
2127
2008
1899
1725
1544
1370
1170
945
752
548
365
160
-22
-224
-412
-590
-744
-853
-1000
-1090
-1200
-1334
-1400
-1473
-1526
-1557
-1584
-1598
-1606
-1610
-1593
-1550
-1517
-1475
-1387
-1278
-1176
-1070
-939
-784
-663
-542
-462
-429
-359
-272
-216
-171
-172
-124
-114
-103
-101
-134
-174
-228
-286
-293
-364
-446
-522
-609
-691
-797
-900
-977
-1066
-1133
-1165
-1278
-1322
-1363
-1388
-1404
-1450
-1433
-1371
-1364
-1331
-1254
-1158
-1080
-982
-896
-828
-744
-628
-544
-430
-328
-255
-173
-140
-94
-64
-30
10
9
24
72
94
92
99
117
105
102
70
44
46
43
4
-15
2
-4
-6
9
70
62
135
183
278
377
487
605
724
840
930
1078
1187
1301
1398
1500
1557
1640
1731
1808
1876
1935
1996
2037
2054
2049
2039
2000
1962
1924
1824
1721
1598
1480
1352
1200
1042
872
713
508
308
137
-29
-185
-333
-468
-598
-717
-809
-908
-1012
-1094
-1202
-1276
-1345
-1409
-1448
-1454
-1439
-1430
-1415
-1390
-1336
-1317
-1242
-1183
-1126
-1030
-964
-846
-754
-681
-593
-496
-440
-402
-325
-251
-188
-126
-110
-93
-69
-77
-117
-158
-182
-236
-265
-310
-349
-442
-488
-520
-593
-633
-720
-800
-866
-940
-985
-996
-1019
-1027
-1063
-1093
-1073
-1055
-1010
-976
-947
-905
-843
-783
-736
-658
-603
-567
-501
-420
-333
-302
-245
-205
-151
-106
-89
-44
-60
-44
-44
-48
-54
-80
-39
-78
-128
-116
-100
-94
-101
-121
-99
-67
-79
-73
-35
-32
3
27
24
94
209
285
360
435
523
622
713
853
930
976
1042
1151
1211
1290
1363
1440
1496
1560
1604
1630
1677
1665
1669
1654
1642
1612
1584
1527
1453
1399
1305
1219
1139
1024
887
762
647
540
434
329
216
146
23
-87
-195
-300
-403
-492
-595
-707
-783
-848
-896
-972
-958
-986
-990
-1030
-1060
-1030
-1006
-958
-923
-881
-844
-791
-739
-673
-626
-547
-512
-453
-367
-329
-229
-195
-147
-101
-50
-33
-8
25
33
18
-10
-32
-40
-69
-159
-168
-197
-273
-341
-409
-465
-491
-541
-605
-658
-665
-717
-800
-828
-853
-875
-892
-901
-899
-901
-903
-856
-772
-712
-662
-603
-571
-526
-430
-357
-303
-263
-234
-204
-180
-142
-151
-109
-82
-81
-80
-93
-90
-49
-19
-9
7
20
-5
-56
-88
-99
-105
-120
-142
-140
-163
-163
-148
-127
-83
-67
-28
25
92
173
254
294
383
491
564
679
771
817
857
882
963
1030
1108
1185
1258
1326
1394
1435
1471
1536
1588
1597
1592
1553
1527
1520
1466
1429
1392
1327
1274
1212
1135
1043
954
830
715
652
532
431
340
243
169
75
-1
-117
-225
-303
-422
-512
-581
-640
-703
-739
-764
-771
-757
-800
-742
-721
-718
-664
-657
-636
-587
-555
-515
-458
-421
-366
-313
-299
-262
-193
-127
-106
-87
-33
-24
-23
-13
-11
-7
-22
-52
-86
-110
-127
-143
-176
-212
-285
-366
-440
-424
-449
-501
-540
-595
-607
-656
-640
-687
-661
-621
-620
-616
-646
-625
-603
-577
-540
-529
-491
-473
-448
-344
-255
-177
-125
-107
-57
-40
-11
8
15
12
20
-16
-68
-60
-61
-68
-107
-122
-139
-152
-163
-163
-125
-120
-117
-108
-71
-108
-151
-138
-128
-125
-97
-68
-50
-43
-19
2
42
116
200
311
382
449
530
622
694
783
865
933
990
1052
1111
1154
1164
1187
1160
1160
1191
1197
1269
1263
1249
1243
1216
1232
1209
1196
1156
1083
1038
954
934
880
796
736
677
628
560
471
389
346
276
227
155
101
46
-26
-71
-153
-207
-237
-287
-346
-390
-443
-442
-457
-489
-516
-535
-517
-484
-471
-461
-430
-448
-442
-446
-443
-421
-418
-415
-392
-366
-398
-384
-389
-356
-341
-344
-312
-319
-294
-310
-337
-323
-322
-331
-322
-351
-378
-406
-416
-444
-461
-479
-510
-538
-571
-561
-563
-555
-564
-570
-551
-565
-523
-462
-429
-389
-349
-339
-326
-309
-300
-250
-260
-280
-245
-229
-211
-180
-151
-132
-100
-85
-84
-86
-50
-37
-13
32
3
-3
-46
-18
16
19
20
27
29
28
44
62
46
60
81
82
85
60
61
100
99
109
148
146
164
148
198
240
315
375
382
397
407
420
469
521
525
538
551
595
613
645
692
716
758
751
771
805
821
842
814
769
774
739
712
727
741
722
699
681
684
663
647
573
521
493
434
401
369
334
265
234
173
144
128
92
1
-91
-109
-150
-186
-231
-280
-303
-316
-349
-373
-397
-397
-419
-471
-472
-498
-503
-521
-536
-547
-571
-568
-546
-534
-512
-498
-509
-503
-495
-486
-446
-447
-427
-408
-387
-420
-437
-418
-429
-386
-406
-400
-404
-369
-354
-331
-328
-322
-294
-313
-302
-300
-292
-264
-257
-275
-265
-230
-244
-253
-238
-222
-195
-160
-140
-132
-155
-134
-98
-62
-27
-33
-18
-33
-41
-44
-45
-76
-64
-76
-72
-61
-68
-21
-20
-4
-12
-1
22
20
40
68
93
76
30
9
7
-16
-6
4
24
64
93
87
90
85
105
109
119
137
144
194
213
223
243
254
243
247
270
288
296
312
316
328
345
390
444
457
485
514
529
545
519
515
522
509
503
497
464
466
450
446
436
371
361
341
346
389
372
394
363
345
348
282
227
202
156
108
88
22
-15
-14
-18
-65
-101
-130
-167
-144
-168
-176
-204
-228
-232
-249
-266
-268
-296
-314
-334
-364
-355
-394
-417
-451
-467
-436
-414
-387
-350
-330
-330
-301
-277
-251
-228
-203
-218
-234
-245
-271
-266
-238
-241
-205
-185
-196
-186
-171
-140
-132
-77
-62
-48
-59
-44
-58
-45
-57
-65
-90
-114
-131
-165
-126
-133
-82
-99
-101
-64
-26
2
5
6
-12
8
18
34
-10
23
45
30
38
37
47
37
42
84
81
74
99
82
109
159
157
172
196
163
115
94
103
81
90
134
151
166
207
216
239
258
262
217
218
236
225
216
193
196
175
183
179
193
206
224
277
291
299
296
317
368
396
368
335
311
310
298
281
281
271
268
288
281
326
317
343
362
346
360
349
366
358
346
327
313
328
308
299
304
313
291
291
324
266
249
221
204
242
248
248
224
241
246
233
210
192
159
117
63
36
54
54
72
42
19
20
48
45
19
30
33
21
-14
-49
-112
-136
-132
-140
-109
-144
-134
-123
-135
-143
-145
-116
-122
-124
-98
-60
-81
-61
-32
-33
-72
-60
-61
-68
-67
-51
-16
-16
9
15
20
61
59
63
107
114
126
152
140
140
139
106
72
84
74
68
48
59
70
89
87
104
74
57
90
79
95
74
73
43
62
40
1
-9
-13
-17
-23
-31
-31
29
50
47
79
44
39
65
66
68
65
81
87
117
150
125
118
76
69
76
68
78
80
84
96
85
111
121
123
131
103
122
152
114
125
147
111
123
94
95
102
119
119
122
118
109
135
153
195
176
194
185
198
221
205
233
253
236
196
185
186
218
184
177
145
128
126
110
116
103
110
112
120
99
106
81
51
53
41
27
-10
-12
-50
-61
-61
-78
-86
-92
-74
-70
-68
-56
-80
-69
-86
-92
-116
-108
-80
-116
-108
-119
-104
-107
-92
-51
-25
-8
-15
-22
-52
-66
-58
-78
-55
-68
-74
-67
-22
-6
-11
8
-25
-42
-44
-35
-19
5
22
13
28
14
12
35
23
55
48
38
17
-3
-20
-17
-30
-45
-45
-44
-1
-9
-14
-19
-23
-26
-27
-23
-40
-45
-42
-25
-12
-35
-36
-52
-64
-101
-89
-60
-54
-43
-37
-42
2
-4
-9
-34
-78
-56
-76
-82
-84
-94
-103
-95
-71
-75
-67
-37
-16
-29
-52
-68
-59
-78
-98
-65
-72
-69
-17
-7
-13
7
12
30
39
19
-8
4
-12
-23
-21
3
5
28
33
44
56
12
1
-5
31
25
7
-32
-39
-3
5
40
21
32
11
7
48
-19
24
52
3
14
6
20
8
-18
-22
-4
-45
-59
-31
-47
-30
-22
-4
-12
-37
-14
-32
-38
-30
-41
-6
-3
-11
10
-18
-1
-10
-36
-40
-40
-51
-51
-41
20
2
-6
33
14
32
26
15
6
26
37
34
24
12
13
1
4
-5
-18
2
14
-2
-7
10
21
14
20
19
-13
-28
-30
-18
-33
-28
-20
-23
-4
-26
-46
-68
-85
-85
-74
-42
-44
-28
-41
-74
-88
-90
-96
-64
-108
-106
-68
-76
-81
-88
-71
-78
-40
-61
-62
-83
-63
-27
-59
-74
-55
-60
-75
-78
-115
-104
-136
-103
-103
-94
-107
-95
-76
-121
-104
-98
-106
-104
-108
-124
-107
-142
-133
-103
-84
-93
-96
-85
-99
-120
-94
-99
-90
-64
-62
-66
-71
-43
-43
-73
-97
-83
-70
-101
-99
-81
-73
-77
-78
-53
-45
-73
-79
-69
-98
-102
-75
-84
-68
-77
-94
-45
-40
-51
-27
-18
-22
-9
-34
-9
-30
-42
-33
-33
6
12
10
-1
-14
-5
-10
-9
-7
-29
-30
-68
-74
-37
-20
-13
19
-18
9
-37
-34
-15
-71
-83
-74
-72
-53
-11
-22
-38
-42
-15
-13
-29
-28
-18
-20
-47
-66
-109
-78
-63
-38
-62
-93
-94
-99
-85
-98
-89
-76
-111
-116
-84
-82
-13
-34
-25
-23
-70
-80
-68
-71
-105
-102
-117
-129
-124
-121
-132
-130
-117
-115
-129
-141
-110
-99
-111
-103
-122
-134
-134
-122
-152
-164
-172
-204
-167
-184
-182
-170
-142
-118
-137
-118
-116
-140
-177
-160
-163
-155
-166
-136
-139
-139
-125
-130
-133
-116
-98
-124
-111
-162
-155
-144
-113
-126
-132
-120
-138
-127
-113
-104
-96
-64
-69
-66
-53
-34
-20
-62
-78
-44
-5
4
0
-10
-27
-18
-19
-42
-36
-56
-84
-72
-71
-41
-56
-64
-68
-53
-53
-64
-51
-38
3
-6
-19
-38
16
11
-21
-15
-31
-18
-23
-22
-19
-7
-36
-34
-44
-5
13
6
-8
-21
-23
-54
-38
-38
-35
-26
-30
-17
-1
-51
-52
-73
-97
-65
-50
-91
-97
-59
-65
-35
-42
-31
-27
-37
-62
-73
-84
-107
-87
-96
-115
-99
-121
-105
-91
-91
-61
-95
-78
-114
-152
-138
-167
-161
-143
-184
-153
-157
-160
-154
-190
-171
-208
-202
-197
-188
-198
-185
-156
-154
-147
-181
-181
-173
-141
-134
-142
-134
-156
-134
-152
-149
-140
-134
-131
-111
-118
-132
-122
-93
-54
-59
-56
-49
-53
-67
-76
-119
-106
-109
-121
-117
-113
-117
-125
-100
-105
-92
-109
-114
-116
-93
-90
-74
-88
-68
-45
-66
-50
-80
-67
-62
-81
-49
-67
-57
-59
-87
-91
-109
-84
-61
-24
-26
11
2
-17
-23
-45
-25
-8
-9
-16
-14
0
17
41
9
-2
-18
-15
-26
-50
-9
-48
-39
-50
-26
-30
-53
3
-21
-24
-12
-26
-22
-10
-22
-35
-47
-94
-102
-87
-80
-86
-107
-93
-86
-134
-108
-119
-140
-128
-111
-76
-37
-36
-88
-128
-129
-128
-124
-131
-113
-98
-106
-63
-76
-54
-34
-29
-23
-26
-74
-66
-76
-67
-62
-84
-105
-98
-99
-109
-67
-73
-75
-52
-23
-17
-36
-21
-66
-53
-51
-58
-70
-104
-112
-84
-100
-103
-85
-85
-81
-64
-42
-52
-71
-97
-93
-89
-73
-97
-86
-46
-42
-71
-102
-96
-104
-102
-94
-114
-117
-113
-95
-83
-79
-77
-64
-47
-35
-22
-27
-58
-70
-80
-70
-64
-63
-73
-68
-34
-29
-34
-20
-27
-31
-20
-40
-37
-50
-67
-65
-71
-115
-121
-89
-67
-52
-57
-47
-55
-55
-66
-64
-84
-87
-74
-80
-79
-56
-49
-50
-33
-76
-105
-126
-128
-123
-122
-124
-129
-108
-115
-172
-148
-166
-152
-157
-153
-154
-166
-110
-132
-143
-124
-161
-163
-176
-196
-182
-178
-199
-226
-232
-223
-209
-219
-175
-172
-188
-201
-176
-161
-178
-175
-162
-149
-146
-140
-158
-134
-127
-128
-135
-148
-143
-148
-158
-163
-125
-152
-140
-163
-147
-137
-145
-163
-176
-160
-176
-172
-138
-123
-132
-93
-105
-112
-122
-144
-129
-124
-136
-144
-165
-175
-158
-148
-151
-155
-149
-149
-122
-106
-126
-106
-105
-109
-113
-126
-106
-123
-123
-107
-104
-95
-84
-92
-111
-113
-115
-125
-116
-102
-84
-68
-92
-109
-105
-107
-84
-82
-72
-64
-96
-95
-111
-78
-81
-107
-111
-106
-100
-79
-83
-68
-101
-112
-117
-127
-102
-99
-85
-59
-54
-93
-51
-70
-93
-98
-102
-80
-79
-57
-50
-54
-78
-85
-77
-69
-50
-63
-87
-72
-81
-76
-62
-42
-36
-43
-29
-48
-44
-45
-51
-68
-67
-78
-87
-90
-65
-67
-73
-45
-54
-59
-69
-65
-107
-88
-98
-86
-107
-68
-71
-99
-97
-117
-110
-112
-91
-59
-56
-53
-45
-50
-38
-39
-25
-43
-44
-22
-39
-70
-59
-41
-42
-37
-30
-6
-28
-16
6
7
7
-7
-5
16
25
35
56
18
11
10
21
16
9
2
-33
-56
-45
-85
-55
-17
-4
8
9
-18
-31
1
15
5
-31
-11
-21
-14
-10
-23
-34
-12
-33
-42
-28
-30
-25
-32
-48
-34
-6
-41
-35
-56
-36
-43
-24
-11
7
6
8
14
3
-1
-25
-40
-30
-31
-53
-32
-68
-86
-95
-81
-87
-82
-74
-39
-33
-45
-35
-89
-89
-71
-87
-92
-72
-48
-10
-32
0
15
7
-16
1
0
-47
-51
-27
-37
-30
13
49
46
72
17
-20
-6
-19
-2
-20
-24
-6
20
1
3
-2
-30
-66
-59
-50
-45
-17
-31
-40
-57
-51
-30
-37
-44
-49
-63
-62
-65
-45
-42
-42
-28
-47
-37
-22
-34
9
13
-2
24
-7
28
-5
17
10
-30
-16
9
2
-7
5
-5
-19
-47
-51
-28
-14
32
60
26
2
-12
-69
-65
-62
-101
-58
-91
-64
-44
-33
-34
-39
-49
-42
-35
-54
-30
-57
-56
-53
-50
-68
-64
-43
-43
-33
-66
-59
-42
-27
-15
-14
-43
-45
-37
-41
-30
-51
-48
-1
-17
5
12
13
7
-26
21
-10
12
-6
-25
-9
-28
-44
-71
-74
-45
-28
-35
-44
-10
-4
-4
7
-15
-12
-29
-60
-45
-22
-11
-1
18
9
-16
-26
-21
-30
-40
-40
-28
-39
-11
-17
-7
-6
-20
-45
-46
-42
-28
-24
-35
-39
-52
-43
-64
-35
7
-23
-21
-25
-14
-17
-28
-29
-3
17
18
16
-25
-39
-22
-4
29
9
22
-14
-9
40
16
20
-10
6
8
7
-6
-14
-44
-46
-36
7
-7
-50
-3
-5
-15
-39
-44
-41
-40
-41
-17
-54
-76
-64
-60
-66
-51
-2
-2
-34
-33
-39
-44
-23
-36
-40
-35
-44
-55
-39
-60
-67
-61
-54
-23
2
-16
-44
-38
-29
-41
-28
-14
-33
-9
-32
-17
-16
23
12
-14
-7
-37
-23
-48
-50
-47
-57
-38
-39
-48
-52
-41
-47
-20
-24
-38
-14
-3
7
-21
-49
-43
-27
-4
16
-10
-2
6
7
4
-6
-9
-10
-31
-46
-67
-86
-93
-75
-73
-88
-70
-37
-10
-16
-7
7
-30
-38
-29
-17
-24
-31
-49
-73
-37
-37
-19
-15
-60
-53
-50
-54
-32
-31
-29
-19
-33
-40
-33
0
21
27
1
-21
-4
3
-30
-23
-13
-76
-36
-24
-48
-17
-11
-17
-23
-19
-41
-56
-53
-58
9
-18
-25
-58
-70
-39
-51
-24
-46
-35
-40
-59
-63
-43
-60
-56
-66
-43
-30
-40
-40
-57
-57
-51
-40
-45
-23
-7
-22
-55
-53
-73
-62
-59
-66
-27
-16
-25
-39
-51
-37
-53
-45
-26
-47
-65
-47
-65
-110
-80
-75
-83
-85
-72
-61
-48
-24
-34
-23
-23
-34
-59
-87
-51
-14
-33
-27
-58
-93
-70
-78
-63
-74
-65
-71
-63
-59
-73
-96
-97
-84
-94
-56
-43
-37
-61
-99
-148
-120
-97
-77
-66
-99
-113
-132
-107
-71
-54
-48
-44
-38
-76
-67
-49
-22
1
8
17
22
13
7
-5
-6
4
1
-36
-32
-16
-24
-55
-59
-55
-77
-54
-33
-43
-67
-90
-67
-57
-31
-14
-1
-12
-14
-5
-22
-14
-36
-55
-89
-104
-97
-99
-97
-92
-61
-52
-29
44
40
8
1
-28
-10
-35
-33
-38
-19
1
-36
-11
5
-28
-3
-33
-61
-46
-64
-87
-111
-85
-57
-26
-44
-37
-55
-65
-93
-117
-89
-59
-51
-56
-51
-41
-77
-78
-88
-78
-78
-81
-56
-95
-73
-70
-73
-69
-48
-41
-17
-31
-39
-47
-39
-6
-36
-31
-42
-40
-54
-35
-28
-21
-32
-38
-65
-54
-64
-101
-98
-96
-49
-16
-13
-36
-8
13
15
12
11
0
-31
-3
-27
-28
29
-24
-25
7
3
15
29
-5
10
14
-31
12
-11
6
46
56
50
52
49
42
46
2
3
14
2
-26
-11
37
15
16
54
62
76
46
-5
-37
-46
7
12
9
2
-6
24
-4
-5
9
23
31
52
37
8
4
2
6
11
19
27
19
15
-16
-1
-2
-20
11
5
25
51
51
37
6
-1
17
24
31
44
38
3
4
12
-1
-12
-18
5
10
15
-9
4
-17
-8
-18
-20
-1
-8
28
47
27
40
45
3
40
50
42
20
25
72
59
49
46
39
42
45
41
7
0
-3
-37
-12
-20
-12
46
19
66
79
86
82
51
42
45
20
13
10
-4
-13
0
9
-21
26
-9
16
25
27
60
73
66
47
53
43
41
64
58
46
26
54
62
25
15
9
8
8
25
18
7
-11
13
-5
-11
19
15
-19
-19
-15
-9
36
35
17
3
15
-16
10
7
19
33
13
4
26
42
36
-15
-41
-43
-47
-12
-4
18
40
78
51
49
54
34
26
5
9
10
-20
4
-13
-8
5
17
-8
-32
-28
-10
-12
-23
6
-17
-11
-8
1
0
-51
-23
-54
-6
35
17
11
6
18
32
43
57
68
38
61
45
68
33
29
-8
24
34
48
44
27
35
21
2
18
-8
-10
31
27
23
9
10
-10
25
14
-11
-34
-48
-41
-44
-68
-72
-81
-74
-75
-82
-50
-40
-17
-19
3
-2
-27
-22
-10
-7
-4
-3
-2
-6
13
31
26
19
26
23
45
38
17
31
2
-3
-25
-27
-27
-33
-47
-50
-35
-21
-18
-35
-44
-74
-42
-30
-12
-24
-30
-13
-40
-36
-50
-19
-16
-30
-5
-47
-46
-44
-38
-9
-30
-14
-4
0
2
-11
7
46
47
45
59
57
58
54
41
-9
-17
-14
-3
35
42
47
47
52
28
-13
-4
-21
-44
-45
-58
-62
-52
6
27
2
8
-17
13
30
21
-31
-36
-31
-24
-30
-29
-11
19
24
12
43
26
62
64
83
88
60
40
58
38
49
44
58
42
17
42
35
14
7
16
-2
22
25
71
68
31
30
7
11
8
38
22
32
49
52
86
73
69
61
40
39
13
3
-13
0
19
45
55
20
43
25
46
54
44
36
40
24
21
64
41
67
56
48
52
10
-6
9
-19
26
13
-12
16
11
13
26
54
79
60
55
80
102
101
62
72
77
112
117
107
124
111
92
98
80
39
44
2
15
17
-15
-27
13
33
39
83
83
86
36
41
27
37
25
8
24
0
-5
-7
-23
-13
-15
-10
28
22
40
56
80
94
88
66
80
66
79
66
50
49
-7
42
54
65
64
107
96
47
64
43
19
9
8
62
68
54
67
41
31
27
33
51
58
39
28
20
26
10
31
35
29
42
53
48
62
36
28
43
19
17
20
37
31
14
49
57
51
56
61
69
72
65
41
22
31
37
34
23
0
17
51
64
28
8
19
37
45
55
72
70
58
67
72
56
66
34
19
30
53
43
44
43
67
77
58
44
49
44
40
16
-3
13
38
61
66
105
88
78
86
59
65
51
41
41
34
29
48
71
62
43
46
39
36
42
48
42
51
47
50
44
47
40
11
58
90
104
103
82
86
95
93
55
83
78
66
54
74
78
57
63
80
52
49
85
78
75
66
59
27
30
10
10
27
17
10
-13
24
39
36
68
81
31
37
1
0
5
-16
-11
0
14
23
30
20
0
20
33
13
0
7
9
34
39
20
12
15
53
27
33
58
34
4
-7
-33
-8
19
41
43
64
61
59
59
13
12
6
-5
0
-14
3
12
38
56
48
7
-3
18
28
26
21
25
5
49
39
21
-3
5
5
28
21
4
9
16
33
12
8
-13
-26
-5
-2
10
1
-3
4
-18
-11
-10
21
-2
-35
4
29
46
56
32
39
37
-4
-15
-15
-42
-40
-27
-6
4
25
79
67
28
37
18
-16
-11
-7
-22
-34
-20
0
9
36
32
6
-20
-27
7
-9
-1
-9
-11
24
3
-2
-16
-16
-19
-33
-38
-16
-28
-24
-31
-29
-36
-61
-63
-67
-42
-6
6
12
10
5
17
18
1
9
0
5
30
48
60
26
57
1
10
37
57
76
53
73
39
27
43
-13
-19
-17
27
13
25
41
30
58
33
55
53
47
18
5
25
10
1
-9
-14
46
44
24
65
74
115
56
42
31
35
75
67
85
116
125
96
103
112
119
77
78
79
60
62
94
110
116
132
133
109
91
104
90
101
69
68
50
70
87
111
108
84
73
48
89
102
92
102
54
46
80
67
75
78
70
42
69
64
97
95
94
72
77
86
74
95
84
86
98
88
50
27
37
47
47
63
61
74
77
64
60
74
97
112
115
107
122
95
89
87
106
104
74
75
93
94
82
86
45
43
39
48
74
85
104
81
87
123
136
122
131
119
120
118
119
120
89
82
78
59
63
84
96
130
124
100
123
117
107
100
88
75
45
46
67
88
105
89
73
63
120
129
131
135
102
100
96
88
105
73
24
55
63
74
99
125
144
150
152
132
140
162
153
160
137
146
108
122
122
108
137
112
135
130
116
102
111
107
118
104
104
90
104
121
126
170
174
177
143
143
145
116
103
111
93
94
140
170
180
167
177
192
167
145
155
146
139
139
97
129
142
109
120
105
131
91
77
73
61
100
82
78
71
79
88
84
69
84
87
65
62
84
91
123
113
89
135
154
188
198
179
168
179
150
148
137
133
136
127
113
118
114
101
106
109
147
131
152
152
136
121
106
114
132
133
141
138
114
106
105
107
124
117
113
138
109
120
122
145
139
98
121
114
141
143
118
135
97
115
103
74
102
109
124
106
126
125
122
159
135
148
137
115
102
108
106
108
104
83
91
85
102
83
129
131
145
130
106
155
176
173
126
126
116
105
112
86
89
98
103
103
80
92
121
137
137
134
127
106
96
77
71
87
74
64
83
107
134
125
103
102
95
119
107
127
147
146
163
122
119
86
108
116
110
113
102
101
118
169
140
158
132
116
108
103
133
99
90
85
66
74
85
77
96
87
62
86
95
58
70
75
84
85
62
34
64
82
96
106
95
123
99
96
105
68
60
80
73
86
78
71
95
73
73
71
96
95
58
75
66
63
55
52
51
25
58
57
28
70
60
57
71
49
30
43
55
74
87
97
88
71
81
92
74
45
56
54
16
40
57
55
45
24
4
7
64
50
48
40
49
37
69
48
54
43
32
16
24
48
48
95
106
121
115
97
114
89
74
71
64
29
19
-3
-19
-2
1
-2
17
22
17
17
21
15
21
53
55
53
62
74
62
34
41
75
65
66
69
76
75
84
103
49
74
59
63
51
31
72
61
47
40
99
62
50
62
49
39
33
25
22
27
8
22
17
26
46
17
39
25
45
90
61
33
20
-14
-29
-7
-33
7
9
-5
26
18
60
42
18
-11
-39
-37
-49
-39
-52
-23
-2
-25
-10
26
29
29
-7
-7
-27
-35
-12
14
41
25
41
33
22
57
18
24
10
-4
10
11
-7
-24
-6
-1
3
-5
10
-12
-31
-26
-23
-13
2
16
11
11
19
9
-16
7
-17
10
13
31
31
6
32
11
24
34
53
6
2
-8
11
-1
-16
12
-11
-10
12
29
16
43
34
24
4
-38
-26
-52
-29
-17
-7
33
2
22
25
47
51
53
10
-20
1
3
42
76
74
76
93
74
66
49
47
18
4
1
-2
-1
7
14
47
40
29
37
29
23
3
0
3
-14
-9
9
10
-6
-19
-35
-23
-38
-18
-23
-7
6
2
15
7
-1
-31
-36
-31
12
6
-3
-20
-3
15
17
41
38
31
32
32
40
62
78
47
43
35
4
1
-28
-13
-28
-19
-22
-34
-32
-18
-30
-24
-36
-21
-5
-2
10
16
51
21
16
-9
-16
0
2
-6
4
5
-5
-24
-39
-13
-21
19
34
41
58
46
66
54
19
-7
-7
16
36
47
36
45
38
33
52
33
45
36
31
32
42
48
23
61
61
21
30
30
58
76
68
101
117
98
85
62
66
46
43
28
17
28
40
42
36
23
44
50
61
72
52
78
50
74
85
71
64
71
75
57
59
54
73
70
77
103
61
70
50
52
55
33
67
66
76
83
76
74
56
56
44
43
26
63
79
81
88
92
114
119
148
123
130
109
79
84
55
46
71
50
66
44
24
45
50
83
71
87
102
78
68
53
51
36
9
16
21
26
59
20
47
62
43
17
49
64
41
70
64
83
88
90
105
111
110
69
67
80
78
81
92
90
87
80
82
100
58
68
52
57
49
43
23
25
6
-1
18
8
27
26
44
26
44
56
72
80
73
50
48
41
58
52
34
75
69
54
75
69
80
98
34
68
47
59
54
49
36
43
46
21
50
29
19
23
23
20
18
28
47
51
56
63
40
29
50
43
31
48
67
61
47
65
92
64
66
91
82
51
80
95
77
61
75
74
61
66
69
49
57
44
22
-1
14
-7
-33
-25
-16
4
31
28
21
25
21
15
-35
-36
-23
20
23
-2
11
-16
-11
-12
-12
0
30
34
22
22
67
40
24
13
11
15
2
23
9
21
75
65
33
26
-7
-26
-18
-3
-11
-18
-1
-8
24
52
63
71
49
50
62
60
16
5
-6
-15
-7
-29
-39
-36
-63
-52
-29
-26
-59
-58
-26
-29
-31
-25
3
-8
-3
-7
-9
-21
-4
-13
6
41
36
46
27
20
32
17
18
19
-3
-36
-21
-10
-20
-23
-32
-23
-8
-7
-18
-8
16
-11
-14
-20
-1
36
16
13
-35
-31
-11
-6
1
-40
-46
-53
-29
-3
11
7
13
14
-4
-1
30
51
63
70
26
7
-28
-65
-91
-96
-78
-51
-59
-22
7
-35
-15
-53
-37
0
3
9
1
-6
-47
-66
-93
-97
-96
-66
-82
-68
-54
-43
-36
-56
-46
-44
-59
-35
-32
-37
-65
-65
-36
-45
-56
-56
-65
-68
-69
-64
-90
-110
-76
-68
-43
-73
-55
-59
-77
-69
-54
-45
-72
-69
-109
-121
-138
-143
-112
-109
-111
-104
-84
-84
-101
-58
-15
-25
-33
-45
-74
-66
-93
-94
-62
-89
-112
-126
-110
-99
-77
-93
-107
-138
-139
-100
-105
-103
-91
-80
-74
-62
-96
-79
-76
-77
-90
-96
-67
-52
-29
-66
-56
-79
-106
-106
-87
-83
-77
-88
-103
-89
-82
-86
-99
-109
-92
-92
-79
-66
-75
-37
-66
-77
-84
-83
-77
-79
-107
-107
-101
-123
-110
-113
-102
-111
-86
-82
-73
-72
-62
-42
-39
-34
-75
-66
-39
-46
-72
-94
-73
-66
-61
-58
-80
-85
-76
-71
-72
-31
-12
-35
-44
-54
-33
-49
-87
-92
-73
-86
-40
-5
-6
9
-11
-29
-45
-53
-50
-29
-26
-12
-22
-38
-54
-74
-69
-89
-57
-54
-63
-88
-68
-52
-23
-17
-27
-22
-38
0
-17
-29
-61
-25
-38
-56
-57
-56
-57
-71
-76
-77
-43
-39
-46
-8
5
-16
-15
-28
15
-20
5
31
13
0
11
-15
-25
-2
-58
-27
-15
-53
-64
-61
-7
11
30
4
0
-24
-53
-43
-48
-35
6
7
-9
6
35
10
-10
-2
-29
-42
-49
-27
-10
-13
25
45
42
71
34
50
24
31
-20
-10
11
-40
-38
-43
-15
-7
-3
30
10
-30
-39
-36
-30
-30
-24
-24
-43
-42
-21
-8
-6
5
7
5
13
-5
17
18
-8
1
14
12
28
32
-5
-14
-20
-27
-1
19
12
22
11
-12
-39
-46
-53
-56
-42
-19
-22
-23
-10
5
-6
0
-2
-11
-1
-47
-35
-18
-39
-52
-34
1
-12
17
12
-10
8
15
48
23
27
-15
-4
27
37
23
3
27
27
44
20
42
38
36
21
15
10
-3
-4
5
-31
-61
-65
-61
-49
-58
-60
-61
-86
-77
-59
-59
-49
-34
-57
-45
-52
-22
-9
-1
15
-15
-33
-36
-17
-17
0
-1
7
-17
-22
-8
-38
4
-23
20
35
30
31
34
41
10
11
-19
22
13
-28
-43
3
9
-13
-22
-17
29
4
9
-9
-14
-13
-19
-16
-22
-25
23
41
36
37
23
2
-43
-22
-29
-30
6
10
26
7
20
13
6
-4
-10
10
2
1
-5
2
22
34
58
57
35
38
34
46
67
59
56
34
17
60
22
-7
-7
-33
-26
-9
24
53
76
50
11
16
35
53
58
51
49
53
74
82
86
95
69
80
105
99
89
95
42
39
30
24
21
-11
6
-15
-2
23
60
64
88
96
72
66
24
45
64
87
39
49
57
42
75
62
87
92
99
95
100
74
77
74
88
100
122
120
135
123
114
120
103
108
96
122
68
62
41
24
33
28
15
24
43
36
10
37
64
103
109
73
70
41
90
78
75
92
71
66
57
112
107
113
114
95
82
62
59
96
93
75
75
75
99
75
97
106
96
131
123
108
100
117
89
70
84
58
67
58
57
74
107
96
80
95
110
113
92
118
78
80
66
54
70
40
47
37
49
70
113
112
105
100
95
120
65
85
87
64
45
75
79
55
81
64
110
85
90
108
101
91
79
91
82
73
53
79
71
91
83
42
64
70
34
68
51
64
25
24
54
61
74
86
79
94
93
95
120
84
65
51
84
85
49
92
108
116
74
66
78
35
56
57
59
89
79
85
88
42
11
3
23
26
47
43
29
30
32
42
15
20
19
39
18
3
35
40
54
78
81
89
67
49
31
46
62
71
60
37
78
43
58
61
59
78
66
46
44
50
50
67
66
53
55
69
43
46
67
32
-4
26
3
7
18
12
32
34
-5
12
23
1
12
-6
-1
9
15
20
29
41
44
12
29
20
22
17
31
56
27
-8
16
22
-2
-3
8
13
20
-14
-9
-3
-24
1
-9
8
-21
-6
2
21
34
27
14
-24
-11
-37
-11
-26
-35
1
-5
-30
-16
-18
0
-18
-48
-41
-73
-68
-3
-21
-51
-35
-27
9
0
26
38
57
22
-14
17
14
5
-21
-42
-56
-77
-45
-46
-38
-28
-58
-52
-37
-39
-22
2
-34
-61
-47
-17
-11
-24
-45
-61
-42
-25
-10
1
2
4
-10
-41
-34
-23
-45
-23
-23
-27
-30
-26
-16
-22
-53
7
-5
-17
-40
-61
-21
-18
19
9
-1
-4
1
-26
-48
-32
-33
-26
-26
-48
-27
-91
-77
-72
-53
-58
-56
-46
-48
-29
-49
-41
-64
-49
-46
-53
-82
-79
-49
-47
-65
-71
-20
-6
-20
0
1
-12
-36
-30
-34
-31
-31
-3
5
13
10
-16
11
-9
-11
4
-5
3
-29
-48
-60
-76
-74
-66
-41
-28
-49
-42
-10
-31
-2
10
-12
-32
-39
-36
-41
-17
-2
-24
-47
-10
1
-28
-42
-67
-73
-68
-79
-86
-91
-86
-67
-61
-64
-92
-79
-90
-100
-62
-85
-58
-98
-96
-49
-49
-51
-48
-27
-19
-22
-36
-54
-44
-43
-57
-49
-48
-80
-84
-57
-70
-72
-64
-29
-60
-8
1
-12
-12
-55
-27
-62
-62
-44
-59
-70
-97
-105
-79
-93
-114
-87
-74
-72
-60
-72
-89
-111
-121
-130
-134
-141
-174
-135
-147
-123
-112
-102
-104
-117
-80
-72
-86
-111
-84
-84
-82
-88
-58
-57
-72
-83
-75
-27
-32
-50
-91
-74
-83
-106
-83
-90
-93
-106
-76
-47
-38
-52
-34
-54
-84
-76
-125
-129
-144
-157
-169
-173
-146
-131
-119
-112
-84
-82
-72
-68
-78
-96
-84
-93
-108
-81
-87
-98
-72
-73
-98
-60
-74
-45
-62
-91
-91
-120
-133
-93
-89
-81
-70
-97
-97
-63
-60
-68
-74
-68
-47
-68
-28
-22
-43
-67
-77
-89
-87
-130
-132
-107
-126
-105
-92
-88
-89
-97
-100
-114
-101
-80
-94
-104
-105
-118
-95
-69
-24
-53
-90
-64
-99
-75
-54
-60
-62
-82
-57
-60
-66
-72
-61
-66
-86
-77
-73
-67
-99
-121
-135
-117
-95
-80
-85
-119
-91
-122
-97
-86
-94
-93
-110
-100
-83
-50
-74
-85
-73
-82
-85
-87
-79
-79
-95
-97
-92
-109
-105
-102
-128
-123
-113
-124
-150
-136
-123
-104
-131
-124
-135
-143
-125
-130
-104
-108
-113
-112
-131
-153
-147
-131
-110
-116
-100
-124
-117
-112
-139
-107
-113
-115
-114
-148
-162
-174
-184
-155
-153
-144
-145
-141
-125
-133
-129
-166
-150
-142
-128
-101
-135
-126
-110
-85
-124
-157
-152
-119
-122
-156
-153
-152
-147
-153
-123
-111
-123
-135
-152
-160
-168
-172
-147
-145
-152
-142
-133
-125
-153
-157
-147
-158
-159
-157
-150
-129
-144
-136
-123
-103
-111
-122
-145
-164
-141
-143
-156
-147
-128
-135
-161
-122
-99
-139
-97
-116
-130
-120
-135
-125
-137
-163
-152
-127
-116
-106
-81
-72
-81
-80
-117
