3
0
0
1
-2
2
1
5
-2
-6
-6
-2
-1
-7
-14
-14
-9
-7
-10
-13
-10
1
-3
-10
-13
-16
-6
-14
-13
-10
1
6
4
-2
-3
9
4
6
-1
5
11
8
2
-6
8
13
1
7
9
19
23
7
20
19
27
24
12
9
13
18
8
7
3
13
23
15
10
9
11
13
11
10
15
16
12
0
5
13
13
10
3
12
19
19
17
15
11
22
18
12
9
7
14
9
7
-6
1
9
3
-6
-10
-2
8
-1
-5
-2
11
7
2
15
16
21
11
2
3
12
6
-13
-23
-8
4
-1
-5
-8
2
13
6
0
13
20
27
20
10
11
17
15
16
9
13
19
11
8
1
4
10
0
-1
2
12
25
10
10
16
16
14
10
6
19
22
12
10
1
12
8
8
3
8
16
16
8
3
7
10
7
4
14
15
8
-1
8
1
16
6
-5
1
-2
10
5
-4
-1
-5
-6
-16
-22
0
3
6
1
3
12
12
6
4
1
3
4
-6
0
6
5
0
-13
-21
-8
-17
-13
-26
-23
-9
-12
-19
-25
-8
-6
-9
-17
-6
-4
6
3
-11
-6
0
6
-7
-13
-5
-6
-5
-10
-10
-5
-10
-6
-12
-6
1
4
1
-13
-10
-2
-4
-8
-14
-6
3
-6
-5
-3
3
11
3
-3
4
22
26
12
11
17
23
16
10
5
10
4
-11
-6
-4
5
-6
-14
-19
-20
0
4
-11
-11
-10
-7
-16
-16
-14
-17
-13
-25
-20
-19
-19
-28
-28
-33
-21
-13
-15
-20
-18
-9
-20
-19
-29
-15
-2
-3
-17
-22
-12
-6
-7
-4
-9
0
11
-4
-4
3
8
3
-4
-10
-3
0
-1
-5
-1
0
2
-3
-7
5
9
7
0
6
3
13
14
10
18
16
13
7
-4
-9
6
12
-4
5
4
5
5
10
8
13
20
9
13
3
6
3
8
9
13
16
4
7
7
2
1
3
-2
-4
3
11
7
6
-3
2
3
4
-1
-3
0
-6
-7
-6
2
-8
-3
-2
1
7
1
3
-3
-8
-1
-2
-4
-10
-11
-3
-8
3
7
-3
0
0
-2
6
9
0
-6
-5
-2
3
3
10
12
9
6
-2
7
5
6
13
5
17
11
3
10
0
8
10
-3
0
3
-1
-3
4
7
0
2
3
2
-1
-3
1
5
-4
-10
-5
-10
-7
-12
-6
-7
-7
-8
-20
-12
-8
-4
-3
-3
-6
-3
-5
-4
-9
-13
-6
-6
-8
-12
-4
-10
-12
-6
-7
-9
-11
-13
-7
-10
-11
-9
-4
-1
-2
-3
-11
-9
-3
0
-4
0
-1
2
1
-3
-4
-2
4
7
-2
5
18
9
9
14
18
14
15
4
7
5
-5
-2
1
3
-5
-8
-13
-15
-6
-9
-10
-2
-7
-5
-4
-1
10
10
1
2
2
7
8
7
9
4
12
11
6
0
-1
0
-4
-2
-8
-6
4
0
3
-2
-1
8
6
7
5
5
-4
-3
2
-6
-9
-16
-20
-8
-9
-13
-13
-7
-9
-14
-21
-16
-9
-7
3
-2
-2
-3
0
-4
-8
-6
-3
7
10
6
8
15
14
12
9
10
6
8
6
3
7
11
16
16
21
20
9
6
7
13
6
8
1
2
13
0
0
-12
-7
0
-7
-2
-4
4
7
3
1
3
13
8
4
-10
5
16
11
21
10
12
11
19
9
15
16
15
20
12
17
13
12
-1
2
-4
-1
9
0
0
4
2
0
-11
-16
-18
-21
-13
-16
-16
-15
-9
-13
-7
-7
0
4
0
-2
-2
1
-8
-4
-3
0
4
10
16
9
4
8
4
4
-1
-3
9
17
18
17
13
7
12
17
10
3
3
6
7
-6
-3
-5
-8
-6
-8
-3
4
4
-4
-1
4
3
-4
-4
-11
-1
6
2
-3
-8
-8
-10
-15
-10
-12
-13
-14
-12
-9
-5
-3
-14
-7
-10
1
-4
-9
-11
-6
-3
-8
-1
-12
-3
-2
-3
-12
-8
2
0
-11
-14
-1
1
-3
-7
-4
0
4
-3
-10
-2
-2
-3
4
-3
-6
-3
-3
-3
1
6
6
2
0
-2
7
3
-2
5
10
16
17
19
9
18
20
15
8
7
5
14
8
-8
0
-5
-3
-2
-4
-6
2
-9
-14
-3
-3
-6
-13
-10
-3
-6
-3
-8
-17
-6
-10
-6
-9
-6
-2
2
-2
-14
-11
-6
-3
-8
-9
3
4
-4
0
-11
-10
-3
-4
-17
-13
-7
-11
-13
-13
-10
-19
-20
-25
-19
-13
-14
-16
-15
-10
-6
-9
-16
-22
-12
-10
-3
-6
-12
-6
-13
-23
-26
-17
-23
-12
-12
-10
-13
-15
-16
-20
-15
-17
-10
-5
-7
-3
5
9
12
1
6
10
11
8
6
4
0
9
-1
-6
-7
-2
-1
-7
-3
-3
-2
-1
-9
-6
-1
6
4
3
5
0
7
9
9
-2
2
9
-3
-3
-16
-12
-1
-7
0
4
0
-10
-15
-13
-12
-9
-4
-6
-10
-9
-10
-8
-5
-12
-9
-13
-10
-6
-16
-10
-10
-9
-10
-6
-1
-3
-5
-6
5
8
11
6
4
-2
1
3
4
9
12
6
1
8
8
13
6
8
10
9
8
4
1
12
18
15
9
9
21
17
16
13
15
13
10
11
-6
-1
7
13
15
18
17
14
5
-6
8
6
8
16
5
0
0
8
5
4
13
16
8
10
13
12
13
19
19
15
25
20
14
10
3
6
16
0
1
6
1
6
-3
3
1
4
-2
-9
-5
-7
-4
0
0
-6
-8
-3
-12
-15
-7
-12
-4
4
3
-3
-4
0
0
5
10
3
-3
5
1
-3
-3
-8
-4
5
-3
-3
-10
-8
5
-3
-3
-7
-13
-12
-15
-16
-9
-9
-15
-16
-24
-19
-17
-23
-16
-12
-16
-20
-18
-20
-21
-15
-10
-2
-2
-4
-3
-9
-10
-10
0
2
2
3
-4
3
-6
-16
-12
-6
7
4
0
-10
-10
-16
-20
-10
-9
-2
-10
-16
-9
-6
-7
-12
-16
-6
-4
-12
-15
-8
-10
-4
-6
-14
-9
-12
-9
2
0
-3
2
-6
-11
-8
1
3
-1
2
0
-10
-9
-4
-12
-3
-9
-7
-10
-7
-1
-2
9
-2
0
4
0
0
0
1
-2
3
4
-3
4
2
0
-3
3
5
3
6
-6
-12
-12
-13
-10
-3
-3
3
1
-4
-3
4
13
12
15
12
16
23
20
14
4
11
19
15
1
-3
0
0
-2
1
3
-4
0
2
-4
-7
-2
6
15
9
6
9
5
7
7
9
13
18
4
12
13
13
15
18
23
22
24
19
15
15
24
14
25
12
15
22
26
34
20
26
26
24
19
20
21
25
23
25
24
21
18
15
11
14
15
9
5
5
2
5
0
-6
3
3
3
-4
-6
-13
-13
-9
-7
-9
-13
-8
-2
-7
-10
0
-6
-3
-5
-4
-3
-3
-3
-4
-6
-6
-7
-4
-9
-20
-16
-16
-8
-16
-16
-10
-13
-21
-15
-12
-20
-15
-12
-11
-4
-10
-11
0
-6
-15
-13
-7
-8
-2
0
-10
-13
-3
3
-9
-17
-12
-1
10
5
0
10
6
4
5
1
10
5
12
19
14
16
15
15
16
20
13
3
6
7
3
0
1
-2
-3
-5
-7
-2
13
9
0
-1
1
2
-2
0
-3
-2
4
2
0
2
-2
-2
1
0
8
9
3
3
5
11
17
16
8
13
7
0
-5
-7
2
-6
-5
-5
-6
-1
-7
-9
-11
-2
-1
-2
1
2
3
1
7
0
0
3
-1
4
6
6
7
10
15
19
12
7
9
6
11
11
10
6
4
13
10
6
-3
2
6
4
10
6
9
10
16
17
14
20
18
15
9
12
16
14
19
25
23
23
26
22
17
22
19
14
10
13
20
19
21
9
9
6
3
7
16
22
23
20
16
25
12
6
4
-4
-2
2
6
13
1
-1
0
6
12
1
0
0
3
-6
-3
-6
-6
-4
-8
-6
-7
-4
-4
-7
-3
4
3
5
6
9
14
16
16
17
19
15
12
8
12
18
20
13
16
19
21
22
17
22
28
32
21
17
9
16
22
5
3
0
9
4
-1
0
5
4
-6
0
5
0
3
6
-3
-2
3
-7
-13
-6
-6
3
-3
-7
2
-1
0
1
-1
7
16
13
9
1
4
4
2
-2
9
19
14
3
2
10
1
0
-3
3
-4
-5
-4
-10
-10
-13
-12
-16
-14
-12
-13
-10
-6
-11
-16
-13
-12
-15
-9
-8
-4
1
-6
-6
-10
-22
-18
-11
-15
-15
-6
-4
-11
-10
-9
-9
-6
0
0
1
-4
-2
-2
-9
-12
-19
-10
-2
2
0
-4
1
-7
-12
-10
0
-4
-7
0
-7
-3
-5
-11
-17
-13
-12
-2
-4
0
1
-9
-5
-14
-17
-23
-13
-6
-7
-17
-17
-4
-6
-6
-3
0
7
11
12
21
9
7
-1
-9
-1
0
-3
-4
-7
0
-3
-17
-6
0
-4
1
3
-1
-4
-5
2
-4
-2
-2
0
-8
-13
-6
-13
-9
-11
-9
-15
-12
-15
-12
-12
-10
-2
3
-1
-3
10
0
6
7
9
12
20
10
2
16
15
10
-1
-3
-4
-2
-8
-12
-1
-1
-3
-4
-9
-11
-3
-9
-22
-12
-14
-9
-8
-14
-16
-13
-7
-19
-25
-14
-3
-4
-3
3
6
-2
-2
-10
-9
3
3
2
1
12
4
-1
0
0
2
13
9
0
10
15
14
-2
-9
-6
1
-2
-12
-3
-6
-3
4
-10
-15
-12
-9
-19
-22
-12
-5
0
-8
-26
-18
-10
-7
-13
-20
-6
-3
-3
-12
-13
-4
-4
-3
4
6
8
10
-1
-12
-6
-2
-7
-15
-14
-4
-3
-3
-7
-8
-6
-11
-21
-12
-9
-6
-3
-12
-8
-6
-7
-6
-8
-12
-9
-17
-18
-16
-12
-3
-9
-13
-8
-3
-11
-7
-17
-15
-9
-10
-11
-17
-5
-8
-6
-6
-10
0
-1
0
5
7
10
16
11
12
9
15
13
12
15
10
17
7
7
4
9
7
8
1
-2
16
6
0
2
14
16
9
7
9
4
3
-1
-3
-8
-4
-7
-10
-3
-2
4
3
16
13
11
13
12
13
19
28
19
16
14
13
21
20
19
21
20
21
10
5
2
10
10
3
7
10
6
-1
5
7
6
4
-2
0
2
-4
0
-3
3
6
11
12
10
12
9
6
0
4
1
0
0
5
6
-2
-2
-3
-4
-3
-7
-7
-10
0
0
-3
4
7
10
5
10
-2
1
2
6
12
2
13
16
18
16
6
17
15
4
2
0
3
0
-9
-18
-13
-15
-12
-15
-14
-12
-8
-4
0
9
10
12
13
17
17
25
17
13
16
12
13
14
13
1
-3
-6
-11
-13
-4
4
-3
-9
-12
-3
3
-7
-7
-6
-3
6
0
-1
11
9
13
1
-2
12
7
9
3
-8
0
-8
-15
-10
-10
-4
-5
-4
-12
-3
0
-5
-3
-12
0
12
9
0
-1
1
9
8
6
0
-1
1
-2
-2
-10
9
-3
-22
-16
-9
-4
-4
-13
-10
-6
-6
-3
-12
-4
7
9
2
0
1
13
17
3
10
15
26
20
7
16
14
14
0
-10
0
4
-5
-24
-21
-7
-10
-17
-22
-18
1
-3
-7
-13
-16
0
-7
-17
-10
-5
5
8
-2
-2
-2
5
-4
-9
-5
0
7
-1
-7
6
10
7
-3
-5
4
0
-1
-15
-1
-3
-8
-6
-14
-10
1
-3
-9
-16
-14
-7
-19
-15
-16
5
4
-10
-9
-6
4
-6
-12
-13
-6
-1
-10
-17
-13
-3
2
8
-6
-7
17
6
-5
-9
-1
14
8
6
1
7
9
3
12
4
11
6
4
3
-11
-4
-11
-10
-8
1
0
-7
-1
3
6
-1
1
-2
3
7
-5
-9
-7
-10
0
-7
-12
-15
-12
-10
-20
-17
-23
-13
-4
-12
-2
3
5
3
-9
-4
0
9
3
-7
-2
-4
-4
-7
-10
-10
-7
-8
-10
-6
0
-6
-12
-7
-6
-6
-9
-22
-23
-17
-7
-6
-19
-13
-12
-4
-9
-7
-9
-4
1
-7
-6
-8
0
-10
-3
-13
-13
-3
-11
-10
-12
-6
-10
-6
-8
0
-6
1
2
-6
6
-2
-1
0
6
10
11
9
13
7
20
25
15
13
10
16
0
2
-3
2
-3
-1
-4
-13
-4
-13
-12
-13
-9
0
-4
-15
-12
-9
-3
-13
-3
3
7
-4
-11
-6
-8
2
-16
-15
-19
-12
-14
-19
-13
-20
-15
-18
-17
-23
-25
-13
-12
-7
-12
-15
-4
-12
-10
-8
-9
-3
-9
-7
1
-6
-6
-13
-16
-8
-10
-7
-8
-19
-16
-13
-13
-9
-10
1
-2
-6
-2
3
6
2
-4
-9
-1
-5
-10
-5
-1
-1
0
6
12
7
15
11
15
7
-6
2
-5
-10
-5
12
16
3
1
6
7
4
1
3
5
12
7
-1
2
10
11
10
3
3
13
8
12
10
12
5
5
0
-9
-6
-6
-8
-9
-9
-9
0
-8
-15
-1
3
-2
-1
-5
12
1
6
5
3
17
7
4
-3
6
10
5
1
6
6
12
15
8
-7
2
10
9
4
16
19
14
15
14
27
21
28
16
16
22
22
19
17
13
23
24
3
3
-6
-1
6
10
0
7
15
10
3
2
15
14
5
6
0
9
7
-6
2
-6
-4
-5
0
-9
-1
3
-11
-13
-10
3
10
1
-6
5
9
11
-3
-6
-3
1
3
1
0
1
8
11
6
3
2
4
9
4
16
13
10
10
2
1
5
8
0
2
3
1
8
0
3
7
10
10
6
20
13
15
1
-10
-3
1
-1
-2
6
13
11
10
8
6
13
7
6
3
12
5
7
9
7
19
24
15
15
22
12
11
13
15
19
20
13
12
8
9
7
7
1
5
12
19
19
12
16
22
29
10
19
16
17
15
10
8
3
10
5
13
17
8
7
9
3
6
-4
10
3
0
9
4
14
6
8
4
-1
1
3
10
6
8
11
9
10
13
21
13
15
21
22
16
22
20
21
29
26
25
23
22
17
19
10
6
7
11
7
3
4
14
16
6
8
-4
-5
12
15
13
19
7
6
6
9
6
12
8
3
2
6
7
1
3
-7
5
-4
1
0
-1
3
-1
-1
0
7
6
8
13
18
10
14
13
4
7
12
3
3
9
13
7
4
3
-3
-4
-3
3
-3
-4
-3
-5
-6
-5
-6
-3
-8
-9
-11
-2
-5
-10
-5
-15
-5
-3
2
-1
-3
3
6
1
3
0
3
5
5
1
-3
-1
-3
4
-2
8
4
1
-1
-8
-3
3
-1
-3
1
5
2
-2
1
1
3
-6
-5
-12
-9
-16
-20
-13
-18
-16
-19
-20
-19
-26
-22
-14
-16
-16
-15
-9
-13
-6
-3
-5
-12
-6
-10
-14
-6
-16
-14
-14
-17
-19
-15
-16
-11
-4
-4
-10
-14
-11
-4
-2
-13
-4
0
-1
4
3
6
5
7
12
7
7
4
8
1
6
12
8
7
-7
0
3
-1
-1
-9
-6
6
3
-3
-5
-7
-7
-11
-19
-15
-15
-15
-10
-18
-18
-16
-16
-15
-19
-28
-22
-15
-18
-20
-13
-13
-12
-16
-18
-16
-15
-8
-10
-9
-9
-8
-16
-19
-20
-12
0
-6
-9
-9
-1
-5
-6
-8
-3
0
-9
-7
-18
-6
-3
-8
-11
-14
-9
-10
-15
-25
-16
-11
-15
-9
-12
-13
-4
-11
-22
-16
-11
-9
-1
-6
-13
-1
-6
-6
-7
-7
-12
-10
-12
-26
-8
-9
-4
-12
-17
-6
-6
0
-1
-4
4
7
3
1
-2
10
10
5
6
11
7
3
0
-9
-3
5
6
-1
0
-2
-4
-10
-12
-8
-5
-13
-15
-10
-16
-5
-12
-18
-10
-7
-8
-9
-15
-17
-14
-15
-14
-26
-21
-16
-16
-21
-24
-17
-25
-21
-13
-21
-16
-16
-12
-16
-11
-3
-11
-10
-17
-11
3
-7
-15
0
4
4
2
0
1
12
13
-5
-2
9
6
0
5
6
7
10
6
0
0
3
7
0
-3
-4
3
1
-11
-12
-7
-7
-12
-11
-13
-7
-9
-10
-9
-13
-6
-18
-21
-19
-16
-6
-9
-12
-3
-3
-5
-6
-6
-8
-4
0
-6
-8
1
11
4
6
4
10
9
-3
-1
-4
-2
-3
-9
-7
0
-5
-11
-16
-22
-16
-11
-16
-4
6
-2
2
-1
-3
3
6
12
-5
-3
25
24
17
15
25
34
31
31
32
31
30
26
22
13
15
14
9
1
14
16
10
12
8
14
12
10
1
20
14
13
11
5
14
9
8
-3
9
14
15
12
3
1
2
11
8
15
9
9
16
3
1
3
9
6
3
10
7
12
16
9
7
16
11
6
9
13
15
20
9
-6
5
3
-6
-4
6
6
12
6
2
10
10
10
10
10
9
21
29
26
20
23
25
15
15
28
22
25
21
13
16
23
23
12
12
17
24
19
15
16
10
12
16
8
9
10
15
10
4
13
15
9
12
10
6
15
13
9
14
17
20
12
11
12
9
13
6
0
3
3
-2
4
2
-4
2
-2
-4
-1
-1
-3
-6
-16
-13
-19
-13
-11
-12
-9
-1
13
33
47
-29
-32
15
-36
-18
-8
-20
7
-22
-1
-9
-10
-14
-21
-7
-15
1
-11
6
-2
6
6
9
4
3
7
11
21
4
12
8
10
5
12
6
6
9
12
12
3
7
9
16
16
12
6
10
9
13
9
6
-2
2
-5
-4
1
3
4
-2
-1
-7
-6
-15
-16
-21
-9
-21
-30
-24
-23
-20
-23
-17
-23
-18
-16
-16
-22
-31
-29
-21
-24
-33
-23
-15
-13
-6
-14
-14
-13
-12
-18
-29
-25
-15
-14
-23
-25
-15
-15
-21
-15
-12
-4
-6
-16
-23
-19
-9
-2
-14
-20
-6
-3
-5
-7
-1
-10
-12
-1
-8
7
13
3
0
0
7
4
10
9
-1
11
10
3
8
12
7
1
3
3
4
6
8
9
0
1
12
15
7
4
0
5
12
-1
-4
-1
1
-3
-7
-1
12
-3
-8
3
2
3
-6
-3
-4
-2
-2
-9
0
0
-5
-6
1
-7
-4
5
1
-1
0
-3
-11
-3
3
6
1
-5
6
-4
-3
3
-1
6
10
3
5
7
4
7
1
5
0
-4
-4
-9
0
-1
0
-14
-10
-7
-1
7
12
7
3
19
13
15
11
11
9
15
20
6
13
17
16
13
8
20
9
9
12
7
15
10
10
2
-2
-1
-4
-3
-8
-13
-11
-19
-22
-25
-22
-23
-36
-25
-35
-34
-39
-50
-50
-53
-52
-46
-48
-54
-43
-33
-35
-34
-31
-27
-17
-20
-5
-17
-9
-6
-6
-4
-13
-4
-9
0
-4
-5
-3
13
9
11
18
19
31
22
28
31
29
27
28
41
37
38
47
47
53
51
50
50
56
54
48
47
52
58
52
50
37
32
39
22
7
4
-17
-26
-29
-39
-48
-61
-69
-89
-98
-99
-105
-110
-113
-116
-127
-128
-126
-127
-121
-119
-110
-111
-111
-101
-89
-77
-57
-57
-60
-48
-32
-16
-8
10
25
38
33
37
37
54
72
78
85
79
81
78
90
102
113
120
113
101
106
101
105
117
121
124
124
123
114
123
121
121
118
113
102
98
108
102
96
83
67
57
51
29
17
12
-12
-42
-76
-98
-103
-122
-133
-161
-190
-200
-233
-253
-256
-250
-257
-269
-284
-297
-285
-282
-268
-253
-238
-220
-215
-210
-187
-159
-129
-90
-72
-54
-39
-9
31
71
102
130
145
152
161
174
192
218
244
242
243
238
230
234
240
250
257
240
218
195
189
199
207
211
199
194
184
180
178
183
192
189
168
167
176
179
187
189
179
157
134
120
115
116
102
60
18
-23
-54
-72
-90
-133
-174
-229
-298
-343
-363
-363
-383
-422
-471
-515
-528
-512
-482
-448
-444
-451
-468
-454
-404
-324
-244
-197
-175
-183
-172
-118
-22
53
105
111
93
88
111
157
212
249
237
205
161
148
168
206
236
237
199
167
146
170
229
276
293
278
257
256
297
353
411
443
445
421
415
442
486
519
528
498
447
407
375
360
353
339
276
184
94
23
-12
-44
-73
-127
-222
-292
-374
-414
-429
-449
-468
-508
-557
-610
-630
-629
-610
-601
-587
-598
-628
-641
-639
-592
-532
-489
-484
-502
-490
-459
-407
-337
-271
-219
-185
-159
-127
-50
40
132
199
220
241
297
363
425
484
526
547
532
498
488
528
563
556
481
379
278
222
212
214
173
79
-37
-153
-215
-227
-202
-203
-217
-262
-311
-332
-291
-203
-92
0
21
17
25
103
249
397
493
516
493
498
537
620
701
747
733
657
565
500
486
489
468
396
271
112
-3
-75
-108
-132
-209
-326
-475
-588
-639
-619
-579
-591
-663
-760
-809
-788
-701
-599
-561
-605
-638
-637
-560
-429
-338
-278
-263
-260
-249
-189
-98
17
109
149
136
89
107
214
356
433
423
345
299
328
438
533
550
498
420
388
399
439
458
449
410
340
259
206
197
220
215
149
28
-82
-122
-100
-90
-132
-223
-347
-417
-428
-391
-366
-390
-459
-547
-586
-550
-470
-405
-380
-414
-459
-465
-396
-282
-188
-130
-109
-111
-98
-46
47
167
274
309
278
228
243
331
437
497
477
410
365
389
439
478
467
401
333
312
329
338
315
267
228
221
219
205
178
179
184
158
113
67
63
108
158
129
34
-72
-95
-25
57
45
-52
-152
-207
-218
-209
-174
-142
-152
-242
-339
-380
-338
-247
-176
-178
-236
-285
-276
-215
-164
-138
-105
-70
-58
-80
-126
-89
9
82
39
-66
-126
-89
25
69
-1
-133
-225
-220
-151
-82
-94
-173
-268
-334
-344
-335
-270
-211
-199
-244
-329
-398
-388
-278
-163
-71
-81
-176
-278
-311
-202
-60
29
0
-93
-135
-131
-84
-29
38
90
83
29
-12
17
69
129
179
208
209
163
155
226
319
376
358
320
325
372
408
434
445
436
428
440
483
507
483
448
468
514
523
471
464
528
589
581
528
506
533
572
580
575
558
558
546
492
426
402
392
354
286
249
224
148
-9
-167
-236
-239
-222
-232
-266
-471
-803
-1025
-919
-614
-479
-639
-908
-1115
-1264
-1262
-1018
-665
-574
-828
-1142
-1249
-1189
-1074
-886
-649
-583
-833
-1179
-1296
-1109
-815
-664
-728
-913
-1058
-1104
-1062
-960
-839
-716
-671
-731
-838
-824
-651
-396
-175
-53
-26
-25
64
282
542
726
859
1018
1200
1276
1246
1263
1460
1695
1807
1772
1715
1664
1552
1459
1426
1474
1471
1347
1083
774
550
483
511
476
311
29
-260
-420
-401
-293
-228
-300
-468
-567
-519
-369
-165
42
198
231
233
293
487
783
1059
1306
1479
1486
1296
1130
1285
1732
2102
2068
1658
1248
1059
1100
1233
1287
1193
943
579
187
-109
-218
-128
-34
-133
-463
-873
-1143
-1166
-1038
-942
-1002
-1184
-1327
-1356
-1375
-1472
-1588
-1587
-1483
-1479
-1641
-1869
-2016
-2145
-2286
-2364
-2345
-2343
-2522
-2816
-3037
-3108
-3135
-3132
-3022
-2835
-2729
-2772
-2827
-2756
-2431
-1850
-1217
-799
-698
-656
-367
246
1042
1770
2177
2273
2340
2633
3109
3511
3816
4074
4190
3983
3588
3402
3498
3580
3392
2964
2470
1952
1448
1103
900
597
82
-446
-837
-1164
-1503
-1774
-1921
-1967
-2049
-2166
-2279
-2340
-2251
-1958
-1555
-1340
-1317
-1250
-940
-487
-55
312
626
828
933
1119
1456
1788
2005
2220
2444
2472
2237
2046
2215
2597
2769
2633
2354
2114
1897
1732
1745
1899
2012
1827
1407
990
802
862
1037
1123
960
623
282
127
161
244
239
80
-164
-373
-502
-634
-818
-983
-1078
-1163
-1387
-1704
-2016
-2304
-2586
-2856
-3000
-3094
-3317
-3724
-4124
-4328
-4408
-4494
-4581
-4592
-4588
-4687
-4833
-4804
-4495
-4040
-3684
-3481
-3314
-3039
-2489
-1710
-940
-447
-214
82
676
1490
2253
2824
3178
3398
3588
3865
4261
4652
4927
5011
4846
4438
4010
3824
3879
3888
3550
2876
2101
1472
1093
857
577
108
-491
-1007
-1365
-1684
-2004
-2226
-2273
-2257
-2344
-2463
-2450
-2272
-2042
-1831
-1615
-1334
-993
-675
-392
-55
354
778
1149
1428
1631
1817
2156
2704
3139
3054
2632
2504
2988
3583
3624
3211
2906
2895
2923
2791
2642
2674
2741
2606
2202
1717
1422
1400
1561
1655
1494
1052
540
269
345
558
525
130
-385
-714
-809
-810
-851
-1028
-1384
-1879
-2304
-2463
-2455
-2514
-2765
-3142
-3576
-4093
-4577
-4801
-4609
-4299
-4407
-5084
-5886
-6135
-5699
-5059
-4757
-4881
-5145
-5234
-5024
-4531
-3903
-3349
-2937
-2511
-1897
-1240
-779
-460
90
961
1823
2381
2703
3061
3538
3967
4212
4323
4507
4921
5393
5576
5207
4461
3856
3748
3999
4110
3717
2892
1983
1268
914
811
682
270
-430
-1130
-1631
-1946
-2150
-2197
-2155
-2281
-2679
-3032
-3000
-2602
-2150
-1848
-1712
-1724
-1705
-1460
-885
-149
442
745
818
880
1132
1616
2260
3034
3759
3971
3361
2528
2627
3895
5141
5188
4285
3570
3499
3635
3688
3841
4147
4164
3555
2620
1959
1874
2189
2460
2306
1598
642
-39
-114
256
524
242
-566
-1438
-1949
-1935
-1614
-1428
-1711
-2430
-3139
-3415
-3250
-2996
-2910
-3085
-3546
-4180
-4634
-4590
-4289
-4209
-4444
-4696
-4945
-5354
-5669
-5413
-4770
-4550
-4992
-5458
-5319
-4813
-4469
-4420
-4431
-4229
-3733
-2936
-2129
-1676
-1597
-1495
-991
-148
724
1413
1922
2308
2639
2965
3308
3724
4267
4880
5345
5429
5151
4823
4738
4893
5052
4973
4605
4068
3547
3172
2867
2508
2057
1583
1142
679
150
-454
-958
-1272
-1472
-1648
-1906
-2192
-2443
-2538
-2493
-2378
-2223
-2076
-1941
-1791
-1568
-1260
-880
-481
-57
387
848
1215
1399
1598
2154
3076
3743
3598
3031
2970
3667
4424
4631
4442
4287
4197
3995
3837
3884
3978
3868
3623
3341
2904
2326
1927
1950
2090
1884
1242
507
40
-56
14
-44
-421
-998
-1489
-1817
-2054
-2209
-2250
-2266
-2450
-2847
-3259
-3497
-3577
-3657
-3730
-3676
-3595
-3918
-4749
-5372
-5028
-4115
-3817
-4587
-5531
-5690
-5285
-4945
-4840
-4770
-4813
-5076
-5297
-5175
-4784
-4290
-3736
-3315
-3319
-3616
-3402
-2270
-916
-330
-604
-909
-532
602
1998
3015
3275
2936
2744
3259
4291
5178
5617
5744
5668
5375
4994
4917
5303
5829
5887
5220
4177
3383
3168
3298
3237
2665
1737
848
220
-213
-556
-806
-1007
-1371
-1970
-2601
-2903
-2848
-2721
-2728
-2775
-2700
-2523
-2358
-2185
-1907
-1529
-1041
-461
157
599
776
925
1360
2124
2917
3406
3502
3393
3540
4167
4908
5134
4749
4402
4547
4883
4881
4647
4502
4348
3912
3389
3218
3356
3293
2744
1995
1418
1088
847
590
295
-32
-419
-904
-1425
-1776
-1879
-1935
-2196
-2654
-3085
-3321
-3418
-3477
-3544
-3679
-3923
-4272
-4482
-4403
-4147
-4074
-4381
-4828
-5045
-5006
-5054
-5285
-5338
-5032
-4766
-5041
-5683
-6027
-5753
-5158
-4754
-4748
-5030
-5210
-5086
-4692
-4259
-3787
-3101
-2275
-1684
-1607
-1712
-1447
-508
845
2120
2930
3124
2918
2864
3419
4559
5809
6777
7232
7033
6269
5487
5492
6470
7619
7784
6731
5213
4166
3923
4206
4416
4066
3004
1576
415
-193
-374
-483
-755
-1319
-2146
-3026
-3624
-3749
-3480
-3132
-2995
-3179
-3550
-3777
-3562
-2846
-1920
-1175
-855
-823
-685
-146
682
1588
2471
3255
3630
3375
2968
3349
4787
6231
6465
5551
4708
4740
5317
5654
5586
5465
5379
4959
4023
3120
2885
3282
3537
3008
1817
624
-12
-65
164
190
-357
-1413
-2459
-2910
-2735
-2377
-2360
-2835
-3565
-4211
-4466
-4289
-3857
-3532
-3642
-4218
-4890
-5064
-4543
-3827
-3611
-4065
-4689
-5002
-4944
-4696
-4438
-4303
-4441
-4806
-5235
-5495
-5370
-4849
-4327
-4441
-5220
-5820
-5507
-4607
-4000
-3807
-3487
-3002
-2897
-3210
-3048
-1816
-82
1089
1329
1078
929
1313
2455
4121
5524
5962
5572
5116
5221
5919
6846
7627
7824
7272
6303
5623
5609
5930
6067
5769
5040
3918
2709
1900
1691
1704
1378
602
-369
-1331
-2110
-2534
-2522
-2354
-2487
-3021
-3631
-3906
-3719
-3205
-2691
-2434
-2357
-2173
-1787
-1353
-913
-291
586
1400
1903
2297
2733
3005
3035
3376
4481
5744
6009
5221
4554
4769
5370
5570
5455
5396
5283
4769
4031
3578
3517
3527
3281
2697
1890
1083
564
429
437
248
-305
-1090
-1919
-2495
-2560
-2259
-2112
-2528
-3312
-3906
-4023
-3904
-3846
-3885
-3918
-3980
-4168
-4335
-4281
-4096
-4045
-4159
-4204
-4127
-4153
-4352
-4485
-4381
-4133
-4100
-4463
-4973
-5213
-4934
-4414
-4238
-4705
-5410
-5747
-5445
-4779
-4262
-4150
-4412
-4719
-4739
-4198
-3134
-1967
-1184
-1052
-1276
-1260
-608
634
2041
3172
3651
3563
3395
3686
4631
5911
6989
7403
7134
6564
6239
6404
6873
7304
7442
7056
6056
4856
4226
4439
4839
4598
3526
2144
1014
370
169
167
-34
-704
-1690
-2549
-2978
-2925
-2628
-2395
-2402
-2636
-2878
-2911
-2638
-2092
-1387
-749
-366
-201
24
525
1287
2139
2883
3299
3330
3246
3521
4234
4890
5062
4843
4711
4759
4760
4598
4461
4511
4556
4313
3703
2976
2428
2211
2196
2077
1631
885
161
-255
-404
-559
-912
-1363
-1806
-2280
-2803
-3156
-3174
-3087
-3221
-3704
-4220
-4452
-4334
-4032
-3819
-3878
-4208
-4546
-4622
-4336
-3949
-3846
-4119
-4450
-4378
-3970
-3768
-4052
-4379
-4240
-3897
-3929
-4324
-4558
-4485
-4473
-4664
-4732
-4578
-4506
-4625
-4671
-4450
-4201
-4083
-3928
-3634
-3280
-2939
-2359
-1530
-894
-763
-790
-269
865
2116
3022
3524
3795
3944
4186
4769
5747
6758
7376
7477
7184
6766
6541
6795
7375
7792
7554
6696
5674
4921
4658
4635
4475
3816
2720
1568
673
169
-101
-266
-604
-1285
-2139
-2766
-2897
-2762
-2680
-2751
-2813
-2705
-2536
-2371
-2163
-1763
-1155
-533
-36
353
714
1059
1602
2434
3287
3637
3358
3119
3587
4613
5275
5134
4634
4407
4491
4502
4329
4113
4012
3852
3344
2520
1806
1617
1807
1797
1147
137
-631
-954
-1050
-1204
-1501
-1974
-2583
-3176
-3503
-3567
-3528
-3487
-3543
-3741
-4079
-4272
-4143
-3918
-3904
-4010
-3941
-3759
-3722
-3820
-3721
-3449
-3369
-3543
-3667
-3537
-3424
-3530
-3632
-3628
-3664
-3901
-4040
-3913
-3876
-4194
-4589
-4604
-4397
-4356
-4547
-4609
-4406
-4245
-4305
-4450
-4372
-4024
-3525
-3025
-2529
-1998
-1461
-952
-550
-118
515
1413
2446
3325
3948
4296
4499
4759
5301
6230
7286
8038
8127
7718
7296
7306
7803
8375
8502
7908
6873
5926
5438
5323
5213
4799
3939
2835
1802
1072
645
324
-79
-640
-1250
-1924
-2551
-2918
-2889
-2571
-2382
-2515
-2813
-2864
-2546
-2048
-1625
-1358
-1131
-844
-448
9
584
1145
1552
1882
2343
2971
3282
3059
2729
2997
3870
4441
4064
3056
2408
2574
3096
3190
2615
1809
1220
988
836
627
322
-100
-663
-1310
-1779
-2003
-2070
-2200
-2420
-2699
-3119
-3589
-3848
-3634
-3224
-3091
-3357
-3675
-3686
-3476
-3223
-3014
-2872
-2848
-2820
-2640
-2400
-2317
-2431
-2454
-2327
-2256
-2335
-2399
-2329
-2373
-2638
-2869
-2838
-2750
-2857
-3041
-3165
-3325
-3683
-4034
-4059
-3817
-3717
-3993
-4344
-4413
-4144
-3805
-3601
-3411
-3106
-2634
-2060
-1396
-746
-307
-93
177
930
2176
3463
4239
4479
4585
4937
5637
6529
7451
8133
8364
8185
7930
7893
8084
8347
8481
8300
7712
6834
6079
5691
5453
4995
4187
3222
2255
1359
612
89
-307
-756
-1384
-2078
-2689
-3094
-3250
-3277
-3260
-3329
-3481
-3654
-3668
-3352
-2817
-2283
-1922
-1692
-1445
-1115
-669
-95
648
1468
1987
1880
1442
1488
2390
3475
3716
3102
2535
2576
2877
2874
2622
2419
2264
1887
1290
815
701
808
755
331
-355
-987
-1389
-1511
-1457
-1423
-1624
-2192
-2855
-3237
-3160
-2837
-2626
-2713
-3011
-3271
-3311
-3047
-2673
-2499
-2664
-2980
-3125
-2997
-2702
-2412
-2245
-2298
-2592
-2854
-2804
-2493
-2247
-2239
-2389
-2649
-3025
-3350
-3272
-2834
-2516
-2711
-3228
-3689
-3907
-3807
-3531
-3274
-3290
-3602
-3910
-3961
-3725
-3352
-2969
-2728
-2596
-2308
-1685
-816
-89
294
464
787
1488
2456
3435
4182
4700
5072
5384
5723
6263
7052
7871
8355
8380
8189
8028
7982
8018
8070
7959
7517
6801
6103
5602
5124
4458
3655
2925
2266
1471
564
-214
-754
-1218
-1775
-2385
-2926
-3260
-3408
-3516
-3745
-4055
-4157
-3935
-3607
-3442
-3375
-3187
-2810
-2312
-1833
-1400
-1063
-732
-292
204
654
1065
1575
1967
1878
1430
1353
2036
2901
3046
2418
1779
1656
1850
1893
1726
1537
1400
1171
797
389
132
72
86
26
-273
-775
-1206
-1304
-1118
-980
-1137
-1567
-2027
-2255
-2163
-1862
-1656
-1732
-1970
-2106
-2012
-1805
-1674
-1664
-1705
-1700
-1664
-1655
-1656
-1574
-1409
-1362
-1529
-1746
-1743
-1490
-1270
-1350
-1652
-1890
-1889
-1769
-1792
-2006
-2273
-2505
-2702
-2808
-2747
-2617
-2710
-3096
-3495
-3532
-3176
-2813
-2803
-3051
-3137
-2750
-2043
-1411
-1000
-683
-348
-61
299
951
1920
2905
3562
3839
3926
4133
4683
5566
6454
6954
7052
7037
7061
7060
7004
7030
7107
6972
6457
5759
5190
4783
4398
3918
3297
2509
1544
570
-184
-644
-986
-1470
-2164
-2929
-3535
-3895
-4082
-4206
-4321
-4446
-4510
-4499
-4422
-4263
-4093
-3898
-3614
-3178
-2713
-2348
-2055
-1721
-1242
-697
-139
388
788
977
1044
1231
1623
2126
2488
2498
2206
1917
1963
2257
2322
1974
1602
1564
1723
1667
1375
1062
835
647
530
541
436
62
-362
-477
-357
-330
-526
-822
-1083
-1210
-1109
-860
-688
-806
-1072
-1182
-1076
-942
-920
-979
-1017
-1008
-988
-999
-1018
-980
-907
-967
-1305
-1712
-1756
-1386
-1146
-1448
-2028
-2380
-2397
-2351
-2351
-2369
-2502
-2796
-3013
-2896
-2748
-2923
-3297
-3417
-3173
-2958
-2963
-3075
-3106
-2929
-2438
-1756
-1288
-1215
-1135
-534
445
1156
1296
1294
1681
2553
3449
3920
3978
3975
4304
4946
5557
5865
5964
6090
6225
6161
5834
5507
5428
5541
5465
4932
4112
3393
3028
2842
2495
1815
924
110
-454
-801
-1096
-1525
-2093
-2611
-2971
-3168
-3333
-3499
-3566
-3549
-3527
-3547
-3543
-3455
-3286
-3021
-2668
-2320
-2103
-1960
-1672
-1204
-693
-302
-54
164
454
847
1229
1394
1381
1500
1887
2224
2176
1850
1664
1835
2130
2250
2121
1862
1654
1655
1805
1811
1550
1276
1300
1461
1323
825
420
499
844
914
507
-3
-220
-68
232
328
85
-329
-539
-416
-168
-123
-368
-666
-813
-828
-887
-989
-1028
-997
-1027
-1244
-1600
-1842
-1808
-1622
-1568
-1802
-2171
-2447
-2561
-2573
-2534
-2501
-2573
-2820
-3125
-3299
-3278
-3170
-3125
-3124
-3185
-3339
-3497
-3483
-3202
-2838
-2592
-2476
-2405
-2297
-2059
-1544
-768
-146
-80
-350
-311
377
1398
2148
2418
2427
2500
2817
3327
3879
4351
4722
4969
4963
4684
4371
4327
4608
4840
4656
4065
3405
2966
2779
2658
2317
1738
1142
703
345
-120
-688
-1128
-1370
-1592
-1973
-2488
-2888
-3037
-3057
-3138
-3341
-3528
-3516
-3312
-3057
-2855
-2710
-2568
-2348
-1962
-1510
-1164
-912
-612
-202
142
266
374
754
1324
1755
1928
2020
2154
2281
2448
2772
3157
3297
3114
2887
2854
2904
2939
2968
2930
2736
2412
2212
2178
2087
1803
1517
1418
1331
1061
700
491
486
514
370
7
-405
-651
-626
-513
-587
-904
-1291
-1520
-1550
-1483
-1486
-1643
-1821
-1850
-1760
-1763
-1925
-2018
-1896
-1717
-1720
-1872
-2026
-2161
-2234
-2199
-2061
-2073
-2343
-2584
-2595
-2556
-2693
-2834
-2734
-2532
-2600
-2963
-3268
-3290
-3145
-2987
-2876
-2907
-3078
-3145
-2887
-2371
-1923
-1695
-1536
-1319
-1054
-734
-191
574
1304
1725
1845
1936
2260
2869
3627
4298
4659
4685
4548
4517
4705
5016
5203
5125
4845
4514
4217
3948
3702
3433
3069
2562
1961
1358
838
410
14
-402
-843
-1301
-1735
-2093
-2396
-2628
-2781
-2866
-2920
-2969
-2982
-2943
-2830
-2591
-2240
-1883
-1603
-1360
-991
-489
12
467
830
1084
1223
1436
1960
2631
3073
3119
3032
3102
3329
3588
3802
3949
3942
3730
3419
3156
3032
3059
3123
2997
2568
1972
1521
1381
1433
1436
1215
764
264
-26
-67
-38
-130
-360
-641
-907
-1087
-1126
-1073
-1118
-1326
-1546
-1659
-1708
-1764
-1744
-1624
-1549
-1668
-1913
-2081
-2098
-1985
-1861
-1868
-2086
-2407
-2569
-2515
-2464
-2627
-2908
-3059
-3053
-3056
-3163
-3357
-3604
-3782
-3735
-3570
-3548
-3783
-4127
-4311
-4270
-4077
-3857
-3752
-3793
-3827
-3629
-3169
-2609
-2086
-1665
-1430
-1311
-1041
-374
527
1257
1671
1853
2005
2258
2756
3546
4403
4942
5007
4839
4675
4688
4952
5376
5632
5415
4779
4163
3890
3828
3681
3319
2795
2188
1582
1014
515
118
-173
-453
-854
-1393
-1899
-2165
-2206
-2187
-2254
-2422
-2605
-2670
-2541
-2280
-2033
-1827
-1577
-1243
-895
-537
-101
394
817
1083
1300
1589
1949
2281
2594
2876
3082
3230
3318
3376
3414
3465
3563
3634
3547
3264
2926
2716
2639
2588
2479
2233
1843
1441
1186
1094
1015
823
533
228
-21
-165
-239
-342
-513
-723
-896
-959
-977
-1017
-1130
-1334
-1486
-1513
-1483
-1503
-1603
-1697
-1779
-1855
-1937
-2006
-2063
-2146
-2239
-2345
-2443
-2553
-2626
-2654
-2794
-3128
-3480
-3529
-3299
-3160
-3407
-3917
-4260
-4223
-4004
-3881
-3982
-4208
-4368
-4367
-4297
-4270
-4230
-4058
-3748
-3485
-3361
-3211
-2785
-2103
-1466
-1173
-1116
-867
-186
762
1534
1877
1969
2198
2731
3445
4127
4668
5060
5287
5363
5374
5409
5563
5803
5952
5838
5414
4926
4593
4422
4245
3879
3341
2787
2294
1817
1312
816
405
66
-269
-660
-1056
-1372
-1606
-1770
-1903
-1997
-2006
-1951
-1861
-1812
-1725
-1513
-1133
-714
-451
-320
-98
429
1047
1387
1349
1285
1573
2174
2703
2869
2737
2623
2705
2889
3041
3079
3073
3051
2961
2659
2255
2011
2042
2154
1993
1508
954
645
599
628
513
216
-139
-395
-488
-504
-563
-695
-850
-1002
-1159
-1322
-1431
-1444
-1427
-1508
-1717
-1943
-2033
-1979
-1919
-1976
-2156
-2352
-2492
-2585
-2682
-2775
-2823
-2882
-3026
-3239
-3429
-3548
-3655
-3752
-3820
-3902
-4026
-4171
-4186
-4124
-4189
-4363
-4403
-4222
-4085
-4133
-4220
-4118
-3945
-3876
-3834
-3660
-3325
-2980
-2624
-2183
-1674
-1253
-1018
-816
-403
260
1027
1683
2089
2293
2437
2729
3303
4048
4654
4963
5063
5157
5258
5305
5371
5573
5800
5747
5331
4786
4437
4329
4257
3971
3432
2791
2235
1848
1581
1211
670
114
-287
-491
-713
-1048
-1409
-1650
-1753
-1802
-1835
-1863
-1912
-1886
-1701
-1436
-1233
-1119
-935
-581
-137
228
452
613
814
1147
1590
1931
2024
1995
2137
2535
2898
2937
2716
2554
2647
2913
3077
2973
2668
2370
2254
2248
2188
1985
1701
1483
1340
1176
917
644
493
483
468
291
-62
-411
-571
-529
-468
-600
-910
-1209
-1360
-1411
-1482
-1634
-1797
-1943
-2070
-2207
-2342
-2448
-2545
-2678
-2843
-2971
-3063
-3149
-3259
-3352
-3427
-3537
-3720
-3866
-3917
-3916
-3909
-3879
-3843
-3935
-4132
-4181
-3943
-3723
-3821
-4014
-3872
-3492
-3300
-3477
-3644
-3438
-2961
-2529
-2251
-1961
-1584
-1149
-742
-365
-33
359
942
1703
2382
2684
2716
2920
3525
4282
4840
5137
5405
5680
5806
5768
5793
5974
6176
6184
5920
5527
5122
4792
4531
4274
3894
3350
2751
2232
1831
1409
887
352
-65
-386
-758
-1180
-1527
-1736
-1902
-2075
-2216
-2296
-2293
-2226
-2112
-1983
-1856
-1676
-1397
-1062
-746
-481
-210
78
356
640
925
1164
1343
1501
1684
1878
2048
2152
2193
2206
2249
2360
2438
2367
2155
1967
1914
1937
1861
1595
1277
1078
1012
914
681
381
183
133
128
23
-237
-526
-700
-711
-703
-851
-1113
-1330
-1429
-1501
-1603
-1773
-1978
-2122
-2140
-2118
-2247
-2503
-2724
-2734
-2639
-2668
-2820
-3019
-3186
-3261
-3225
-3161
-3216
-3421
-3613
-3631
-3525
-3454
-3458
-3474
-3465
-3445
-3465
-3534
-3611
-3607
-3455
-3228
-3120
-3235
-3417
-3408
-3115
-2689
-2348
-2136
-1927
-1593
-1142
-693
-351
-69
345
994
1685
2129
2355
2622
3093
3635
4069
4446
4880
5344
5686
5824
5792
5730
5777
5936
6052
5917
5523
5049
4680
4403
4096
3672
3179
2721
2311
1850
1258
674
225
-69
-352
-758
-1219
-1613
-1872
-2010
-2053
-2106
-2195
-2247
-2209
-2064
-1890
-1686
-1409
-1127
-876
-652
-384
-29
333
614
797
997
1269
1558
1755
1848
1960
2125
2286
2378
2402
2417
2449
2478
2434
2314
2168
2046
1956
1817
1603
1398
1261
1151
994
744
483
358
359
353
183
-113
-343
-410
-418
-521
-685
-858
-998
-1093
-1137
-1190
-1349
-1553
-1653
-1640
-1694
-1878
-2071
-2112
-2065
-2140
-2368
-2620
-2694
-2598
-2509
-2576
-2810
-3067
-3180
-3099
-2978
-3037
-3261
-3393
-3298
-3182
-3281
-3491
-3571
-3461
-3360
-3399
-3491
-3511
-3455
-3376
-3281
-3189
-3070
-2895
-2628
-2308
-1955
-1543
-1105
-768
-576
-335
123
805
1491
1973
2225
2385
2660
3116
3700
4266
4696
4963
5061
5042
5024
5079
5225
5351
5311
5044
4644
4287
4012
3733
3386
2996
2612
2189
1688
1159
659
225
-121
-387
-664
-1081
-1531
-1827
-1887
-1839
-1900
-2056
-2172
-2114
-1950
-1800
-1664
-1483
-1205
-889
-624
-425
-203
92
439
754
970
1102
1265
1500
1735
1870
1891
1958
2138
2293
2276
2151
2055
2086
2160
2117
1919
1628
1380
1283
1290
1227
1031
750
493
361
300
230
114
-40
-182
-329
-481
-627
-704
-743
-791
-894
-1070
-1226
-1316
-1339
-1369
-1444
-1579
-1745
-1896
-1999
-2048
-2051
-2070
-2163
-2333
-2523
-2626
-2581
-2460
-2468
-2661
-2886
-2950
-2927
-2990
-3143
-3197
-3077
-2987
-3063
-3266
-3407
-3411
-3325
-3245
-3246
-3306
-3343
-3288
-3214
-3254
-3313
-3149
-2696
-2203
-1988
-2002
-1861
-1338
-677
-208
16
180
545
1144
1837
2426
2720
2818
3009
3489
4146
4732
5081
5186
5149
5070
5055
5185
5409
5512
5357
4954
4460
4054
3824
3672
3439
3016
2446
1833
1302
908
589
298
-60
-489
-903
-1227
-1477
-1640
-1689
-1688
-1747
-1909
-2040
-1965
-1698
-1377
-1145
-1028
-936
-772
-428
81
540
716
663
722
1109
1635
1967
1999
1938
1972
2147
2373
2567
2678
2623
2501
2441
2449
2402
2263
2146
2139
2058
1771
1409
1218
1241
1249
1059
747
483
311
262
239
155
-82
-372
-535
-567
-606
-765
-948
-1058
-1116
-1258
-1456
-1599
-1637
-1674
-1808
-1971
-2111
-2217
-2288
-2336
-2380
-2463
-2605
-2745
-2822
-2798
-2724
-2724
-2885
-3190
-3452
-3445
-3182
-2962
-3047
-3399
-3727
-3755
-3563
-3400
-3450
-3631
-3732
-3689
-3628
-3675
-3768
-3715
-3439
-3082
-2806
-2683
-2553
-2223
-1683
-1148
-819
-645
-372
204
943
1551
1887
2111
2449
2942
3483
3970
4416
4827
5128
5241
5177
5098
5196
5474
5728
5679
5230
4640
4234
4089
4014
3758
3300
2747
2174
1599
1120
783
522
221
-175
-631
-1084
-1428
-1619
-1630
-1555
-1573
-1754
-1950
-1986
-1790
-1461
-1146
-942
-849
-732
-468
-33
362
585
700
889
1190
1479
1669
1775
1900
2051
2180
2256
2300
2321
2342
2374
2398
2309
2106
1926
1884
1913
1789
1499
1185
1033
1026
975
784
505
309
265
316
273
51
-222
-363
-334
-298
-413
-639
-806
-877
-939
-1039
-1150
-1252
-1363
-1498
-1624
-1741
-1851
-1937
-2017
-2141
-2336
-2509
-2573
-2561
-2571
-2670
-2816
-2945
-3083
-3220
-3254
-3181
-3161
-3275
-3443
-3530
-3560
-3653
-3754
-3711
-3565
-3546
-3735
-3966
-3996
-3817
-3578
-3419
-3391
-3395
-3254
-2871
-2372
-1941
-1664
-1424
-1120
-733
-298
224
839
1423
1826
2033
2261
2692
3305
3940
4474
4810
4930
4916
4944
5138
5422
5632
5665
5471
5094
4684
4383
4233
4116
3879
3439
2864
2248
1711
1309
1050
824
479
-16
-568
-999
-1216
-1265
-1271
-1357
-1566
-1765
-1816
-1639
-1393
-1232
-1143
-1024
-767
-445
-130
117
319
551
841
1109
1325
1492
1684
1929
2119
2181
2140
2179
2367
2563
2588
2447
2318
2273
2248
2173
2035
1874
1688
1499
1358
1259
1103
881
668
564
501
361
170
27
-29
-116
-307
-550
-723
-793
-819
-894
-1063
-1327
-1585
-1700
-1683
-1684
-1856
-2128
-2348
-2440
-2453
-2503
-2631
-2808
-3013
-3161
-3199
-3136
-3113
-3238
-3479
-3674
-3689
-3594
-3543
-3623
-3773
-3853
-3826
-3815
-3868
-3947
-3922
-3809
-3754
-3833
-3946
-3929
-3765
-3595
-3497
-3390
-3232
-2980
-2677
-2334
-1939
-1507
-1083
-747
-473
-159
332
999
1677
2171
2379
2501
2814
3412
4117
4700
5039
5130
5117
5120
5274
5529
5748
5802
5654
5358
4945
4547
4301
4245
4150
3778
3111
2381
1872
1628
1474
1201
734
180
-287
-569
-742
-886
-1037
-1153
-1265
-1454
-1625
-1625
-1359
-994
-752
-754
-854
-739
-307
263
661
729
643
673
969
1405
1746
1892
1890
1912
1995
2114
2203
2261
2316
2390
2376
2187
1912
1755
1808
1913
1854
1538
1184
978
948
933
810
591
341
163
87
52
-32
-191
-389
-499
-543
-645
-860
-1063
-1154
-1186
-1292
-1534
-1804
-1973
-1990
-1963
-2038
-2290
-2593
-2720
-2628
-2541
-2691
-3036
-3289
-3264
-3103
-3062
-3220
-3447
-3579
-3591
-3565
-3540
-3503
-3483
-3509
-3611
-3740
-3781
-3684
-3543
-3515
-3575
-3593
-3543
-3537
-3569
-3491
-3178
-2782
-2574
-2580
-2539
-2189
-1547
-897
-533
-432
-320
71
723
1429
1958
2298
2573
2889
3246
3644
4169
4756
5237
5398
5268
5135
5245
5577
5894
5974
5746
5319
4868
4574
4473
4406
4169
3687
3067
2484
2034
1720
1475
1208
830
340
-158
-544
-767
-868
-953
-1118
-1361
-1544
-1581
-1485
-1305
-1138
-992
-880
-772
-607
-331
25
310
451
514
632
884
1210
1493
1651
1680
1678
1760
1926
2070
2117
2109
2085
2026
1903
1760
1700
1704
1672
1543
1326
1090
891
737
635
579
459
215
-68
-263
-342
-367
-457
-628
-821
-1018
-1214
-1382
-1473
-1527
-1627
-1837
-2095
-2289
-2352
-2338
-2372
-2545
-2759
-2863
-2826
-2810
-2939
-3128
-3212
-3136
-3062
-3122
-3268
-3322
-3223
-3097
-3119
-3287
-3420
-3355
-3164
-3046
-3140
-3353
-3426
-3329
-3208
-3191
-3234
-3268
-3271
-3251
-3179
-3050
-2914
-2782
-2630
-2414
-2137
-1753
-1284
-861
-579
-424
-178
328
1003
1638
2083
2379
2643
2991
3446
4039
4668
5152
5410
5478
5476
5537
5743
6030
6235
6184
5884
5479
5155
4928
4735
4483
4148
3713
3124
2452
1859
1488
1262
993
533
-70
-648
-1014
-1170
-1258
-1428
-1697
-1936
-2025
-1973
-1880
-1781
-1666
-1478
-1260
-1018
-785
-546
-311
-91
152
406
635
808
1024
1272
1486
1605
1663
1746
1895
2052
2133
2109
2014
1932
1870
1821
1727
1604
1517
1423
1265
1006
749
620
596
521
307
58
-139
-242
-297
-383
-528
-728
-917
-1048
-1168
-1307
-1460
-1565
-1659
-1833
-2037
-2165
-2160
-2140
-2225
-2443
-2652
-2748
-2749
-2715
-2740
-2855
-3046
-3150
-3111
-3002
-2922
-2949
-2999
-3015
-3044
-3139
-3230
-3193
-3052
-2932
-2990
-3165
-3297
-3312
-3187
-3049
-2981
-3031
-3155
-3204
-3142
-3014
-2885
-2734
-2528
-2291
-2050
-1780
-1416
-993
-588
-280
15
398
862
1380
1884
2363
2765
3128
3518
3968
4506
5024
5433
5658
5717
5750
5859
6037
6182
6189
6042
5759
5409
5051
4772
4552
4279
3852
3268
2688
2188
1739
1336
967
586
138
-369
-829
-1164
-1350
-1461
-1587
-1805
-2035
-2103
-1940
-1669
-1550
-1600
-1597
-1313
-853
-525
-455
-458
-277
88
433
651
800
962
1182
1357
1448
1511
1622
1794
1917
1901
1760
1638
1621
1649
1646
1548
1367
1182
1037
932
844
720
547
351
175
64
-19
-127
-277
-457
-631
-771
-888
-1014
-1182
-1338
-1465
-1584
-1721
-1885
-1998
-2037
-2064
-2194
-2380
-2543
-2576
-2535
-2537
-2586
-2708
-2842
-2910
-2823
-2641
-2540
-2620
-2754
-2797
-2720
-2589
-2522
-2538
-2594
-2650
-2693
-2658
-2575
-2490
-2444
-2502
-2654
-2790
-2787
-2651
-2528
-2547
-2654
-2683
-2580
-2428
-2298
-2106
-1758
-1317
-964
-803
-712
-500
-35
578
1138
1530
1805
2165
2630
3073
3454
3878
4444
5048
5413
5453
5363
5417
5700
6015
6177
6066
5725
5317
5016
4884
4772
4514
4053
3509
2970
2459
1973
1543
1205
853
377
-231
-787
-1144
-1316
-1436
-1617
-1875
-2149
-2330
-2356
-2232
-2057
-1887
-1752
-1626
-1480
-1335
-1105
-761
-366
-87
24
150
430
823
1094
1172
1250
1507
1834
1973
1877
1782
1896
2092
2149
2007
1828
1731
1672
1605
1489
1320
1119
942
827
703
482
221
64
41
-28
-271
-581
-774
-821
-909
-1119
-1355
-1513
-1600
-1700
-1849
-1969
-2030
-2087
-2174
-2273
-2383
-2484
-2500
-2450
-2416
-2500
-2662
-2769
-2746
-2641
-2528
-2458
-2450
-2507
-2637
-2733
-2699
-2536
-2379
-2395
-2592
-2782
-2795
-2623
-2509
-2599
-2807
-2905
-2841
-2783
-2830
-2975
-3044
-2987
-2851
-2728
-2648
-2554
-2372
-2060
-1672
-1307
-1080
-918
-624
-121
455
918
1289
1703
2222
2749
3221
3653
4118
4642
5112
5489
5750
5908
6006
6119
6291
6421
6407
6246
6019
5773
5475
5134
4769
4413
4016
3492
2891
2293
1770
1289
821
383
-65
-541
-1043
-1483
-1747
-1886
-2040
-2275
-2494
-2598
-2595
-2513
-2385
-2197
-1973
-1777
-1609
-1404
-1116
-778
-465
-168
142
409
612
772
998
1306
1610
1794
1860
1900
1988
2115
2212
2257
2168
1976
1827
1795
1820
1761
1523
1228
1033
905
773
617
457
305
96
-184
-427
-572
-673
-842
-1105
-1355
-1528
-1645
-1742
-1836
-1944
-2119
-2312
-2462
-2465
-2392
-2411
-2541
-2719
-2814
-2799
-2732
-2661
-2620
-2619
-2638
-2640
-2584
-2487
-2343
-2232
-2228
-2355
-2506
-2521
-2373
-2172
-2120
-2282
-2577
-2769
-2709
-2501
-2391
-2546
-2853
-3067
-3079
-2958
-2869
-2867
-2893
-2896
-2879
-2776
-2476
-2028
-1583
-1319
-1224
-1111
-775
-171
594
1258
1655
1897
2213
2747
3419
4067
4591
5022
5427
5731
5883
5992
6179
6451
6677
6693
6503
6214
5939
5728
5517
5211
4764
4226
3662
3136
2623
2084
1507
945
456
6
-421
-884
-1353
-1779
-2098
-2281
-2379
-2505
-2676
-2840
-2879
-2744
-2518
-2300
-2149
-1957
-1703
-1387
-1100
-827
-525
-196
140
427
685
923
1153
1413
1718
1991
2153
2197
2259
2349
2392
2323
2233
2225
2270
2193
1934
1637
1473
1475
1448
1281
933
560
303
186
108
-76
-379
-736
-1033
-1238
-1373
-1475
-1586
-1735
-1927
-2146
-2318
-2433
-2478
-2471
-2449
-2519
-2696
-2855
-2873
-2760
-2673
-2642
-2597
-2526
-2511
-2567
-2552
-2401
-2246
-2193
-2203
-2218
-2293
-2443
-2507
-2337
-2143
-2222
-2531
-2724
-2654
-2613
-2784
-2989
-2981
-2866
-2948
-3241
-3438
-3385
-3247
-3166
-3113
-3024
-2894
-2705
-2342
-1845
-1447
-1287
-1147
-726
-36
677
1207
1659
2136
2609
3040
3582
4298
5026
5586
5905
6107
6251
6394
6625
6951
7210
7179
6870
6479
6224
6070
5873
5519
4979
4345
3688
3117
2601
2074
1488
865
256
-314
-825
-1310
-1760
-2157
-2452
-2674
-2849
-3049
-3242
-3308
-3195
-3018
-2866
-2721
-2501
-2168
-1838
-1552
-1282
-933
-486
-23
335
539
680
959
1470
2004
2292
2271
2189
2260
2469
2674
2740
2659
2477
2250
2110
2080
2050
1886
1616
1379
1223
1006
682
384
223
130
-77
-440
-815
-1031
-1103
-1144
-1290
-1537
-1784
-1922
-1941
-1927
-2009
-2162
-2255
-2294
-2284
-2265
-2254
-2274
-2346
-2397
-2342
-2192
-2051
-2023
-2063
-2085
-2062
-1989
-1868
-1780
-1785
-1847
-1900
-1921
-2000
-2128
-2178
-2070
-1985
-2171
-2562
-2804
-2742
-2606
-2703
-2959
-3123
-3155
-3192
-3323
-3405
-3343
-3207
-3073
-2915
-2696
-2465
-2246
-1896
-1404
-904
-566
-284
204
926
1674
2214
2641
3122
3689
4250
4794
5382
5992
6422
6616
6662
6689
6803
7012
7256
7354
7104
6477
5837
5488
5405
5232
4698
3891
3067
2385
1829
1346
885
377
-268
-968
-1563
-1963
-2241
-2505
-2746
-2943
-3145
-3340
-3425
-3286
-2994
-2761
-2638
-2518
-2287
-1934
-1500
-1018
-556
-268
-150
25
486
1103
1565
1784
1929
2140
2293
2349
2444
2671
2917
2906
2605
2285
2173
2244
2265
2125
1828
1445
1148
977
865
675
340
-32
-290
-452
-666
-969
-1259
-1418
-1513
-1673
-1924
-2132
-2187
-2166
-2202
-2348
-2485
-2542
-2518
-2447
-2357
-2359
-2485
-2658
-2693
-2477
-2202
-2104
-2210
-2319
-2332
-2263
-2179
-2055
-1907
-1858
-1976
-2178
-2312
-2330
-2289
-2246
-2206
-2269
-2470
-2703
-2805
-2763
-2712
-2739
-2811
-2924
-3121
-3322
-3301
-3040
-2835
-2904
-3129
-3058
-2589
-2007
-1642
-1530
-1426
-1144
-633
24
673
1168
1542
1968
2513
3102
3635
4170
4826
5485
5948
6147
6270
6506
6825
7082
7188
7159
7020
6789
6493
6173
5830
5441
4984
4461
3878
3250
2611
1960
1320
745
201
-363
-960
-1523
-2009
-2380
-2687
-2965
-3179
-3303
-3339
-3342
-3296
-3227
-3097
-2895
-2586
-2189
-1836
-1574
-1346
-1024
-598
-147
234
528
773
1030
1363
1716
1959
2084
2181
2350
2492
2477
2346
2291
2368
2397
2254
2000
1784
1628
1508
1412
1315
1087
727
392
224
139
-92
-427
-652
-733
-907
-1276
-1629
-1728
-1640
-1652
-1869
-2156
-2346
-2425
-2383
-2282
-2251
-2348
-2587
-2746
-2685
-2488
-2346
-2353
-2402
-2368
-2270
-2203
-2153
-2038
-1872
-1794
-1863
-1979
-1957
-1849
-1859
-1991
-2057
-1982
-1964
-2141
-2323
-2305
-2263
-2420
-2712
-2822
-2721
-2725
-2975
-3234
-3230
-3056
-2945
-2923
-2891
-2819
-2686
-2382
-1827
-1277
-1031
-979
-674
51
836
1352
1715
2260
2977
3575
3998
4463
5102
5789
6334
6678
6850
6915
6982
7177
7450
7550
7330
6961
6627
6345
5951
5422
4897
4436
3979
3361
2594
1801
1151
655
201
-350
-1014
-1652
-2165
-2518
-2790
-3015
-3183
-3338
-3495
-3588
-3544
-3370
-3187
-3029
-2855
-2601
-2288
-1978
-1670
-1359
-1014
-609
-166
205
394
467
699
1215
1762
1988
1850
1699
1843
2160
2290
2161
2007
1972
1970
1853
1623
1399
1253
1181
1083
866
513
130
-133
-210
-237
-475
-887
-1238
-1339
-1339
-1487
-1734
-1890
-1915
-1955
-2106
-2239
-2232
-2176
-2168
-2212
-2202
-2160
-2191
-2244
-2205
-2043
-1918
-1903
-1876
-1790
-1733
-1740
-1728
-1607
-1478
-1507
-1632
-1710
-1677
-1658
-1767
-1893
-1892
-1783
-1786
-2019
-2330
-2477
-2415
-2340
-2440
-2694
-2898
-2952
-2926
-2903
-2892
-2892
-2928
-2927
-2743
-2394
-2083
-1930
-1707
-1236
-717
-382
-137
309
1004
1678
2168
2639
3196
3733
4159
4634
5309
5981
6331
6432
6551
6764
6913
6931
6997
7123
7041
6591
6008
5565
5278
4938
4454
3886
3260
2558
1857
1264
766
209
-450
-1067
-1557
-1959
-2376
-2758
-3037
-3217
-3319
-3369
-3404
-3474
-3515
-3372
-2991
-2600
-2374
-2292
-2126
-1735
-1178
-622
-238
-59
51
372
936
1384
1469
1428
1697
2256
2574
2361
1988
1922
2143
2330
2307
2124
1866
1553
1312
1247
1211
1022
712
465
284
26
-360
-630
-636
-605
-801
-1201
-1503
-1596
-1563
-1557
-1599
-1681
-1846
-2039
-2101
-1953
-1743
-1670
-1796
-1939
-1943
-1878
-1827
-1745
-1624
-1511
-1505
-1568
-1578
-1513
-1453
-1397
-1296
-1220
-1294
-1498
-1573
-1450
-1346
-1452
-1666
-1738
-1665
-1675
-1820
-1996
-2119
-2231
-2350
-2415
-2465
-2587
-2794
-2871
-2779
-2711
-2832
-3009
-2994
-2739
-2410
-2116
-1814
-1535
-1296
-1078
-719
-163
479
1093
1652
2206
2683
3078
3539
4206
4998
5680
6102
6292
6420
6584
6821
7092
7284
7268
7021
6701
6392
6080
5686
5187
4647
4105
3533
2898
2213
1504
839
248
-300
-875
-1520
-2121
-2550
-2807
-3016
-3258
-3477
-3654
-3761
-3762
-3612
-3379
-3168
-3032
-2861
-2538
-2155
-1802
-1484
-1123
-696
-273
85
389
599
751
1000
1427
1904
2128
2040
1883
1941
2169
2312
2270
2084
1886
1766
1705
1642
1470
1204
954
784
625
385
73
-186
-331
-439
-595
-866
-1172
-1401
-1479
-1460
-1495
-1646
-1861
-1993
-2001
-1948
-1906
-1925
-1982
-2001
-1966
-1887
-1841
-1880
-1927
-1873
-1703
-1556
-1511
-1533
-1533
-1473
-1365
-1260
-1229
-1271
-1331
-1311
-1257
-1265
-1360
-1479
-1548
-1565
-1610
-1733
-1871
-1990
-2085
-2189
-2337
-2539
-2720
-2816
-2836
-2855
-2962
-3119
-3217
-3158
-3019
-2868
-2737
-2523
-2147
-1723
-1378
-1154
-902
-433
284
1041
1674
2159
2595
3093
3678
4332
4992
5586
6074
6441
6662
6771
6859
7033
7291
7452
7315
6859
6310
5888
5589
5274
4843
4264
3540
2763
2056
1493
980
394
-255
-922
-1513
-2019
-2406
-2670
-2878
-3107
-3354
-3501
-3541
-3508
-3404
-3211
-2936
-2695
-2538
-2353
-2035
-1615
-1184
-772
-418
-193
-71
172
654
1169
1427
1415
1429
1625
1868
1992
2008
1995
1947
1861
1789
1777
1717
1516
1293
1190
1129
916
572
320
252
177
-70
-397
-616
-739
-878
-1046
-1200
-1353
-1550
-1715
-1751
-1695
-1708
-1861
-2039
-2055
-1936
-1828
-1817
-1881
-1939
-1940
-1871
-1755
-1653
-1606
-1576
-1507
-1416
-1405
-1445
-1461
-1363
-1205
-1124
-1216
-1430
-1571
-1556
-1429
-1398
-1552
-1778
-1916
-2005
-2140
-2289
-2358
-2345
-2399
-2593
-2865
-3093
-3194
-3136
-2958
-2822
-2887
-3107
-3223
-2987
-2491
-2019
-1714
-1505
-1277
-1002
-629
-88
619
1362
1991
2475
2843
3183
3649
4305
5116
5859
6308
6423
6358
6421
6717
7112
7359
7278
6934
6464
6002
5627
5314
5013
4587
3990
3258
2470
1728
1062
540
118
-356
-997
-1744
-2349
-2673
-2796
-2916
-3138
-3407
-3610
-3640
-3522
-3348
-3141
-2914
-2663
-2417
-2202
-1951
-1596
-1141
-701
-346
-90
108
349
698
1094
1362
1457
1512
1707
1935
1968
1833
1771
1905
2037
1962
1733
1547
1451
1359
1238
1090
895
621
363
240
159
-25
-340
-606
-710
-774
-950
-1233
-1433
-1501
-1507
-1564
-1714
-1875
-1982
-2012
-1962
-1900
-1895
-1938
-1967
-1947
-1899
-1852
-1795
-1724
-1632
-1521
-1454
-1466
-1531
-1527
-1379
-1158
-1043
-1091
-1212
-1306
-1366
-1379
-1302
-1227
-1280
-1510
-1741
-1831
-1848
-1961
-2140
-2202
-2172
-2292
-2648
-2953
-2956
-2776
-2717
-2812
-2898
-2886
-2822
-2657
-2318
-1901
-1551
-1335
-1049
-593
-111
361
940
1705
2430
2897
3207
3629
4311
5069
5734
6228
6546
6745
6871
7027
7226
7364
7355
7218
6963
6571
6050
5538
5146
4809
4362
3670
2843
2055
1401
866
339
-237
-867
-1487
-2044
-2489
-2803
-3031
-3197
-3311
-3396
-3506
-3615
-3600
-3358
-2965
-2625
-2453
-2365
-2213
-1920
-1501
-987
-484
-159
-42
21
275
683
1074
1336
1530
1697
1717
1621
1574
1728
1991
2112
2017
1785
1565
1427
1367
1372
1347
1197
885
523
260
154
108
-11
-238
-512
-749
-967
-1157
-1257
-1289
-1340
-1474
-1681
-1833
-1877
-1872
-1863
-1845
-1821
-1842
-1918
-1976
-1891
-1742
-1678
-1711
-1723
-1666
-1599
-1572
-1523
-1435
-1361
-1370
-1447
-1451
-1382
-1337
-1413
-1551
-1622
-1646
-1694
-1789
-1872
-1976
-2143
-2300
-2365
-2378
-2482
-2704
-2911
-2971
-2955
-2999
-3125
-3221
-3195
-3086
-2964
-2856
-2685
-2397
-2011
-1616
-1281
-1004
-656
-76
658
1344
1850
2271
2767
3372
4025
4638
5211
5722
6147
6479
6684
6804
6907
7045
7180
7170
6922
6491
6042
5677
5323
4915
4410
3816
3143
2416
1721
1096
535
29
-475
-1006
-1570
-2142
-2575
-2799
-2904
-3019
-3173
-3319
-3399
-3380
-3249
-3008
-2736
-2513
-2345
-2164
-1895
-1522
-1124
-749
-421
-169
28
227
515
881
1221
1445
1539
1569
1583
1615
1731
1931
2104
2042
1757
1474
1391
1453
1461
1349
1132
866
534
252
163
193
145
-102
-427
-694
-876
-1009
-1060
-1046
-1084
-1273
-1528
-1643
-1619
-1562
-1542
-1524
-1493
-1536
-1632
-1659
-1554
-1397
-1328
-1372
-1454
-1486
-1416
-1286
-1163
-1141
-1196
-1217
-1158
-1098
-1126
-1204
-1240
-1224
-1255
-1377
-1529
-1616
-1639
-1648
-1708
-1878
-2117
-2326
-2420
-2435
-2470
-2590
-2794
-2988
-3118
-3182
-3189
-3118
-2970
-2768
-2563
-2419
-2260
-2045
-1688
-1164
-570
4
458
846
1298
1902
2591
3303
3972
4545
5015
5426
5817
6193
6589
6932
7165
7201
7036
6819
6658
6566
6388
6013
5462
4846
4249
3670
3120
2576
1963
1228
477
-165
-718
-1232
-1720
-2135
-2472
-2800
-3147
-3420
-3529
-3520
-3468
-3425
-3375
-3270
-3111
-2874
-2595
-2294
-1995
-1688
-1349
-1013
-703
-430
-100
249
551
759
910
1096
1343
1573
1689
1684
1644
1674
1735
1763
1703
1606
1519
1438
1299
1098
890
722
626
513
324
42
-217
-370
-463
-585
-783
-1020
-1195
-1316
-1399
-1462
-1535
-1618
-1715
-1790
-1819
-1797
-1766
-1723
-1696
-1698
-1735
-1787
-1773
-1678
-1551
-1480
-1499
-1573
-1606
-1527
-1387
-1262
-1220
-1265
-1343
-1400
-1396
-1312
-1262
-1331
-1479
-1630
-1700
-1735
-1734
-1668
-1647
-1828
-2185
-2472
-2489
-2332
-2273
-2377
-2566
-2763
-2945
-3010
-2852
-2523
-2206
-2045
-1986
-1900
-1705
-1348
-810
-156
408
767
1060
1510
2170
2873
3482
3995
4490
4966
5431
5850
6232
6541
6706
6785
6828
6833
6746
6592
6365
6060
5625
5072
4526
4061
3603
3048
2378
1659
962
327
-208
-672
-1135
-1652
-2168
-2574
-2855
-3052
-3179
-3243
-3280
-3360
-3408
-3292
-3004
-2683
-2458
-2308
-2098
-1812
-1497
-1142
-767
-398
-102
146
342
511
731
1072
1465
1706
1689
1569
1611
1808
1965
1960
1868
1765
1664
1540
1436
1370
1265
1100
940
785
581
349
202
168
129
-66
-409
-689
-821
-869
-889
-932
-1029
-1179
-1380
-1507
-1444
-1278
-1210
-1311
-1466
-1528
-1503
-1468
-1440
-1398
-1368
-1433
-1539
-1571
-1467
-1338
-1267
-1280
-1315
-1379
-1485
-1504
-1400
-1271
-1326
-1515
-1711
-1805
-1789
-1723
-1675
-1752
-1960
-2153
-2212
-2199
-2284
-2507
-2696
-2717
-2676
-2768
-2988
-3177
-3165
-2955
-2707
-2612
-2614
-2484
-2080
-1526
-1150
-1009
-841
-355
407
1167
1747
2174
2576
3052
3635
4306
5007
5625
6080
6352
6449
6497
6605
6823
7035
7016
6703
6208
5740
5347
4975
4568
4094
3534
2862
2085
1328
708
215
-284
-843
-1422
-1998
-2526
-2914
-3097
-3148
-3249
-3455
-3619
-3619
-3464
-3262
-3026
-2744
-2455
-2260
-2090
-1817
-1459
-1066
-658
-246
69
170
169
360
842
1355
1560
1526
1477
1537
1639
1703
1764
1837
1890
1779
1553
1309
1180
1214
1315
1297
1040
644
295
183
262
353
260
-57
-461
-743
-803
-781
-766
-806
-925
-1110
-1350
-1501
-1456
-1299
-1219
-1311
-1491
-1629
-1690
-1666
-1576
-1466
-1460
-1593
-1719
-1698
-1529
-1385
-1374
-1456
-1497
-1486
-1457
-1432
-1394
-1388
-1500
-1653
-1698
-1606
-1536
-1592
-1717
-1742
-1750
-1869
-2075
-2216
-2230
-2247
-2354
-2547
-2752
-2920
-2977
-2879
-2727
-2705
-2773
-2750
-2453
-2010
-1672
-1473
-1268
-933
-472
92
704
1293
1763
2170
2657
3305
4008
4638
5155
5625
6044
6350
6560
6740
6928
7049
7062
6932
6684
6317
5902
5511
5178
4788
4205
3490
2775
2184
1625
1021
403
-201
-771
-1318
-1820
-2241
-2579
-2828
-3028
-3190
-3351
-3504
-3522
-3352
-3068
-2846
-2760
-2696
-2489
-2111
-1642
-1221
-921
-695
-468
-171
164
473
769
1059
1308
1408
1384
1438
1657
1931
1998
1867
1722
1687
1716
1679
1575
1427
1258
1095
952
799
594
355
174
106
29
-200
-535
-758
-769
-767
-918
-1160
-1318
-1312
-1261
-1295
-1402
-1530
-1630
-1634
-1543
-1440
-1454
-1595
-1719
-1707
-1589
-1506
-1504
-1526
-1518
-1500
-1525
-1527
-1467
-1396
-1387
-1471
-1562
-1615
-1627
-1638
-1657
-1722
-1856
-2020
-2128
-2108
-2026
-2012
-2142
-2373
-2634
-2783
-2784
-2674
-2576
-2649
-2908
-3173
-3239
-3041
-2681
-2354
-2150
-2047
-1932
-1681
-1267
-787
-305
183
711
1242
1733
2200
2712
3304
3905
4444
4908
5351
5757
6082
6275
6372
6483
6604
6679
6624
6419
6100
5712
5293
4865
4439
4009
3547
2952
2241
1517
883
384
-57
-504
-1011
-1563
-2098
-2481
-2608
-2602
-2694
-2958
-3224
-3271
-3122
-2922
-2740
-2573
-2399
-2243
-2069
-1834
-1521
-1137
-693
-238
56
35
-137
11
691
1459
1684
1348
1021
1131
1501
1775
1840
1839
1831
1690
1434
1226
1219
1357
1445
1344
1004
542
184
148
353
442
190
-301
-703
-870
-860
-816
-831
-942
-1195
-1509
-1703
-1674
-1512
-1395
-1418
-1556
-1720
-1820
-1760
-1527
-1327
-1327
-1505
-1669
-1641
-1463
-1258
-1114
-1084
-1167
-1287
-1338
-1218
-999
-859
-945
-1190
-1409
-1456
-1324
-1160
-1137
-1371
-1702
-1890
-1858
-1807
-1935
-2192
-2373
-2423
-2503
-2672
-2822
-2817
-2683
-2604
-2680
-2760
-2627
-2260
-1814
-1506
-1381
-1268
-949
-354
345
922
1310
1695
2222
2860
3435
3906
4404
4962
5503
5873
6046
6134
6258
6412
6540
6549
6411
6164
5800
5390
5001
4653
4291
3792
3146
2450
1793
1234
728
227
-332
-941
-1494
-1877
-2112
-2339
-2614
-2901
-3056
-3085
-3085
-3082
-3009
-2819
-2572
-2354
-2201
-2052
-1827
-1467
-968
-462
-193
-232
-285
30
663
1148
1222
1083
1091
1301
1507
1621
1680
1716
1673
1545
1444
1407
1369
1290
1212
1133
929
595
316
256
346
329
100
-214
-430
-584
-689
-701
-682
-790
-1095
-1381
-1452
-1347
-1324
-1454
-1607
-1676
-1682
-1718
-1731
-1728
-1744
-1810
-1872
-1855
-1798
-1786
-1809
-1770
-1663
-1580
-1596
-1658
-1670
-1594
-1489
-1419
-1425
-1510
-1593
-1581
-1470
-1419
-1482
-1572
-1584
-1576
-1674
-1877
-2043
-2064
-2035
-2105
-2326
-2558
-2694
-2668
-2586
-2614
-2741
-2835
-2735
-2449
-2139
-1932
-1818
-1668
-1378
-932
-352
226
707
1088
1524
2112
2777
3365
3883
4501
5143
5618
5831
5976
6251
6642
6932
6956
6781
6562
6400
6253
6013
5614
5058
4450
3935
3483
2935
2195
1416
821
403
-40
-636
-1283
-1788
-2131
-2367
-2567
-2769
-2992
-3219
-3304
-3164
-2881
-2693
-2656
-2636
-2464
-2104
-1646
-1221
-920
-762
-682
-476
-16
533
847
848
777
954
1327
1592
1604
1532
1589
1735
1795
1691
1548
1483
1498
1486
1353
1132
889
709
631
597
512
266
-55
-261
-293
-301
-435
-698
-956
-1087
-1138
-1156
-1200
-1284
-1409
-1553
-1619
-1594
-1561
-1577
-1637
-1634
-1579
-1550
-1618
-1726
-1699
-1529
-1369
-1396
-1565
-1688
-1611
-1419
-1276
-1301
-1490
-1673
-1650
-1372
-1176
-1351
-1768
-1939
-1654
-1347
-1485
-1976
-2231
-2016
-1769
-1931
-2379
-2643
-2589
-2456
-2466
-2630
-2835
-2950
-2870
-2632
-2458
-2464
-2441
-2150
-1665
-1341
-1274
-1109
-560
215
831
1208
1590
2147
2781
3308
3781
4331
4956
5512
5872
6056
6162
6286
6499
6746
6850
6727
6405
6028
5667
5314
4963
4590
4154
3534
2771
2058
1496
1034
557
3
-581
-1134
-1598
-1947
-2224
-2500
-2762
-2919
-2955
-2993
-3107
-3168
-3033
-2722
-2445
-2324
-2289
-2180
-1895
-1390
-756
-335
-393
-729
-684
32
920
1273
1018
730
777
1037
1297
1598
1912
1938
1580
1164
1062
1276
1504
1529
1338
973
534
252
296
499
507
184
-248
-534
-692
-803
-837
-777
-808
-1112
-1531
-1746
-1599
-1346
-1297
-1471
-1704
-1829
-1811
-1663
-1499
-1435
-1485
-1570
-1598
-1595
-1547
-1404
-1173
-1037
-1144
-1381
-1464
-1213
-835
-671
-877
-1207
-1323
-1133
-851
-796
-990
-1214
-1261
-1176
-1189
-1382
-1618
-1705
-1693
-1791
-2007
-2232
-2433
-2624
-2771
-2769
-2684
-2725
-2914
-3019
-2866
-2642
-2517
-2360
-2010
-1565
-1262
-1070
-704
-83
606
1213
1784
2394
2942
3384
3859
4485
5152
5680
6037
6301
6498
6584
6626
6728
6846
6803
6531
6144
5743
5295
4796
4311
3865
3362
2701
1940
1224
622
138
-296
-744
-1270
-1830
-2241
-2466
-2605
-2825
-3083
-3188
-3123
-3021
-3012
-2996
-2843
-2522
-2139
-1909
-1843
-1746
-1358
-673
-96
-16
-310
-318
309
1150
1517
1321
1099
1245
1595
1796
1847
1924
2023
1972
1742
1525
1474
1529
1549
1476
1258
850
462
359
532
602
269
-257
-593
-643
-600
-649
-805
-1002
-1241
-1411
-1438
-1368
-1319
-1390
-1474
-1514
-1559
-1641
-1659
-1526
-1373
-1353
-1472
-1581
-1585
-1498
-1341
-1217
-1238
-1387
-1470
-1357
-1173
-1149
-1265
-1312
-1262
-1228
-1255
-1261
-1248
-1282
-1373
-1411
-1383
-1465
-1698
-1876
-1871
-1875
-2086
-2355
-2450
-2448
-2601
-2923
-3125
-3049
-2899
-2882
-2958
-3035
-3078
-3007
-2688
-2138
-1654
-1489
-1426
-1087
-423
293
881
1453
2119
2746
3141
3494
4054
4820
5550
6028
6273
6375
6425
6549
6816
7073
7066
6720
6270
5946
5675
5282
4732
4161
3651
3113
2471
1777
1105
467
-84
-500
-881
-1372
-1992
-2520
-2732
-2762
-2880
-3115
-3281
-3267
-3192
-3111
-2971
-2767
-2559
-2402
-2188
-1801
-1351
-1096
-1034
-874
-440
120
482
519
460
630
1045
1425
1562
1468
1372
1412
1546
1634
1581
1463
1385
1349
1225
986
728
632
663
646
391
-36
-362
-468
-417
-429
-592
-840
-1081
-1242
-1297
-1263
-1231
-1293
-1404
-1490
-1520
-1511
-1457
-1386
-1329
-1306
-1303
-1281
-1261
-1223
-1161
-1041
-932
-928
-1017
-1074
-1030
-905
-777
-739
-819
-976
-1054
-982
-863
-882
-1057
-1198
-1179
-1148
-1291
-1556
-1760
-1808
-1751
-1714
-1827
-2165
-2626
-2911
-2804
-2481
-2383
-2703
-3164
-3348
-3171
-2846
-2598
-2459
-2361
-2248
-2023
-1653
-1161
-678
-229
249
784
1350
1883
2434
3043
3650
4172
4626
5092
5582
6012
6309
6504
6617
6673
6667
6634
6594
6474
6183
5721
5218
4740
4294
3828
3334
2807
2185
1471
775
224
-178
-534
-967
-1463
-1936
-2282
-2478
-2579
-2676
-2796
-2888
-2937
-2883
-2710
-2461
-2235
-2120
-2101
-1986
-1600
-1059
-654
-540
-569
-479
-159
261
579
719
757
824
975
1107
1135
1104
1149
1299
1363
1216
969
837
843
822
714
563
428
252
-16
-258
-357
-359
-432
-632
-904
-1120
-1245
-1264
-1217
-1229
-1350
-1566
-1710
-1682
-1543
-1438
-1394
-1436
-1538
-1586
-1508
-1299
-1093
-1035
-1125
-1176
-1088
-952
-875
-859
-821
-721
-691
-750
-800
-772
-732
-781
-858
-854
-810
-897
-1119
-1281
-1261
-1238
-1385
-1660
-1859
-1887
-1890
-2047
-2349
-2646
-2772
-2702
-2597
-2653
-2927
-3227
-3256
-2955
-2607
-2463
-2466
-2362
-2061
-1675
-1290
-854
-345
170
637
1087
1611
2212
2808
3366
3893
4377
4801
5195
5596
5955
6202
6295
6302
6335
6373
6337
6153
5835
5443
5011
4596
4197
3779
3278
2677
2051
1452
928
460
15
-444
-908
-1356
-1724
-1968
-2158
-2379
-2614
-2723
-2686
-2582
-2538
-2535
-2500
-2387
-2202
-1960
-1661
-1374
-1157
-1023
-894
-708
-432
-99
227
456
521
486
559
819
1114
1238
1157
1061
1088
1167
1162
1075
1005
996
929
759
568
439
383
311
176
-3
-207
-387
-517
-570
-607
-732
-909
-1039
-1087
-1103
-1158
-1226
-1225
-1214
-1232
-1256
-1254
-1187
-1147
-1159
-1148
-1057
-923
-849
-860
-915
-919
-848
-714
-564
-491
-538
-642
-696
-661
-563
-493
-480
-561
-705
-834
-892
-888
-910
-1024
-1214
-1419
-1625
-1786
-1874
-1909
-2042
-2332
-2690
-2903
-2930
-2895
-2913
-3018
-3146
-3235
-3218
-3061
-2804
-2508
-2209
-1924
-1603
-1288
-960
-504
148
903
1570
2061
2470
2918
3425
3996
4624
5271
5764
5969
5973
5990
6176
6480
6678
6610
6296
5888
5506
5206
4920
4562
4086
3526
2949
2349
1768
1211
739
326
-114
-595
-1092
-1510
-1824
-2041
-2202
-2330
-2445
-2547
-2635
-2701
-2686
-2524
-2257
-2026
-1912
-1900
-1815
-1571
-1223
-877
-628
-480
-393
-264
-25
265
468
572
676
808
911
923
888
910
986
1039
1008
903
763
590
446
377
352
262
71
-155
-357
-516
-659
-762
-838
-939
-1095
-1254
-1368
-1433
-1486
-1506
-1473
-1435
-1481
-1587
-1597
-1484
-1349
-1310
-1302
-1245
-1137
-1071
-1050
-1025
-948
-824
-730
-678
-685
-733
-742
-625
-461
-430
-576
-753
-797
-721
-675
-703
-794
-952
-1199
-1447
-1523
-1402
-1358
-1620
-2034
-2332
-2410
-2425
-2486
-2561
-2636
-2790
-3003
-3086
-2941
-2693
-2518
-2449
-2384
-2205
-1890
-1421
-910
-508
-226
81
634
1385
2062
2509
2853
3305
3852
4366
4790
5196
5616
5905
6005
5982
5974
6055
6154
6144
5930
5542
5074
4640
4291
3988
3605
3078
2450
1801
1259
803
395
-40
-524
-976
-1348
-1656
-1947
-2214
-2409
-2474
-2434
-2407
-2469
-2577
-2574
-2331
-1960
-1656
-1533
-1477
-1302
-1011
-710
-450
-154
171
415
478
461
546
832
1190
1432
1438
1233
1014
978
1178
1431
1473
1210
845
603
558
595
626
537
289
-39
-311
-416
-419
-434
-520
-678
-909
-1145
-1303
-1296
-1199
-1169
-1290
-1479
-1613
-1635
-1553
-1438
-1363
-1411
-1505
-1514
-1410
-1289
-1235
-1230
-1161
-1046
-974
-973
-971
-908
-816
-730
-690
-709
-771
-799
-752
-694
-763
-930
-1030
-1017
-1005
-1153
-1404
-1596
-1663
-1708
-1853
-2026
-2186
-2338
-2510
-2630
-2626
-2613
-2663
-2760
-2748
-2636
-2476
-2302
-2082
-1800
-1538
-1263
-903
-439
43
479
947
1494
2022
2462
2879
3445
4063
4526
4786
5026
5395
5762
5960
5973
5985
6022
6015
5891
5635
5295
4948
4623
4289
3863
3296
2692
2173
1722
1239
674
121
-322
-685
-1072
-1541
-1949
-2209
-2339
-2446
-2554
-2654
-2746
-2820
-2841
-2683
-2396
-2126
-2004
-1954
-1817
-1546
-1241
-971
-719
-475
-244
-65
82
213
374
593
835
1000
986
890
865
993
1129
1118
996
883
834
754
666
568
483
362
203
77
-36
-147
-314
-492
-607
-641
-720
-879
-1068
-1169
-1166
-1169
-1257
-1387
-1457
-1477
-1466
-1437
-1410
-1433
-1477
-1472
-1374
-1264
-1225
-1242
-1215
-1125
-1025
-911
-816
-777
-837
-883
-771
-532
-407
-544
-798
-899
-790
-651
-676
-866
-1087
-1252
-1356
-1467
-1588
-1710
-1839
-2042
-2284
-2470
-2571
-2634
-2735
-2816
-2798
-2732
-2721
-2739
-2668
-2442
-2128
-1767
-1394
-1098
-853
-541
-39
612
1235
1727
2167
2645
3126
3577
4032
4563
5096
5465
5624
5705
5854
6018
6122
6142
6092
5955
5654
5217
4801
4495
4239
3869
3336
2728
2120
1549
1060
673
306
-114
-608
-1113
-1541
-1868
-2042
-2067
-2076
-2237
-2576
-2800
-2677
-2329
-2057
-2007
-2038
-1928
-1673
-1400
-1131
-880
-631
-415
-210
-37
97
225
420
705
946
1009
902
829
879
1022
1148
1188
1120
943
718
591
626
708
657
456
226
47
-86
-191
-241
-255
-320
-506
-761
-980
-1050
-1002
-928
-984
-1220
-1470
-1545
-1430
-1308
-1352
-1532
-1652
-1628
-1519
-1436
-1413
-1470
-1528
-1501
-1370
-1208
-1134
-1186
-1258
-1199
-1018
-868
-882
-980
-990
-866
-778
-834
-977
-1044
-998
-948
-1021
-1201
-1422
-1590
-1607
-1588
-1685
-1964
-2260
-2387
-2376
-2405
-2509
-2595
-2616
-2617
-2623
-2564
-2358
-2108
-1905
-1711
-1430
-1060
-683
-287
149
697
1246
1700
2102
2551
3084
3639
4124
4501
4848
5155
5401
5598
5742
5867
5948
5921
5795
5563
5263
4949
4688
4419
4040
3523
2935
2389
1892
1410
948
561
169
-319
-898
-1391
-1652
-1730
-1816
-2023
-2304
-2555
-2659
-2579
-2380
-2189
-2121
-2143
-2095
-1899
-1615
-1340
-1110
-934
-769
-575
-351
-132
42
178
339
525
686
731
715
779
945
1071
1002
850
788
889
980
908
701
522
471
464
420
329
171
-19
-174
-276
-344
-456
-575
-702
-813
-935
-1088
-1204
-1258
-1292
-1349
-1430
-1523
-1593
-1640
-1644
-1596
-1564
-1608
-1659
-1633
-1520
-1435
-1417
-1443
-1413
-1302
-1190
-1104
-1075
-1106
-1130
-1080
-953
-860
-905
-1027
-1129
-1134
-1099
-1071
-1111
-1266
-1512
-1724
-1780
-1696
-1641
-1767
-2016
-2239
-2382
-2477
-2405
-2128
-1790
-1772
-2126
-2487
-2371
-1692
-875
-383
-374
-563
-578
-153
674
1607
2280
2573
2657
2769
3024
3521
4236
5030
5564
5579
5219
4925
5060
5552
6048
6149
5786
5129
4503
4166
4141
4208
4050
3502
2677
1870
1317
1064
973
814
372
-325
-1034
-1460
-1520
-1399
-1375
-1598
-1992
-2309
-2372
-2152
-1860
-1677
-1634
-1652
-1609
-1517
-1327
-1044
-684
-377
-251
-271
-296
-184
88
431
694
775
639
448
418
597
838
973
931
742
513
364
375
512
579
462
232
26
-86
-151
-221
-253
-269
-344
-543
-766
-871
-857
-825
-907
-1061
-1198
-1257
-1277
-1304
-1362
-1428
-1462
-1486
-1505
-1517
-1515
-1505
-1498
-1487
-1467
-1428
-1372
-1328
-1294
-1278
-1239
-1149
-1060
-1023
-1030
-1045
-1014
-951
-905
-888
-901
-938
-1030
-1148
-1250
-1272
-1262
-1300
-1429
-1650
-1891
-2066
-2124
-2093
-2058
-2108
-2271
-2491
-2623
-2567
-2327
-2057
-1887
-1837
-1795
-1608
-1261
-810
-360
11
352
742
1207
1713
2199
2631
3017
3440
3917
4380
4731
4925
5037
5183
5398
5600
5639
5522
5348
5168
4966
4691
4367
4011
3676
3310
2861
2316
1742
1275
919
608
215
-255
-728
-1113
-1409
-1608
-1709
-1765
-1885
-2131
-2349
-2364
-2153
-1901
-1774
-1748
-1707
-1614
-1471
-1242
-938
-614
-407
-358
-338
-217
22
301
522
612
583
548
632
791
896
865
774
749
785
770
658
544
506
510
428
275
149
74
10
-90
-200
-283
-360
-478
-612
-711
-754
-781
-848
-955
-1046
-1103
-1135
-1178
-1218
-1226
-1230
-1258
-1313
-1344
-1316
-1268
-1263
-1278
-1247
-1173
-1153
-1217
-1274
-1201
-1063
-955
-951
-1030
-1105
-1140
-1062
-937
-867
-981
-1189
-1300
-1256
-1204
-1328
-1520
-1604
-1584
-1669
-1901
-2103
-2124
-2068
-2110
-2247
-2314
-2282
-2244
-2213
-2155
-2010
-1833
-1627
-1353
-1028
-747
-545
-269
195
782
1312
1692
2008
2370
2786
3227
3716
4210
4581
4771
4848
4975
5161
5343
5439
5446
5359
5136
4820
4481
4208
4018
3809
3464
2915
2260
1702
1352
1126
825
354
-217
-703
-1016
-1240
-1456
-1671
-1845
-1944
-2028
-2155
-2313
-2376
-2219
-1909
-1700
-1736
-1835
-1747
-1425
-1065
-838
-731
-616
-454
-284
-113
82
288
442
535
575
601
658
750
875
933
853
713
630
664
729
702
568
411
270
156
85
60
33
-92
-292
-474
-559
-599
-642
-701
-769
-857
-997
-1150
-1198
-1158
-1116
-1148
-1245
-1341
-1400
-1385
-1342
-1290
-1308
-1356
-1388
-1355
-1284
-1266
-1291
-1314
-1274
-1198
-1152
-1171
-1193
-1217
-1214
-1176
-1148
-1157
-1205
-1260
-1300
-1341
-1406
-1492
-1555
-1578
-1648
-1780
-1943
-2066
-2090
-2062
-2066
-2174
-2331
-2374
-2248
-2033
-1922
-1941
-1894
-1662
-1277
-923
-661
-417
-104
287
727
1202
1682
2133
2532
2900
3268
3628
4025
4452
4849
5100
5138
5095
5131
5300
5479
5487
5257
4871
4495
4239
4065
3865
3513
3000
2450
1964
1553
1203
848
475
76
-371
-777
-1062
-1226
-1397
-1597
-1807
-1932
-1964
-1937
-1906
-1911
-1901
-1819
-1609
-1382
-1226
-1136
-1006
-787
-578
-439
-284
-31
235
364
346
361
529
783
923
912
848
815
829
854
863
847
800
730
635
495
361
310
329
311
152
-100
-287
-283
-225
-298
-490
-682
-762
-796
-834
-912
-995
-1068
-1162
-1233
-1299
-1348
-1367
-1357
-1360
-1425
-1541
-1590
-1515
-1410
-1402
-1489
-1519
-1441
-1361
-1349
-1366
-1350
-1273
-1219
-1201
-1200
-1231
-1279
-1302
-1242
-1163
-1191
-1368
-1555
-1630
-1632
-1643
-1711
-1802
-1939
-2144
-2332
-2379
-2266
-2161
-2207
-2376
-2468
-2365
-2142
-1912
-1721
-1548
-1315
-1042
-777
-491
-99
451
1026
1466
1711
1941
2371
3013
3647
4054
4241
4358
4587
4926
5233
5382
5369
5304
5244
5159
4990
4721
4466
4249
3949
3485
2944
2481
2127
1790
1356
857
367
-66
-446
-743
-979
-1235
-1526
-1792
-1955
-2020
-2053
-2090
-2076
-1969
-1853
-1826
-1802
-1650
-1337
-1031
-852
-768
-642
-423
-179
45
235
416
582
692
752
805
884
991
1091
1140
1101
1011
917
888
906
917
841
698
559
445
377
288
202
103
-13
-165
-304
-374
-432
-531
-688
-806
-847
-882
-976
-1132
-1229
-1231
-1230
-1319
-1459
-1528
-1517
-1463
-1501
-1608
-1691
-1686
-1603
-1550
-1586
-1682
-1703
-1642
-1563
-1562
-1639
-1667
-1630
-1605
-1634
-1695
-1700
-1677
-1675
-1740
-1839
-1908
-1906
-1850
-1827
-1891
-2065
-2182
-2146
-1976
-1834
-1836
-1926
-1945
-1812
-1577
-1298
-1055
-869
-704
-525
-259
123
562
998
1372
1685
1932
2213
2611
3127
3625
3944
4080
4178
4370
4620
4841
4965
5033
5017
4881
4663
4455
4330
4228
4017
3664
3195
2721
2321
1976
1661
1323
938
497
31
-396
-702
-887
-1017
-1229
-1508
-1756
-1896
-1919
-1894
-1863
-1805
-1702
-1610
-1537
-1477
-1357
-1096
-738
-435
-332
-356
-275
-13
358
620
705
726
778
876
964
1043
1110
1186
1214
1153
1007
894
878
925
948
866
665
425
263
199
214
200
81
-130
-367
-525
-578
-567
-589
-731
-919
-1073
-1164
-1224
-1258
-1284
-1346
-1455
-1589
-1663
-1672
-1673
-1719
-1777
-1799
-1806
-1850
-1902
-1907
-1868
-1859
-1916
-1965
-1950
-1905
-1877
-1910
-1956
-1988
-1992
-1951
-1917
-1934
-2023
-2079
-2057
-1991
-1954
-1995
-2028
-1995
-1942
-1924
-1923
-1844
-1669
-1500
-1430
-1404
-1255
-977
-644
-385
-211
-44
195
558
963
1314
1578
1822
2117
2480
2832
3103
3335
3568
3796
4006
4157
4244
4288
4321
4342
4340
4257
4089
3872
3645
3435
3206
2955
2643
2270
1856
1480
1173
889
568
197
-158
-461
-716
-966
-1188
-1349
-1450
-1527
-1622
-1720
-1770
-1720
-1581
-1410
-1266
-1205
-1158
-1017
-740
-443
-223
-86
20
181
372
557
744
932
1055
1077
1047
1062
1150
1269
1324
1249
1067
906
845
857
854
752
553
338
168
56
1
-56
-135
-271
-449
-635
-779
-803
-759
-752
-863
-1087
-1263
-1280
-1184
-1106
-1166
-1311
-1454
-1513
-1492
-1455
-1445
-1504
-1593
-1659
-1716
-1732
-1749
-1764
-1778
-1833
-1897
-1964
-1981
-1976
-1981
-2026
-2056
-2050
-2036
-2055
-2117
-2115
-2025
-1937
-1934
-1976
-1963
-1854
-1745
-1681
-1643
-1552
-1371
-1198
-1101
-1019
-857
-598
-329
-113
50
221
461
727
1005
1265
1520
1780
2020
2248
2487
2722
2949
3190
3397
3525
3587
3648
3763
3887
3938
3887
3787
3680
3577
3458
3301
3133
2924
2669
2380
2100
1827
1571
1321
1053
765
443
136
-104
-275
-448
-633
-841
-1002
-1094
-1166
-1210
-1236
-1214
-1157
-1109
-1090
-1047
-933
-769
-594
-456
-350
-258
-142
13
190
361
497
595
645
679
732
840
952
989
936
861
830
809
804
784
719
603
465
357
307
262
180
58
-55
-150
-247
-319
-393
-471
-550
-649
-748
-826
-895
-943
-990
-1059
-1127
-1198
-1266
-1314
-1356
-1385
-1437
-1497
-1549
-1609
-1649
-1682
-1703
-1747
-1805
-1859
-1871
-1852
-1855
-1935
-2036
-2055
-1990
-1909
-1923
-2028
-2143
-2162
-2068
-1964
-1927
-1970
-2023
-2028
-1984
-1907
-1815
-1700
-1603
-1556
-1510
-1418
-1272
-1079
-854
-642
-466
-347
-229
-13
306
633
897
1075
1252
1470
1738
2038
2302
2519
2703
2888
3062
3207
3303
3403
3534
3626
3625
3569
3492
3435
3391
3300
3170
2973
2763
2536
2305
2098
1890
1662
1400
1128
872
632
394
185
19
-128
-287
-475
-655
-773
-796
-765
-749
-796
-889
-929
-849
-685
-559
-489
-455
-398
-300
-196
-74
72
207
288
328
345
382
449
543
624
646
601
517
464
475
521
530
455
325
221
177
179
150
67
-34
-129
-174
-216
-269
-338
-393
-419
-476
-562
-639
-660
-666
-690
-759
-831
-884
-926
-960
-999
-1031
-1089
-1158
-1215
-1262
-1303
-1366
-1425
-1452
-1469
-1495
-1551
-1642
-1711
-1736
-1707
-1659
-1682
-1775
-1869
-1885
-1834
-1774
-1750
-1760
-1761
-1760
-1751
-1727
-1663
-1560
-1461
-1409
-1401
-1388
-1330
-1214
-1051
-889
-757
-671
-615
-510
-330
-79
155
325
442
569
761
1000
1229
1424
1632
1848
2031
2157
2265
2432
2674
2879
2948
2961
2965
3015
3104
3156
3160
3100
2996
2857
2752
2650
2523
2387
2216
2011
1762
1509
1299
1121
948
761
533
298
54
-158
-290
-334
-380
-511
-706
-856
-888
-842
-774
-744
-738
-757
-755
-691
-570
-423
-293
-196
-139
-90
-23
84
234
361
432
438
431
459
510
565
592
590
523
413
346
348
342
260
130
22
-44
-124
-225
-331
-425
-505
-604
-711
-806
-895
-969
-1027
-1067
-1137
-1236
-1321
-1348
-1343
-1346
-1394
-1456
-1491
-1502
-1481
-1462
-1464
-1495
-1515
-1499
-1459
-1452
-1483
-1508
-1480
-1445
-1440
-1477
-1527
-1523
-1488
-1446
-1439
-1485
-1543
-1558
-1511
-1451
-1441
-1483
-1517
-1492
-1438
-1394
-1363
-1312
-1237
-1175
-1116
-1054
-977
-857
-654
-401
-231
-203
-206
-47
330
708
911
953
974
1140
1456
1819
2087
2193
2190
2237
2424
2677
2855
2923
2929
2931
2923
2915
2917
2932
2940
2870
2736
2544
2354
2206
2151
2134
1999
1698
1353
1134
1086
1082
954
704
425
212
125
104
66
-25
-174
-300
-373
-387
-363
-317
-288
-287
-333
-389
-354
-243
-103
1
13
-41
-76
-15
161
338
397
311
189
189
313
461
501
420
300
227
239
296
313
241
133
42
0
-44
-119
-185
-248
-309
-409
-502
-597
-691
-770
-835
-860
-909
-1022
-1154
-1227
-1218
-1210
-1270
-1350
-1409
-1416
-1422
-1435
-1452
-1446
-1431
-1425
-1404
-1387
-1385
-1391
-1349
-1262
-1188
-1175
-1199
-1201
-1141
-1063
-978
-943
-947
-961
-940
-841
-770
-758
-794
-784
-702
-627
-645
-706
-724
-645
-541
-496
-530
-600
-618
-528
-395
-299
-291
-358
-371
-285
-99
54
98
76
96
247
458
598
639
663
774
958
1123
1212
1255
1319
1417
1558
1679
1764
1786
1779
1804
1864
1937
1947
1896
1840
1807
1766
1711
1671
1631
1551
1429
1287
1182
1100
1031
958
873
748
571
420
403
444
396
240
76
35
70
86
29
4
6
-13
-26
-9
50
73
69
74
122
145
122
89
106
190
229
167
67
7
13
45
67
38
-82
-227
-299
-274
-237
-300
-448
-570
-630
-653
-689
-733
-768
-819
-909
-983
-1002
-970
-953
-976
-1016
-1058
-1059
-1051
-1012
-973
-955
-980
-1023
-1020
-961
-872
-843
-876
-934
-930
-860
-793
-788
-833
-841
-811
-759
-720
-712
-723
-733
-713
-648
-576
-566
-585
-584
-518
-423
-375
-371
-349
-301
-260
-203
-130
-76
-68
-66
-17
80
138
137
109
143
220
250
251
256
284
292
287
308
380
410
363
318
361
465
536
551
543
567
614
667
750
872
937
941
944
1002
1116
1233
1307
1348
1373
1373
1389
1446
1529
1584
1576
1520
1460
1433
1435
1425
1416
1360
1236
1093
991
971
974
904
760
604
493
445
402
337
262
187
108
41
-20
-46
-45
-66
-82
-94
-111
-148
-188
-164
-98
-54
-72
-152
-205
-185
-126
-109
-144
-221
-304
-361
-373
-367
-419
-530
-652
-726
-768
-816
-920
-1015
-1066
-1115
-1177
-1246
-1299
-1356
-1396
-1425
-1404
-1370
-1393
-1432
-1431
-1343
-1245
-1203
-1180
-1126
-1037
-945
-869
-785
-691
-608
-554
-498
-417
-332
-277
-247
-205
-152
-127
-124
-114
-97
-98
-110
-130
-146
-155
-170
-212
-244
-255
-287
-315
-334
-332
-343
-366
-376
-350
-303
-273
-276
-277
-231
-180
-121
-63
-6
43
71
101
175
274
352
391
395
432
499
559
595
619
663
696
699
696
701
733
748
743
755
762
753
733
717
744
787
802
779
751
753
755
769
802
845
869
826
769
773
833
877
875
844
821
798
768
777
816
816
750
656
612
622
598
524
462
444
408
300
194
152
143
106
24
-62
-130
-208
-274
-291
-279
-313
-427
-541
-571
-520
-500
-564
-628
-654
-660
-683
-703
-702
-708
-741
-781
-765
-758
-800
-855
-858
-808
-812
-881
-962
-963
-914
-902
-920
-957
-965
-967
-970
-933
-883
-879
-901
-891
-819
-739
-696
-683
-642
-546
-470
-421
-373
-299
-213
-127
-70
-16
47
95
161
240
300
319
315
331
385
445
467
437
405
399
422
445
426
394
371
360
351
342
338
333
315
286
272
287
314
320
322
339
351
359
372
418
470
498
503
499
531
577
599
595
615
631
613
587
582
600
595
563
528
503
462
410
349
324
316
278
198
129
105
91
54
6
-4
-11
-40
-68
-65
-38
-27
-43
-31
16
45
46
66
115
172
210
186
196
247
286
300
288
294
298
282
258
242
242
196
124
80
60
21
-63
-142
-185
-203
-257
-353
-434
-481
-520
-551
-588
-627
-679
-746
-767
-744
-727
-740
-778
-787
-749
-711
-705
-712
-686
-640
-606
-586
-560
-534
-513
-489
-451
-414
-402
-422
-421
-383
-345
-332
-354
-366
-357
-330
-329
-334
-337
-339
-328
-309
-273
-263
-255
-248
-235
-190
-151
-125
-98
-49
19
64
95
127
190
257
309
358
386
414
440
496
556
593
611
597
610
642
665
664
642
629
629
613
597
583
562
549
531
506
477
450
422
394
395
389
354
325
309
307
323
325
304
287
285
294
304
311
311
305
303
305
315
324
316
308
291
279
275
255
234
215
190
155
126
107
83
61
38
5
-20
-39
-72
-93
-111
-128
-145
-162
-168
-173
-183
-181
-187
-199
-195
-200
-200
-183
-179
-190
-190
-180
-176
-168
-167
-180
-194
-206
-207
-208
-226
-250
-275
-287
-301
-313
-321
-338
-358
-382
-397
-400
-408
-430
-452
-452
-434
-427
-432
-445
-427
-395
-369
-341
-329
-306
-275
-249
-206
-162
-145
-135
-103
-59
-27
-18
-12
7
37
63
74
101
106
98
100
116
126
116
108
111
125
124
111
89
88
96
106
109
103
120
133
148
160
176
190
197
200
238
271
281
286
296
331
347
359
365
376
389
385
387
390
383
361
342
326
316
301
263
230
222
202
170
144
123
107
84
66
55
31
25
14
-3
6
0
-12
-15
-6
16
32
28
31
43
50
68
88
91
90
74
84
100
101
86
53
39
38
21
-14
-44
-73
-112
-139
-155
-180
-202
-241
-265
-283
-304
-340
-369
-373
-387
-392
-419
-425
-427
-433
-415
-419
-409
-401
-399
-381
-356
-342
-341
-338
-335
-315
-297
-295
-294
-301
-299
-298
-292
-290
-302
-317
-325
-320
-322
-329
-338
-345
-331
-330
-333
-338
-334
-316
-309
-282
-265
-240
-218
-193
-133
-99
-76
-44
-3
45
91
127
161
203
237
260
286
322
347
362
384
400
423
427
416
420
430
433
420
404
382
366
363
355
346
326
303
289
282
288
281
274
268
278
294
307
303
307
322
320
326
338
355
350
359
366
367
360
348
344
332
330
310
296
267
242
223
198
177
140
114
93
67
47
15
-22
-48
-59
-66
-72
-89
-101
-114
-128
-124
-123
-114
-118
-105
-91
-86
-78
-75
-64
-47
-32
-29
-16
-27
-30
-31
-39
-44
-66
-93
-117
-135
-151
-184
-212
-229
-265
-280
-299
-323
-354
-380
-391
-405
-408
-433
-431
-425
-426
-420
-420
-406
-394
-380
-347
-328
-307
-279
-257
-232
-208
-185
-166
-145
-121
-103
-91
-87
-82
-74
-73
-68
-67
-69
-70
-75
-82
-88
-91
-105
-107
-111
-103
-102
-101
-89
-91
-73
-47
-25
-13
11
43
69
98
126
165
202
240
278
320
335
355
385
397
415
420
423
424
433
439
420
411
401
373
347
331
309
281
256
229
209
185
163
130
106
95
90
81
67
69
64
65
71
79
88
87
92
105
119
145
148
154
173
172
176
172
167
168
164
146
142
124
98
78
52
25
0
-25
-57
-82
-120
-137
-159
-193
-216
-231
-241
-253
-265
-280
-275
-276
-277
-275
-267
-256
-250
-236
-231
-214
-206
-212
-198
-190
-181
-163
-163
-165
-152
-158
-175
-182
-191
-205
-218
-229
-241
-253
-275
-278
-285
-293
-307
-322
-327
-319
-319
-316
-310
-307
-293
-287
-264
-244
-218
-192
-169
-138
-113
-83
-60
-30
3
28
54
77
92
112
134
146
164
171
180
187
190
192
185
190
195
196
186
183
178
159
159
156
158
163
168
176
181
189
197
205
218
218
237
254
265
281
286
293
306
316
326
332
331
328
326
329
326
314
300
288
275
258
239
214
192
178
161
143
121
106
88
73
60
38
26
16
7
2
7
10
7
11
19
17
18
25
25
23
32
42
36
40
41
41
37
29
18
12
2
-22
-35
-46
-57
-63
-88
-113
-125
-149
-161
-172
-187
-202
-217
-225
-239
-252
-265
-273
-276
-277
-286
-279
-280
-276
-266
-255
-247
-243
-225
-221
-214
-219
-202
-186
-192
-186
-193
-186
-171
-161
-164
-162
-163
-166
-173
-171
-168
-173
-168
-177
-173
-179
-177
-168
-156
-151
-145
-129
-122
-96
-79
-65
-49
-19
0
23
54
70
80
98
123
137
157
167
186
199
207
216
219
221
227
231
224
225
222
217
210
201
190
183
167
160
145
133
132
123
110
104
104
107
105
102
104
107
117
113
117
128
124
133
137
142
141
146
146
142
151
135
130
135
124
111
103
92
86
68
50
44
22
11
1
-18
-29
-37
-46
-65
-80
-75
-75
-86
-89
-90
-89
-102
-101
-93
-91
-84
-84
-75
-79
-80
-69
-71
-75
-73
-69
-71
-75
-77
-77
-92
-106
-123
-128
-139
-147
-149
-168
-170
-182
-193
-197
-203
-208
-214
-223
-219
-217
-215
-212
-199
-193
-194
-177
-158
-135
-120
-102
-95
-81
-57
-34
-21
-8
8
15
28
36
45
58
59
67
69
68
69
64
64
55
60
52
50
46
43
48
53
53
52
54
57
79
68
87
95
97
115
125
136
148
153
148
171
174
181
189
197
196
204
205
198
197
190
189
179
172
155
146
135
127
108
83
74
60
40
25
20
2
-10
-25
-36
-35
-45
-45
-45
-45
-45
-34
-29
-26
-17
-12
-4
2
12
13
18
19
22
20
12
15
4
0
-4
-7
-11
-23
-32
-42
-64
-70
-82
-102
-117
-126
-133
-142
-146
-157
-168
-171
-175
-177
-184
-180
-165
-164
-154
-139
-130
-127
-116
-104
-94
-88
-78
-75
-68
-63
-60
-53
-61
-52
-51
-48
-50
-48
-54
-58
-50
-49
-67
-74
-71
-76
-71
-62
-49
-61
-65
-60
-42
-29
-20
-2
0
9
30
49
66
79
89
104
114
128
139
156
165
168
175
175
179
180
177
168
169
165
164
158
153
149
137
127
120
110
109
109
96
86
84
79
71
69
63
54
54
57
54
57
51
56
56
60
64
60
50
45
47
39
48
44
38
39
28
20
20
8
-3
-14
-24
-36
-48
-57
-75
-81
-88
-96
-102
-98
-99
-98
-115
-117
-114
-124
-116
-117
-106
-106
-100
-93
-99
-88
-76
-82
-75
-76
-83
-80
-82
-82
-72
-70
-71
-71
-73
-70
-79
-83
-81
-77
-82
-88
-79
-77
-83
-77
-77
-83
-81
-77
-68
-65
-56
-51
-48
-32
-23
-15
-13
-10
0
6
23
29
23
25
32
39
48
50
44
52
56
62
66
65
72
53
62
77
73
69
76
89
81
70
71
76
74
80
78
87
82
82
92
91
96
98
116
104
102
112
111
113
102
105
108
101
106
113
114
114
105
104
95
88
84
81
73
60
62
53
40
35
37
26
27
19
22
19
9
9
-4
-4
-15
-13
-9
-13
-16
-21
-30
-24
-29
-25
-24
-32
-31
-34
-36
-44
-48
-53
-61
-58
-63
-67
-73
-82
-79
-81
-81
-82
-79
-81
-85
-83
-89
-92
-97
-95
-85
-83
-84
-83
-81
-85
-84
-85
-82
-77
-85
-76
-76
-79
-79
-77
-71
-70
-64
-60
-61
-62
-58
-54
-46
-50
-54
-43
-41
-41
-33
-32
-30
-19
-12
-13
-11
-10
-6
-7
1
6
0
9
6
17
25
26
25
32
34
35
42
37
44
45
41
46
50
51
60
61
60
56
63
60
58
66
59
64
59
64
57
64
59
56
57
50
51
51
59
55
53
53
51
57
61
52
41
48
61
56
45
44
47
31
27
27
27
24
21
18
7
18
7
11
17
15
20
15
19
10
22
10
-9
-2
0
-7
-17
-7
-9
-16
-15
-23
-24
-21
-31
-31
-35
-33
-35
-35
-34
-44
-33
-29
-25
-35
-43
-47
-51
-45
-46
-47
-43
-48
-53
-51
-50
-47
-44
-41
-47
-49
-51
-48
-53
-46
-41
-43
-41
-39
-35
-32
-33
-32
-19
-22
-12
-22
-20
-11
-11
-11
-11
-10
-15
-9
-10
2
7
6
7
6
10
16
7
12
8
12
16
7
16
15
15
20
18
24
32
25
29
25
35
34
31
30
28
32
33
35
33
35
36
39
37
48
44
43
40
40
35
36
44
38
33
36
46
42
44
39
38
32
38
36
28
36
32
28
28
23
19
16
19
16
19
23
15
22
22
26
25
29
21
15
23
13
4
-4
1
2
0
2
-5
-11
-11
-6
-5
-9
-6
0
-1
-4
-1
-1
-5
-10
-9
-17
-15
-10
-18
-20
-29
-37
-33
-32
-32
-29
-28
-26
-35
-34
-37
-34
-34
-37
-35
-36
-21
-29
-30
-38
-32
-26
-23
-23
-32
-20
-31
-31
-24
-26
-21
-16
-10
-7
-10
-14
-15
-7
-11
-13
-5
-2
9
7
9
5
3
9
6
6
9
12
6
21
30
29
29
25
26
22
30
37
26
18
18
20
23
26
26
26
22
28
32
31
29
26
31
28
26
21
18
19
19
15
17
8
3
10
9
16
20
16
18
21
14
16
3
7
9
3
13
4
0
-2
-4
-2
-8
-19
-16
-13
-12
1
7
-5
-7
-10
-17
-19
-6
-6
-10
0
2
-3
-11
-2
-1
-1
8
1
-5
-15
-16
-16
-6
0
-1
-2
-3
3
5
6
0
0
0
8
3
6
7
0
0
-2
0
1
8
-3
-1
0
7
6
-7
-1
-2
-3
-4
-2
-10
-8
0
-7
0
-2
3
10
3
-3
-1
5
8
9
4
-6
-11
-10
-15
-4
-2
-7
1
-6
-2
0
-7
-1
13
5
-3
8
5
4
6
-2
7
2
-3
2
0
3
-5
3
2
-3
-1
2
6
8
14
15
6
7
13
10
6
7
13
6
7
18
9
7
5
3
-2
3
5
-8
-3
-1
-4
-4
-2
-2
-9
2
-2
0
-6
-9
3
-2
1
0
-6
-5
-3
-5
2
0
-3
-4
-9
-5
-3
2
-7
-9
-6
-18
-15
-4
-14
-14
-9
-19
-21
-9
-16
-15
-9
-13
-13
-16
-11
-11
-15
-13
-22
-19
-25
-25
-16
-28
-22
-25
-27
-22
-22
-24
-22
-25
-34
-31
-29
-19
-24
-10
-17
-21
-17
-22
-15
-18
-11
-14
-16
-16
-21
-20
-15
-16
-22
-20
-18
-18
-19
-15
-8
-5
-7
-6
-12
-6
-3
-9
-2
-10
-6
-4
-6
-6
0
2
-4
-4
-16
-9
-7
-5
0
6
4
-1
-6
-2
4
-2
0
0
-3
-15
-9
-4
-2
-6
-4
0
-7
-7
-5
0
0
4
3
3
3
3
-3
3
6
5
9
10
18
14
12
10
-3
1
-7
-12
-3
-16
-9
-9
-16
-22
-12
-6
-11
-6
-7
0
3
-11
-13
-15
-23
-12
-16
-11
-6
-3
6
5
-4
1
12
5
0
3
10
6
24
22
9
9
9
10
10
13
18
22
20
14
9
15
8
-3
-1
1
7
0
-3
-7
-17
-10
-6
-6
-7
-4
-3
-6
-6
1
12
15
17
5
13
16
17
13
9
13
13
12
7
4
-1
8
15
14
13
13
9
9
3
13
11
3
1
-5
-6
-16
-10
-6
-9
-10
-15
-27
-28
-26
-25
-24
-16
-10
-10
-18
-18
-15
-16
-12
-8
1
-4
-1
-2
-6
-4
0
6
8
11
13
22
20
19
19
16
18
20
21
15
19
25
22
24
19
34
23
13
13
11
19
10
12
4
6
12
12
12
16
15
8
3
6
4
5
8
6
5
0
8
0
0
3
-3
-11
-7
-10
-6
-5
-9
-7
-7
0
0
14
19
23
19
13
16
16
18
11
8
5
7
2
-9
-2
-6
-7
-8
-17
-13
-13
-8
-8
-12
-10
-9
-12
-13
-19
-14
-16
-18
-11
-13
-12
-14
-12
-6
-1
4
7
6
6
5
9
12
13
10
12
14
14
22
18
23
32
31
28
17
10
16
1
5
2
-4
-3
-4
-2
-7
-7
-5
0
7
13
-8
-1
-9
-12
-12
-15
-6
-7
3
-1
-4
-2
6
7
12
12
13
10
6
9
4
-2
9
19
9
9
1
4
2
9
15
10
3
-1
-6
-13
-16
-18
-14
-30
-29
-25
-18
-11
-13
-15
-14
-2
-3
-12
-21
-22
-23
-25
-12
-7
-4
3
5
7
3
6
13
7
3
3
-1
14
10
2
3
1
3
7
14
21
21
18
22
13
11
13
15
18
9
8
9
11
13
7
3
15
19
17
23
22
16
11
5
1
3
11
4
10
17
17
20
14
15
20
17
15
19
12
10
16
13
12
16
7
12
9
5
8
7
10
2
16
16
12
11
3
3
-6
-4
-4
2
0
-12
-14
-15
-8
-6
-6
-4
-2
-7
-7
-15
-13
-6
-3
0
1
3
-8
0
-6
1
6
-5
3
-2
-3
-3
11
5
3
4
-7
1
2
2
-3
-6
-2
2
0
-12
-1
-3
4
6
2
16
7
4
9
4
-2
1
6
7
4
0
5
-10
-21
-23
-22
-28
-29
-34
-39
-20
-29
-35
-28
-30
-20
-23
-29
-31
-28
-23
-29
-28
-18
-16
-23
-23
-32
-28
-23
-24
-8
-13
-22
-19
-5
-5
-7
-4
-8
-10
-15
-14
-8
-3
-6
-18
-21
-20
-27
-19
-18
-25
-18
-14
1
-3
-6
-12
-16
-15
-20
-7
-11
-13
-9
-7
-1
-3
-2
2
3
0
5
9
-6
-9
-10
-7
-6
-6
-8
-14
-21
-25
-24
-20
-17
-14
-19
-22
-22
-19
-17
-33
-25
-25
-25
-26
-32
-30
-23
-21
-26
-18
-17
-23
-19
-13
-11
-9
-9
-7
-14
-9
-2
-7
-3
-3
0
1
7
6
7
-2
-11
-13
-18
-25
-25
-27
-24
-24
-22
-9
-17
-16
-12
-9
1
3
5
7
8
10
-3
0
-1
7
7
0
3
-3
1
-3
3
11
16
14
15
18
15
17
22
14
10
18
16
13
22
20
21
16
22
25
28
33
17
20
12
10
14
4
2
-6
-10
-7
-2
1
-4
1
2
0
3
4
6
7
7
2
4
3
-3
-13
4
9
2
12
13
18
19
13
5
-2
-9
-9
-9
4
4
-2
-7
-4
-7
-5
9
4
12
7
6
16
12
13
9
6
11
14
9
2
7
5
7
12
7
3
9
12
16
20
19
26
21
16
8
12
14
20
19
16
28
25
21
14
16
10
9
21
20
22
29
21
11
11
16
16
18
17
16
17
14
22
20
7
-2
4
3
15
14
7
15
6
0
1
6
6
6
-3
3
7
9
17
10
0
-3
2
-9
-7
0
-6
-1
-4
-4
3
-8
-12
-9
-9
-5
-3
-2
0
-1
-3
6
3
0
3
0
2
-2
2
-2
0
3
-8
-3
-9
-8
3
1
-8
-4
-16
-16
-4
-3
0
7
-1
-9
-4
-7
-2
-10
-2
13
14
20
11
3
9
7
9
12
9
6
-2
-10
-12
-10
-14
-1
-6
2
6
-13
-17
-11
0
3
-9
-24
-22
-19
-17
-16
-15
-7
-7
-10
-8
-9
3
10
7
14
9
12
8
-1
4
3
10
13
17
19
16
13
9
13
15
15
15
13
9
10
12
13
9
11
12
18
21
20
22
10
7
6
7
10
7
0
-4
-4
1
0
0
-6
4
15
6
19
21
15
7
17
22
19
18
22
23
16
26
23
17
17
18
12
16
16
20
18
27
20
17
25
4
3
-12
-10
-12
-17
-10
-4
0
-9
-10
-18
-16
-8
-16
-5
2
1
13
2
-3
7
1
1
4
3
2
6
15
10
1
3
3
6
7
17
22
25
19
4
2
-3
9
6
7
8
4
8
-2
6
-1
3
1
-8
-16
-15
-6
-7
11
2
-1
5
0
-10
-11
3
6
7
4
9
8
8
11
5
11
13
12
10
5
9
3
2
3
-4
-7
-3
4
8
9
5
-4
-8
-3
-9
3
7
-2
-9
-16
-12
-19
-15
-21
-24
-17
-15
-20
-23
-25
-26
-29
-34
-25
-25
-22
-15
-11
-9
-12
-2
-1
-6
-13
-7
-5
0
1
-11
-22
-20
-10
-13
-14
-7
-1
-1
3
-9
-3
2
-10
-7
-9
-7
-13
-7
-13
-14
-8
-13
-3
-6
-14
-9
-18
-25
-17
-17
-15
-19
-18
-21
-10
7
4
2
-6
-10
-6
-9
-7
-3
3
8
10
13
7
0
-4
-4
0
13
6
11
16
10
13
4
0
-14
-12
-2
-7
-14
-16
-16
-12
-19
-22
-18
-16
-10
-5
-1
-16
-26
-22
-28
-29
-16
-19
-22
-32
-28
-20
-27
-20
-23
-16
-8
-6
1
13
7
4
-3
-6
-6
-8
-3
-8
-10
-7
-3
-15
-23
-20
-15
-13
-10
-4
-6
-14
-11
-12
-18
-16
-19
-4
-1
9
15
15
13
-1
-7
-13
-10
-7
-1
10
16
4
3
1
-4
0
5
11
7
16
12
13
13
-1
-2
0
3
-1
3
10
9
9
2
-4
-13
-16
-3
7
15
18
17
8
-3
-7
2
4
4
4
3
13
12
8
9
4
-1
-5
3
5
12
10
-4
0
1
-10
-5
0
5
9
12
7
5
13
2
6
4
-4
1
3
1
-6
-7
-6
-6
3
-4
-10
2
1
18
18
13
4
-2
5
6
10
9
9
0
0
-2
0
-9
-8
-13
-15
0
-6
1
0
-7
-7
-7
-1
3
15
14
15
10
0
5
0
7
7
-3
4
-1
6
11
5
0
-2
7
12
1
-7
-7
-17
-14
-6
-4
-6
-16
-4
-16
-8
-1
-6
-8
-6
3
-3
1
-10
-12
-7
-5
-7
0
5
-1
-3
-5
-9
0
-3
1
4
0
7
-6
-5
-7
4
3
7
4
2
9
6
14
7
-3
-7
5
-7
-4
-6
-11
1
-1
-7
-6
-6
-2
-10
-7
-6
-8
-3
-3
-10
-14
1
1
3
0
0
-7
-6
-3
-8
-13
-20
-15
-9
-8
-7
1
0
2
-9
-4
-9
-9
6
7
3
-2
0
-10
-13
-10
-11
-13
-13
-13
-13
-13
-15
-20
-12
-14
-4
-4
-9
-2
0
-7
-4
-8
-16
-16
-19
-9
-11
-9
-1
6
3
1
3
5
10
7
3
17
21
27
25
24
27
14
22
11
20
26
14
12
6
1
-2
2
2
5
9
5
8
-1
-3
6
8
12
9
10
7
17
19
24
18
20
31
19
21
21
22
32
31
19
19
15
21
19
23
19
19
20
21
19
7
5
-1
6
-1
5
3
9
12
8
2
-7
-7
-3
3
-6
-5
-2
2
9
7
2
9
10
6
12
12
10
7
9
11
14
31
32
27
36
26
29
29
22
13
10
19
20
26
19
12
16
22
26
17
22
20
24
22
20
19
18
24
16
28
12
4
-3
-3
-3
1
15
7
-1
-2
3
4
8
11
10
4
2
0
12
21
27
16
14
13
7
14
20
26
22
20
9
2
3
10
0
12
13
11
13
8
9
8
0
5
8
3
6
3
7
5
4
-3
-9
-27
-21
-21
-21
-24
-19
-17
-24
-17
-27
-16
-13
-4
-1
-4
-8
-7
-5
-1
-6
-7
-7
-15
1
-7
-9
-5
-13
-22
-22
-21
-13
-13
-6
-3
0
8
9
4
9
1
-6
-4
1
9
-12
-15
-18
-12
-12
-15
-16
-23
-19
-8
-9
-6
-3
-9
-7
-4
-6
-12
-4
-13
-14
-16
-22
-11
-8
-13
-13
-20
-18
-23
-10
0
-5
8
-2
2
3
9
9
2
4
11
5
7
1
-6
-11
-12
-4
-18
-10
-19
-12
-13
-5
-4
-13
-16
-16
-12
-12
-6
-7
2
-2
-6
-2
3
3
-4
-12
-9
-2
5
11
18
13
7
11
15
15
16
18
12
8
2
0
0
4
8
6
7
14
3
6
6
-4
-4
-13
-10
-4
-1
-3
6
13
12
3
5
4
0
8
7
3
7
9
5
6
7
9
10
8
2
4
9
9
-6
3
3
3
1
0
5
4
10
10
6
-2
-3
-12
-13
-9
3
0
-3
-6
-7
-3
-12
-13
-16
-14
-9
-10
-13
-11
-5
-10
-11
-13
-26
-23
-30
-12
-20
-16
-6
-7
7
-3
6
0
2
8
16
11
15
10
9
9
7
22
20
15
13
10
10
10
0
3
0
0
-10
-11
-13
-15
-16
-6
-5
-2
0
-6
-10
-18
-3
-11
-9
-12
-19
-22
-19
-10
-7
-8
-18
-12
-13
-9
-12
-15
-10
-4
-6
-13
-11
-6
-8
-13
-13
-13
-11
-3
3
1
6
12
10
3
-4
5
12
4
7
8
-3
-5
7
6
4
-6
-9
1
-8
-7
-6
-13
-16
-13
-9
-17
-12
-7
-11
-3
-9
-1
1
-3
1
0
3
-7
-4
-3
3
9
12
16
13
12
12
20
29
23
29
24
17
15
11
19
21
21
19
22
15
19
14
15
10
11
6
-2
-2
-13
-13
-17
-19
-19
-11
-18
-16
-21
-17
-21
-13
-14
-20
-13
-24
-22
-19
-11
-16
-7
-9
-11
3
12
8
0
4
0
3
10
15
15
9
9
6
-2
3
7
13
3
10
16
8
3
-6
-6
-3
4
1
-3
-5
0
6
3
0
-2
-9
-12
-7
-9
3
9
3
0
3
3
-3
8
3
12
12
0
7
3
3
3
9
9
13
16
12
7
5
-1
7
15
12
10
9
8
3
1
0
-3
-10
-6
-9
-6
-9
-8
-7
-4
-3
-9
-8
-15
-16
-24
-21
-14
-4
-5
0
-9
-17
-8
-6
1
-3
-10
-12
-4
-7
-6
2
9
3
-5
-5
6
-1
-1
4
0
4
-1
3
3
11
7
10
9
6
6
14
12
3
3
0
3
0
3
0
0
-2
-7
-5
-3
-7
-3
-12
-8
0
-1
-6
-7
1
-4
-1
-15
-13
-8
-4
3
-3
-3
3
7
0
1
4
0
-6
-8
-5
-4
3
4
-3
6
-3
0
1
1
4
-6
-7
-4
-10
-25
-20
-20
-17
-16
-14
-14
-15
-12
-12
-2
0
6
3
-9
-6
-10
-4
3
2
-6
-4
6
2
0
4
-2
-8
5
10
15
16
19
22
12
10
8
-6
-7
-4
-4
0
-4
-2
-9
-10
-8
-6
-4
8
4
0
-6
-9
-3
-9
-10
-10
-8
-13
-4
0
0
-1
-7
-3
2
4
3
7
7
2
3
2
-3
-3
-7
-1
4
-7
-9
-3
1
2
9
13
11
13
15
5
4
7
6
-3
6
12
3
1
3
-8
-11
-6
-9
-11
-14
-7
-9
-13
-12
-19
-26
-20
