22
31
34
20
19
6
-10
-8
-16
-15
-23
-20
-18
-18
-2
12
15
22
24
10
0
-5
-13
-18
-9
0
0
-9
-4
-7
-3
1
10
15
23
23
16
-5
-31
-38
-37
-10
-2
16
19
14
7
0
-9
-6
-14
-12
9
-3
2
-7
-9
-12
-8
-13
-15
-25
-38
-41
-40
-16
-12
-7
3
18
4
-3
-13
-22
-16
-9
6
5
3
-6
-7
-27
-39
-42
-30
4
16
25
21
18
19
28
25
24
22
4
-1
-22
-45
-58
-59
-37
-6
17
29
27
22
7
9
14
1
-9
-21
-19
-22
-22
-40
-47
-33
-13
4
6
0
-3
0
15
29
19
12
-9
-28
-44
-59
-67
-56
-29
5
44
57
65
63
48
41
21
-13
-29
-51
-62
-65
-72
-76
-52
-9
24
56
63
55
48
37
29
10
-18
-27
-31
-29
-17
-16
-24
-17
5
22
33
39
33
25
24
16
0
-32
-54
-56
-53
-38
-22
-15
21
70
104
121
98
73
37
4
-20
-61
-74
-80
-64
-27
-12
6
17
43
75
94
84
56
38
22
27
10
-13
-34
-54
-52
-37
-25
-18
-6
12
53
74
73
34
3
-7
-27
-30
-43
-53
-57
-45
-10
10
14
13
38
63
78
72
32
-12
-47
-65
-76
-84
-83
-59
-21
19
41
38
34
34
44
41
38
32
9
-3
-10
-17
-34
-44
-34
-24
7
25
38
51
52
61
63
36
7
-11
-21
-28
-35
-34
-41
-19
12
33
42
45
35
31
38
27
15
0
-9
-7
6
2
-3
-6
13
32
38
37
20
9
-6
-10
-13
-19
-31
-26
-15
3
1
-12
-11
-3
18
25
25
7
-3
6
-1
-5
-25
-45
-36
-28
-17
-18
-22
-34
-25
4
11
9
-13
-27
-38
-15
-7
-8
-6
7
31
38
42
-2
-34
-56
-63
-55
-53
-47
-38
-25
-14
-3
-3
1
16
36
63
73
44
11
-19
-32
-44
-51
-51
-42
-14
13
14
6
-17
-23
-13
-13
-12
-6
-4
-3
13
10
3
-9
-3
3
17
36
54
50
48
48
20
-6
-48
-62
-63
-42
-18
10
26
37
46
28
9
-3
7
19
49
56
48
29
1
-13
-21
-24
-17
-4
12
5
-11
-31
-60
-77
-66
-34
5
41
54
65
65
54
24
0
-3
-3
1
2
-12
-24
-41
-39
-16
-6
6
22
50
59
66
58
35
10
-4
-11
-15
-32
-41
-31
-5
32
53
59
55
60
48
47
30
7
-32
-64
-83
-92
-86
-73
-26
14
60
91
99
101
79
20
-8
3
-32
-47
-51
-78
-69
-78
-63
-21
30
71
107
132
115
86
33
-7
-55
-69
-69
-67
-60
-48
-43
-33
-11
10
54
74
91
99
85
40
-7
-65
-94
-106
-107
-86
-51
-8
29
61
67
66
39
24
12
2
-12
-22
-19
-26
-34
-39
-48
-47
-25
11
54
86
106
92
63
19
-30
-68
-79
-70
-46
6
26
29
19
0
-1
14
33
66
92
89
74
29
-31
-81
-104
-93
-57
-16
19
28
16
3
-6
-12
-6
6
22
44
46
38
5
-34
-54
-71
-69
-56
-41
-22
-11
9
22
36
41
29
27
9
-3
-9
-15
-18
-35
-44
-52
-52
-43
-18
9
44
74
88
87
74
38
-13
-42
-56
-44
-28
-30
-33
-41
-46
-36
-13
12
38
71
98
91
57
13
-45
-82
-97
-90
-69
-50
-27
-8
1
17
28
50
78
92
92
68
18
-38
-77
-107
-98
-88
-70
-40
-16
4
3
13
10
31
54
69
76
48
31
5
-28
-51
-57
-59
-59
-47
-45
-26
-8
6
17
23
25
18
-4
-27
-37
-36
-20
-13
3
6
5
7
0
3
-4
20
33
26
16
1
-14
-28
-42
-39
-31
-28
-15
-13
-15
-28
-33
-25
-6
12
33
52
47
35
28
12
1
-3
1
12
15
6
0
-14
-19
-16
-10
-6
-14
-10
-5
1
0
10
20
22
15
10
0
-17
-22
-24
-7
9
37
47
55
35
22
6
-5
12
11
24
17
-9
-33
-48
-60
-57
-44
-22
-8
15
22
18
30
25
31
41
54
51
34
10
-4
-18
-17
-20
-30
-26
-39
-39
-41
-51
-33
-10
1
9
9
-1
-13
-21
-19
1
17
32
35
31
9
-18
-38
-26
1
38
76
81
77
35
3
-32
-61
-72
-65
-43
-25
-10
-11
-14
-5
18
33
50
66
69
57
55
45
20
1
-13
-34
-49
-51
-47
-38
-26
11
37
46
45
18
-11
-19
-18
-11
-6
1
0
3
-22
-49
-43
-28
25
67
104
118
88
50
1
-45
-63
-70
-51
-22
1
17
6
-19
-40
-45
-34
3
23
38
38
34
26
10
-17
-32
-28
-16
3
10
19
22
21
19
20
-3
-10
-15
-25
-23
-13
2
2
0
-11
-23
-33
-45
-42
-29
-4
31
39
41
18
-4
-18
-20
-1
16
44
62
57
28
3
-41
-65
-57
-35
-6
22
27
17
3
-12
-34
-44
-30
-13
11
29
25
7
0
-17
-10
-4
8
24
28
36
34
34
23
10
2
-10
-12
-19
-41
-47
-38
-30
-16
-7
-7
-13
-18
-13
-8
-3
5
22
30
36
21
-1
-10
-17
7
28
41
48
47
28
10
-7
-22
-23
-25
-11
-2
-4
-14
-36
-53
-52
-37
3
19
48
57
49
60
54
47
42
41
39
33
10
-6
-25
-33
-40
-29
-19
-23
-25
-33
-26
-24
-10
-14
-6
10
12
1
-9
-25
-25
-8
10
37
48
50
43
43
42
31
19
20
6
-6
-25
-54
-82
-92
-85
-57
-20
-7
25
25
30
32
38
55
44
39
29
29
16
-10
-16
-13
-4
12
17
15
10
9
6
-3
-12
-17
-26
-41
-53
-76
-89
-82
-60
-22
15
45
65
69
53
52
46
29
35
23
13
-5
-24
-43
-65
-63
-37
-3
20
31
36
36
19
15
-5
-23
-30
-25
-13
-17
-15
-21
-10
6
22
40
60
56
56
51
33
20
-2
-26
-45
-48
-60
-64
-62
-38
-12
7
26
38
41
29
24
13
3
-4
5
12
3
-9
-25
-27
-23
-12
5
26
35
27
24
15
3
-15
-27
-44
-44
-29
-26
-25
-26
-26
-25
-12
3
25
29
35
35
22
14
-7
-23
-41
-53
-57
-55
-50
-39
-20
3
7
16
16
9
9
7
-1
-6
-2
-3
9
0
-14
-16
-15
-7
3
10
19
25
29
28
20
6
-17
-24
-28
-21
-6
-2
9
16
15
25
20
18
13
18
35
33
30
22
4
-8
-18
-36
-48
-56
-42
-17
1
5
-4
-15
-19
-25
-15
-14
-2
3
0
16
9
3
-17
-19
-13
-10
-13
-8
-13
-22
-16
-18
-16
-19
-10
-11
-14
-18
-19
-16
-16
-13
0
-8
-6
-9
-19
-8
-2
5
9
16
19
14
-2
-18
-30
-29
-14
-4
1
8
6
0
-9
-1
9
18
34
40
28
10
-15
-31
-41
-49
-19
-11
-7
-2
6
7
4
11
16
25
35
38
27
6
-18
-21
-24
-9
1
8
6
6
6
0
11
20
27
22
29
7
-16
-38
-48
-48
-20
12
17
25
20
14
12
6
11
19
26
46
27
-7
-28
-36
-38
-23
-1
14
19
11
10
-2
-12
-18
-6
9
8
3
-8
-25
-40
-29
-9
10
32
43
44
34
29
16
13
1
1
14
9
3
-13
-26
-34
-25
-10
12
21
18
18
4
-7
-10
-7
9
27
27
19
7
0
4
20
35
48
49
43
37
17
5
-12
-12
4
16
30
24
5
-22
-44
-35
-12
5
23
32
32
23
0
-10
-8
0
13
24
37
22
7
-7
-15
-12
-9
-3
-7
0
-4
-15
-13
-21
-4
18
16
4
-9
-17
-18
-14
-7
2
7
15
11
4
-6
-3
0
5
25
25
20
6
-13
-24
-16
-11
-1
13
16
29
24
9
5
5
15
21
28
32
15
11
3
-3
10
1
-3
9
17
22
11
14
18
25
36
35
28
5
-6
-3
-7
3
-1
0
3
-6
-3
-10
-19
-27
-12
3
7
3
-6
-4
-2
-9
-19
-12
-10
-11
0
-6
-12
-16
-25
-23
-13
-4
-6
-10
-15
-21
-19
-31
-28
-23
-30
-21
-23
-18
-20
-20
-6
9
22
4
-4
-13
-15
-2
9
9
10
8
5
-6
-21
-23
-23
-7
0
12
15
7
-4
-4
-5
-3
2
-4
7
22
19
-7
-2
-12
-12
0
15
19
4
14
9
-6
-2
3
0
-12
-15
-12
-15
-22
-26
-20
-4
9
4
-3
-19
-15
0
13
29
19
2
1
3
6
-1
-4
1
2
12
6
-1
-17
-16
-17
-15
-7
-12
-5
-1
0
-16
-27
-29
-25
-14
2
10
17
5
2
0
-8
2
4
7
14
12
0
-5
-28
-28
-18
-7
0
4
7
4
7
7
5
2
12
7
3
-3
1
-1
-6
4
15
19
19
22
26
23
25
22
28
34
26
22
10
-6
-12
-15
-11
18
29
30
31
18
2
4
2
4
7
3
10
6
5
-6
-10
-12
6
15
23
32
30
23
11
3
-9
-9
-7
-12
-16
-13
-12
-3
-9
1
12
14
9
-4
1
-6
-8
-4
-14
-10
-5
-15
-17
-24
-22
-11
3
13
23
11
16
1
-13
-7
-16
-12
-12
-4
-5
-8
-16
-14
-10
-4
9
9
6
14
6
16
9
3
12
9
18
16
20
20
26
25
26
18
16
10
7
12
10
13
19
24
20
30
23
18
10
11
6
10
6
10
9
6
8
2
3
-10
7
14
23
18
14
10
0
-9
-3
-3
-2
-1
-3
0
-11
-14
-20
-18
-7
3
-9
-7
-9
-13
-18
-11
-5
-7
-8
-14
-3
-4
0
-3
9
9
7
2
-5
-18
-23
-26
-35
-24
-22
-21
-18
-26
-23
-15
-14
-3
3
7
-6
-3
-3
-13
-8
-9
-1
9
6
9
5
0
3
-6
-6
-7
1
7
-6
-10
-16
-28
-20
-13
-12
-8
-2
-9
-6
3
-7
-3
-4
-6
-16
-20
-24
-16
-19
-20
-11
-12
3
0
-7
-16
-27
-18
-18
-14
-14
-28
-26
-25
-25
-27
-21
-15
-12
-9
-4
-4
-8
-8
-21
-26
-27
-25
-30
-30
-24
-14
-16
-16
-11
-7
-15
-17
-8
-16
-21
-19
-9
-19
-22
-25
-20
-25
-25
-9
-4
6
11
12
16
12
6
3
-9
-10
-12
1
-8
-12
-9
-12
0
-1
6
7
8
13
10
9
10
8
10
6
9
12
16
19
19
18
22
22
22
10
8
13
9
13
13
13
7
9
-1
-1
-8
-12
-8
1
9
7
12
6
16
9
5
4
7
7
-1
2
6
4
6
10
1
11
7
7
8
2
4
17
16
12
19
7
0
-1
3
1
10
16
11
16
16
4
0
0
-3
3
6
9
12
15
15
9
13
13
0
0
9
13
23
12
15
15
12
14
3
7
18
26
29
26
22
26
12
9
11
0
7
-4
10
14
6
5
-5
-7
-10
-5
-10
0
1
0
-1
-3
-3
-7
-5
-3
-12
-11
-10
-12
-6
-7
-13
-19
-13
-18
-19
-19
-14
-15
-14
-8
-16
-14
-9
-10
-8
1
3
7
1
7
-3
-1
0
-5
3
-6
-3
-10
-8
-7
-9
-3
-2
-3
11
13
-3
5
0
-6
-1
0
-1
-3
1
3
0
2
10
3
6
10
8
11
10
18
9
6
12
11
-5
-6
-6
-18
-10
-13
-5
0
-12
-13
-7
-6
-10
-15
-13
-12
-4
-4
-16
-19
-19
-14
-12
-9
-11
-10
-10
-15
-20
-16
-18
-17
-15
-11
-12
-20
-19
-20
-24
-28
-24
-27
-19
-19
-14
-11
-15
-9
-16
-12
-5
-8
-6
-11
-13
-15
-14
-13
-6
4
-8
-6
-4
-9
-15
-12
-6
-2
0
-1
5
7
9
6
12
3
4
11
9
14
12
23
14
9
12
16
13
6
6
1
0
-8
-16
-9
2
0
6
10
6
11
13
3
5
-1
-10
-3
-9
-17
-13
-8
0
5
1
-3
-1
4
9
7
7
12
14
21
16
9
12
3
-3
6
11
8
8
10
9
6
4
7
6
12
11
11
14
10
0
8
12
7
0
12
21
14
32
25
22
19
22
26
26
16
17
25
20
34
24
18
18
14
10
6
12
3
0
9
7
8
1
-8
-4
-1
9
14
16
14
15
15
11
20
19
16
26
22
21
19
10
7
11
7
9
11
10
12
2
3
1
2
4
-2
-3
-9
-18
-16
-17
-15
-18
-16
-12
-11
-6
0
9
6
-1
3
7
3
9
7
0
4
9
7
4
10
5
6
7
6
10
7
15
10
11
21
22
11
9
7
3
13
4
-5
-12
-7
-2
-2
-7
-9
-1
-1
2
1
0
3
4
5
4
3
6
4
8
0
-2
-1
-1
0
-9
-5
0
-5
-6
-11
-11
4
-5
-9
-3
-8
-13
-12
-17
-16
-7
-15
-16
-17
-20
-22
-21
-22
-17
-9
-4
-6
-15
-12
-13
-10
-11
-8
-13
-13
-3
-15
-16
-7
-3
-5
0
4
-6
-4
0
1
-9
-8
-13
-19
-21
-19
-16
-23
-17
-19
-20
-16
-6
-6
-7
-13
-14
-14
-12
-12
-20
-16
-16
-17
-23
-19
-11
-9
-10
-18
-19
-10
-14
-14
-16
-9
-12
-6
-6
-12
-4
-7
-8
-15
-12
-9
-6
-8
-10
-10
-6
-6
-3
-7
-2
-3
-8
1
-2
4
4
18
14
11
11
12
11
11
10
1
11
16
8
1
-1
-9
-7
-7
-6
-3
0
-4
-2
-2
-11
-4
-7
-7
-7
0
4
-3
-3
-4
3
6
7
13
12
16
14
11
15
11
10
18
13
10
13
12
6
10
15
18
23
19
18
20
25
23
37
36
38
41
31
34
26
23
22
27
23
22
22
12
12
17
17
22
12
13
8
9
14
8
5
9
13
10
17
10
12
13
14
9
6
4
1
-4
-2
-5
-3
-2
-6
-7
-9
-2
-7
-4
-2
4
-1
8
8
3
4
0
6
-6
-3
-7
-13
-12
-7
-9
-6
-12
-5
6
2
5
11
7
-2
-3
-5
-10
-15
-15
-13
-5
-10
-1
4
0
-2
-5
-3
0
8
-3
-4
-1
-3
5
3
7
2
-6
-10
-10
-3
0
8
10
14
3
2
-2
1
4
-1
-1
-5
9
10
0
0
-1
-3
7
13
25
22
22
18
12
21
11
17
5
-1
3
-2
-1
5
0
-2
2
8
7
6
8
-8
-7
-11
-12
-8
-13
-21
-22
-15
-8
-11
-16
-16
-16
-15
-18
-20
-17
-17
-23
-22
-31
-30
-29
-34
-21
-29
-25
-19
-20
-6
-3
-5
-10
-6
-8
-10
-3
-5
-9
-13
-9
-9
-3
3
3
4
8
3
9
3
5
5
-3
9
-1
1
-5
-4
-6
-13
-14
-13
-7
-16
-19
-19
-13
-10
-13
-11
-10
-17
-9
-10
-9
3
-4
-5
1
-3
-6
2
2
0
6
4
1
5
-5
-7
-3
-11
-4
0
2
7
4
7
12
12
3
-3
-5
-9
0
0
1
-3
3
11
0
10
11
11
12
3
6
2
1
13
11
7
4
-7
-4
0
-4
-3
-2
-4
2
7
8
12
10
10
19
18
23
25
19
12
15
12
9
23
25
16
19
27
31
26
15
20
15
16
20
16
7
13
7
3
5
4
22
9
19
16
10
16
15
5
4
11
-3
2
3
-3
-3
-1
1
-3
-8
-8
0
0
-7
-7
-13
-2
3
-9
-13
-7
-9
-18
-22
-22
-12
-18
-23
-10
-10
-3
-1
-3
1
-5
-2
0
3
5
12
9
4
10
11
21
16
13
10
0
1
2
6
4
6
4
0
1
0
4
2
10
5
-2
3
0
9
1
0
2
-5
-8
-4
-7
-3
-7
-13
-6
-9
-7
-13
-16
-16
-12
-9
-3
-12
-9
-10
-22
-12
-10
-15
-11
-8
-12
0
3
3
-1
1
3
9
13
13
6
0
-6
-15
-12
-16
-9
-6
-17
-19
-17
-22
-17
-13
-7
0
-11
-13
-9
-5
-12
-8
-6
-6
-5
-9
-9
-6
-6
-3
4
-3
5
3
2
12
8
4
4
9
0
2
-7
-10
-8
-7
1
-9
-6
-2
-3
0
4
-2
-6
-10
3
7
4
6
4
9
-2
5
12
9
10
9
14
13
5
13
17
7
6
1
3
1
-4
0
-1
-3
-1
-1
-10
-16
-15
-13
-18
-15
-9
-9
-2
4
2
-6
-4
-1
-5
-2
-8
-5
-10
-9
-6
-7
-10
-7
-9
-7
0
-12
-8
-11
-13
-12
-10
-6
-2
4
1
1
5
6
-2
-6
-2
-6
-9
0
-4
-3
-6
-12
-14
-10
-12
-21
-25
-25
-16
-15
-9
-16
-11
-13
-14
-12
-15
-6
-10
-5
1
2
-5
1
7
10
17
8
10
16
12
11
16
19
20
16
18
20
13
14
11
9
6
-2
2
1
-2
-1
3
3
7
8
2
0
2
1
-8
2
9
2
7
14
7
8
5
6
18
14
11
6
7
10
4
-5
-7
-10
-13
-6
-5
-12
-8
-4
-11
0
4
6
11
5
13
16
17
21
27
27
26
19
15
18
17
17
12
21
21
18
16
14
3
11
13
7
18
11
3
-4
9
4
5
3
-6
6
-3
4
4
2
-3
-10
-1
3
1
-1
1
0
1
0
-6
-3
0
-6
-3
0
-4
-5
-7
-7
-7
-16
-20
-17
-14
-13
-9
-11
-12
-4
-3
-4
-3
-1
1
3
5
1
0
3
0
3
1
2
-2
-3
5
3
-3
-6
-8
-13
-11
-9
-10
-9
-6
-12
-13
-9
-6
-14
0
7
-2
9
6
6
3
10
0
1
6
-9
-6
-4
2
3
4
2
-1
1
3
-4
0
1
-3
5
-3
2
3
1
-6
-1
4
2
7
2
8
3
12
16
11
7
9
13
10
0
-5
-1
-13
-10
-14
-13
-6
-9
-10
-4
-7
-11
-8
-12
-12
-8
-4
-2
-3
-13
-12
-10
-16
-9
-15
-18
-9
-10
-14
-16
-16
-14
-12
-15
-16
-13
-9
-12
-7
-8
-10
-3
-9
0
2
4
6
-1
5
10
12
6
12
11
11
16
21
22
20
29
25
28
23
24
27
25
22
16
19
19
22
16
10
11
16
12
9
9
9
13
6
10
0
-7
3
1
-4
-5
0
-7
-8
-7
-10
-3
2
1
-3
-3
0
-4
-13
-4
-9
-9
-10
-7
-8
-7
-4
-13
-9
-3
-6
-12
-11
-14
-11
-12
-7
-4
4
-10
-7
-4
-9
6
-5
5
-4
-10
0
-2
-7
0
6
10
9
2
3
0
0
-1
3
-1
4
6
0
9
4
4
6
-3
-9
-8
-4
1
-2
-5
-12
-13
-3
3
-1
-1
4
7
6
12
9
3
5
5
3
0
-1
2
3
-3
-3
-7
0
5
-2
0
-3
-7
-4
1
0
-7
-12
-16
-12
-6
0
7
1
6
12
3
12
14
0
4
5
4
5
1
-2
1
6
2
6
-5
-10
-15
-13
-7
-11
-11
-17
-10
-10
-10
-19
-15
-7
-14
-3
-10
-12
-7
-9
-9
-7
3
-3
10
5
3
8
4
14
14
6
1
3
-6
1
0
3
7
-12
-7
-8
1
0
-7
-10
-8
-3
-4
0
-9
-1
6
-4
4
14
7
14
12
5
12
13
17
11
8
1
9
7
3
-5
-10
-5
-9
-1
-4
3
6
-3
-3
-11
-9
2
-7
-10
-8
-15
-12
-1
0
5
1
2
4
-1
14
10
5
1
9
6
1
2
-2
-6
-10
-3
-10
-9
-6
-4
-7
-10
1
-5
-10
-7
-12
-6
-3
-3
-2
-6
-4
-9
-10
-5
-5
-8
-7
-9
-4
0
3
4
9
14
3
7
4
7
8
2
-3
-3
-4
-1
-1
-6
-4
1
1
-7
7
9
10
4
6
13
0
12
1
-7
2
-9
3
-1
-9
-12
-14
-13
-11
-11
-17
-19
-12
-13
-14
-10
-10
4
-10
-7
0
-7
-3
-12
-12
-9
-10
-6
0
-1
1
8
9
4
1
2
10
13
6
8
9
10
9
2
2
6
8
9
4
13
13
7
12
5
14
27
34
19
15
23
18
26
22
19
23
17
17
21
19
9
6
11
15
13
-3
-6
6
-6
0
-7
-5
3
6
4
-4
-1
-8
-5
7
15
6
12
8
15
20
16
22
25
26
19
19
16
22
22
23
16
9
4
9
14
13
12
10
12
7
4
-4
-5
-3
-4
-7
-1
-2
3
3
-4
10
10
13
23
15
9
17
11
9
16
19
12
8
13
12
11
9
5
6
14
9
-5
-4
-4
-1
0
4
8
6
3
-6
-6
7
17
8
8
10
14
11
17
16
6
7
-4
-1
4
6
-3
-4
-2
-6
2
6
4
1
0
0
0
3
-1
-6
-3
6
2
-4
4
7
7
3
3
0
2
3
6
0
1
0
-10
-2
0
5
0
-9
-15
-9
-10
6
3
-15
-10
-6
-4
-7
-4
-12
-12
-19
-17
-6
-9
-9
-5
-13
-11
-7
-2
-4
-6
-13
-24
-19
-14
-10
-19
-22
-21
-10
-10
-4
-9
-8
-16
-15
-17
-19
-6
-8
-7
-17
-7
-4
5
10
1
1
2
-9
2
11
6
0
1
9
3
22
22
10
-3
-5
-1
8
6
-1
3
-1
-4
-1
6
7
5
0
2
6
5
1
6
9
-3
-10
-6
-2
-3
-5
-16
-14
-1
-3
-1
-3
-14
-19
-11
-13
-19
-17
-19
-22
-27
-19
-26
-26
-22
-32
-32
-25
-15
-15
-25
-23
-22
-16
-12
-10
-8
-13
-9
-16
-7
7
0
-8
-11
-11
-3
-7
-13
-13
-16
-1
3
1
4
1
-2
-4
2
10
-5
6
4
-4
1
-6
7
8
10
8
10
9
13
12
20
17
17
13
13
18
13
14
-3
0
-1
0
1
4
-3
3
14
11
6
9
-1
-11
1
-2
-8
-2
2
-9
-5
-17
-15
-7
-9
-11
-9
-12
-10
-11
-15
-19
-22
-5
-12
-4
-8
-8
-12
-4
-6
-10
-3
-1
5
1
9
6
12
22
20
14
14
10
24
23
25
18
5
9
13
18
11
8
0
4
12
8
5
3
8
6
-4
0
-3
-1
-2
-10
0
-1
-4
-3
-3
-7
-8
1
6
7
5
2
3
1
-4
-8
-2
-1
-2
-2
-12
-2
-8
-16
-15
-13
0
-2
-6
-6
-3
5
0
-5
-14
-12
-4
2
-2
-13
-18
-18
-7
-9
-12
-9
-7
-9
-3
-6
-2
-3
-11
-17
-12
-3
-5
2
3
1
0
-4
-6
5
4
-2
-16
-13
1
10
4
-6
1
-1
6
5
2
6
16
16
6
8
23
24
7
-6
3
31
22
0
-6
-6
4
7
6
3
4
-2
-12
-3
3
11
8
-5
-18
-6
2
17
25
-6
-9
-11
4
13
10
6
2
2
0
9
14
16
7
-4
0
9
18
18
14
-4
-13
-5
15
21
5
-1
-7
6
6
0
-2
-7
-13
-15
-9
2
3
-13
-7
-7
3
-10
-1
9
3
-6
-10
7
3
8
-6
-22
-22
-17
-15
-7
-5
-12
-16
-9
1
-2
4
-2
0
3
0
-2
2
13
-3
-4
0
6
22
18
13
8
6
9
19
16
6
0
6
1
-3
-7
-9
-2
-6
-4
-17
-16
-19
-6
13
6
-24
-38
-11
13
2
-12
-11
-6
-1
-5
10
24
21
-2
-15
12
39
33
16
-15
-8
19
28
18
-1
6
3
1
-16
-5
19
23
-12
-42
-22
19
53
24
-27
-35
-7
17
13
5
-7
-21
-22
-15
15
22
2
-25
-37
-22
11
15
-3
-10
-31
-32
-10
11
14
3
-30
-39
-11
19
25
3
-25
-29
-6
18
35
24
-3
-18
-15
6
32
33
9
-29
-21
6
24
16
-2
-16
-28
-30
-29
1
13
-14
-38
-41
-23
5
8
-12
-30
-31
-34
-8
26
23
-11
-44
-33
11
38
22
0
-27
-19
2
13
15
0
-17
-15
-13
-15
-8
4
-6
-25
-34
-22
9
16
8
-17
-23
-21
0
22
33
13
-26
-36
8
53
32
-14
-6
32
35
21
27
60
51
32
14
35
58
65
62
45
43
40
70
86
81
50
38
40
66
77
64
63
56
44
34
56
76
79
45
18
19
42
51
37
21
12
12
9
1
12
28
9
-45
-74
-41
2
-26
-95
-94
-62
-51
-92
-111
-91
-77
-105
-148
-131
-94
-71
-106
-152
-158
-120
-84
-100
-138
-141
-116
-101
-114
-136
-119
-76
-84
-139
-156
-99
-22
-38
-131
-161
-67
7
-35
-117
-105
-26
-7
-69
-94
-20
29
-18
-63
-47
-2
37
29
9
-9
-10
29
79
88
60
42
75
112
125
126
130
132
131
143
136
164
209
215
173
144
181
240
241
199
193
210
209
200
205
227
230
195
152
150
209
240
204
140
116
151
183
180
161
131
114
118
133
147
139
139
117
79
80
125
149
127
88
88
97
110
120
112
106
101
129
119
61
82
209
170
-52
-122
82
178
-39
-224
-175
-89
-173
-269
-276
-310
-404
-417
-401
-515
-657
-603
-505
-667
-901
-892
-728
-725
-886
-1007
-1016
-963
-913
-929
-1012
-1062
-996
-919
-925
-939
-871
-787
-772
-751
-667
-584
-534
-430
-332
-318
-291
-154
31
120
132
171
283
415
546
621
657
717
816
908
932
990
1097
1162
1146
1124
1185
1268
1312
1274
1195
1185
1243
1269
1195
1117
1115
1119
1021
927
932
951
892
762
673
660
646
586
529
462
382
328
307
299
253
192
127
80
67
79
53
-16
-60
-72
-84
-100
-107
-112
-128
-156
-176
-184
-171
-143
-144
-183
-220
-218
-196
-172
-160
-186
-248
-274
-230
-180
-216
-303
-316
-282
-300
-376
-410
-399
-424
-472
-525
-601
-674
-679
-656
-739
-935
-1042
-969
-892
-1049
-1311
-1358
-1204
-1192
-1458
-1641
-1518
-1357
-1513
-1796
-1770
-1525
-1492
-1723
-1821
-1632
-1466
-1529
-1592
-1461
-1297
-1252
-1193
-1045
-908
-817
-663
-446
-302
-251
-115
193
463
519
522
754
1100
1273
1262
1337
1600
1825
1863
1860
2013
2196
2228
2201
2241
2313
2301
2257
2276
2279
2159
1982
1938
1988
1922
1667
1432
1396
1404
1229
948
813
789
673
426
247
215
157
13
-142
-243
-322
-376
-376
-377
-476
-603
-606
-494
-405
-450
-510
-470
-339
-247
-243
-209
-89
60
72
33
155
379
503
470
425
530
702
797
785
745
770
835
866
791
724
771
812
684
474
389
429
416
255
3
-232
-330
-301
-344
-682
-1113
-1227
-1082
-1198
-1720
-2072
-1927
-1810
-2242
-2810
-2829
-2479
-2555
-3129
-3468
-3248
-2993
-3178
-3503
-3512
-3312
-3270
-3344
-3259
-3081
-2994
-2938
-2758
-2521
-2391
-2221
-1884
-1535
-1397
-1309
-973
-457
-96
12
194
592
1030
1281
1470
1793
2143
2356
2493
2760
3080
3264
3321
3463
3663
3735
3707
3797
3983
3936
3704
3600
3704
3733
3497
3222
3138
3102
2882
2569
2373
2268
2059
1742
1473
1296
1117
899
693
480
234
-18
-152
-176
-301
-575
-780
-806
-810
-913
-1015
-1018
-1025
-1104
-1135
-1056
-966
-974
-986
-907
-815
-774
-725
-600
-464
-402
-414
-405
-272
-46
68
-8
-88
2
192
255
196
162
199
205
155
124
124
81
-22
-122
-217
-333
-424
-438
-511
-734
-1045
-1191
-1142
-1167
-1414
-1776
-1932
-1917
-2010
-2243
-2437
-2493
-2561
-2752
-2904
-2910
-2886
-2968
-3097
-3114
-3068
-3058
-3005
-2870
-2748
-2747
-2743
-2513
-2169
-1967
-1926
-1776
-1412
-1083
-926
-727
-327
82
247
369
741
1222
1514
1607
1822
2190
2496
2649
2807
3078
3291
3338
3371
3547
3734
3747
3673
3698
3739
3656
3529
3486
3461
3303
3048
2892
2822
2655
2379
2166
2037
1816
1514
1318
1233
1046
727
511
443
307
43
-130
-94
-139
-417
-633
-549
-408
-537
-791
-768
-532
-484
-674
-722
-466
-302
-420
-522
-329
-82
-69
-168
-94
91
127
86
171
327
307
196
232
380
356
183
155
274
256
19
-141
-65
-23
-240
-546
-666
-619
-690
-927
-1175
-1352
-1462
-1563
-1720
-1951
-2188
-2322
-2387
-2544
-2811
-3002
-3028
-3046
-3218
-3451
-3535
-3474
-3446
-3563
-3686
-3654
-3501
-3398
-3388
-3370
-3207
-2962
-2792
-2703
-2544
-2219
-1884
-1657
-1488
-1201
-820
-460
-178
101
442
831
1177
1464
1758
2048
2361
2675
2950
3155
3343
3563
3814
3989
4053
4099
4200
4333
4387
4321
4233
4208
4184
4051
3825
3685
3617
3476
3169
2850
2665
2534
2301
1963
1656
1441
1252
994
731
485
252
38
-156
-354
-518
-639
-754
-886
-1034
-1138
-1169
-1157
-1162
-1180
-1212
-1243
-1182
-1011
-879
-895
-956
-816
-534
-386
-437
-433
-196
44
31
-41
129
417
489
320
271
456
627
566
451
446
456
388
293
279
225
33
-169
-240
-272
-459
-736
-892
-980
-1206
-1537
-1688
-1691
-1854
-2250
-2566
-2598
-2626
-2883
-3198
-3291
-3280
-3424
-3668
-3758
-3669
-3657
-3806
-3891
-3788
-3644
-3574
-3507
-3366
-3240
-3139
-2923
-2573
-2275
-2127
-1960
-1606
-1181
-872
-629
-279
149
509
778
1100
1520
1904
2176
2413
2711
3054
3350
3559
3752
3949
4119
4232
4341
4472
4566
4586
4529
4458
4416
4387
4312
4163
3976
3766
3562
3397
3230
2996
2651
2309
2107
1978
1731
1325
967
808
703
416
14
-215
-242
-318
-590
-901
-1022
-974
-958
-1104
-1303
-1395
-1313
-1139
-1094
-1221
-1338
-1205
-890
-756
-864
-910
-657
-357
-340
-463
-364
-17
181
58
-58
117
374
424
278
211
291
340
316
247
161
43
-66
-111
-181
-392
-624
-698
-723
-945
-1347
-1588
-1548
-1550
-1906
-2384
-2556
-2468
-2538
-2922
-3272
-3324
-3275
-3406
-3667
-3787
-3744
-3732
-3837
-3917
-3847
-3735
-3670
-3591
-3457
-3321
-3202
-3011
-2711
-2393
-2184
-2038
-1733
-1293
-895
-645
-418
-42
418
811
1099
1396
1766
2151
2466
2735
3018
3305
3573
3824
4010
4143
4268
4424
4599
4667
4616
4561
4604
4660
4559
4347
4206
4138
4021
3782
3519
3339
3155
2855
2552
2318
2092
1795
1470
1250
1048
741
376
177
91
-111
-460
-707
-727
-758
-971
-1209
-1248
-1189
-1239
-1369
-1374
-1283
-1245
-1267
-1201
-1056
-1003
-1003
-867
-626
-528
-588
-534
-247
-10
-43
-130
31
300
371
244
230
389
476
393
289
312
338
262
93
-41
-102
-153
-289
-536
-777
-879
-872
-1068
-1529
-1880
-1824
-1692
-2046
-2717
-2988
-2702
-2593
-3136
-3758
-3764
-3375
-3404
-3965
-4330
-4096
-3752
-3843
-4168
-4222
-3930
-3653
-3574
-3549
-3469
-3265
-2914
-2519
-2279
-2188
-1956
-1446
-911
-671
-569
-183
486
965
1096
1256
1761
2379
2699
2785
2993
3434
3817
3991
4100
4292
4529
4662
4717
4779
4826
4847
4866
4849
4724
4536
4435
4422
4315
4002
3649
3493
3424
3187
2763
2408
2260
2070
1708
1326
1103
955
671
307
53
-65
-227
-500
-735
-834
-909
-1061
-1222
-1289
-1273
-1280
-1343
-1409
-1396
-1290
-1172
-1136
-1167
-1118
-923
-715
-679
-733
-639
-367
-174
-235
-297
-122
133
178
36
18
199
315
223
92
105
157
83
-63
-160
-214
-332
-503
-650
-778
-933
-1100
-1277
-1523
-1787
-1931
-1970
-2161
-2575
-2902
-2889
-2826
-3106
-3565
-3736
-3569
-3559
-3917
-4195
-4064
-3843
-3930
-4179
-4141
-3841
-3662
-3687
-3608
-3323
-3097
-2968
-2703
-2269
-1965
-1847
-1600
-1047
-524
-343
-188
311
968
1285
1315
1634
2321
2845
2907
2919
3325
3896
4159
4134
4220
4519
4747
4788
4794
4886
4953
4906
4838
4801
4703
4515
4396
4337
4167
3815
3502
3404
3316
3002
2538
2236
2124
1919
1542
1192
979
764
459
181
28
-121
-386
-659
-758
-772
-917
-1140
-1229
-1153
-1123
-1258
-1375
-1292
-1114
-1066
-1130
-1134
-974
-791
-709
-673
-608
-470
-351
-270
-185
-73
36
69
60
101
225
301
250
143
104
149
142
46
-98
-210
-301
-422
-541
-705
-910
-1083
-1192
-1326
-1618
-1972
-2121
-2062
-2183
-2689
-3183
-3174
-2939
-3123
-3745
-4120
-3911
-3683
-3974
-4459
-4498
-4147
-4055
-4370
-4533
-4260
-3920
-3872
-3923
-3740
-3429
-3214
-3006
-2631
-2232
-2038
-1869
-1422
-807
-433
-289
65
695
1178
1337
1583
2206
2813
2983
2993
3343
4004
4384
4345
4361
4719
5105
5146
5050
5137
5361
5391
5225
5095
5108
5079
4910
4713
4528
4291
4027
3847
3692
3405
2965
2617
2459
2279
1888
1461
1214
1072
788
375
82
-31
-150
-448
-752
-894
-935
-1047
-1199
-1295
-1326
-1376
-1450
-1429
-1336
-1274
-1314
-1336
-1226
-1075
-981
-920
-845
-734
-671
-600
-457
-304
-217
-252
-247
-135
-14
9
-24
-25
-18
-52
-131
-139
-129
-206
-396
-552
-595
-656
-816
-1044
-1186
-1273
-1458
-1745
-1973
-2029
-2109
-2393
-2747
-2948
-2992
-3086
-3316
-3556
-3708
-3812
-3931
-4025
-4064
-4093
-4174
-4221
-4178
-4109
-4072
-3980
-3757
-3530
-3471
-3452
-3165
-2630
-2231
-2164
-2082
-1654
-1023
-604
-435
-174
362
895
1181
1400
1826
2396
2785
2946
3139
3536
3952
4217
4359
4535
4727
4872
4999
5121
5202
5197
5166
5148
5124
5008
4860
4776
4688
4470
4133
3878
3758
3619
3311
2891
2564
2362
2149
1845
1515
1223
942
676
412
205
4
-212
-423
-633
-805
-932
-980
-1002
-1114
-1290
-1382
-1314
-1175
-1163
-1267
-1304
-1187
-1030
-961
-944
-868
-727
-641
-634
-592
-430
-250
-186
-241
-283
-194
-47
17
-17
-100
-151
-155
-158
-186
-243
-344
-502
-638
-727
-825
-958
-1100
-1242
-1420
-1681
-1943
-2057
-2054
-2195
-2595
-2989
-3089
-3019
-3120
-3452
-3743
-3806
-3811
-3975
-4159
-4153
-4050
-4113
-4325
-4387
-4171
-3915
-3863
-3904
-3795
-3517
-3271
-3072
-2807
-2472
-2178
-1968
-1671
-1235
-789
-433
-126
259
678
1045
1405
1843
2299
2623
2850
3149
3570
3955
4196
4364
4589
4828
4978
5099
5245
5383
5401
5321
5301
5340
5313
5175
5012
4887
4712
4469
4226
4073
3895
3554
3149
2847
2692
2481
2103
1706
1439
1213
938
632
382
187
-50
-321
-557
-688
-780
-895
-1049
-1211
-1306
-1325
-1300
-1302
-1362
-1413
-1372
-1290
-1242
-1216
-1159
-1037
-954
-961
-928
-781
-617
-563
-585
-567
-461
-352
-329
-332
-304
-274
-312
-371
-374
-343
-367
-511
-655
-734
-748
-825
-1026
-1206
-1302
-1378
-1567
-1816
-1987
-2028
-2123
-2427
-2761
-2853
-2797
-2930
-3316
-3585
-3529
-3461
-3672
-4002
-4040
-3859
-3831
-4074
-4223
-4033
-3776
-3780
-3917
-3788
-3432
-3186
-3145
-3043
-2700
-2292
-2051
-1853
-1534
-1134
-772
-443
-46
356
688
1040
1489
1943
2259
2516
2901
3370
3717
3873
4063
4453
4832
4961
4978
5136
5409
5546
5501
5465
5512
5541
5444
5302
5199
5084
4890
4680
4480
4226
3920
3636
3442
3202
2796
2367
2101
1969
1711
1254
865
681
547
257
-137
-382
-458
-571
-824
-1100
-1206
-1183
-1213
-1367
-1536
-1558
-1477
-1406
-1441
-1511
-1499
-1375
-1245
-1210
-1234
-1200
-1034
-879
-854
-888
-839
-685
-545
-543
-619
-630
-512
-409
-429
-545
-630
-593
-549
-598
-752
-888
-956
-986
-1067
-1245
-1450
-1572
-1592
-1679
-1965
-2283
-2365
-2259
-2334
-2778
-3189
-3161
-2892
-3003
-3564
-3904
-3663
-3359
-3623
-4144
-4172
-3717
-3531
-3922
-4245
-3907
-3332
-3281
-3630
-3604
-3051
-2583
-2562
-2608
-2248
-1707
-1403
-1270
-968
-473
-70
210
556
1022
1400
1684
2064
2580
2970
3139
3359
3830
4323
4498
4535
4744
5152
5407
5377
5376
5545
5718
5677
5533
5495
5516
5416
5206
5018
4846
4612
4371
4160
3918
3559
3161
2911
2738
2434
1963
1555
1363
1186
818
374
115
14
-190
-549
-848
-945
-1000
-1167
-1376
-1497
-1541
-1592
-1638
-1650
-1634
-1665
-1683
-1618
-1520
-1480
-1471
-1379
-1234
-1160
-1185
-1139
-945
-773
-774
-850
-799
-617
-512
-546
-598
-573
-535
-565
-615
-619
-629
-720
-835
-916
-959
-1036
-1174
-1290
-1384
-1530
-1698
-1815
-1889
-2026
-2251
-2450
-2515
-2570
-2756
-2981
-3102
-3118
-3212
-3405
-3542
-3533
-3526
-3637
-3772
-3756
-3650
-3628
-3673
-3650
-3487
-3340
-3290
-3212
-2982
-2702
-2523
-2408
-2178
-1802
-1473
-1239
-971
-588
-195
104
397
812
1292
1658
1900
2205
2661
3129
3418
3624
3909
4283
4604
4789
4955
5172
5415
5552
5580
5603
5686
5780
5758
5619
5474
5400
5328
5171
4905
4638
4464
4270
3960
3578
3262
3051
2792
2405
1977
1661
1435
1184
832
453
161
-54
-265
-517
-772
-992
-1144
-1276
-1432
-1590
-1681
-1707
-1764
-1860
-1944
-1909
-1798
-1771
-1853
-1896
-1768
-1603
-1554
-1605
-1587
-1447
-1322
-1280
-1271
-1201
-1106
-1056
-1056
-1023
-958
-912
-910
-926
-930
-957
-976
-973
-993
-1069
-1168
-1226
-1242
-1300
-1433
-1573
-1630
-1639
-1735
-1934
-2089
-2117
-2115
-2223
-2456
-2633
-2668
-2625
-2682
-2889
-3067
-3082
-2990
-3010
-3175
-3271
-3171
-3041
-3080
-3198
-3142
-2882
-2694
-2734
-2769
-2562
-2185
-1936
-1892
-1796
-1480
-1075
-779
-585
-334
14
370
710
1060
1399
1703
2041
2431
2816
3088
3309
3639
4033
4336
4474
4605
4868
5168
5308
5303
5328
5480
5604
5548
5427
5365
5350
5255
5032
4791
4611
4469
4245
3926
3587
3274
3019
2770
2453
2057
1651
1336
1104
830
484
121
-182
-400
-612
-863
-1115
-1312
-1457
-1616
-1787
-1918
-1983
-2006
-2070
-2157
-2214
-2178
-2095
-2035
-2046
-2070
-1994
-1862
-1726
-1676
-1676
-1605
-1450
-1314
-1253
-1246
-1193
-1038
-929
-920
-945
-898
-760
-690
-745
-813
-784
-694
-697
-793
-857
-846
-847
-946
-1055
-1099
-1132
-1207
-1328
-1438
-1520
-1614
-1699
-1760
-1854
-2036
-2212
-2233
-2172
-2271
-2546
-2721
-2632
-2528
-2677
-2930
-2933
-2735
-2695
-2900
-3012
-2792
-2533
-2552
-2719
-2628
-2265
-2007
-2010
-1979
-1696
-1312
-1085
-973
-721
-334
20
269
550
891
1231
1572
1948
2317
2574
2794
3132
3588
3920
4048
4181
4488
4837
5003
5013
5116
5341
5442
5363
5281
5355
5433
5298
5045
4866
4794
4671
4412
4122
3846
3547
3260
2998
2719
2367
1950
1603
1349
1068
693
329
66
-180
-493
-813
-1040
-1185
-1365
-1607
-1823
-1936
-2017
-2121
-2211
-2272
-2320
-2395
-2398
-2348
-2295
-2292
-2302
-2228
-2124
-2055
-2027
-1929
-1790
-1695
-1678
-1635
-1486
-1333
-1262
-1246
-1194
-1111
-1042
-979
-911
-857
-869
-888
-855
-773
-732
-791
-850
-834
-795
-831
-914
-955
-926
-945
-1064
-1197
-1221
-1163
-1201
-1374
-1550
-1586
-1529
-1569
-1757
-1906
-1893
-1859
-1975
-2153
-2186
-2072
-2076
-2239
-2374
-2288
-2122
-2110
-2190
-2196
-2039
-1902
-1841
-1755
-1553
-1337
-1232
-1125
-884
-556
-296
-102
142
438
718
1001
1357
1739
2010
2199
2458
2871
3259
3476
3632
3897
4213
4402
4529
4684
4917
5052
5023
5006
5092
5196
5132
4959
4820
4741
4615
4411
4198
3983
3720
3412
3119
2845
2546
2206
1871
1550
1201
825
509
264
-27
-395
-762
-1005
-1179
-1427
-1708
-1921
-2052
-2199
-2399
-2534
-2554
-2554
-2662
-2802
-2806
-2696
-2625
-2649
-2644
-2566
-2461
-2387
-2302
-2161
-2029
-1947
-1884
-1778
-1607
-1468
-1380
-1284
-1200
-1116
-1028
-901
-762
-709
-718
-673
-547
-455
-467
-491
-430
-358
-393
-461
-436
-345
-346
-484
-601
-569
-500
-584
-733
-801
-790
-856
-1021
-1112
-1094
-1120
-1292
-1474
-1517
-1478
-1548
-1699
-1793
-1788
-1833
-1955
-1991
-1911
-1877
-1973
-2074
-1989
-1796
-1731
-1768
-1704
-1489
-1329
-1266
-1140
-837
-540
-428
-341
-35
405
715
849
1025
1399
1799
2059
2256
2557
2910
3165
3317
3536
3856
4116
4238
4303
4438
4594
4683
4720
4738
4731
4659
4564
4511
4425
4265
4053
3862
3673
3411
3122
2865
2632
2329
1952
1594
1310
1067
743
367
32
-243
-519
-828
-1105
-1324
-1537
-1802
-2056
-2241
-2330
-2418
-2560
-2725
-2841
-2870
-2856
-2850
-2879
-2891
-2876
-2811
-2731
-2656
-2564
-2448
-2354
-2288
-2201
-2036
-1834
-1692
-1622
-1553
-1400
-1219
-1072
-982
-875
-751
-649
-567
-464
-307
-202
-183
-172
-98
5
74
95
105
130
121
85
91
143
164
67
-73
-111
-60
-75
-209
-350
-402
-429
-552
-703
-752
-736
-848
-1095
-1249
-1212
-1133
-1235
-1478
-1594
-1536
-1466
-1526
-1622
-1590
-1512
-1501
-1543
-1458
-1255
-1104
-1087
-1075
-879
-576
-361
-242
-86
150
428
680
911
1178
1444
1668
1887
2151
2439
2684
2905
3110
3294
3465
3614
3799
3967
4048
4059
4077
4154
4201
4165
4068
3992
3911
3787
3619
3433
3271
3067
2811
2513
2251
2000
1727
1448
1126
792
469
193
-49
-353
-692
-1009
-1245
-1436
-1684
-1948
-2143
-2257
-2414
-2632
-2785
-2787
-2759
-2880
-3045
-3072
-2923
-2819
-2898
-2955
-2831
-2610
-2512
-2543
-2457
-2205
-1980
-1925
-1901
-1720
-1429
-1242
-1192
-1113
-896
-673
-565
-494
-344
-154
-52
0
101
259
353
395
442
538
603
595
620
699
759
695
590
594
681
674
541
405
392
389
281
132
44
0
-136
-339
-469
-492
-553
-743
-964
-1061
-1090
-1173
-1323
-1444
-1507
-1590
-1691
-1735
-1721
-1725
-1787
-1829
-1782
-1687
-1597
-1551
-1469
-1340
-1199
-1055
-880
-663
-456
-266
-70
168
423
674
938
1219
1451
1634
1852
2162
2462
2640
2736
2896
3142
3335
3398
3435
3547
3648
3652
3578
3546
3571
3541
3379
3175
3052
2957
2794
2555
2296
2086
1859
1579
1307
1066
823
519
196
-69
-267
-496
-789
-1083
-1274
-1400
-1609
-1874
-2056
-2085
-2107
-2296
-2544
-2576
-2410
-2355
-2537
-2708
-2580
-2302
-2238
-2401
-2409
-2101
-1819
-1849
-1983
-1780
-1334
-1111
-1247
-1315
-994
-559
-436
-563
-492
-162
108
101
97
307
559
609
543
642
886
1012
926
912
1041
1138
1078
1020
1132
1241
1108
856
858
1078
1125
806
481
523
709
615
236
-3
73
119
-158
-543
-616
-481
-550
-944
-1284
-1271
-1130
-1211
-1539
-1777
-1775
-1690
-1735
-1865
-1944
-1907
-1850
-1859
-1842
-1757
-1607
-1479
-1404
-1349
-1214
-974
-680
-473
-406
-281
0
365
648
801
951
1196
1486
1734
1935
2129
2317
2482
2623
2748
2892
3015
3110
3167
3154
3107
3081
3124
3141
2999
2743
2574
2546
2491
2244
1916
1690
1553
1335
999
736
567
361
0
-360
-546
-634
-854
-1211
-1476
-1559
-1643
-1889
-2099
-2128
-2112
-2288
-2526
-2534
-2324
-2230
-2409
-2573
-2433
-2126
-2033
-2124
-2099
-1834
-1575
-1546
-1568
-1351
-983
-793
-831
-806
-525
-164
3
-4
50
269
515
651
710
796
942
1066
1127
1169
1261
1375
1444
1422
1384
1391
1448
1511
1482
1369
1262
1221
1211
1177
1077
923
752
626
556
482
321
89
-96
-211
-345
-543
-752
-884
-985
-1176
-1445
-1613
-1635
-1670
-1848
-2121
-2267
-2224
-2159
-2258
-2423
-2463
-2374
-2300
-2313
-2273
-2132
-1982
-1898
-1826
-1675
-1403
-1131
-968
-850
-651
-355
-35
220
430
639
872
1130
1391
1660
1874
2039
2180
2355
2547
2694
2799
2880
2947
2974
2953
2943
2969
2978
2868
2651
2498
2456
2410
2200
1919
1694
1555
1389
1135
875
660
458
190
-80
-275
-412
-599
-843
-1072
-1224
-1331
-1450
-1573
-1673
-1782
-1902
-1937
-1905
-1876
-1918
-1957
-1914
-1834
-1763
-1692
-1582
-1463
-1388
-1334
-1200
-973
-794
-714
-630
-467
-275
-127
-6
176
348
425
486
652
889
1024
1019
1036
1192
1354
1386
1362
1431
1535
1530
1441
1426
1507
1549
1430
1287
1213
1187
1129
1024
911
724
530
408
376
244
-66
-338
-402
-431
-695
-1083
-1234
-1152
-1266
-1714
-2079
-1994
-1795
-2012
-2524
-2707
-2450
-2269
-2532
-2878
-2788
-2453
-2393
-2628
-2674
-2344
-2005
-2007
-2115
-1934
-1508
-1204
-1120
-1028
-763
-430
-148
93
330
568
784
1037
1338
1584
1745
1918
2160
2377
2460
2530
2692
2902
2976
2886
2822
2914
3031
2973
2793
2647
2588
2515
2380
2213
2046
1848
1612
1391
1229
1062
824
544
325
147
-51
-272
-472
-586
-710
-955
-1221
-1307
-1235
-1232
-1473
-1751
-1762
-1544
-1448
-1618
-1772
-1645
-1404
-1372
-1473
-1425
-1142
-928
-976
-1062
-872
-496
-276
-317
-381
-212
95
305
377
402
493
643
783
891
976
1059
1132
1198
1195
1201
1295
1427
1447
1312
1184
1214
1321
1317
1170
1006
942
870
765
690
648
479
192
-23
-60
-72
-290
-601
-796
-876
-1037
-1308
-1485
-1498
-1602
-1932
-2254
-2279
-2171
-2258
-2554
-2777
-2772
-2703
-2735
-2803
-2784
-2756
-2784
-2772
-2602
-2387
-2287
-2276
-2142
-1893
-1684
-1524
-1276
-938
-736
-654
-480
-61
405
606
635
802
1192
1575
1746
1858
2057
2292
2427
2507
2654
2859
2975
2929
2866
2878
2973
2996
2935
2805
2636
2500
2420
2368
2240
2016
1732
1517
1395
1264
1075
819
572
373
195
12
-167
-281
-399
-596
-861
-1002
-943
-878
-1025
-1307
-1412
-1265
-1098
-1182
-1325
-1273
-1096
-1046
-1138
-1084
-815
-602
-695
-826
-637
-249
-73
-177
-220
-17
230
277
271
429
632
649
572
653
901
1060
978
892
952
1072
1100
1077
1114
1122
1018
896
939
1028
965
738
595
599
570
395
220
199
152
-104
-431
-506
-410
-490
-881
-1265
-1324
-1235
-1365
-1723
-1982
-2014
-2031
-2238
-2486
-2561
-2488
-2526
-2756
-2941
-2896
-2709
-2630
-2749
-2875
-2794
-2536
-2324
-2273
-2247
-2117
-1858
-1603
-1439
-1277
-1024
-724
-497
-319
-104
221
585
833
955
1103
1384
1742
2001
2095
2165
2337
2567
2741
2802
2826
2886
2967
2990
2940
2912
2929
2920
2791
2613
2503
2459
2386
2204
1972
1777
1636
1501
1327
1110
910
718
540
395
238
48
-135
-255
-362
-501
-656
-767
-796
-838
-949
-1064
-1105
-1041
-1008
-1083
-1151
-1094
-958
-895
-957
-974
-830
-648
-570
-615
-593
-414
-197
-128
-160
-87
102
263
278
271
382
581
667
612
605
734
901
921
832
792
879
958
939
872
822
822
778
696
621
573
522
376
207
86
25
-35
-195
-407
-588
-696
-779
-943
-1153
-1318
-1445
-1581
-1772
-1929
-1982
-2046
-2215
-2430
-2525
-2482
-2467
-2585
-2746
-2766
-2681
-2633
-2645
-2617
-2520
-2437
-2375
-2285
-2121
-1922
-1768
-1653
-1492
-1283
-1053
-814
-571
-348
-172
41
325
619
840
1019
1232
1476
1686
1847
2023
2250
2414
2472
2530
2687
2864
2907
2847
2850
2941
2961
2860
2749
2757
2727
2571
2368
2256
2218
2087
1843
1625
1520
1389
1163
932
801
686
483
225
76
9
-113
-306
-475
-546
-612
-731
-843
-872
-881
-930
-1007
-1028
-989
-948
-941
-942
-912
-868
-819
-721
-622
-575
-537
-471
-336
-217
-159
-111
-30
80
142
164
237
356
439
430
406
464
573
630
592
516
525
596
626
554
463
468
488
436
281
199
234
238
47
-205
-251
-151
-196
-515
-766
-735
-639
-837
-1203
-1328
-1201
-1226
-1570
-1860
-1787
-1626
-1794
-2187
-2315
-2091
-2001
-2255
-2507
-2420
-2200
-2197
-2385
-2409
-2194
-2015
-2051
-2081
-1897
-1653
-1521
-1478
-1316
-1072
-862
-701
-499
-274
-76
122
371
646
819
963
1191
1498
1719
1799
1924
2169
2396
2471
2500
2646
2835
2880
2814
2830
2946
2997
2871
2734
2725
2737
2624
2446
2323
2246
2105
1877
1722
1634
1485
1217
967
829
739
569
325
129
-3
-152
-315
-440
-533
-652
-822
-941
-972
-977
-1039
-1111
-1152
-1153
-1160
-1151
-1094
-1042
-1040
-1078
-1028
-898
-768
-730
-740
-684
-557
-427
-353
-291
-213
-135
-67
-3
86
190
262
270
263
316
405
484
493
467
442
464
486
512
506
453
377
308
322
321
259
107
14
-1
-53
-180
-338
-402
-426
-549
-783
-932
-920
-923
-1128
-1419
-1536
-1467
-1476
-1715
-1967
-2001
-1910
-1967
-2187
-2304
-2227
-2132
-2202
-2351
-2352
-2194
-2071
-2074
-2107
-2007
-1801
-1635
-1531
-1452
-1293
-1056
-815
-626
-496
-310
-10
289
484
607
805
1136
1439
1588
1686
1894
2173
2373
2449
2532
2713
2901
2962
2926
2949
3055
3130
3075
2955
2880
2863
2835
2732
2564
2393
2240
2111
1978
1787
1577
1388
1217
1030
809
617
463
321
117
-143
-316
-381
-432
-593
-830
-973
-986
-996
-1079
-1199
-1245
-1232
-1251
-1298
-1304
-1222
-1161
-1184
-1239
-1202
-1050
-919
-906
-940
-893
-755
-616
-559
-525
-445
-348
-291
-248
-155
-17
73
58
37
127
282
363
312
281
335
387
430
408
396
435
421
356
285
316
361
306
141
9
26
57
-46
-262
-395
-410
-428
-596
-822
-906
-891
-988
-1255
-1461
-1461
-1407
-1546
-1840
-1987
-1909
-1855
-1996
-2204
-2228
-2098
-2035
-2143
-2228
-2112
-1928
-1859
-1880
-1822
-1624
-1389
-1254
-1170
-1027
-798
-546
-326
-166
27
278
540
774
943
1129
1375
1639
1823
1942
2081
2286
2480
2592
2652
2728
2827
2892
2908
2933
2958
2904
2813
2765
2737
2644
2482
2348
2260
2133
1914
1700
1588
1488
1271
964
768
692
567
317
67
-71
-175
-353
-551
-660
-734
-867
-1057
-1142
-1135
-1188
-1318
-1393
-1358
-1342
-1418
-1462
-1366
-1248
-1280
-1382
-1313
-1090
-969
-1047
-1079
-900
-678
-628
-683
-583
-354
-225
-261
-255
-39
171
187
136
216
412
534
517
510
616
715
728
692
724
799
816
762
713
717
720
680
601
527
451
380
313
242
120
-26
-136
-214
-317
-477
-638
-743
-822
-979
-1180
-1319
-1366
-1443
-1621
-1802
-1869
-1873
-1938
-2078
-2171
-2166
-2140
-2171
-2242
-2211
-2093
-2023
-2041
-2016
-1869
-1672
-1566
-1533
-1408
-1172
-954
-830
-712
-490
-210
-7
123
299
590
879
1042
1152
1352
1614
1820
1939
2035
2201
2365
2472
2532
2592
2682
2746
2758
2739
2712
2710
2713
2663
2534
2380
2295
2277
2179
1934
1693
1601
1559
1357
1035
823
788
690
385
52
-51
-1
-164
-554
-808
-755
-684
-910
-1259
-1339
-1163
-1136
-1382
-1584
-1473
-1255
-1292
-1522
-1565
-1320
-1109
-1176
-1323
-1221
-938
-777
-827
-876
-690
-430
-329
-348
-297
-99
97
148
144
242
420
551
576
598
680
780
824
844
882
903
895
872
901
929
860
754
724
750
709
550
436
444
437
276
54
-19
-5
-112
-370
-557
-577
-613
-818
-1058
-1125
-1125
-1277
-1523
-1635
-1591
-1640
-1869
-2048
-2018
-1934
-2051
-2264
-2281
-2100
-2045
-2196
-2282
-2112
-1867
-1853
-1954
-1874
-1579
-1366
-1365
-1336
-1116
-814
-630
-565
-419
-161
105
313
458
622
845
1089
1296
1431
1527
1683
1915
2092
2133
2156
2292
2503
2578
2491
2452
2583
2699
2608
2429
2370
2442
2392
2178
1994
1961
1900
1704
1483
1372
1300
1101
866
728
643
452
176
30
26
-118
-433
-646
-576
-502
-749
-1102
-1117
-855
-819
-1152
-1377
-1170
-888
-1011
-1350
-1318
-941
-752
-995
-1190
-919
-504
-450
-678
-668
-313
-56
-119
-210
-47
221
281
201
251
461
590
583
591
711
808
821
847
934
980
881
800
866
968
896
712
629
707
727
569
410
401
425
313
105
-23
-44
-120
-313
-511
-622
-704
-816
-952
-1064
-1190
-1352
-1472
-1508
-1548
-1703
-1893
-1968
-1957
-2022
-2178
-2278
-2261
-2228
-2298
-2373
-2328
-2196
-2097
-2114
-2087
-1975
-1815
-1691
-1614
-1514
-1407
-1261
-1091
-890
-708
-554
-382
-137
129
327
489
708
969
1155
1243
1362
1590
1824
1924
1943
2044
2247
2421
2470
2484
2544
2625
2633
2606
2580
2579
2526
2395
2263
2161
2081
1972
1852
1706
1545
1381
1280
1206
1036
796
617
520
376
127
-88
-149
-195
-442
-748
-780
-593
-585
-912
-1147
-958
-685
-818
-1195
-1250
-888
-738
-1076
-1350
-1044
-538
-561
-968
-991
-458
-67
-263
-569
-353
125
219
-77
-121
242
500
337
149
363
713
774
586
599
825
935
822
765
888
947
748
550
619
760
665
370
273
415
493
308
94
91
148
2
-322
-521
-513
-536
-783
-1113
-1261
-1220
-1209
-1375
-1635
-1786
-1766
-1757
-1916
-2141
-2260
-2204
-2219
-2430
-2640
-2602
-2393
-2385
-2602
-2698
-2459
-2157
-2124
-2262
-2186
-1846
-1623
-1675
-1704
-1476
-1148
-1031
-1066
-927
-557
-194
-56
53
338
688
926
1046
1198
1406
1549
1631
1756
1947
2093
2162
2257
2441
2589
2611
2630
2747
2863
2815
2657
2614
2699
2684
2473
2255
2203
2201
2060
1816
1683
1678
1606
1381
1181
1122
1087
908
625
455
364
202
-54
-244
-272
-293
-458
-626
-594
-459
-482
-672
-780
-713
-656
-780
-933
-915
-791
-767
-835
-814
-623
-436
-398
-411
-329
-154
-59
-27
39
116
146
153
239
368
403
369
402
546
656
664
673
792
928
885
740
714
808
816
622
387
328
389
364
218
127
147
139
19
-135
-221
-290
-476
-737
-948
-1065
-1167
-1336
-1478
-1588
-1687
-1782
-1865
-1896
-1951
-2083
-2253
-2349
-2345
-2375
-2492
-2596
-2625
-2606
-2635
-2649
-2581
-2456
-2379
-2351
-2244
-2052
-1844
-1707
-1610
-1493
-1362
-1234
-1091
-913
-725
-588
-436
-171
166
471
679
890
1144
1366
1509
1619
1780
1942
2027
2080
2187
2376
2564
2663
2727
2805
2886
2940
2968
2975
2939
2842
2737
2677
2623
2512
2343
2195
2094
1969
1796
1669
1610
1524
1341
1132
1006
936
789
532
284
104
-32
-217
-391
-486
-514
-563
-654
-676
-612
-584
-693
-810
-844
-837
-898
-1002
-993
-884
-823
-844
-797
-587
-379
-356
-410
-329
-119
-13
-76
-107
34
187
158
65
132
326
399
302
272
421
590
604
500
481
554
566
442
282
208
178
89
-85
-221
-214
-169
-212
-361
-486
-484
-493
-679
-976
-1170
-1219
-1316
-1580
-1837
-1866
-1772
-1837
-2080
-2218
-2113
-2029
-2207
-2472
-2526
-2371
-2346
-2584
-2762
-2641
-2448
-2483
-2649
-2623
-2350
-2142
-2144
-2147
-1931
-1610
-1444
-1432
-1347
-1086
-834
-731
-683
-514
-240
4
194
422
711
1012
1267
1489
1706
1871
2015
2135
2248
2334
2406
2521
2683
2822
2889
2958
3069
3183
3198
3138
3081
3076
3035
2905
2774
2690
2602
2440
2259
2121
2014
1881
1703
1550
1443
1319
1135
968
843
703
493
274
116
-8
-145
-344
-500
-544
-543
-582
-653
-664
-625
-614
-694
-783
-802
-803
-840
-907
-925
-844
-735
-658
-598
-514
-402
-319
-275
-236
-178
-121
-108
-89
-45
17
53
56
76
112
152
163
193
227
247
253
231
217
200
148
69
-26
-139
-235
-300
-364
-477
-588
-637
-638
-685
-812
-936
-990
-1062
-1245
-1470
-1617
-1679
-1773
-1945
-2105
-2115
-2067
-2107
-2252
-2344
-2313
-2304
-2382
-2492
-2500
-2432
-2405
-2437
-2459
-2375
-2241
-2169
-2118
-2022
-1846
-1649
-1485
-1337
-1160
-951
-749
-569
-396
-201
5
204
395
588
812
1056
1311
1551
1763
1988
2200
2386
2536
2653
2751
2832
2905
2966
3027
3103
3167
3197
3213
3219
3216
3182
3100
3006
2932
2824
2687
2536
2396
2259
2102
1900
1700
1551
1413
1255
1060
910
788
655
469
277
143
40
-95
-294
-453
-546
-609
-704
-809
-886
-885
-877
-902
-925
-925
-896
-906
-961
-978
-954
-931
-909
-892
-840
-776
-710
-650
-566
-483
-442
-415
-354
-263
-214
-210
-197
-144
-87
-76
-91
-60
-10
13
-3
-20
21
56
29
-40
-97
-116
-151
-230
-336
-420
-492
-587
-685
-777
-835
-900
-996
-1096
-1188
-1274
-1370
-1490
-1634
-1770
-1883
-1986
-2085
-2162
-2219
-2270
-2317
-2358
-2399
-2409
-2382
-2372
-2383
-2369
-2303
-2224
-2163
-2119
-2046
-1900
-1759
-1631
-1499
-1315
-1067
-861
-679
-488
-245
13
238
411
605
841
1064
1268
1443
1650
1858
2061
2248
2418
2588
2756
2902
2999
3068
3131
3191
3215
3216
3203
3185
3161
3121
3070
3002
2925
2829
2716
2591
2451
2311
2168
1998
1811
1619
1425
1254
1084
911
744
577
440
290
152
35
-84
-209
-358
-473
-560
-639
-736
-848
-910
-945
-988
-1022
-1025
-994
-972
-983
-977
-935
-869
-840
-857
-841
-791
-737
-703
-673
-601
-525
-484
-449
-370
-271
-216
-195
-154
-98
-56
-66
-77
-51
-35
-67
-93
-66
-31
-34
-85
-114
-104
-138
-216
-284
-325
-372
-496
-616
-679
-732
-839
-988
-1075
-1128
-1207
-1337
-1439
-1465
-1507
-1643
-1785
-1843
-1874
-1956
-2111
-2191
-2175
-2177
-2244
-2297
-2238
-2148
-2121
-2140
-2087
-1934
-1805
-1762
-1707
-1572
-1411
-1292
-1187
-1016
-795
-587
-415
-204
51
298
510
713
938
1150
1349
1539
1747
1938
2092
2229
2392
2572
2706
2804
2901
3037
3134
3164
3183
3218
3247
3219
3136
3068
3004
2923
2821
2697
2582
2450
2294
2136
2010
1870
1712
1536
1366
1196
1000
806
623
455
266
73
-88
-186
-277
-404
-515
-594
-670
-756
-824
-894
-954
-1014
-1081
-1112
-1101
-1095
-1109
-1105
-1059
-1008
-973
-934
-869
-787
-739
-732
-714
-645
-568
-525
-512
-471
-387
-305
-256
-246
-220
-158
-101
-86
-79
-40
25
51
34
6
-20
-25
-61
-113
-165
-210
-259
-290
-300
-346
-413
-491
-531
-594
-723
-879
-976
-1009
-1110
-1288
-1442
-1471
-1459
-1556
-1716
-1791
-1764
-1795
-1951
-2087
-2105
-2098
-2207
-2326
-2318
-2217
-2178
-2226
-2197
-2065
-1961
-1962
-1931
-1770
-1578
-1489
-1441
-1270
-976
-755
-674
-548
-283
6
155
264
493
820
1049
1179
1355
1634
1905
2053
2185
2361
2543
2645
2715
2809
2900
2944
2971
3045
3116
3139
3129
3138
3129
3031
2852
2716
2665
2564
2350
2141
2059
2028
1883
1640
1462
1365
1232
989
736
602
528
353
105
-54
-115
-178
-323
-478
-573
-613
-658
-738
-814
-872
-907
-924
-942
-944
-923
-869
-803
-801
-833
-833
-776
-725
-729
-733
-653
-515
-426
-380
-310
-209
-162
-195
-232
-179
-120
-127
-144
-105
-10
45
27
16
75
113
65
-15
-45
-19
-47
-156
-278
-331
-326
-344
-415
-515
-564
-584
-636
-756
-920
-1050
-1112
-1163
-1291
-1448
-1518
-1489
-1515
-1691
-1906
-1976
-1924
-1973
-2154
-2292
-2229
-2083
-2105
-2255
-2306
-2183
-2067
-2140
-2250
-2174
-1947
-1801
-1809
-1770
-1553
-1274
-1117
-1056
-896
-601
-338
-209
-108
89
329
527
686
887
1162
1440
1676
1888
2109
2307
2454
2561
2660
2754
2838
2937
3060
3159
3212
3236
3249
3272
3242
3155
3068
3012
2946
2835
2710
2595
2466
2294
2112
1953
1806
1621
1420
1242
1095
898
654
456
319
194
-8
-217
-326
-362
-454
-682
-907
-981
-989
-1064
-1214
-1293
-1192
-1083
-1096
-1189
-1193
-1090
-1040
-1140
-1259
-1183
-1001
-892
-907
-910
-763
-567
-474
-497
-469
-316
-187
-171
-190
-124
2
63
38
25
105
218
269
272
268
264
245
221
199
156
90
40
47
41
-25
-120
-184
-244
-380
-543
-642
-651
-697
-853
-992
-1032
-1053
-1183
-1381
-1523
-1595
-1706
-1892
-2004
-1988
-2000
-2131
-2250
-2223
-2152
-2190
-2304
-2333
-2262
-2235
-2306
-2336
-2222
-2098
-2079
-2069
-1897
-1607
-1416
-1349
-1244
-1000
-757
-642
-547
-348
-63
162
332
553
863
1154
1330
1474
1648
1858
2079
2260
2409
2546
2693
2872
3038
3119
3144
3207
3287
3321
3256
3202
3236
3263
3155
2971
2890
2906
2863
2642
2392
2247
2152
1969
1677
1420
1266
1130
936
721
559
461
342
150
-115
-348
-474
-548
-693
-952
-1148
-1139
-1022
-1059
-1283
-1411
-1269
-1125
-1236
-1461
-1436
-1151
-1030
-1231
-1417
-1191
-794
-728
-975
-1036
-698
-365
-420
-663
-611
-274
-101
-252
-364
-145
199
263
65
0
207
403
331
125
102
238
310
244
152
167
201
138
2
-78
-83
-145
-282
-381
-421
-471
-562
-645
-679
-733
-888
-1076
-1131
-1116
-1231
-1481
-1683
-1699
-1657
-1754
-1934
-2026
-1943
-1866
-1974
-2136
-2128
-1992
-1986
-2131
-2231
-2108
-1875
-1778
-1840
-1850
-1660
-1403
-1282
-1293
-1229
-995
-721
-569
-493
-323
18
329
459
538
769
1136
1414
1513
1566
1764
2047
2253
2342
2423
2587
2778
2898
2957
3030
3112
3177
3180
3151
3126
3116
3128
3136
3060
2901
2767
2712
2653
2479
2216
1980
1865
1764
1566
1327
1139
1018
869
660
440
277
183
70
-139
-379
-533
-573
-593
-756
-1005
-1136
-1053
-958
-1079
-1293
-1324
-1166
-1118
-1290
-1419
-1251
-979
-975
-1171
-1170
-858
-600
-685
-871
-777
-481
-362
-471
-506
-298
-105
-162
-271
-175
67
155
51
-4
117
262
256
174
172
217
167
66
45
92
77
-72
-219
-253
-249
-352
-519
-623
-649
-719
-875
-989
-1004
-1024
-1179
-1408
-1549
-1542
-1542
-1693
-1916
-2030
-2017
-2045
-2175
-2311
-2315
-2256
-2286
-2401
-2425
-2285
-2167
-2204
-2299
-2248
-2042
-1866
-1817
-1796
-1658
-1427
-1258
-1176
-1046
-812
-571
-430
-322
-108
227
530
702
837
1051
1343
1613
1804
1961
2143
2332
2487
2610
2749
2900
3012
3081
3133
3206
3284
3341
3353
3325
3253
3183
3148
3126
3073
2941
2778
2645
2548
2411
2225
2022
1811
1616
1412
1211
1028
865
696
503
300
105
-52
-143
-231
-408
-660
-820
-801
-793
-951
-1176
-1240
-1129
-1108
-1287
-1415
-1288
-1112
-1190
-1439
-1429
-1103
-875
-1000
-1184
-1019
-659
-534
-699
-757
-532
-313
-389
-534
-405
-104
1
-164
-237
-64
140
134
19
31
130
135
53
69
165
161
21
-89
-42
15
-84
-291
-388
-379
-464
-654
-813
-789
-755
-897
-1161
-1291
-1206
-1160
-1350
-1692
-1845
-1737
-1657
-1860
-2147
-2174
-1991
-1977
-2274
-2496
-2336
-2076
-2180
-2541
-2615
-2245
-1917
-2036
-2288
-2146
-1696
-1467
-1610
-1656
-1321
-937
-895
-1006
-828
-351
-25
-15
15
322
744
981
1062
1222
1510
1744
1873
2052
2328
2574
2710
2800
2952
3111
3196
3251
3312
3355
3328
3286
3331
3404
3389
3291
3170
3127
3086
2984
2844
2698
2564
2367
2155
1988
1870
1728
1498
1237
1042
922
760
515
272
106
-17
-220
-462
-557
-496
-537
-784
-1027
-1001
-818
-863
-1185
-1383
-1227
-1038
-1170
-1434
-1366
-1033
-929
-1210
-1378
-1087
-682
-711
-1038
-1049
-656
-367
-498
-672
-500
-168
-124
-319
-348
-88
98
-28
-226
-200
7
96
9
-79
-58
2
9
-21
-50
-111
-166
-229
-290
-374
-442
-458
-506
-652
-860
-931
-898
-961
-1187
-1398
-1436
-1427
-1538
-1703
-1754
-1719
-1793
-1984
-2083
-1990
-1924
-2068
-2265
-2303
-2188
-2175
-2284
-2331
-2224
-2103
-2111
-2118
-1996
-1773
-1647
-1640
-1561
-1366
-1117
-939
-820
-661
-443
-222
-5
215
403
596
795
1009
1194
1385
1606
1823
2011
2171
2342
2547
2760
2911
2999
3081
3191
3282
3338
3353
3363
3354
3345
3319
3262
3216
3113
3002
2887
2762
2638
2500
2340
2163
2013
1854
1682
1488
1283
1130
951
699
434
251
158
4
-308
-597
-636
-552
-689
-1058
-1251
-1114
-973
-1193
-1547
-1552
-1245
-1171
-1501
-1732
-1476
-1081
-1135
-1515
-1596
-1186
-849
-1016
-1339
-1236
-808
-596
-777
-922
-679
-316
-250
-439
-474
-221
36
1
-182
-212
-19
162
145
-6
-82
3
112
86
-56
-157
-133
-71
-122
-269
-345
-285
-264
-392
-609
-709
-673
-676
-827
-1061
-1215
-1231
-1215
-1295
-1461
-1611
-1650
-1625
-1674
-1820
-1910
-1898
-1859
-1939
-2093
-2130
-1980
-1855
-1942
-2099
-2077
-1845
-1689
-1735
-1816
-1692
-1434
-1290
-1281
-1173
-885
-626
-556
-506
-256
98
321
370
480
766
1081
1264
1402
1608
1863
2018
2102
2276
2541
2743
2795
2823
2981
3203
3321
3343
3356
3436
3471
3413
3357
3370
3367
3225
3034
2925
2901
2851
2690
2476
2295
2158
2006
1837
1636
1430
1235
1030
830
615
440
315
169
-83
-367
-515
-503
-572
-870
-1166
-1210
-1078
-1146
-1410
-1546
-1398
-1268
-1434
-1668
-1612
-1302
-1199
-1454
-1642
-1423
-1041
-996
-1246
-1297
-996
-724
-783
-924
-807
-491
-375
-496
-535
-304
-27
-6
-152
-167
9
162
140
32
28
80
94
48
20
44
51
-10
-74
-114
-136
-166
-252
-362
-465
-554
-625
-677
-758
-873
-1004
-1096
-1166
-1231
-1330
-1447
-1541
-1629
-1721
-1806
-1850
-1891
-1951
-2047
-2097
-2079
-2042
-2066
-2107
-2110
-2055
-1993
-1969
-1929
-1842
-1731
-1650
-1582
-1481
-1318
-1137
-999
-896
-728
-504
-259
-59
114
316
558
800
971
1126
1328
1558
1732
1860
2004
2227
2437
2574
2673
2807
2978
3109
3161
3197
3273
3321
3290
3219
3198
3210
3154
3026
2913
2835
2766
2619
2443
2305
2169
1972
1731
1542
1407
1232
980
719
547
432
242
3
-189
-272
-403
-646
-864
-933
-931
-1074
-1338
-1499
-1425
-1347
-1483
-1679
-1674
-1509
-1445
-1585
-1630
-1416
-1196
-1244
-1428
-1374
-1071
-890
-1022
-1139
-970
-689
-618
-713
-651
-386
-234
-314
-351
-156
80
76
-83
-76
98
182
95
19
110
186
98
-26
35
168
126
-108
-244
-150
-74
-218
-458
-531
-460
-518
-740
-884
-840
-784
-957
-1239
-1341
-1214
-1178
-1403
-1685
-1751
-1649
-1678
-1868
-2015
-1965
-1878
-1948
-2084
-2064
-1895
-1800
-1900
-2001
-1914
-1707
-1595
-1616
-1626
-1498
-1303
-1173
-1065
-916
-698
-502
-358
-189
53
322
546
688
835
1037
1302
1546
1715
1852
2012
2225
2425
2582
2721
2874
3015
3103
3142
3228
3341
3413
3367
3291
3278
3314
3330
3239
3138
3042
2958
2846
2707
2561
2393
2191
1982
1787
1597
1395
1183
998
824
619
376
205
127
27
-220
-529
-673
-642
-697
-990
-1298
-1312
-1152
-1225
-1545
-1713
-1490
-1263
-1427
-1752
-1702
-1273
-1071
-1372
-1660
-1399
-915
-878
-1245
-1352
-934
-553
-690
-989
-834
-349
-183
-456
-614
-309
58
8
-281
-265
64
226
41
-124
19
238
197
-20
-48
129
160
-47
-222
-187
-90
-201
-440
-535
-449
-446
-629
-813
-810
-745
-855
-1099
-1219
-1138
-1139
-1357
-1613
-1637
-1530
-1596
-1833
-1977
-1892
-1788
-1906
-2075
-2037
-1852
-1814
-1959
-2020
-1827
-1596
-1637
-1769
-1684
-1383
-1194
-1226
-1226
-971
-641
-518
-537
-391
-13
288
362
395
653
1038
1287
1355
1463
1740
2046
2200
2270
2412
2633
2815
2868
2898
3015
3165
3212
3202
3204
3228
3250
3228
3189
3158
3081
2956
2857
2791
2684
2505
2305
2138
1991
1788
1547
1344
1167
980
747
519
355
203
26
-169
-332
-490
-655
-793
-881
-967
-1136
-1305
-1372
-1344
-1387
-1540
-1641
-1582
-1498
-1569
-1685
-1628
-1432
-1342
-1449
-1519
-1353
-1107
-1034
-1124
-1103
-902
-737
-738
-768
-654
-475
-425
-472
-441
-293
-169
-168
-182
-134
-67
-44
-22
30
60
19
-35
5
67
18
-96
-153
-129
-171
-297
-392
-383
-388
-531
-722
-794
-733
-747
-930
-1115
-1127
-1086
-1174
-1375
-1467
-1423
-1439
-1617
-1821
-1799
-1677
-1716
-1929
-2062
-1964
-1818
-1846
-1992
-1986
-1793
-1644
-1666
-1710
-1560
-1277
-1147
-1184
-1163
-920
-608
-455
-436
-327
-44
246
420
523
727
1022
1264
1406
1553
1774
2029
2225
2332
2444
2618
2803
2931
3019
3098
3182
3232
3261
3294
3307
3287
3217
3160
3138
3091
2969
2831
2725
2633
2500
2308
2136
2017
1872
1658
1419
1224
1064
861
641
417
220
28
-149
-263
-404
-619
-816
-862
-852
-983
-1244
-1357
-1239
-1179
-1385
-1631
-1570
-1317
-1312
-1602
-1724
-1441
-1145
-1253
-1541
-1457
-1030
-833
-1053
-1227
-939
-528
-508
-750
-736
-361
-108
-256
-439
-254
67
129
-85
-152
70
253
173
7
50
196
222
105
37
105
145
57
-58
-79
-69
-123
-244
-345
-432
-524
-613
-710
-811
-926
-1039
-1130
-1198
-1278
-1377
-1445
-1498
-1592
-1706
-1756
-1750
-1793
-1911
-2009
-1984
-1928
-1973
-2068
-2066
-1953
-1894
-1939
-1924
-1755
-1582
-1546
-1549
-1414
-1147
-954
-902
-803
-566
-316
-160
-38
170
435
642
767
932
1189
1431
1590
1725
1916
2127
2283
2417
2597
2762
2872
2937
3043
3188
3272
3268
3261
3302
3312
3245
3164
3142
3104
2974
2783
2658
2609
2497
2297
2087
1952
1827
1621
1388
1225
1097
875
589
374
262
133
-111
-385
-549
-626
-770
-986
-1129
-1146
-1189
-1357
-1541
-1557
-1438
-1430
-1577
-1706
-1616
-1453
-1439
-1543
-1540
-1381
-1265
-1296
-1343
-1199
-984
-891
-954
-952
-768
-560
-491
-514
-469
-335
-214
-161
-126
-69
-4
24
29
37
53
86
106
82
17
-41
-36
14
-9
-126
-249
-274
-243
-292
-429
-544
-584
-623
-740
-885
-952
-973
-1065
-1234
-1360
-1395
-1428
-1521
-1637
-1708
-1758
-1815
-1865
-1878
-1872
-1938
-2023
-2011
-1933
-1897
-1953
-1995
-1896
-1761
-1725
-1756
-1662
-1449
-1313
-1286
-1236
-1015
-738
-590
-541
-384
-95
156
303
435
665
930
1141
1305
1504
1744
1938
2082
2243
2446
2624
2760
2889
3043
3157
3208
3280
3386
3483
3468
3397
3389
3417
3413
3304
3164
3076
3000
2863
2678
2522
2399
2251
2013
1773
1606
1453
1258
1009
758
578
408
199
-21
-210
-360
-527
-738
-930
-1018
-1065
-1186
-1384
-1488
-1473
-1454
-1549
-1684
-1670
-1561
-1515
-1623
-1666
-1507
-1318
-1305
-1431
-1385
-1142
-950
-973
-1063
-933
-671
-548
-613
-617
-407
-185
-173
-258
-193
6
129
72
11
79
193
206
130
118
169
179
111
56
57
41
-20
-87
-130
-183
-280
-377
-414
-440
-566
-733
-821
-841
-900
-1053
-1207
-1249
-1274
-1401
-1561
-1634
-1615
-1650
-1763
-1878
-1899
-1864
-1887
-1966
-2021
-1993
-1937
-1937
-1959
-1913
-1811
-1729
-1696
-1645
-1529
-1363
-1220
-1119
-1014
-848
-639
-450
-295
-134
97
322
509
674
877
1140
1379
1539
1674
1888
2120
2293
2417
2563
2747
2897
2984
3046
3155
3281
3337
3310
3304
3347
3348
3286
3211
3167
3104
2970
2807
2684
2578
2417
2191
1992
1851
1678
1434
1189
1030
883
649
351
141
33
-114
-361
-612
-740
-797
-954
-1192
-1332
-1331
-1342
-1517
-1709
-1724
-1609
-1587
-1726
-1819
-1728
-1586
-1573
-1644
-1596
-1423
-1304
-1319
-1340
-1192
-969
-869
-893
-870
-709
-526
-453
-439
-369
-249
-168
-137
-96
-6
89
97
74
91
144
171
163
149
138
99
42
14
20
0
-93
-211
-278
-284
-340
-449
-574
-658
-707
-803
-936
-1021
-1059
-1134
-1272
-1416
-1478
-1479
-1545
-1678
-1787
-1824
-1825
-1868
-1934
-1969
-1956
-1944
-1981
-2000
-1930
-1840
-1789
-1783
-1744
-1606
-1456
-1361
-1310
-1184
-966
-778
-672
-550
-316
-51
132
245
420
731
1008
1150
1254
1483
1798
2025
2131
2225
2447
2703
2844
2892
2984
3154
3287
3309
3291
3343
3440
3460
3378
3284
3250
3236
3159
3020
2869
2727
2582
2441
2272
2096
1890
1666
1459
1268
1069
865
664
436
225
11
-181
-344
-507
-667
-829
-1003
-1172
-1272
-1291
-1340
-1499
-1672
-1693
-1580
-1543
-1671
-1777
-1671
-1495
-1483
-1613
-1571
-1296
-1098
-1201
-1342
-1154
-771
-632
-818
-884
-595
-259
-271
-458
-381
-44
119
-51
-174
62
367
332
73
32
306
462
277
62
133
323
255
-3
-70
92
112
-163
-392
-334
-206
-345
-654
-775
-692
-714
-952
-1146
-1123
-1084
-1284
-1556
-1602
-1480
-1518
-1792
-1991
-1912
-1807
-1926
-2121
-2128
-1998
-1985
-2140
-2199
-2022
-1848
-1875
-2008
-1915
-1638
-1461
-1465
-1459
-1251
-991
-857
-789
-592
-286
-59
35
169
457
796
1019
1144
1297
1560
1837
2028
2183
2364
2562
2720
2828
2962
3148
3270
3330
3356
3379
3451
3501
3486
3439
3368
3294
3203
3121
3028
2914
2763
2556
2361
2200
2065
1883
1640
1363
1142
962
778
551
311
101
-89
-277
-489
-648
-767
-889
-1073
-1291
-1413
-1411
-1406
-1515
-1690
-1770
-1704
-1618
-1649
-1739
-1711
-1574
-1504
-1558
-1554
-1362
-1128
-1096
-1214
-1183
-892
-624
-614
-741
-662
-376
-205
-249
-286
-113
107
110
-48
-8
237
392
259
66
115
319
365
199
81
131
181
55
-107
-119
-59
-154
-396
-546
-506
-493
-644
-863
-958
-984
-1088
-1242
-1321
-1337
-1450
-1643
-1781
-1748
-1711
-1829
-2025
-2077
-2007
-2013
-2128
-2182
-2072
-2004
-2083
-2173
-2051
-1794
-1689
-1773
-1793
-1560
-1262
-1154
-1163
-1027
-722
-472
-383
-285
11
350
544
613
773
1097
1419
1601
1689
1857
2106
2337
2493
2632
2780
2916
3016
3113
3216
3305
3344
3352
3366
3359
3329
3262
3230
3186
3072
2894
2753
2673
2579
2387
2121
1910
1802
1679
1432
1142
925
803
637
361
70
-82
-166
-342
-615
-829
-884
-898
-1049
-1304
-1444
-1400
-1350
-1474
-1666
-1694
-1548
-1483
-1587
-1682
-1587
-1419
-1375
-1451
-1424
-1236
-1060
-1040
-1084
-989
-788
-638
-614
-589
-495
-349
-238
-166
-114
-72
-12
63
138
165
164
188
255
276
200
138
195
283
227
53
-49
22
91
-39
-256
-333
-280
-329
-533
-702
-698
-687
-866
-1110
-1202
-1131
-1178
-1421
-1637
-1658
-1608
-1689
-1868
-1963
-1962
-1982
-2079
-2180
-2120
-2034
-2088
-2162
-2132
-1987
-1892
-1878
-1837
-1719
-1568
-1470
-1346
-1149
-943
-826
-708
-494
-200
30
170
361
626
890
1071
1254
1505
1783
1956
2083
2275
2538
2750
2847
2947
3083
3241
3325
3376
3446
3502
3488
3442
3452
3487
3423
3280
3162
3091
3003
2821
2635
2503
2380
2156
1887
1698
1576
1375
1087
851
686
533
289
34
-120
-254
-467
-690
-818
-875
-1017
-1252
-1385
-1363
-1356
-1525
-1716
-1708
-1582
-1580
-1729
-1771
-1609
-1480
-1549
-1637
-1516
-1274
-1186
-1290
-1291
-1068
-842
-823
-883
-803
-591
-464
-473
-431
-279
-148
-139
-162
-67
78
126
91
76
135
183
171
157
170
149
70
26
51
64
-20
-151
-225
-250
-313
-411
-514
-578
-662
-824
-954
-999
-1023
-1141
-1331
-1459
-1501
-1542
-1652
-1770
-1834
-1892
-1970
-2044
-2056
-2024
-2054
-2137
-2173
-2104
-2014
-1982
-1968
-1904
-1793
-1697
-1598
-1453
-1274
-1119
-1015
-883
-667
-430
-240
-80
121
356
566
771
1026
1281
1460
1598
1784
2033
2257
2393
2491
2641
2822
2943
3009
3089
3211
3278
3255
3225
3255
3298
3251
3139
3045
2993
2922
2778
2642
2521
2368
2182
2000
1852
1673
1460
1256
1097
929
695
490
363
221
-9
-253
-363
-385
-528
-816
-993
-932
-881
-1090
-1380
-1385
-1170
-1157
-1436
-1607
-1384
-1120
-1227
-1515
-1473
-1090
-909
-1133
-1340
-1107
-696
-654
-913
-951
-621
-343
-423
-588
-465
-165
-63
-207
-237
-37
134
88
-17
35
160
169
99
118
190
142
2
-10
102
106
-94
-281
-228
-114
-241
-533
-640
-502
-487
-772
-1067
-1047
-858
-952
-1351
-1606
-1471
-1292
-1480
-1864
-1974
-1777
-1688
-1945
-2198
-2130
-1928
-1940
-2172
-2269
-2067
-1837
-1859
-1993
-1953
-1703
-1496
-1458
-1439
-1282
-1047
-872
-758
-602
-361
-121
62
218
413
652
904
1122
1308
1487
1687
1902
2110
2292
2437
2557
2685
2835
2965
3050
3110
3171
3218
3258
3247
3228
3215
3191
3129
3016
2898
2816
2765
2620
2409
2220
2099
1982
1785
1539
1342
1202
1046
807
563
412
282
111
-134
-342
-448
-532
-676
-867
-1010
-1080
-1121
-1200
-1319
-1421
-1435
-1409
-1435
-1509
-1549
-1486
-1401
-1407
-1467
-1449
-1289
-1150
-1173
-1221
-1110
-894
-790
-841
-838
-671
-480
-455
-510
-427
-225
-114
-167
-189
-53
95
89
19
57
187
210
115
88
183
226
103
-7
40
107
3
-205
-260
-162
-205
-427
-606
-580
-526
-690
-958
-1052
-979
-1021
-1274
-1514
-1497
-1414
-1545
-1823
-1928
-1807
-1776
-1956
-2128
-2089
-1951
-1981
-2125
-2137
-1975
-1848
-1890
-1933
-1805
-1564
-1438
-1432
-1350
-1123
-895
-769
-673
-465
-201
0
140
314
588
832
1001
1151
1361
1626
1834
1968
2108
2298
2489
2619
2709
2832
2962
3044
3070
3087
3132
3186
3182
3113
3056
3029
2987
2896
2768
2656
2557
2416
2238
2056
1920
1796
1606
1366
1178
1052
902
663
430
302
203
28
-220
-387
-429
-490
-705
-947
-993
-920
-951
-1185
-1368
-1280
-1134
-1202
-1441
-1482
-1267
-1129
-1255
-1414
-1289
-1034
-961
-1118
-1158
-929
-714
-727
-829
-735
-520
-414
-462
-463
-311
-190
-195
-194
-108
-4
4
-25
23
108
125
50
48
129
149
53
-39
-10
42
-16
-167
-249
-231
-239
-341
-491
-594
-623
-657
-754
-902
-1032
-1081
-1106
-1192
-1360
-1492
-1510
-1485
-1587
-1789
-1898
-1816
-1731
-1874
-2064
-2057
-1861
-1796
-1951
-2052
-1886
-1654
-1660
-1761
-1680
-1389
-1201
-1226
-1199
-954
-654
-546
-534
-343
-12
209
288
424
716
994
1110
1194
1430
1733
1878
1931
2088
2348
2522
2524
2576
2779
2954
2950
2884
2964
3115
3124
2977
2895
2962
2994
2841
2631
2565
2572
2459
2212
2029
1969
1868
1650
1417
1263
1152
970
739
566
412
232
50
-88
-215
-395
-582
-686
-712
-821
-1020
-1152
-1131
-1104
-1235
-1397
-1396
-1273
-1265
-1397
-1471
-1340
-1182
-1212
-1308
-1249
-1058
-944
-987
-990
-847
-691
-659
-675
-577
-417
-348
-356
-302
-165
-67
-76
-78
18
113
109
67
117
219
225
135
96
160
197
117
-1
-29
14
-22
-167
-278
-296
-320
-418
-573
-683
-714
-755
-885
-1046
-1148
-1179
-1226
-1364
-1517
-1591
-1557
-1608
-1757
-1879
-1872
-1804
-1886
-2036
-2068
-1928
-1853
-1962
-2054
-1935
-1716
-1668
-1747
-1689
-1436
-1222
-1217
-1236
-1019
-699
-553
-562
-444
-108
178
274
337
589
926
1097
1165
1308
1586
1801
1868
1956
2175
2393
2486
2513
2615
2795
2867
2851
2867
2968
3026
2948
2857
2867
2887
2811
2659
2552
2516
2431
2275
2091
1971
1866
1705
1502
1316
1176
1037
859
650
440
269
158
16
-179
-388
-497
-541
-633
-823
-983
-993
-993
-1100
-1298
-1363
-1268
-1234
-1365
-1508
-1445
-1268
-1227
-1338
-1354
-1194
-1043
-1063
-1132
-1044
-874
-797
-837
-819
-659
-506
-474
-456
-342
-198
-141
-157
-92
29
60
7
19
130
208
143
69
129
225
209
86
54
135
166
25
-121
-122
-64
-133
-332
-453
-436
-421
-557
-739
-809
-792
-844
-992
-1119
-1154
-1174
-1271
-1397
-1471
-1498
-1530
-1609
-1688
-1717
-1717
-1698
-1675
-1650
-1632
-1599
-1545
-1464
-1406
-1369
-1307
-1202
-1084
-990
-885
-749
-579
-416
-267
-94
114
307
473
644
818
973
1119
1291
1474
1625
1748
1883
2060
2247
2362
2424
2516
2662
2761
2755
2734
2794
2866
2826
2711
2669
2720
2713
2574
2427
2370
2358
2242
2029
1870
1796
1687
1478
1258
1102
983
805
587
415
293
168
-4
-163
-275
-394
-541
-668
-755
-844
-980
-1116
-1171
-1172
-1243
-1350
-1384
-1319
-1271
-1318
-1350
-1286
-1172
-1153
-1212
-1195
-1075
-998
-1007
-1001
-902
-751
-683
-678
-607
-450
-329
-317
-307
-219
-121
-95
-127
-105
-21
28
1
-16
48
108
93
51
46
63
53
-40
-129
-152
-174
-271
-393
-455
-483
-533
-651
-755
-796
-853
-953
-1072
-1142
-1173
-1253
-1389
-1508
-1547
-1577
-1675
-1787
-1820
-1794
-1807
-1874
-1899
-1832
-1765
-1789
-1836
-1791
-1662
-1591
-1618
-1613
-1473
-1274
-1176
-1143
-1014
-779
-571
-457
-358
-152
98
258
352
487
722
939
1084
1215
1397
1616
1795
1938
2097
2270
2398
2499
2606
2725
2800
2811
2834
2885
2920
2897
2862
2869
2899
2852
2736
2658
2628
2570
2402
2188
2040
1954
1809
1587
1384
1265
1142
946
751
599
493
333
125
-45
-154
-284
-461
-624
-738
-804
-939
-1078
-1128
-1132
-1188
-1305
-1355
-1293
-1236
-1315
-1411
-1369
-1254
-1219
-1290
-1302
-1172
-1042
-1046
-1082
-978
-788
-692
-721
-711
-554
-402
-378
-414
-372
-241
-175
-199
-192
-92
10
13
-19
28
131
161
98
53
74
101
45
-35
-66
-76
-110
-182
-258
-296
-300
-355
-455
-550
-603
-637
-701
-834
-986
-1037
-1034
-1098
-1243
-1348
-1340
-1317
-1402
-1544
-1586
-1522
-1512
-1618
-1720
-1669
-1542
-1537
-1621
-1629
-1473
-1343
-1333
-1334
-1215
-1014
-900
-863
-746
-541
-373
-278
-181
15
230
382
508
692
904
1061
1201
1379
1597
1758
1839
1959
2147
2298
2352
2388
2501
2645
2693
2670
2702
2792
2825
2759
2681
2668
2687
2615
2459
2332
2272
2187
2024
1839
1709
1614
1465
1267
1082
948
841
670
452
269
136
22
-132
-331
-489
-561
-625
-751
-919
-1008
-1008
-1028
-1132
-1269
-1271
-1196
-1187
-1296
-1377
-1286
-1153
-1147
-1246
-1245
-1082
-928
-943
-1015
-929
-727
-639
-708
-728
-573
-402
-377
-446
-418
-244
-125
-162
-208
-136
1
35
-30
-39
39
89
31
-48
-43
3
-29
-126
-163
-136
-158
-244
-326
-334
-336
-447
-588
-632
-614
-698
-876
-995
-985
-1001
-1145
-1306
-1338
-1282
-1334
-1513
-1611
-1538
-1491
-1617
-1792
-1796
-1676
-1644
-1786
-1854
-1718
-1570
-1558
-1624
-1549
-1320
-1183
-1198
-1167
-989
-747
-648
-623
-493
-238
-3
95
215
446
717
885
996
1169
1403
1599
1707
1830
2006
2182
2302
2377
2490
2631
2712
2753
2815
2899
2940
2926
2901
2897
2888
2807
2693
2604
2542
2447
2308
2168
2051
1941
1785
1613
1453
1299
1136
963
783
591
406
237
89
-57
-233
-395
-501
-575
-677
-828
-936
-976
-1025
-1133
-1262
-1288
-1249
-1268
-1348
-1393
-1337
-1262
-1272
-1307
-1266
-1159
-1087
-1093
-1082
-989
-881
-850
-853
-810
-698
-606
-584
-546
-454
-343
-296
-286
-247
-155
-82
-77
-84
-63
-5
32
4
-37
-16
28
52
2
-47
-34
10
-5
-124
-203
-205
-180
-275
-446
-515
-480
-475
-622
-787
-806
-745
-815
-1013
-1120
-1078
-1049
-1191
-1396
-1432
-1358
-1381
-1534
-1631
-1556
-1450
-1505
-1609
-1580
-1449
-1394
-1474
-1482
-1330
-1182
-1156
-1163
-1034
-819
-692
-654
-556
-335
-127
-20
85
281
519
677
769
918
1144
1333
1432
1564
1755
1950
2057
2120
2250
2400
2491
2506
2570
2679
2741
2705
2673
2706
2734
2687
2576
2524
2526
2474
2329
2188
2102
2036
1892
1686
1527
1429
1314
1131
944
803
685
529
353
184
54
-68
-197
-331
-456
-572
-691
-781
-875
-967
-1050
-1114
-1130
-1161
-1223
-1267
-1267
-1249
-1277
-1325
-1323
-1270
-1214
-1206
-1215
-1177
-1104
-1055
-1040
-1021
-951
-863
-812
-789
-758
-680
-620
-603
-579
-531
-460
-408
-376
-347
-294
-250
-244
-238
-228
-203
-191
-197
-179
-173
-180
-207
-241
-239
-257
-300
-348
-349
-341
-385
-460
-531
-556
-581
-683
-785
-806
-800
-833
-927
-996
-989
-993
-1079
-1176
-1203
-1156
-1153
-1242
-1300
-1261
-1202
-1217
-1278
-1271
-1158
-1069
-1058
-1042
-935
-795
-711
-682
-626
-481
-315
-209
-126
20
209
375
476
587
742
910
1065
1183
1317
1470
1604
1714
1808
1906
2004
2105
2190
2269
2337
2380
2440
2467
2465
2434
2398
2391
2371
2312
2247
2191
2128
2042
1918
1795
1696
1588
1466
1329
1192
1079
949
790
623
469
330
206
76
-60
-161
-247
-347
-471
-591
-687
-757
-853
-952
-1008
-1030
-1050
-1104
-1176
-1189
-1163
-1172
-1213
-1224
-1157
-1093
-1098
-1123
-1098
-1030
-1000
-1024
-1009
-920
-803
-765
-776
-714
-610
-536
-549
-555
-476
-390
-347
-347
-322
-241
-195
-209
-221
-187
-142
-117
-110
-90
-63
-69
-104
-129
-139
-168
-227
-256
-243
-266
-334
-389
-386
-395
-461
-553
-594
-582
-616
-724
-806
-820
-833
-915
-1021
-1054
-1018
-1016
-1091
-1120
-1071
-1030
-1070
-1126
-1112
-1052
-1019
-1036
-1011
-901
-789
-745
-712
-612
-471
-375
-303
-207
-52
95
187
278
414
569
689
778
900
1068
1218
1348
1449
1574
1697
1795
1853
1921
2007
2083
2135
2163
2201
2233
2260
2237
2228
2229
2217
2183
2129
2076
2020
1947
1852
1737
1625
1523
1430
1311
1181
1075
962
852
709
565
440
330
194
44
-82
-178
-282
-412
-532
-639
-705
-783
-891
-970
-1014
-1049
-1106
-1178
-1213
-1233
-1267
-1315
-1349
-1340
-1316
-1314
-1299
-1273
-1235
-1195
-1178
-1131
-1080
-1031
-998
-943
-878
-813
-769
-729
-667
-607
-539
-487
-436
-368
-291
-249
-219
-180
-130
-103
-90
-72
-30
0
10
10
11
22
20
10
-10
-25
-52
-77
-111
-137
-179
-245
-284
-323
-367
-431
-486
-512
-540
-587
-660
-702
-710
-742
-809
-875
-890
-879
-887
-941
-965
-941
-898
-906
-935
-897
-819
-757
-745
-728
-654
-548
-486
-451
-397
-275
-158
-81
0
105
251
354
423
497
610
738
827
902
995
1119
1221
1281
1336
1416
1504
1554
1590
1632
1690
1730
1745
1748
1770
1783
1752
1726
1704
1697
1656
1604
1553
1503
1453
1361
1256
1181
1118
1039
936
825
744
661
533
409
314
233
144
27
-77
-157
-215
-312
-416
-502
-565
-629
-711
-771
-825
-844
-880
-931
-971
-992
-1009
-1021
-1043
-1049
-1029
-1014
-1010
-1005
-985
-979
-961
-933
-901
-866
-829
-785
-740
-696
-656
-616
-585
-541
-502
-474
-430
-383
-331
-291
-271
-243
-212
-197
-163
-144
-135
-110
-97
-86
-103
-118
-121
-117
-138
-164
-167
-156
-162
-208
-250
-264
-263
-303
-354
-377
-379
-389
-427
-470
-475
-469
-484
-531
-560
-531
-515
-516
-538
-520
-487
-478
-466
-457
-423
-365
-329
-292
-243
-183
-126
-92
-30
41
101
160
231
312
389
450
505
576
645
705
761
826
906
977
1025
1077
1134
1190
1213
1230
1263
1311
1345
1351
1341
1347
1362
1347
1318
1299
1303
1282
1240
1204
1172
1134
1075
1003
939
885
823
755
683
627
581
511
424
338
261
192
110
25
-34
-95
-168
-234
-300
-360
-416
-486
-531
-563
-588
-618
-658
-686
-716
-737
-769
-801
-815
-813
-819
-827
-822
-821
-808
-809
-808
-798
-771
-752
-740
-710
-688
-669
-647
-638
-623
-592
-572
-543
-519
-493
-457
-434
-414
-399
-383
-363
-348
-334
-309
-289
-275
-266
-252
-232
-224
-227
-213
-193
-182
-168
-157
-138
-135
-155
-157
-157
-143
-133
-141
-133
-110
-96
-101
-105
-104
-83
-72
-76
-64
-48
-28
-26
-17
6
11
13
29
48
69
92
110
130
156
170
188
209
231
264
281
306
330
350
373
386
415
436
458
477
489
506
531
550
547
555
568
581
585
590
607
623
630
626
618
614
607
589
581
576
560
548
534
508
486
461
424
398
379
356
335
314
292
256
220
177
132
101
63
26
2
-22
-60
-86
-120
-146
-186
-238
-263
-288
-301
-327
-360
-384
-412
-445
-476
-503
-518
-530
-543
-565
-572
-571
-593
-616
-626
-639
-648
-654
-657
-648
-649
-641
-644
-655
-644
-643
-642
-630
-622
-603
-592
-578
-565
-546
-537
-530
-506
-487
-460
-439
-409
-379
-347
-329
-322
-310
-287
-255
-224
-199
-171
-123
-91
-72
-48
-15
15
46
70
104
139
159
183
211
228
242
270
279
298
331
351
373
381
394
420
426
432
432
445
463
477
492
486
494
491
481
468
475
478
471
481
478
477
467
455
436
425
417
406
401
392
383
370
358
344
332
313
301
283
266
265
261
253
243
223
207
192
180
169
152
145
145
137
124
112
102
96
85
78
70
69
61
57
65
54
41
29
18
6
5
4
-8
-10
-19
-24
-42
-53
-66
-73
-78
-88
-94
-108
-117
-138
-144
-166
-180
-192
-215
-226
-245
-259
-266
-277
-287
-304
-319
-335
-357
-369
-376
-383
-384
-393
-405
-408
-423
-421
-429
-440
-430
-432
-432
-430
-428
-424
-414
-404
-392
-372
-347
-334
-311
-297
-284
-259
-248
-229
-211
-184
-165
-130
-96
-69
-38
-16
17
40
64
91
123
146
165
190
208
231
247
263
289
310
324
339
353
354
362
374
376
378
381
384
385
379
381
380
368
353
341
329
320
314
310
301
279
276
269
254
237
229
216
192
175
165
151
127
122
112
97
75
64
46
42
39
22
13
0
-10
-19
-10
-21
-25
-30
-41
-45
-47
-53
-60
-63
-70
-66
-73
-69
-68
-75
-75
-71
-73
-85
-88
-89
-98
-101
-105
-110
-112
-118
-123
-126
-134
-137
-140
-152
-159
-163
-174
-178
-187
-189
-192
-200
-203
-209
-215
-227
-237
-250
-258
-258
-258
-257
-275
-277
-272
-272
-273
-277
-281
-277
-275
-269
-261
-264
-256
-242
-237
-234
-224
-224
-202
-185
-180
-167
-155
-136
-129
-116
-101
-78
-67
-44
-26
-20
7
17
32
48
67
79
99
128
143
162
177
188
204
210
221
236
238
243
247
252
265
271
270
273
274
290
292
295
301
298
303
300
300
294
298
292
294
288
278
281
274
268
256
242
236
228
210
210
200
187
177
167
164
149
134
122
112
96
101
92
70
63
54
48
37
29
17
14
7
-10
-17
-21
-27
-38
-53
-62
-57
-68
-72
-80
-85
-85
-94
-101
-103
-95
-108
-108
-116
-123
-127
-140
-139
-149
-146
-151
-156
-161
-169
-173
-178
-178
-168
-170
-179
-181
-186
-195
-194
-194
-197
-202
-204
-193
-198
-201
-195
-198
-199
-199
-198
-188
-190
-194
-193
-178
-171
-173
-162
-162
-156
-145
-137
-133
-124
-117
-107
-103
-93
-76
-70
-60
-55
-47
-28
-17
-4
13
18
35
39
49
59
72
89
95
114
130
138
142
158
165
180
193
201
215
224
232
235
243
245
253
258
263
271
266
266
263
264
267
268
266
256
252
244
243
243
239
233
231
222
212
196
194
192
176
172
159
150
136
121
104
91
79
65
58
50
48
32
22
7
-3
-8
-12
-28
-38
-42
-50
-62
-70
-67
-72
-85
-101
-104
-109
-117
-128
-139
-145
-158
-162
-158
-168
-168
-172
-185
-189
-192
-198
-195
-204
-196
-191
-199
-192
-206
-193
-188
-189
-189
-190
-189
-188
-183
-187
-177
-171
-167
-161
-158
-156
-152
-148
-138
-135
-127
-127
-124
-126
-113
-115
-110
-103
-100
-82
-83
-71
-66
-53
-53
-39
-34
-37
-24
-24
-12
-4
-2
6
14
16
27
37
43
42
44
53
51
68
80
80
92
95
104
99
107
121
124
129
135
144
143
147
143
145
145
150
150
155
160
154
159
164
168
174
173
181
177
173
178
172
174
173
172
161
162
164
162
149
146
138
123
115
117
117
113
113
92
98
85
76
68
59
49
41
38
28
23
13
14
7
-7
-12
-10
-17
-14
-28
-38
-40
-50
-54
-59
-69
-76
-80
-81
-82
-94
-90
-99
-94
-97
-104
-97
-101
-105
-108
-108
-111
-114
-112
-127
-127
-129
-131
-129
-128
-129
-137
-127
-124
-120
-126
-117
-122
-124
-123
-124
-115
-120
-115
-119
-116
-120
-118
-117
-111
-104
-99
-99
-98
-91
-81
-72
-75
-67
-63
-64
-60
-57
-66
-61
-57
-51
-40
-27
-25
-20
-13
-12
0
0
16
22
25
38
42
40
38
38
37
45
47
42
60
59
66
76
83
95
97
109
109
110
120
122
120
129
124
123
124
132
126
130
136
127
138
136
145
142
137
143
155
148
146
138
130
133
132
122
112
111
95
100
92
86
81
75
77
75
74
66
68
53
48
42
30
19
13
2
-10
-20
-29
-34
-45
-41
-43
-54
-48
-53
-53
-62
-69
-75
-85
-88
-97
-96
-108
-119
-125
-132
-137
-141
-148
-145
-138
-145
-142
-139
-132
-137
-136
-129
-130
-132
-137
-148
-150
-150
-166
-159
-154
-158
-147
-145
-139
-136
-130
-123
-121
-109
-107
-105
-105
-110
-114
-119
-113
-103
-104
-93
-84
-79
-65
-53
-43
-35
-25
-16
-1
9
10
10
4
0
-2
3
4
3
4
7
11
19
32
47
66
76
90
97
102
114
111
110
101
94
88
77
74
71
72
75
79
94
111
114
127
139
142
151
151
150
155
147
130
113
111
112
98
102
93
97
103
112
117
117
139
140
148
139
132
130
120
107
79
62
50
41
29
23
21
15
14
19
26
32
37
38
40
40
28
21
5
-19
-35
-63
-82
-94
-92
-95
-98
-91
-91
-77
-68
-57
-44
-45
-41
-43
-47
-54
-70
-89
-107
-117
-127
-136
-135
-140
-141
-130
-121
-93
-76
-69
-54
-46
-47
-47
-51
-69
-80
-95
-104
-116
-125
-127
-123
-109
-93
-76
-54
-28
0
13
18
29
36
28
23
15
2
-9
-28
-34
-44
-46
-29
-22
-4
22
41
60
79
95
105
121
113
113
97
82
76
49
44
36
33
35
46
56
66
79
104
117
122
140
139
142
133
127
108
95
73
50
35
22
10
4
12
13
29
42
69
86
98
106
101
100
89
74
44
30
10
-25
-28
-37
-37
-36
-38
-24
-11
5
17
28
24
32
24
12
15
-1
-26
-43
-60
-75
-88
-103
-103
-108
-89
-73
-67
-45
-32
-25
-18
-21
-22
-31
-41
-54
-85
-95
-98
-112
-123
-129
-120
-114
-100
-86
-74
-55
-45
-30
-19
-10
-12
-17
-26
-42
-60
-77
-79
-89
-97
-98
-92
-91
-73
-50
-33
-13
6
14
21
28
32
24
3
-2
-15
-30
-33
-47
-43
-35
-28
-14
-3
5
19
46
47
60
72
80
79
72
69
44
47
29
7
7
9
7
7
22
28
41
65
75
86
92
103
110
104
104
93
76
57
43
33
35
25
30
37
34
48
60
70
77
87
88
94
97
92
85
75
63
48
25
15
4
-11
-15
-7
3
13
20
25
31
36
38
43
41
25
26
5
-10
-12
-31
-46
-57
-65
-71
-67
-60
-59
-46
-36
-29
-19
-9
-11
-12
-10
-21
-32
-41
-49
-63
-75
-92
-96
-84
-88
-79
-85
-86
-66
-50
-32
-24
-18
-6
-13
-26
-32
-40
-44
-53
-57
-63
-60
-70
-68
-60
-57
-36
-20
-9
1
15
24
23
29
32
24
21
11
-1
-10
-21
-22
-20
-17
-10
4
16
31
47
54
68
77
75
73
75
76
69
57
48
36
24
20
18
25
29
28
38
58
61
71
79
85
98
108
98
83
75
60
55
51
37
22
26
19
20
19
21
35
40
51
55
58
56
54
50
47
34
29
21
7
-4
-21
-29
-37
-41
-33
-32
-21
-14
-17
-4
0
8
13
19
15
3
-3
-22
-30
-33
-40
-47
-53
-54
-41
-47
-32
-29
-43
-25
-24
-27
-20
-20
-27
-32
-47
-54
-62
-70
-70
-80
-85
-79
-75
-76
-70
-69
-56
-46
-40
-26
-29
-28
-34
-38
-55
-59
-66
-66
-60
-68
-70
-63
-59
-62
-44
-39
-21
-16
-10
-3
1
-2
-15
-9
-17
-13
-25
-25
-41
-47
-32
-27
-8
-1
9
7
15
24
28
27
27
35
34
30
26
16
9
4
0
4
9
6
13
19
22
27
22
37
45
47
49
48
43
52
48
30
31
20
17
22
23
29
36
37
42
54
52
53
64
66
75
69
64
64
53
50
47
38
31
32
29
29
27
24
28
38
41
44
52
52
46
44
41
34
16
13
5
-5
-6
-14
-5
-16
-13
-12
-14
-14
-23
-12
-11
-22
-28
-24
-31
-30
-29
-36
-42
-51
-64
-66
-64
-70
-63
-62
-66
-57
-55
-55
-51
-51
-51
-56
-47
-57
-70
-70
-76
-78
-71
-73
-70
-65
-61
-60
-53
-41
-45
-34
-32
-38
-40
-43
-35
-33
-36
-40
-41
-38
-33
-32
-31
-26
-21
-13
-3
7
17
9
12
21
26
31
24
21
27
31
32
35
31
34
41
47
55
59
63
67
62
70
70
58
62
68
73
66
57
60
44
45
51
40
44
45
50
55
58
63
63
64
69
68
62
57
45
39
32
26
19
20
15
17
23
28
33
41
45
44
38
33
28
21
15
7
12
-8
-9
-12
-25
-21
-29
-29
-20
-16
-14
-10
-13
-7
-9
-21
-29
-27
-30
-35
-42
-54
-54
-60
-69
-69
-75
-73
-67
-65
-57
-50
-46
-50
-50
-51
-40
-41
-47
-59
-73
-70
-76
-77
-70
-71
-69
-61
-56
-44
-47
-39
-29
-36
-26
-29
-31
-31
-33
-28
-26
-26
-31
-28
-19
-21
-22
-17
-10
-1
1
7
10
13
9
13
23
21
13
15
13
7
10
0
6
6
9
18
27
35
36
41
42
48
44
52
50
50
50
44
43
45
44
38
48
41
52
58
55
62
64
68
73
64
61
60
48
48
47
46
40
41
38
38
33
37
32
31
45
40
44
34
44
43
38
37
35
35
26
23
14
18
14
12
6
5
5
3
6
0
8
1
-4
6
-1
-3
-6
-15
-22
-31
-28
-26
-35
-41
-44
-45
-45
-43
-36
-29
-32
-40
-27
-28
-29
-26
-38
-38
-37
-42
-36
-36
-41
-41
-41
-40
-35
-29
-37
-26
-24
-28
-22
-19
-16
-23
-18
-21
-26
-32
-27
-38
-47
-37
-32
-32
-28
-33
-31
-15
-9
-2
-10
-11
-9
-7
-14
-9
-19
-30
-23
-40
-24
-15
-22
-16
-13
-3
-3
-10
6
9
18
19
15
22
16
27
13
8
4
10
12
11
15
10
20
26
32
30
34
38
41
34
30
32
31
26
26
21
13
15
7
7
8
20
19
16
20
18
17
24
20
22
23
22
16
14
14
4
0
-1
0
-6
-3
0
-2
2
14
14
15
21
16
12
14
21
19
18
23
9
8
8
3
7
4
3
6
9
12
15
20
17
13
13
12
7
7
5
-3
-12
-9
-13
-10
-9
-13
-15
-15
-10
0
-4
-6
0
-3
1
-5
-5
-10
-7
-9
-16
-16
-9
-1
-13
-9
-19
-16
-9
-12
0
5
-3
-10
-6
-10
-15
-16
-14
-23
-22
-16
-23
-20
-22
-19
-11
-10
-9
-10
-6
0
-10
-8
-14
-16
-3
-12
-13
-6
-8
-10
-10
-11
-9
-11
-10
-4
-8
-3
3
-2
-2
-8
-5
0
-12
-3
-13
-12
-5
-14
-2
0
5
6
2
2
9
16
6
9
16
16
14
5
13
6
8
6
7
8
1
4
-4
3
2
14
16
5
8
15
9
3
7
13
5
-5
2
-6
0
3
9
12
10
10
5
3
-1
12
5
1
3
6
2
-3
5
0
-5
0
-3
-1
-3
-11
-15
-7
-6
-3
-2
-8
-10
-14
-10
-15
-12
-13
-16
-13
-12
-10
-6
0
-6
-3
10
3
9
22
12
11
3
7
5
-3
5
6
4
3
3
2
2
-3
-2
5
8
0
1
6
6
7
6
6
4
7
0
-1
3
-3
6
-1
-8
0
-1
-1
3
2
8
6
1
9
6
7
7
3
5
7
-3
9
6
-6
-11
-10
-7
-3
0
3
0
-6
3
1
8
6
3
2
9
11
3
8
9
10
4
4
10
16
10
10
6
2
6
-3
-6
-2
-2
-2
7
8
3
-3
-13
-11
-11
-10
1
-1
1
3
14
15
15
17
6
3
4
3
6
13
12
14
10
11
13
10
5
15
14
9
4
1
6
-1
4
-4
-1
-3
-5
4
3
2
-4
-6
-3
-3
0
-4
-4
3
-1
-4
-2
2
-9
-10
0
-5
-9
-12
-15
-6
-8
-6
-4
-3
4
-10
-13
1
-3
-10
-8
-9
-3
-15
-9
-5
-5
-6
-9
-4
-2
0
-12
-8
-6
-9
-10
-3
-1
-9
-19
-17
-10
-7
-14
-10
-5
-16
-10
-5
-8
-12
-13
-6
0
-3
-1
3
0
-6
2
-6
-1
-5
0
12
7
14
7
16
17
19
15
11
10
3
10
15
16
13
8
10
9
10
7
6
8
-3
-3
-7
-4
-3
0
-5
-7
-9
-7
0
-4
-3
-3
-10
-18
-12
-14
-6
-15
-20
-20
-26
-24
-19
-19
-23
-11
-9
-11
-17
-11
-18
-27
-10
-6
-9
-11
-8
-5
-10
-4
-16
-11
-3
0
-4
-10
-4
-10
-2
-1
-9
-7
-1
1
5
1
0
-4
1
2
4
2
1
6
4
10
7
3
-3
6
1
9
13
12
21
16
9
16
15
16
15
15
20
11
22
16
15
20
13
8
6
-1
2
-3
3
-3
3
9
-5
12
7
12
9
6
9
6
4
4
5
-5
-10
-7
-7
-3
-1
-6
-7
-6
-9
-15
-5
-6
-6
-8
-3
-5
-3
-2
-9
-1
-2
0
-3
-9
-12
-9
-6
3
7
6
4
5
4
-4
1
0
-11
-6
-18
-18
-4
-10
-3
6
4
0
3
3
7
1
0
0
4
0
-2
-2
-12
-13
-16
-5
-9
-7
-3
5
-6
-4
12
14
16
7
8
8
0
3
6
-3
0
-5
-3
1
-1
0
4
3
3
2
11
14
4
6
5
-1
-1
5
4
2
0
3
-8
-16
-15
-11
-15
-16
-16
-18
-13
-11
-6
-17
-7
0
-1
-3
-2
-5
-4
-8
-6
-6
-6
-2
-13
-3
-16
-13
-7
-13
-12
-9
-7
-15
-13
-12
-17
-14
-10
-18
-15
-12
-12
-6
-4
-8
-6
-10
-3
-1
-2
-1
2
11
6
7
6
16
6
0
6
5
7
1
2
2
-1
5
11
15
16
12
7
13
20
23
16
10
8
10
20
13
11
11
6
3
8
10
-3
-8
-1
-2
-3
-7
-5
0
-3
-2
3
1
-3
6
4
6
9
5
0
-4
0
-9
-4
-6
-10
-3
1
-3
-7
-6
-11
-9
-3
-4
-11
-11
-5
-3
-6
-1
-2
-1
4
3
12
5
0
2
-3
-2
-4
-1
3
3
3
0
1
2
-1
1
3
0
2
1
6
3
-6
1
12
9
6
10
10
11
3
6
3
7
10
5
2
2
5
-2
-4
-3
7
0
-3
1
3
4
7
3
9
10
6
13
-2
3
5
8
6
3
0
-6
3
0
8
7
9
2
-1
1
-4
3
10
4
6
11
10
13
6
10
5
6
5
3
7
0
6
19
17
15
15
13
11
10
18
6
15
12
3
12
7
13
10
12
14
12
14
4
7
7
10
7
4
2
1
-1
3
10
1
-8
0
-2
-11
-12
-12
-7
-10
-9
-12
-9
-10
-4
-1
-6
-3
-5
-8
-9
-1
0
-3
-3
-5
-6
1
-12
-8
-2
-10
4
-8
0
8
-2
-4
-8
-9
-14
-14
-13
-11
-10
-12
-4
-15
-9
1
-4
0
-3
-2
1
-3
-11
-5
-10
-11
-17
-15
-10
-10
-5
-7
-2
-8
-7
-6
-4
-2
4
-3
3
3
-4
0
1
4
1
11
10
3
3
5
7
9
10
15
13
8
13
10
13
15
8
12
12
7
0
-3
3
-6
-3
-5
-3
-7
3
3
-1
-1
-9
-1
-6
3
-4
-9
-8
-11
-5
-10
-6
1
-4
-6
-3
-4
-6
-5
-12
-11
-4
-3
-13
-13
-7
-9
-1
-3
0
-2
-2
-11
-13
-3
-6
-11
-3
-4
-5
-3
-10
-4
-5
0
-7
-13
-13
-12
-10
-9
-7
0
5
3
2
-1
4
-2
-2
0
3
9
9
7
7
9
6
9
7
-2
1
3
6
6
3
12
10
10
7
8
14
14
2
11
8
0
3
-1
0
3
6
0
5
7
5
-1
-3
-4
3
3
2
3
6
6
0
8
-3
-1
0
0
-1
-3
-3
-2
-2
-11
-6
-9
-2
8
-1
-3
1
-3
-9
-2
-3
-9
-3
4
3
-4
5
-5
-3
-3
-4
-1
-6
2
0
4
-2
5
10
10
13
13
17
16
15
17
14
8
14
10
8
3
11
3
3
5
5
7
3
15
10
10
4
9
14
11
14
9
11
12
15
10
6
6
0
-1
-10
-3
-1
-2
3
-5
-6
-4
2
6
-2
-2
-3
-4
1
-2
-5
-11
-15
-18
-20
-17
-18
-20
-13
-11
-9
-6
-9
-9
-14
-10
-9
-1
-1
4
3
-7
-8
-13
-7
-12
-6
0
0
1
0
-3
0
10
13
11
12
4
8
15
10
8
6
4
-2
6
2
2
4
6
3
-5
-3
-2
2
-3
-3
-6
-7
-7
-12
-7
1
-2
1
0
-3
-4
-15
-13
-13
-16
-16
-19
-12
-13
-12
-10
-9
-13
-18
-12
-9
-7
-8
-9
-8
-12
-5
-3
-10
-6
-12
-12
-8
-9
-14
-12
0
-6
-9
-3
-6
-11
0
-6
-11
-10
-12
-11
-10
-9
-19
-12
-12
-12
-6
-3
0
-4
1
4
3
-3
-8
0
2
-1
-4
-5
-3
0
5
0
5
10
4
0
6
1
3
9
2
9
12
10
13
6
9
18
19
15
7
9
13
12
16
14
9
5
-3
-5
-2
-5
-6
-6
-7
-5
-3
-10
-6
-5
-10
-5
-4
-6
3
-10
-13
-6
-16
-13
-15
-12
-18
-13
-6
-7
-6
-16
-16
-12
-7
3
-3
-8
-11
-3
-3
-7
-7
-4
0
-5
-4
6
6
3
6
-2
5
5
5
8
6
11
8
12
10
9
11
13
10
9
7
7
12
10
6
9
14
12
9
1
0
1
-3
1
-2
0
2
4
7
6
16
9
15
19
17
17
10
19
18
24
29
28
24
19
23
20
16
15
8
6
2
3
7
7
10
9
13
13
19
15
5
2
-4
-3
-3
0
-3
0
-2
-3
-4
3
3
-12
-2
-6
-6
1
4
-4
0
1
-9
-3
-2
0
-11
-10
-14
-9
-11
-19
-10
-10
-9
-8
-2
-4
-3
-7
1
-3
-3
-1
-3
0
-3
3
-3
3
3
6
2
6
9
6
6
9
12
0
0
4
8
7
5
-3
-1
-2
-4
6
1
6
0
-1
9
10
15
7
8
0
3
6
5
8
5
9
0
8
13
7
4
5
1
0
8
3
3
-6
0
3
-4
-3
-7
0
-3
-10
-7
-3
-5
-6
-2
1
-1
-3
-2
-2
-6
-1
-7
-2
1
-7
-4
-2
3
1
1
0
-4
-7
-2
-3
-2
-4
-12
-12
-14
-22
-22
-8
-8
-10
-10
-16
-14
-13
-13
-4
3
-7
-3
-6
-9
-5
-14
-7
-9
-13
-10
-20
-14
-4
-3
-9
-12
-3
4
6
7
6
8
13
6
6
10
13
16
6
0
0
2
-4
-9
-3
-5
-2
3
3
3
7
12
9
3
5
-4
-11
-9
-10
-10
-9
-8
-13
-10
-13
-19
-14
-7
-4
-4
4
4
-5
3
-1
-10
-3
-3
-7
-6
-4
-9
-11
-11
-18
-10
-10
-12
-4
0
0
2
4
0
-3
-3
-3
-2
2
-1
-9
-9
-3
1
-3
-11
-11
-9
-8
-7
-4
-1
1
0
-1
3
8
0
8
9
-3
5
-3
2
1
2
3
8
7
-1
0
5
13
4
5
6
9
1
-3
0
-4
-5
-12
-8
3
1
2
1
-1
-3
-2
3
2
-1
-2
3
-3
-10
-5
-2
-6
-4
0
-2
3
10
8
4
11
15
16
13
8
4
6
5
1
-2
-4
-4
-6
-1
-2
-6
2
8
8
1
1
9
12
5
10
4
4
10
5
3
5
6
3
3
1
13
10
6
8
-2
7
5
5
4
3
-2
3
3
-1
7
0
-2
-3
5
0
0
0
-7
-3
-6
-3
2
0
0
-6
-6
-6
-14
-6
-4
-11
-8
-7
-13
-12
-10
-4
0
-4
-7
-3
-1
-5
-4
-10
-11
-6
-6
0
-7
-6
8
6
6
6
3
0
0
-1
-7
-6
2
-2
-2
5
6
6
3
4
2
-1
-4
-3
2
3
-3
-3
6
10
14
8
-3
-2
4
-3
-5
-4
-10
-7
-6
-7
-5
-3
-7
-2
-3
-7
-3
0
4
8
3
-2
-4
3
3
-3
-3
-3
-3
-13
-8
-9
-7
2
-1
-3
-3
-5
1
3
-3
4
-1
2
11
9
9
7
10
8
10
9
7
-1
8
9
4
9
7
7
7
10
7
6
-3
-5
-4
-7
-5
-15
-15
-10
-9
-7
-6
-7
-4
0
5
6
3
-1
5
10
5
-1
-2
2
7
5
12
10
2
6
5
9
7
7
4
3
8
1
1
-3
12
8
2
11
14
14
13
20
13
14
22
29
19
11
6
7
3
0
1
-7
-1
-2
-3
-1
1
0
5
-1
-1
3
4
1
0
6
3
10
0
-2
1
0
-4
-1
0
-5
-4
-9
-10
-10
3
-3
5
4
7
17
14
13
15
14
7
21
22
18
9
11
13
10
6
3
13
17
13
11
10
5
13
12
7
10
2
3
9
6
12
10
6
3
4
12
10
11
16
10
13
16
12
9
7
4
-1
3
1
1
5
6
4
3
-2
2
9
9
12
8
5
6
7
6
12
10
3
-4
-2
1
1
7
4
3
4
9
16
15
7
0
-7
-4
-6
-6
-1
-9
-8
-10
-9
-3
-12
-9
-3
1
2
0
9
5
3
9
11
15
15
1
-3
-4
-7
-7
-4
4
0
2
3
2
4
4
6
6
5
15
13
15
16
17
7
6
19
5
6
6
3
-1
-7
-10
-12
-9
-18
-23
-19
-16
-13
-10
-7
-5
0
-7
-7
-10
-9
-12
-15
-9
-20
-20
