71
78
64
63
16
46
74
71
92
95
70
70
34
30
48
46
48
58
85
64
83
65
60
60
55
47
49
77
63
54
67
111
93
94
106
93
97
99
110
96
83
75
68
42
69
91
65
85
101
96
114
107
88
85
102
68
71
76
59
86
64
71
105
102
99
116
85
79
70
70
57
46
100
98
112
114
141
130
135
126
103
108
89
130
128
162
163
170
167
149
143
160
175
146
156
136
68
94
106
94
105
102
111
130
130
137
148
103
136
127
90
118
110
124
136
126
153
177
135
139
144
143
139
130
137
122
145
112
130
101
135
118
103
132
155
163
144
183
148
142
129
112
108
114
119
144
158
136
124
143
163
164
167
160
181
190
158
150
140
121
154
157
160
157
168
137
108
112
98
125
118
137
161
161
170
185
176
185
206
227
200
205
219
184
150
178
170
163
172
174
164
143
131
157
166
143
175
150
178
150
142
147
166
194
190
176
130
125
129
134
188
172
166
195
155
164
198
164
179
167
170
223
191
197
185
151
165
168
166
143
128
140
145
149
163
144
143
157
125
132
121
139
142
128
127
126
111
116
108
99
102
110
73
94
121
149
135
116
130
149
145
128
117
146
133
118
182
145
153
171
187
201
187
166
148
131
97
119
112
134
116
131
142
136
154
139
132
142
135
116
133
85
82
93
92
103
116
98
67
58
77
96
67
101
92
98
132
138
155
124
161
149
145
150
143
160
164
146
127
118
113
110
100
98
70
99
89
80
76
104
138
135
150
121
122
102
78
83
84
60
61
39
89
95
111
117
90
115
110
100
86
110
95
103
117
112
126
108
104
148
159
124
128
150
149
133
121
133
121
129
140
126
126
108
107
116
108
114
98
114
140
163
169
140
148
139
133
111
87
104
117
124
133
130
151
158
134
128
134
109
99
105
89
113
133
146
163
181
175
153
125
81
63
74
67
67
102
75
82
102
107
111
122
117
113
119
96
83
85
93
51
84
103
111
129
128
116
115
130
110
112
124
115
111
120
127
111
149
172
162
161
149
159
143
149
127
94
105
67
72
86
82
99
127
115
90
110
64
81
84
71
98
103
89
97
88
37
51
55
61
81
118
105
113
117
128
141
117
140
142
118
140
153
110
123
135
129
127
125
141
136
144
151
162
157
140
161
138
143
108
82
75
80
101
93
108
112
115
123
99
71
80
93
63
82
94
109
100
115
93
83
92
74
75
65
69
63
88
75
81
134
118
132
135
151
146
106
118
137
130
137
119
124
123
87
117
96
89
82
73
90
101
126
118
110
89
99
113
109
121
106
100
97
113
89
104
91
117
117
111
128
123
113
98
116
87
88
103
126
117
117
136
128
104
87
69
79
94
104
95
58
59
82
100
121
139
138
122
82
98
70
71
78
87
83
82
122
98
126
141
139
158
159
172
167
160
144
126
148
136
115
102
114
123
147
135
140
145
126
147
152
121
127
163
157
166
191
155
165
143
121
125
105
108
115
111
108
116
89
137
128
99
130
140
157
157
139
132
137
161
150
136
135
117
103
99
109
128
115
136
146
127
128
152
176
151
136
131
120
126
131
135
130
123
129
124
142
160
135
148
151
120
153
164
184
143
127
81
83
108
112
129
135
130
147
142
143
162
144
118
101
95
131
167
164
157
136
151
125
126
125
118
131
117
118
134
129
132
142
130
136
132
122
141
130
133
108
83
89
84
111
99
105
123
142
171
178
165
150
134
128
133
80
74
100
106
114
151
174
177
170
155
154
152
158
164
148
148
142
109
101
120
130
123
78
68
82
84
84
108
110
101
117
114
100
94
101
81
77
81
92
100
106
111
104
112
116
106
148
151
128
138
142
148
101
117
139
111
152
137
133
151
142
116
93
114
96
99
119
116
136
142
113
125
115
128
102
62
69
47
53
54
71
80
95
81
105
108
122
125
119
123
97
92
107
119
100
102
132
124
95
106
119
114
101
97
106
85
75
100
111
140
124
129
143
71
75
77
76
82
90
105
108
116
139
118
109
127
102
91
61
55
80
104
138
146
139
165
131
140
153
132
126
116
119
117
138
167
138
89
89
95
74
104
78
60
27
36
78
60
83
106
95
118
97
107
110
61
70
69
71
86
78
103
99
119
145
95
109
98
113
90
105
116
123
134
143
162
144
139
114
131
113
98
67
48
43
65
74
57
55
70
80
59
112
135
106
117
114
82
113
67
27
44
58
68
82
75
54
52
55
105
117
95
75
96
101
87
83
56
75
60
105
108
71
84
51
70
78
78
80
73
82
53
37
55
78
59
91
103
85
98
93
85
75
95
103
122
109
128
116
97
74
97
104
74
78
64
85
35
68
89
86
98
104
126
103
90
67
68
70
72
112
104
85
102
91
101
90
52
49
37
55
49
35
44
63
98
87
58
74
80
88
89
81
76
64
46
10
24
53
62
59
62
80
109
126
135
124
90
85
98
79
79
46
62
50
49
83
70
85
84
74
72
91
63
62
72
76
66
60
44
27
61
45
39
41
27
28
31
27
42
50
43
41
15
-3
13
1
39
49
37
86
83
60
37
47
31
19
23
20
23
-17
-26
35
42
62
69
49
35
-15
-22
-11
-13
-20
-17
-27
-3
-2
-15
-6
-17
-6
-29
-53
-13
-49
-35
-40
-48
-13
-43
-35
-37
-7
23
15
1
1
-14
-11
9
-31
-20
-47
-36
-17
-14
-14
-13
-2
2
25
-20
-23
-30
-43
-57
-17
-16
-11
14
5
15
-11
8
0
-25
-28
-30
-56
-60
-25
-5
-25
-44
-33
-10
1
9
22
-8
18
12
17
42
33
15
16
-3
-19
-22
-15
-2
-36
-13
19
-4
-34
-32
-46
-36
-38
-31
-26
-27
6
-9
-18
-24
-55
-39
-39
-34
-35
-36
-49
-66
-88
-73
-65
-95
-68
-77
-51
-32
-42
-24
-41
-43
-28
-40
-64
-51
-47
-25
-14
-20
-14
-5
-16
-38
-51
-33
-34
-12
18
2
5
-21
-24
-27
-39
-13
-2
-10
-18
-4
-15
-42
-45
-71
-78
-87
-64
-65
-88
-66
-87
-94
-84
-81
-87
-77
-93
-111
-85
-67
-56
-56
-41
-60
-80
-76
-54
-51
-65
-63
-67
-70
-84
-66
-75
-72
-86
-118
-104
-131
-135
-131
-124
-96
-85
-83
-70
-69
-85
-66
-70
-79
-85
-119
-107
-105
-118
-113
-74
-91
-75
-52
-44
-47
-30
-21
-28
-23
-49
-62
-67
-42
-44
-24
-20
-31
-36
-54
-39
-62
-50
-39
-68
-67
-83
-83
-100
-108
-102
-118
-81
-98
-76
-60
-55
-51
-17
-36
-25
-23
-48
-33
-51
-21
-43
-14
-23
-42
-35
-29
-34
-34
-36
-74
-60
-36
-6
-24
-40
34
13
-2
14
8
12
-28
-54
-60
-70
-87
-58
-14
-18
-25
-31
-37
-43
-59
-41
-28
-70
-53
-62
-49
-68
-91
-68
-56
-51
-19
-42
-46
-42
-23
-4
-32
-23
-48
-64
-45
-31
-51
-27
-42
-38
-48
-38
-15
-48
-69
-44
-53
-40
-30
-40
-22
-46
-31
-49
-55
-93
-74
-90
-84
-53
-55
-77
-103
-99
-99
-106
-103
-77
-77
-85
-78
-55
-54
-64
-57
-62
-76
-67
-84
-85
-96
-104
-90
-127
-118
-120
-77
-69
-57
-61
-90
-76
-102
-78
-87
-115
-86
-107
-135
-130
-127
-85
-88
-76
-84
-77
-78
-66
-67
-88
-89
-81
-79
-92
-61
-72
-82
-53
-79
-88
-71
-54
-83
-74
-62
-71
-89
-91
-95
-108
-80
-78
-58
-77
-54
-54
-58
-72
-85
-107
-105
-71
-94
-78
-83
-67
-75
-61
-45
-72
-42
-55
-78
-95
-104
-77
-82
-91
-97
-117
-111
-91
-76
-25
-41
-37
-37
-17
-19
-34
-48
-22
-5
-11
-15
-29
-34
-28
-12
-15
-21
-25
-25
-52
-50
-61
-49
-64
-71
-67
-46
-49
-44
-46
-42
-37
-20
-50
-41
-56
-87
-72
-59
-41
-77
-41
4
1
19
1
25
22
9
10
4
6
-8
17
-8
-28
-32
-21
-24
10
9
10
16
2
9
-37
-65
-84
-84
-82
-90
-70
-68
-81
-107
-111
-89
-81
-62
-39
-24
-59
-43
-63
-73
-57
-45
-51
-38
-30
-65
-24
-23
-6
-24
-33
-54
-60
-71
-89
-71
-59
-49
-73
-65
-90
-38
-38
-62
-58
-99
-79
-93
-104
-63
-64
-83
-93
-67
-64
-56
-59
-66
-53
-34
-38
-17
-21
-64
-67
-44
-52
-40
-44
-57
-35
-23
-29
-57
-59
-85
-93
-96
-87
-90
-99
-76
-83
-108
-77
-68
-95
-94
-92
-127
-137
-135
-130
-95
-111
-106
-91
-85
-72
-34
-54
-85
-92
-104
-110
-91
-77
-77
-80
-95
-107
-105
-94
-89
-101
-116
-137
-131
-152
-145
-118
-86
-57
-23
-12
-50
-66
-55
-55
-58
-48
-99
-88
-111
-98
-92
-77
-108
-126
-89
-54
-36
-55
-60
-106
-55
-82
-93
-93
-114
-85
-106
-124
-115
-143
-141
-150
-149
-128
-134
-110
-121
-121
-122
-118
-125
-127
-98
-98
-96
-107
-104
-128
-131
-155
-127
-138
-128
-137
-124
-88
-119
-120
-135
-120
-147
-134
-147
-148
-150
-169
-183
-162
-167
-179
-142
-104
-149
-155
-153
-170
-169
-165
-165
-133
-114
-120
-146
-140
-126
-125
-117
-99
-104
-139
-125
-153
-138
-177
-147
-134
-145
-117
-144
-125
-138
-119
-124
-145
-158
-157
-157
-158
-143
-172
-153
-172
-182
-167
-147
-165
-172
-182
-189
-203
-165
-170
-182
-165
-189
-182
-172
-166
-141
-142
-151
-159
-191
-207
-227
-204
-192
-163
-173
-152
-139
-151
-132
-140
-149
-150
-158
-137
-156
-187
-194
-175
-150
-136
-119
-155
-149
-140
-132
-123
-145
-140
-154
-174
-198
-210
-209
-222
-197
-180
-175
-168
-168
-170
-156
-158
-169
-147
-170
-206
-199
-193
-190
-208
-235
-222
-236
-219
-171
-188
-181
-162
-180
-207
-190
-184
-182
-193
-216
-197
-198
-198
-198
-211
-224
-219
-217
-226
-215
-239
-225
-205
-209
-207
-211
-229
-216
-208
-196
-193
-174
-171
-197
-154
-145
-185
-188
-220
-175
-139
-120
-115
-130
-131
-139
-143
-131
-135
-149
-124
-151
-164
-143
-161
-172
-166
-183
-188
-217
-211
-185
-186
-189
-210
-165
-173
-189
-201
-207
-184
-176
-146
-145
-148
-164
-159
-140
-160
-145
-136
-121
-139
-127
-132
-116
-96
-113
-104
-94
-108
-104
-111
-140
-148
-139
-149
-155
-170
-182
-164
-155
-147
-149
-156
-166
-171
-180
-198
-175
-194
-198
-175
-185
-139
-134
-104
-159
-150
-133
-132
-102
-91
-93
-116
-113
-133
-119
-137
-98
-122
-145
-123
-95
-95
-92
-79
-97
-90
-86
-73
-80
-110
-113
-131
-148
-123
-97
-107
-104
-123
-126
-107
-96
-75
-104
-99
-111
-99
-107
-118
-98
-101
-102
-141
-126
-104
-97
-80
-100
-102
-133
-148
-143
-142
-160
-121
-105
-100
-103
-132
-105
-124
-125
-104
-117
-155
-129
-162
-141
-155
-151
-136
-135
-123
-147
-143
-146
-128
-123
-114
-124
-117
-125
-140
-161
-171
-157
-148
-134
-146
-182
-156
-160
-124
-116
-154
-128
-128
-103
-115
-128
-140
-143
-151
-138
-133
-130
-125
-101
-100
-108
-121
-110
-124
-132
-108
-114
-112
-79
-93
-102
-82
-88
-81
-104
-107
-120
-105
-122
-142
-140
-125
-126
-120
-99
-102
-102
-77
-72
-95
-88
-121
-112
-97
-118
-95
-118
-93
-51
-69
-62
-72
-93
-97
-103
-70
-74
-106
-101
-98
-91
-88
-62
-66
-70
-51
-77
-99
-87
-96
-63
-83
-75
-37
-69
-72
-63
-49
-23
-36
-92
-84
-78
-115
-101
-105
-75
-100
-64
-35
-13
-18
-22
-23
-24
-28
-39
-13
-51
-85
-105
-97
-134
-121
-114
-119
-118
-116
-91
-87
-98
-84
-86
-63
-52
-95
-106
-128
-93
-91
-91
-111
-87
-80
-70
-50
-55
-45
-61
-43
-77
-74
-101
-129
-113
-108
-85
-74
-39
-54
-49
-75
-72
-80
-96
-73
-102
-95
-72
-38
-67
-94
-96
-122
-139
-112
-102
-112
-104
-96
-89
-100
-90
-68
-53
-69
-56
-68
-69
-92
-64
-32
-32
-37
-58
-72
-86
-96
-81
-84
-122
-79
-50
-36
-34
-14
-14
-19
-2
-23
-41
-48
-70
-83
-103
-106
-77
-85
-50
-11
-51
-72
-58
-46
-32
-57
-65
-46
-29
-10
-15
15
-1
-10
-5
-23
-57
-63
-57
-46
-37
-68
-50
-40
-62
-35
-39
-39
-59
-60
-48
-56
-55
-32
-17
-21
-11
-34
-31
-38
-59
-64
-59
-46
-58
-44
-32
-5
13
-27
-38
-33
-42
-54
-51
-69
-108
-114
-114
-114
-95
-87
-52
-65
-27
-14
-37
-21
-14
-52
-66
-16
-43
-35
-39
-42
-23
-70
-55
-34
-9
-37
-25
-18
-38
-82
-90
-68
-88
-77
-87
-78
-92
-107
-92
-105
-108
-85
-87
-77
-66
-87
-117
-138
-127
-137
-113
-90
-110
-100
-41
-59
-57
-70
-87
-63
-74
-38
-51
-67
-52
-50
-44
-33
-54
-26
-25
-40
-36
-56
-60
-71
-66
-99
-84
-99
-46
-62
-69
-44
-56
-61
-72
-78
-96
-89
-108
-87
-99
-75
-83
-64
-37
-43
-26
-51
-59
-38
-44
-23
-27
-16
-42
-71
-40
-58
-55
-49
-71
-38
-44
-66
-69
-89
-78
-95
-108
-133
-101
-72
-61
-25
-21
-44
-38
-58
-94
-78
-88
-65
-61
-53
-29
-33
-63
-81
-58
-62
-65
-66
-59
-73
-110
-84
-73
-71
-46
-58
-70
-86
-97
-105
-102
-89
-80
-66
-70
-68
-75
-72
-51
-43
-17
-41
-73
-55
-61
-58
-42
-63
-48
-53
-68
-54
-75
-73
-45
-52
-75
-94
-92
-84
-92
-84
-114
-102
-90
-94
-73
-65
-49
-88
-57
-55
-46
-55
-46
-16
-35
-27
-25
-32
-39
-64
-46
-51
-76
-79
-93
-73
-69
-42
-49
-49
-47
-40
-16
-22
-41
-30
-44
-49
-12
-69
-77
-101
-102
-89
-89
-63
-36
-44
-23
9
7
18
5
-22
-13
-39
-55
-51
-69
-70
-61
-57
-47
-7
2
14
10
-2
-66
-78
-82
-50
-19
-13
-9
-30
-23
-42
-18
-57
-53
-53
-68
-43
-34
-29
-49
-28
-25
-39
5
-14
8
6
7
16
-17
-22
-22
-32
-24
-31
-49
-46
-62
-36
-29
-8
11
-13
-5
-29
-22
-13
-39
-33
-28
-22
-31
-22
-17
9
-2
10
30
20
10
-25
-32
-46
-63
-84
-42
-51
-47
-28
-7
-13
6
43
61
66
57
18
-1
9
-1
18
2
-3
-9
15
46
18
20
-6
-26
-19
-15
-5
-3
-4
-32
-22
14
25
15
-9
2
3
-21
-33
-18
8
-49
-49
-30
-24
-26
-34
-7
-30
6
-20
8
43
9
0
-8
-4
8
5
-7
20
27
27
-7
-16
-9
28
-2
-10
2
-5
31
-9
6
-4
-17
19
10
30
31
18
61
40
21
13
28
41
38
19
20
-1
-12
9
-7
8
35
59
28
31
42
21
47
41
38
31
-3
16
20
-5
-24
-6
21
56
21
23
31
-2
1
0
7
8
19
29
55
43
50
42
45
54
38
53
19
-12
4
18
22
18
-7
3
-5
-8
8
1
-7
-1
21
11
1
17
24
18
51
48
37
37
22
34
36
54
63
9
8
20
-1
6
3
4
0
-13
-14
-24
-21
4
54
30
24
51
42
32
21
-22
-39
-61
-75
-31
-16
-18
18
41
45
43
47
81
56
57
69
24
37
18
44
32
16
44
15
26
-5
1
-6
-9
-12
-15
-15
-36
-45
-24
-16
-35
-21
-11
-28
-31
-35
-50
-15
-5
12
17
3
14
17
17
10
7
4
-10
-4
12
-3
13
23
26
46
41
50
42
75
87
67
56
53
18
12
16
-21
-6
-9
-11
0
-1
-23
-4
21
-33
-4
-21
-20
-15
-5
14
33
15
-7
-6
-17
-25
-22
-31
-6
23
24
46
12
43
17
15
18
-5
10
1
-9
-16
-24
-13
24
19
10
-5
-12
11
-7
-15
-16
5
-12
-3
-21
-23
18
-1
-7
-19
-6
-6
-26
-18
-28
-37
-33
4
-9
5
6
-8
9
-9
-21
-11
-32
-21
0
17
11
35
57
7
8
13
-9
-16
4
-6
15
24
29
28
-1
-32
-20
-48
-30
-31
-43
-40
-61
-52
-50
-33
-27
-17
-10
-5
-24
-32
-41
-63
-87
-78
-59
-51
-37
-11
-22
11
4
-14
2
-44
-27
-7
-57
-30
-3
-23
-10
6
22
13
9
17
1
-50
-56
-49
-40
-33
-61
-41
-59
-41
-29
-19
5
-2
-12
-23
-51
-38
-59
-84
-67
-73
-54
-53
-42
-6
-8
-13
-13
-19
-24
-14
-29
-26
0
-19
-10
-16
12
32
9
6
15
-5
-1
-14
-42
-35
-44
-54
-46
-10
9
29
48
23
18
8
1
-6
-7
-16
-3
3
6
2
-22
-20
-24
-25
-2
28
32
61
46
35
81
63
35
30
29
29
50
43
27
57
43
15
9
3
-7
-1
39
9
18
-8
16
49
52
32
5
3
8
24
-22
-17
-26
-3
21
14
-5
18
-16
-2
10
11
-11
-11
1
0
33
29
24
-11
15
31
4
-26
-12
-29
-51
-15
-4
1
-4
-5
2
17
-14
-14
-20
-17
-35
-14
8
13
-21
-4
24
28
45
23
-5
-35
-17
-29
-45
-58
-13
-2
-1
-18
-2
17
-1
29
6
4
0
-4
-22
-40
-36
-15
-23
-17
-14
-36
-19
-18
-13
-11
-15
-4
12
-10
-29
-43
-43
-8
-35
-6
3
7
7
-24
-62
-49
-25
-8
-10
-41
-36
-39
-60
-73
-83
-82
-70
-57
-55
-24
-46
-52
-66
-36
-35
-57
-42
-83
-57
-48
-31
-27
-12
-14
-33
-18
-66
-88
-69
-102
-99
-76
-63
-67
-75
-45
-10
-15
-39
-36
-38
-41
-95
-102
-77
-116
-102
-97
-104
-92
-81
-68
-58
-55
-54
-74
-65
-53
-57
-42
-50
-78
-78
-45
-61
-55
-19
-12
-43
-52
-55
-59
-91
-87
-87
-59
-55
-47
-43
-72
-50
-57
-74
-78
-101
-131
-121
-99
-97
-108
-101
-125
-119
-107
-103
-79
-73
-84
-72
-38
-59
-70
-70
-73
-86
-84
-82
-62
-51
-67
-89
-71
-47
-62
-64
-68
-67
-93
-100
-89
-66
-68
-89
-64
-44
-82
-102
-105
-86
-94
-98
-83
-123
-123
-131
-125
-152
-174
-164
-128
-103
-124
-63
-65
-56
-46
-49
-41
-57
-40
-61
-55
-83
-89
-86
-85
-84
-72
-67
-59
-56
-73
-71
-77
-72
-65
-77
-90
-75
-64
-74
-48
-58
-59
-72
-108
-103
-111
-105
-120
-118
-90
-86
-104
-100
-107
-100
-106
-116
-110
-80
-73
-89
-78
-98
-98
-70
-82
-83
-68
-92
-64
-67
-84
-68
-64
-85
-84
-108
-119
-131
-136
-97
-92
-101
-112
-110
-108
-102
-110
-102
-119
-106
-101
-105
-134
-143
-128
-138
-127
-71
-72
-70
-63
-58
-53
-95
-73
-114
-97
-86
-127
-124
-126
-117
-118
-114
-127
-111
-114
-104
-83
-70
-110
-137
-159
-141
-143
-136
-117
-129
-115
-117
-112
-111
-106
-112
-144
-158
-151
-160
-173
-171
-152
-156
-167
-166
-146
-132
-118
-114
-100
-100
-115
-103
-124
-101
-112
-106
-97
-138
-118
-126
-101
-109
-129
-123
-147
-137
-124
-112
-112
-117
-123
-138
-111
-102
-87
-95
-109
-100
-137
-106
-129
-133
-145
-150
-143
-161
-160
-169
-167
-145
-102
-88
-86
-67
-91
-92
-102
-138
-142
-141
-142
-148
-155
-131
-145
-134
-179
-170
-149
-153
-125
-138
-138
-129
-157
-176
-169
-124
-135
-163
-153
-156
-162
-182
-165
-183
-150
-152
-167
-160
-167
-145
-126
-132
-136
-128
-125
-137
-116
-86
-100
-91
-99
-111
-105
-111
-103
-112
-140
-155
-167
-156
-116
-111
-119
-126
-128
-134
-133
-110
-111
-102
-107
-110
-108
-131
-119
-138
-136
-111
-133
-111
-123
-86
-103
-128
-137
-124
-113
-128
-105
-100
-76
-72
-46
-39
-59
-76
-85
-92
-70
-63
-69
-88
-86
-67
-70
-73
-74
-52
-39
-47
-39
-37
-56
-85
-78
-89
-88
-79
-83
-84
-104
-93
-75
-72
-89
-81
-56
-95
-96
-60
-63
-62
-64
-99
-64
-53
-46
-22
-36
-44
-41
-53
-74
-68
-90
-76
-64
-48
-43
-46
-27
-18
-27
-66
-56
-70
-78
-64
-37
-18
-23
16
18
12
3
-27
-27
-43
-39
-37
-43
-40
-36
-46
-68
-48
-35
-52
-28
-27
-26
-5
31
21
36
38
15
32
12
-10
-31
-25
-33
-27
-16
-30
-21
-35
-35
-3
3
-17
13
-8
6
18
8
-4
5
-25
-41
-39
-66
-58
-61
-70
-70
-59
-71
-52
-46
-27
-23
-61
-90
-75
-36
-37
-35
-22
-29
-43
-27
-42
-29
-45
-30
-52
-83
-37
-39
-24
-16
0
15
0
-5
-9
-8
-21
-49
-38
-69
-53
-52
-48
-32
-27
-13
-17
-25
-44
-47
-58
-66
-61
-75
-87
-88
-90
-74
-92
-73
-44
-3
14
-6
-8
0
-1
-26
-29
-52
-81
-50
-34
-45
-52
-32
-30
-58
-35
-33
-42
-47
-71
-72
-96
-115
-82
-76
-85
-79
-87
-99
-76
-59
-76
-60
-25
-18
-48
-74
-76
-78
-74
-74
-45
-26
-31
-44
-22
-24
-39
-28
-17
-62
-50
-57
-89
-55
-46
-39
-7
-5
-25
-7
-18
13
-33
-21
-13
-49
-35
-69
-31
-32
-37
-38
-30
-18
-35
-17
-25
-32
-14
-29
-29
-14
-2
31
1
10
-12
-43
-34
-31
-23
-17
-16
-26
-11
-16
12
-27
-45
9
-24
-10
16
7
25
-6
-20
-26
-23
-13
-33
-5
0
17
8
8
2
-3
-5
-46
-43
-28
-16
-5
0
10
-17
-27
-32
-37
-1
-11
0
27
-15
24
18
-5
41
21
16
26
4
34
47
29
13
7
-10
-22
-11
-24
-2
38
10
-9
-16
-40
-32
-30
9
-9
19
60
5
30
4
4
-20
-55
-58
-58
-35
-43
-3
-14
-16
0
3
51
37
78
68
42
54
73
52
16
15
31
29
34
53
30
22
30
58
32
6
8
9
17
16
31
59
29
22
33
6
-4
22
7
0
-6
-23
-14
-18
3
-33
-21
-11
-9
7
8
-2
3
20
11
1
-4
18
23
6
-2
-32
-32
-20
-11
7
30
25
16
15
-4
-29
-44
-35
-52
-62
-33
-37
-38
-1
-13
-8
-23
-15
-38
-41
-16
-22
1
-13
13
24
29
30
5
56
69
63
67
64
57
37
69
19
-5
-2
-17
18
7
2
2
25
22
36
34
32
31
29
27
10
23
6
-11
3
-30
-66
-51
-45
-23
-25
-25
-2
-5
-16
2
0
17
14
11
16
27
21
-14
-4
13
25
8
12
4
12
11
13
34
43
35
14
-7
14
12
-1
-16
16
-1
-16
1
-5
32
8
-13
8
43
20
-3
-9
6
-35
-27
1
0
-8
-49
-50
-53
-75
-69
-72
-41
-23
-21
3
6
-8
-35
-36
-22
-5
-21
-16
-48
-69
-55
-59
-37
-35
-15
-31
-18
1
-29
4
-45
-65
-24
-17
-26
-42
-27
-41
-25
-25
-13
-34
-47
-51
-33
-36
-36
-26
-67
-66
-24
-30
-23
-24
-64
-48
-35
-13
-27
-49
-48
-43
-37
-32
-41
-20
-19
-19
1
6
43
-9
-40
-36
-30
-69
-76
-63
-61
-74
-90
-73
-77
-96
-91
-95
-100
-100
-107
-74
-62
-64
-58
-43
-25
-25
-9
10
-44
-54
-52
-42
-30
-35
-17
-13
-26
-10
-9
-39
-36
-19
-25
-14
-16
51
47
44
17
4
4
-19
-39
-39
-57
-50
-44
-75
-45
-56
-29
-28
-34
-25
-32
-51
-49
-25
-15
-2
6
-18
-3
19
56
69
57
34
41
37
-17
-20
-18
3
-4
-6
-5
20
22
37
65
48
42
19
35
28
24
8
8
12
-15
25
32
43
40
12
8
-1
7
24
36
17
38
33
30
43
66
111
85
63
71
91
99
81
63
77
50
61
54
72
57
67
73
37
49
56
58
100
126
105
89
74
32
45
42
37
36
38
34
38
73
86
87
47
62
36
36
79
109
116
66
80
102
101
92
83
80
56
85
92
49
55
69
73
83
90
105
84
95
79
89
94
93
75
91
111
118
116
70
87
88
84
79
70
52
58
62
50
67
51
26
33
22
33
14
8
39
47
66
61
49
67
85
90
68
60
60
40
64
59
16
41
53
65
79
96
118
126
116
127
112
104
56
37
31
34
38
44
41
57
66
69
70
45
46
21
56
33
25
16
-4
8
-13
25
4
-20
-2
3
8
14
33
12
-2
12
46
33
16
13
-7
2
4
10
32
21
-1
30
18
-11
17
32
14
-1
18
0
13
24
25
68
38
37
39
33
28
5
-16
13
18
1
50
41
34
30
15
19
12
35
51
44
17
14
-15
-3
27
46
45
43
43
33
22
18
10
-26
-31
-13
-6
-16
-45
-56
-30
-18
-36
1
0
-23
-6
-32
-40
-40
-12
-2
-26
-27
-30
5
1
-1
11
-9
4
15
29
27
20
5
39
53
38
38
35
9
4
23
17
24
31
38
85
46
68
45
21
13
18
36
-20
-24
-29
-2
-4
8
19
35
65
67
28
14
20
11
19
-11
-4
21
40
44
84
92
100
57
27
57
30
43
39
49
80
86
101
82
61
74
58
54
52
57
39
36
9
20
24
58
68
59
81
56
72
39
36
33
45
41
49
44
28
50
38
3
0
6
-9
-20
-21
11
-6
24
5
36
67
52
51
58
20
8
42
21
24
26
56
28
6
1
29
-7
-9
-1
-23
-5
-2
22
42
47
34
24
24
19
7
9
1
-37
-48
-53
-71
-80
-70
-67
-54
-19
-2
36
13
26
20
1
-3
7
1
-2
-5
10
-17
-24
6
-5
-4
-30
-18
-30
-44
-44
-65
-72
-77
-84
-84
-61
-52
-17
-42
-15
-29
-23
-48
-87
-53
-88
-100
-120
-114
-111
-101
-100
-90
-76
-78
-102
-131
-112
-103
-78
-44
-56
-59
-33
-47
-40
-70
-80
-83
-109
-66
-45
-63
-100
-85
-105
-106
-86
-111
-107
-60
-53
-83
-73
-76
-67
-34
-44
-36
-34
-38
-44
-68
-61
-74
-56
-25
-30
-33
-31
-20
-25
-50
-41
-61
-58
-39
-58
-19
-3
5
2
-8
-16
-21
-3
-2
-39
-59
-87
-96
-76
-72
-51
-42
-64
-64
-54
-46
-43
-74
-64
-70
-58
-63
-106
-119
-74
-51
-89
-111
-85
-79
-79
-80
-69
-63
-73
-67
-71
-70
-56
-63
-60
-67
-79
-70
-87
-71
-59
-40
-48
-44
-50
-69
-75
-101
-116
-119
-97
-112
-122
-73
-95
-84
-72
-74
-90
-77
-79
-90
-103
-76
-46
-96
-87
-56
0
-11
-20
-22
-48
-33
-11
6
21
-1
28
20
1
16
-8
20
9
58
62
51
82
73
34
30
25
15
2
7
-15
-21
-18
-28
3
-10
21
17
-19
-12
-11
-20
-24
-17
-28
-54
-53
-62
-55
-45
-42
-17
-45
-37
-58
-50
-89
-100
-87
-89
-94
-122
-102
-112
-124
-149
-139
-148
-164
-165
-185
-187
-213
-197
-182
-175
-170
-157
-143
-159
-135
-167
-147
-135
-124
-170
-131
-94
-119
-106
-113
-80
-67
-52
-33
9
10
23
21
27
17
27
37
50
69
74
70
68
55
40
54
33
43
69
100
120
111
62
57
64
78
98
98
94
71
73
82
76
103
110
120
130
166
163
141
136
139
124
133
114
85
70
30
17
-11
-26
-28
-36
-73
-78
-99
-114
-131
-144
-167
-163
-214
-260
-278
-337
-335
-386
-431
-436
-473
-492
-481
-486
-455
-452
-451
-464
-435
-440
-451
-446
-452
-482
-492
-495
-429
-373
-358
-352
-343
-321
-302
-249
-272
-259
-231
-215
-185
-168
-136
-94
-47
-37
35
65
84
122
177
218
236
258
281
299
315
323
330
364
382
379
388
358
389
413
445
475
467
504
497
476
454
436
420
419
388
376
414
416
396
375
368
337
319
285
293
267
199
196
148
135
101
43
-17
-75
-122
-170
-214
-243
-282
-345
-363
-396
-400
-374
-428
-458
-487
-510
-536
-570
-558
-599
-608
-622
-641
-649
-672
-636
-605
-595
-554
-507
-513
-472
-480
-418
-394
-398
-384
-430
-431
-412
-421
-395
-354
-347
-310
-289
-242
-199
-137
-90
-64
-11
38
68
124
148
201
258
277
342
366
426
471
525
573
600
635
706
733
777
806
841
893
895
947
964
973
1023
1032
1032
1064
1057
1001
972
968
931
930
854
765
715
631
547
444
360
230
127
22
-104
-165
-223
-296
-353
-415
-469
-488
-520
-553
-567
-594
-593
-587
-587
-573
-542
-504
-494
-461
-426
-358
-279
-219
-131
-71
12
56
109
174
188
239
253
281
278
273
291
310
314
302
263
209
189
127
35
-49
-145
-211
-269
-306
-367
-422
-483
-515
-562
-617
-673
-721
-757
-753
-784
-807
-801
-785
-735
-731
-702
-671
-640
-626
-589
-522
-475
-404
-333
-275
-200
-147
-81
-15
53
90
129
187
209
224
261
261
277
332
331
356
372
420
462
507
562
579
643
681
752
786
836
906
954
1015
1090
1161
1215
1250
1262
1279
1265
1245
1229
1205
1115
1053
926
805
707
580
449
335
214
63
-33
-114
-205
-249
-315
-386
-435
-530
-587
-638
-688
-707
-720
-717
-721
-732
-704
-666
-642
-581
-504
-437
-375
-294
-183
-69
-14
47
96
133
151
187
206
212
225
184
146
122
91
-14
-95
-183
-225
-281
-344
-420
-475
-529
-593
-670
-733
-759
-853
-924
-965
-1012
-1043
-1090
-1103
-1117
-1127
-1099
-1067
-1002
-964
-926
-853
-791
-705
-627
-534
-442
-364
-271
-163
-69
-10
66
127
219
273
370
450
556
617
683
787
836
923
1010
1105
1213
1320
1399
1476
1509
1583
1623
1690
1693
1673
1645
1590
1567
1512
1483
1418
1337
1259
1165
1044
898
772
639
477
306
157
-24
-209
-376
-504
-623
-719
-843
-952
-988
-1009
-1056
-1066
-1068
-1055
-1025
-1011
-967
-930
-848
-808
-740
-640
-572
-495
-386
-306
-217
-116
-19
77
142
198
257
327
380
443
459
459
445
432
396
378
325
239
160
74
-43
-167
-269
-407
-538
-676
-776
-876
-988
-1083
-1169
-1256
-1305
-1345
-1409
-1409
-1417
-1445
-1421
-1432
-1421
-1368
-1289
-1243
-1216
-1187
-1119
-1043
-926
-856
-772
-665
-613
-523
-412
-311
-242
-106
-13
88
172
252
304
331
364
392
428
464
541
595
662
715
789
844
931
1089
1209
1301
1350
1422
1505
1543
1541
1571
1606
1598
1599
1604
1556
1544
1497
1403
1285
1185
1082
956
798
627
453
291
139
-33
-188
-328
-483
-610
-740
-867
-963
-1035
-1086
-1109
-1155
-1176
-1200
-1180
-1159
-1110
-1069
-1008
-969
-886
-792
-680
-578
-517
-423
-351
-243
-151
-64
-8
65
125
193
280
308
320
352
341
325
268
216
171
74
-6
-135
-244
-387
-524
-685
-846
-964
-1112
-1195
-1309
-1400
-1470
-1552
-1600
-1652
-1691
-1693
-1695
-1711
-1669
-1658
-1619
-1541
-1504
-1468
-1366
-1281
-1215
-1144
-1004
-885
-756
-605
-466
-334
-231
-99
11
111
198
266
323
342
385
463
516
584
625
671
738
801
867
930
962
1023
1074
1129
1227
1285
1393
1443
1480
1547
1582
1604
1690
1710
1708
1740
1710
1717
1733
1699
1626
1538
1434
1311
1204
1052
900
729
508
317
103
-72
-232
-383
-527
-690
-810
-868
-938
-996
-1060
-1121
-1151
-1163
-1145
-1132
-1103
-1095
-1065
-1012
-989
-937
-865
-787
-674
-579
-442
-311
-190
-57
24
134
220
282
346
381
456
470
470
457
427
413
343
263
166
31
-110
-260
-395
-563
-727
-860
-1009
-1096
-1177
-1261
-1346
-1425
-1499
-1551
-1596
-1647
-1663
-1699
-1699
-1667
-1628
-1592
-1553
-1479
-1436
-1354
-1216
-1084
-970
-791
-654
-530
-343
-223
-143
13
100
211
306
382
432
469
543
532
578
608
688
707
760
818
842
914
953
1033
1086
1139
1258
1334
1403
1480
1542
1626
1667
1717
1805
1887
1927
1974
2040
2066
2081
2099
2086
2034
1977
1867
1734
1627
1467
1265
1078
905
694
452
254
60
-114
-305
-444
-561
-684
-752
-834
-918
-1012
-1088
-1163
-1200
-1213
-1193
-1196
-1194
-1147
-1098
-1034
-981
-841
-770
-680
-579
-485
-358
-246
-112
17
122
203
316
444
510
559
574
572
539
480
428
334
231
134
0
-112
-185
-327
-479
-602
-744
-910
-1035
-1151
-1262
-1359
-1453
-1516
-1571
-1671
-1746
-1756
-1773
-1778
-1774
-1717
-1690
-1660
-1602
-1482
-1388
-1306
-1155
-1046
-904
-741
-620
-472
-349
-229
-127
4
89
168
271
322
369
412
479
531
568
663
716
768
830
866
954
983
1070
1125
1200
1270
1321
1397
1421
1524
1614
1723
1783
1836
1939
1998
2068
2168
2257
2322
2351
2316
2305
2229
2136
2054
1910
1734
1475
1270
1038
827
582
345
79
-143
-324
-504
-634
-772
-881
-970
-1047
-1118
-1192
-1227
-1264
-1320
-1319
-1355
-1358
-1389
-1405
-1373
-1312
-1211
-1136
-1028
-905
-763
-605
-445
-276
-128
16
163
267
328
382
449
514
525
525
517
493
441
354
288
171
67
-35
-140
-294
-478
-656
-790
-944
-1063
-1206
-1333
-1451
-1567
-1715
-1817
-1871
-1916
-1954
-1994
-2044
-2052
-2079
-2030
-1967
-1932
-1831
-1755
-1636
-1506
-1360
-1214
-1051
-869
-730
-594
-443
-294
-196
-97
1
116
199
260
321
349
403
462
544
606
653
699
787
876
954
1034
1081
1167
1251
1311
1403
1440
1507
1591
1658
1754
1848
1940
2026
2153
2280
2352
2450
2502
2529
2528
2516
2425
2304
2158
1981
1755
1513
1263
1008
751
480
233
19
-215
-414
-606
-787
-946
-1080
-1147
-1274
-1318
-1412
-1473
-1505
-1519
-1539
-1567
-1598
-1630
-1614
-1582
-1477
-1396
-1299
-1148
-1006
-851
-706
-522
-320
-121
32
167
295
412
456
524
551
558
541
518
481
407
407
330
282
197
62
-72
-170
-298
-459
-656
-842
-998
-1181
-1387
-1554
-1668
-1783
-1920
-2049
-2097
-2158
-2188
-2191
-2179
-2197
-2183
-2104
-2030
-1934
-1850
-1757
-1643
-1492
-1364
-1223
-1086
-958
-817
-678
-530
-404
-254
-129
-25
86
163
217
308
365
483
559
627
688
710
765
792
879
932
1021
1096
1153
1241
1307
1396
1441
1542
1636
1744
1878
1982
2111
2244
2366
2477
2581
2670
2728
2775
2760
2662
2544
2428
2291
2086
1835
1585
1290
975
734
460
223
3
-226
-428
-594
-691
-831
-978
-1121
-1221
-1311
-1403
-1518
-1600
-1637
-1689
-1724
-1746
-1727
-1651
-1585
-1483
-1353
-1219
-1063
-849
-700
-516
-307
-114
25
152
302
398
491
529
575
588
633
619
594
592
585
540
507
454
401
351
207
80
-54
-235
-421
-631
-845
-1104
-1331
-1525
-1727
-1893
-2032
-2152
-2230
-2294
-2338
-2294
-2245
-2219
-2122
-2070
-2018
-1927
-1848
-1706
-1593
-1492
-1396
-1265
-1123
-988
-836
-693
-547
-342
-203
-46
77
229
342
407
519
546
566
598
618
607
617
629
642
645
663
724
779
845
954
1005
1112
1217
1317
1474
1555
1689
1846
1980
2122
2266
2403
2541
2630
2722
2856
2901
2966
2969
2901
2808
2674
2516
2325
2079
1827
1576
1271
949
687
442
202
-67
-251
-444
-625
-772
-906
-1062
-1232
-1349
-1425
-1515
-1614
-1684
-1729
-1765
-1791
-1750
-1720
-1642
-1540
-1393
-1273
-1111
-939
-750
-581
-394
-171
-3
168
287
399
508
581
640
694
741
739
751
724
666
598
518
439
370
252
174
9
-217
-399
-591
-744
-1005
-1195
-1430
-1641
-1809
-2006
-2134
-2250
-2320
-2370
-2387
-2389
-2374
-2341
-2295
-2179
-2079
-1991
-1834
-1709
-1575
-1427
-1223
-1035
-857
-663
-449
-257
-113
63
198
350
455
567
684
779
850
930
996
1091
1150
1215
1335
1380
1390
1428
1435
1426
1442
1474
1486
1533
1606
1712
1795
1965
2118
2249
2408
2554
2667
2786
2915
2976
3032
3017
2955
2801
2652
2456
2244
1966
1688
1434
1175
887
629
414
195
0
-213
-387
-547
-728
-869
-1003
-1147
-1280
-1354
-1481
-1581
-1665
-1739
-1777
-1817
-1844
-1792
-1736
-1672
-1505
-1328
-1157
-994
-790
-573
-383
-209
-38
122
248
343
432
539
579
617
632
639
662
668
626
620
617
599
584
517
444
317
161
-18
-221
-452
-669
-925
-1195
-1416
-1638
-1848
-2056
-2229
-2347
-2465
-2511
-2520
-2498
-2481
-2442
-2342
-2262
-2176
-2052
-1932
-1790
-1680
-1566
-1403
-1209
-1086
-921
-714
-526
-399
-269
-68
79
216
359
499
610
731
877
982
1015
1070
1129
1184
1179
1220
1235
1206
1196
1190
1222
1256
1342
1471
1625
1806
1943
2100
2285
2463
2627
2793
2948
3081
3182
3217
3189
3140
3024
2851
2685
2481
2227
1980
1720
1443
1133
857
661
422
187
-22
-214
-399
-565
-730
-909
-1089
-1262
-1403
-1516
-1639
-1726
-1791
-1841
-1897
-1925
-1884
-1821
-1752
-1622
-1472
-1365
-1183
-956
-774
-588
-413
-240
-59
80
212
371
470
502
548
567
607
651
688
715
684
646
540
513
450
333
222
59
-111
-288
-461
-670
-846
-1076
-1312
-1486
-1671
-1812
-1940
-2062
-2161
-2254
-2312
-2345
-2337
-2301
-2272
-2210
-2179
-2090
-1973
-1856
-1700
-1561
-1392
-1202
-1065
-896
-715
-553
-393
-232
-101
34
132
251
350
414
460
556
664
701
790
859
918
959
996
1064
1092
1108
1169
1222
1241
1286
1397
1535
1640
1789
1971
2122
2275
2452
2627
2789
2941
3068
3182
3275
3303
3263
3144
3004
2817
2604
2368
2048
1764
1491
1196
926
664
434
171
-32
-215
-419
-606
-762
-926
-1086
-1226
-1349
-1468
-1549
-1652
-1765
-1848
-1935
-1973
-1984
-1922
-1855
-1737
-1590
-1409
-1235
-1030
-842
-615
-393
-189
-32
122
256
381
462
519
590
597
599
625
634
597
548
515
478
418
296
207
73
-57
-205
-397
-592
-796
-1003
-1218
-1434
-1657
-1847
-1987
-2124
-2212
-2310
-2360
-2365
-2391
-2388
-2332
-2286
-2241
-2091
-1943
-1821
-1699
-1521
-1333
-1135
-937
-736
-572
-396
-270
-140
-16
136
247
356
504
595
711
809
922
1048
1156
1244
1283
1329
1348
1373
1364
1370
1423
1495
1603
1723
1843
1981
2094
2239
2388
2588
2760
2919
3086
3183
3273
3350
3410
3371
3298
3142
3002
2817
2550
2289
2033
1739
1498
1206
924
672
390
148
-86
-244
-456
-597
-743
-894
-1063
-1217
-1374
-1492
-1618
-1723
-1779
-1886
-1950
-1956
-1933
-1883
-1748
-1633
-1489
-1309
-1117
-880
-642
-458
-258
-86
88
223
357
463
538
599
642
676
724
717
689
671
617
571
519
454
327
240
146
-25
-211
-386
-559
-749
-944
-1163
-1369
-1599
-1800
-1959
-2102
-2193
-2300
-2329
-2359
-2387
-2326
-2232
-2161
-2063
-1929
-1765
-1592
-1425
-1281
-1109
-921
-753
-568
-428
-310
-184
-39
55
174
292
394
500
657
769
850
970
1080
1140
1220
1298
1304
1297
1293
1331
1368
1417
1496
1602
1726
1876
2039
2201
2359
2554
2750
2914
3059
3216
3350
3421
3512
3540
3481
3342
3210
3034
2823
2549
2270
2005
1688
1427
1126
855
593
317
79
-133
-313
-498
-700
-838
-1017
-1189
-1332
-1463
-1605
-1684
-1796
-1900
-1959
-2029
-2030
-1974
-1879
-1774
-1658
-1490
-1306
-1126
-883
-654
-456
-276
-57
115
279
396
478
561
586
601
595
613
596
510
490
464
426
373
303
209
104
-35
-199
-367
-501
-685
-854
-1026
-1231
-1416
-1605
-1775
-1891
-2008
-2112
-2197
-2258
-2287
-2302
-2279
-2253
-2181
-2047
-1931
-1786
-1597
-1385
-1177
-984
-797
-630
-464
-327
-193
-75
12
96
185
270
368
454
578
684
817
910
993
1080
1164
1210
1248
1274
1287
1351
1395
1465
1542
1634
1749
1893
2007
2179
2365
2518
2705
2899
3059
3226
3349
3437
3557
3566
3527
3434
3321
3148
2932
2643
2366
2081
1732
1398
1097
825
547
309
64
-172
-358
-544
-692
-835
-1001
-1161
-1326
-1470
-1617
-1728
-1817
-1913
-2017
-2043
-2021
-2005
-1925
-1829
-1698
-1538
-1361
-1144
-925
-710
-491
-300
-101
81
217
365
465
525
577
597
630
605
581
583
546
466
435
361
255
186
77
-76
-237
-394
-595
-803
-1011
-1210
-1411
-1611
-1833
-1989
-2123
-2245
-2307
-2412
-2447
-2433
-2427
-2397
-2325
-2224
-2101
-1928
-1720
-1546
-1335
-1118
-917
-696
-510
-343
-207
-78
3
101
209
321
435
535
660
800
885
1004
1084
1166
1235
1288
1340
1350
1422
1485
1529
1598
1654
1740
1840
1944
2066
2238
2404
2585
2748
2914
3088
3231
3389
3455
3535
3531
3480
3342
3188
3002
2739
2461
2154
1865
1557
1218
911
597
358
86
-134
-308
-489
-655
-796
-918
-1053
-1216
-1395
-1480
-1629
-1756
-1864
-1935
-2045
-2086
-2062
-2040
-1968
-1856
-1709
-1527
-1325
-1111
-891
-653
-425
-205
1
149
306
417
505
544
576
589
614
616
604
607
573
551
487
439
369
272
141
3
-164
-343
-542
-730
-913
-1083
-1318
-1477
-1628
-1776
-1927
-2057
-2161
-2239
-2281
-2298
-2306
-2289
-2205
-2104
-1982
-1887
-1725
-1619
-1478
-1357
-1153
-961
-840
-693
-539
-365
-252
-122
-45
27
109
171
270
321
380
437
497
535
540
568
597
646
696
758
827
914
965
1051
1159
1256
1355
1510
1651
1772
1948
2145
2353
2553
2709
2908
3081
3248
3384
3493
3551
3554
3510
3420
3306
3110
2871
2597
2340
2053
1747
1458
1159
843
592
320
83
-169
-333
-513
-713
-886
-1082
-1231
-1372
-1489
-1657
-1772
-1897
-2014
-2100
-2142
-2155
-2127
-2055
-1933
-1804
-1671
-1496
-1286
-1089
-867
-635
-459
-243
-73
107
240
352
435
453
493
517
495
516
486
398
370
282
241
166
58
-32
-166
-364
-520
-743
-925
-1125
-1347
-1555
-1749
-1907
-2068
-2204
-2321
-2396
-2415
-2411
-2408
-2387
-2340
-2206
-2107
-1966
-1808
-1633
-1426
-1185
-982
-817
-661
-501
-354
-206
-73
70
172
258
360
487
591
708
844
956
1061
1142
1221
1290
1320
1359
1436
1496
1543
1594
1660
1744
1847
1940
2077
2267
2412
2551
2706
2878
3054
3185
3338
3416
3457
3499
3436
3363
3214
3029
2786
2511
2209
1876
1581
1273
983
703
455
188
-66
-250
-429
-595
-735
-907
-1032
-1174
-1321
-1432
-1557
-1709
-1852
-1963
-2046
-2105
-2130
-2134
-2081
-1967
-1856
-1691
-1502
-1265
-1050
-811
-592
-428
-220
-1
146
256
386
443
503
546
603
618
656
639
630
611
610
580
496
413
333
241
93
-55
-239
-418
-651
-874
-1099
-1322
-1544
-1706
-1874
-1980
-2078
-2160
-2226
-2266
-2295
-2257
-2240
-2193
-2139
-2078
-1953
-1834
-1693
-1549
-1369
-1242
-1116
-976
-848
-697
-565
-456
-329
-218
-125
-23
54
119
187
273
342
372
423
441
476
507
559
616
693
787
826
890
978
1078
1193
1305
1459
1642
1787
1917
2121
2348
2520
2670
2828
2996
3141
3293
3362
3432
3457
3446
3373
3268
3123
2918
2676
2422
2145
1811
1531
1213
914
626
363
120
-126
-331
-510
-691
-870
-1042
-1177
-1315
-1470
-1583
-1718
-1825
-1931
-2036
-2135
-2144
-2154
-2131
-2047
-1957
-1813
-1626
-1451
-1252
-1045
-902
-694
-494
-303
-153
10
126
210
287
335
376
409
456
406
401
383
323
257
165
86
-45
-165
-345
-513
-682
-856
-1040
-1226
-1393
-1613
-1775
-1940
-2098
-2221
-2337
-2427
-2447
-2477
-2473
-2417
-2303
-2211
-2122
-1965
-1804
-1653
-1462
-1281
-1075
-890
-752
-593
-461
-351
-247
-129
-16
128
276
425
554
661
801
894
980
1053
1107
1176
1207
1243
1309
1346
1378
1433
1484
1587
1639
1716
1824
1984
2128
2325
2498
2613
2775
2920
3074
3176
3191
3215
3139
3046
2921
2713
2538
2254
1981
1708
1384
1126
861
598
353
143
-95
-329
-485
-658
-789
-944
-1086
-1235
-1391
-1486
-1627
-1783
-1879
-1985
-2075
-2134
-2128
-2102
-2056
-1994
-1928
-1759
-1574
-1381
-1178
-995
-778
-561
-363
-177
-18
87
195
290
354
391
418
427
461
469
413
379
351
297
207
149
64
-51
-208
-372
-528
-723
-904
-1126
-1333
-1555
-1761
-1936
-2127
-2270
-2404
-2495
-2598
-2651
-2670
-2632
-2558
-2474
-2349
-2196
-2006
-1851
-1674
-1473
-1323
-1141
-969
-860
-693
-587
-449
-340
-245
-117
-18
109
221
378
533
661
784
884
981
1044
1102
1138
1195
1242
1317
1382
1438
1547
1635
1748
1871
2020
2177
2355
2521
2676
2854
2987
3124
3220
3280
3303
3280
3198
3066
2910
2688
2430
2176
1910
1620
1341
1027
722
472
235
-26
-252
-449
-584
-743
-905
-1035
-1166
-1291
-1452
-1573
-1694
-1812
-1926
-1988
-2051
-2136
-2169
-2139
-2075
-1959
-1821
-1688
-1507
-1309
-1097
-886
-665
-471
-293
-118
4
80
202
286
348
385
448
497
495
467
455
405
362
342
273
170
60
-28
-179
-303
-511
-670
-906
-1096
-1327
-1541
-1722
-1914
-2075
-2269
-2387
-2446
-2499
-2527
-2506
-2451
-2384
-2273
-2157
-2038
-1890
-1758
-1573
-1429
-1249
-1081
-932
-754
-619
-514
-356
-255
-161
-75
43
130
254
347
436
592
695
784
898
963
992
1047
1082
1144
1173
1186
1256
1353
1469
1569
1699
1824
1960
2130
2293
2474
2594
2756
2893
3027
3132
3234
3239
3173
3098
2942
2764
2516
2296
2008
1740
1470
1201
924
679
413
198
12
-182
-320
-500
-667
-852
-983
-1158
-1297
-1438
-1576
-1699
-1781
-1893
-2020
-2069
-2105
-2130
-2102
-2009
-1923
-1785
-1597
-1417
-1216
-1018
-806
-598
-409
-221
-114
4
65
133
196
235
297
320
338
348
330
284
253
203
157
80
21
-57
-188
-369
-512
-670
-848
-1063
-1268
-1467
-1694
-1851
-2026
-2197
-2305
-2380
-2451
-2495
-2497
-2448
-2373
-2287
-2186
-2042
-1906
-1746
-1579
-1389
-1202
-1053
-917
-805
-677
-564
-463
-367
-255
-167
-64
104
211
346
488
581
703
783
866
865
922
975
1025
1063
1094
1161
1214
1272
1385
1485
1596
1700
1828
2024
2167
2336
2517
2660
2814
2922
3027
3118
3133
3094
3048
2907
2744
2592
2353
2069
1785
1531
1238
955
682
490
266
63
-147
-344
-520
-684
-846
-987
-1124
-1308
-1443
-1576
-1657
-1773
-1884
-1977
-2069
-2091
-2131
-2133
-2095
-2010
-1904
-1745
-1587
-1387
-1179
-969
-752
-538
-380
-226
-33
50
162
261
284
332
357
354
307
252
266
250
208
187
127
69
-7
-102
-229
-358
-501
-678
-839
-1051
-1211
-1407
-1601
-1785
-1959
-2100
-2238
-2325
-2408
-2433
-2424
-2372
-2308
-2222
-2100
-1991
-1815
-1644
-1501
-1313
-1114
-984
-842
-721
-633
-533
-448
-374
-301
-209
-95
15
154
292
449
585
724
834
901
1005
1051
1047
1103
1128
1184
1211
1236
1316
1378
1476
1558
1705
1816
1987
2148
2299
2494
2669
2846
2989
3092
3180
3201
3184
3098
2979
2820
2570
2339
2095
1828
1557
1256
964
699
456
263
95
-76
-254
-377
-534
-663
-809
-936
-1084
-1257
-1404
-1542
-1698
-1837
-1962
-2043
-2124
-2172
-2171
-2125
-2069
-1943
-1783
-1612
-1393
-1215
-1020
-815
-646
-479
-300
-149
-59
20
77
143
184
221
249
252
203
204
189
169
156
114
52
-31
-108
-248
-363
-552
-706
-875
-1066
-1243
-1488
-1671
-1833
-1991
-2118
-2248
-2331
-2389
-2389
-2357
-2294
-2234
-2154
-2007
-1895
-1754
-1586
-1441
-1244
-1098
-943
-838
-726
-594
-514
-397
-304
-201
-105
25
162
291
398
495
583
660
739
829
898
975
1015
1035
1079
1084
1140
1169
1259
1335
1389
1478
1578
1703
1863
2059
2225
2446
2611
2748
2878
2966
3045
3085
3045
3000
2898
2755
2597
2382
2131
1907
1621
1364
1113
845
631
398
161
-15
-168
-310
-431
-604
-731
-879
-1027
-1170
-1330
-1473
-1602
-1743
-1851
-1951
-2005
-2053
-2049
-2026
-1986
-1894
-1778
-1630
-1452
-1281
-1064
-878
-702
-472
-328
-165
-40
28
121
190
232
281
321
317
307
303
303
291
251
199
120
83
-7
-82
-198
-326
-420
-611
-783
-958
-1143
-1307
-1479
-1610
-1794
-1906
-2024
-2080
-2133
-2180
-2168
-2163
-2093
-2020
-1913
-1792
-1660
-1536
-1390
-1232
-1068
-936
-849
-706
-578
-491
-407
-318
-227
-139
-43
60
146
284
381
513
613
727
807
908
969
1019
1078
1107
1140
1163
1206
1241
1298
1349
1437
1548
1668
1781
1938
2068
2248
2444
2615
2746
2894
2984
3051
3112
3097
3054
2924
2827
2617
2398
2155
1909
1678
1448
1214
967
752
563
364
165
-10
-177
-298
-456
-615
-760
-961
-1097
-1261
-1420
-1554
-1694
-1789
-1903
-1960
-1989
-2008
-1996
-1951
-1897
-1791
-1647
-1473
-1322
-1138
-953
-778
-627
-487
-339
-205
-103
5
44
86
175
218
289
309
319
269
254
238
194
149
52
-33
-165
-297
-409
-542
-698
-901
-1023
-1177
-1331
-1477
-1635
-1801
-1867
-1932
-2003
-2027
-2065
-2092
-2059
-1997
-1917
-1786
-1672
-1533
-1384
-1238
-1072
-954
-814
-692
-594
-469
-349
-219
-101
7
133
254
350
488
574
647
754
834
849
863
898
919
958
958
1010
1090
1149
1219
1282
1346
1441
1486
1600
1716
1827
1964
2100
2215
2361
2484
2604
2760
2855
2928
2937
2962
2916
2830
2716
2575
2393
2193
1993
1750
1496
1240
996
752
526
318
164
-28
-210
-378
-557
-701
-850
-971
-1113
-1226
-1344
-1485
-1611
-1696
-1748
-1836
-1875
-1890
-1866
-1856
-1806
-1746
-1608
-1451
-1281
-1092
-941
-742
-590
-455
-309
-162
-47
32
123
200
261
292
323
311
283
293
306
273
167
126
64
7
-58
-163
-323
-473
-610
-772
-958
-1115
-1256
-1411
-1556
-1698
-1803
-1914
-2005
-2061
-2094
-2083
-2063
-1986
-1894
-1818
-1691
-1557
-1432
-1275
-1103
-931
-781
-616
-480
-368
-255
-171
-92
-8
85
206
325
391
490
541
639
717
782
859
926
973
1006
1043
1076
1096
1105
1135
1179
1237
1280
1369
1462
1570
1696
1835
1951
2094
2216
2332
2534
2690
2801
2868
2923
2962
2950
2885
2799
2657
2465
2273
2046
1800
1577
1358
1081
893
664
430
247
65
-87
-232
-369
-540
-680
-834
-969
-1105
-1231
-1373
-1498
-1571
-1727
-1780
-1861
-1899
-1918
-1930
-1919
-1862
-1719
-1618
-1475
-1337
-1144
-933
-738
-575
-416
-298
-178
-68
10
82
159
167
215
251
283
327
302
274
239
197
120
71
-19
-84
-199
-307
-425
-535
-675
-830
-974
-1117
-1261
-1426
-1557
-1648
-1761
-1830
-1888
-1947
-1972
-2027
-1974
-1910
-1847
-1719
-1612
-1470
-1316
-1201
-1047
-888
-734
-605
-523
-411
-315
-216
-114
21
101
221
329
424
535
601
656
724
784
791
858
882
901
896
933
1019
1035
1097
1165
1250
1326
1366
1447
1511
1588
1691
1788
1927
2045
2181
2344
2497
2639
2742
2788
2821
2844
2829
2737
2613
2473
2254
2059
1857
1620
1375
1176
881
641
449
243
83
-93
-220
-367
-476
-614
-748
-884
-1027
-1173
-1303
-1450
-1564
-1683
-1765
-1852
-1913
-1931
-1939
-1904
-1882
-1793
-1658
-1524
-1428
-1228
-1048
-867
-704
-526
-402
-291
-176
-90
16
86
115
151
162
173
209
195
166
159
144
146
101
29
-35
-140
-240
-363
-502
-624
-790
-917
-1096
-1236
-1402
-1525
-1664
-1786
-1868
-1935
-2006
-2055
-2034
-2014
-1920
-1832
-1729
-1609
-1467
-1363
-1204
-1075
-919
-757
-613
-470
-392
-296
-174
-56
27
146
230
353
445
518
606
664
739
772
811
843
850
889
882
908
937
962
1002
1024
1087
1120
1195
1259
1347
1412
1529
1664
1799
1945
2080
2203
2335
2441
2527
2604
2629
2661
2633
2570
2498
2372
2228
2059
1860
1641
1407
1187
979
773
534
363
175
34
-102
-234
-386
-501
-640
-775
-876
-1033
-1188
-1320
-1443
-1562
-1657
-1752
-1849
-1880
-1890
-1895
-1863
-1795
-1695
-1602
-1479
-1338
-1173
-1010
-822
-675
-522
-384
-270
-174
-119
-27
42
88
135
187
180
185
173
197
217
225
196
125
75
13
-97
-206
-311
-455
-583
-760
-904
-1039
-1160
-1287
-1406
-1532
-1627
-1740
-1791
-1871
-1953
-1966
-1954
-1912
-1866
-1781
-1658
-1506
-1369
-1192
-1023
-861
-731
-601
-464
-325
-220
-123
-16
90
191
286
393
468
524
602
641
690
748
775
823
854
858
793
783
794
809
819
865
925
960
1050
1096
1207
1289
1402
1524
1611
1701
1812
1937
2030
2159
2246
2314
2379
2412
2427
2444
2404
2358
2221
2067
1928
1784
1619
1430
1237
1066
890
681
524
324
126
10
-160
-354
-529
-688
-816
-965
-1086
-1224
-1325
-1458
-1538
-1607
-1679
-1776
-1848
-1868
-1857
-1795
-1752
-1669
-1591
-1459
-1313
-1182
-1038
-898
-790
-664
-525
-402
-277
-128
-36
2
102
159
214
275
315
314
297
311
300
271
221
163
93
19
-66
-196
-313
-441
-584
-746
-903
-1022
-1147
-1268
-1384
-1515
-1629
-1718
-1790
-1816
-1852
-1873
-1838
-1804
-1746
-1633
-1469
-1325
-1180
-1031
-870
-667
-492
-343
-187
-83
56
162
281
395
447
514
584
636
695
705
710
739
724
712
733
738
766
793
837
864
884
913
941
958
947
1001
1044
1120
1193
1282
1373
1422
1513
1668
1820
1920
2048
2151
2252
2294
2371
2407
2377
2328
2250
2189
2048
1915
1789
1629
1446
1291
1111
937
755
576
438
262
88
-52
-183
-311
-469
-586
-724
-851
-999
-1145
-1258
-1387
-1501
-1618
-1659
-1706
-1722
-1719
-1703
-1657
-1591
-1478
-1376
-1256
-1116
-971
-822
-701
-595
-455
-335
-234
-143
-47
42
106
179
214
280
313
343
364
369
378
362
324
294
222
156
53
-28
-147
-316
-435
-601
-708
-867
-1010
-1139
-1258
-1372
-1465
-1562
-1622
-1626
-1639
-1627
-1588
-1569
-1493
-1406
-1298
-1173
-1091
-938
-809
-643
-487
-300
-162
-39
96
223
346
412
496
569
640
672
726
771
789
791
790
786
769
742
690
661
680
694
657
657
656
698
715
788
845
900
991
1077
1183
1266
1385
1464
1564
1677
1782
1892
2000
2044
2134
2190
2222
2213
2189
2198
2102
2032
1944
1819
1695
1545
1397
1241
1077
902
736
564
373
209
77
-106
-276
-416
-586
-702
-836
-943
-1043
-1134
-1246
-1340
-1437
-1480
-1503
-1544
-1553
-1519
-1463
-1423
-1354
-1289
-1189
-1080
-955
-819
-681
-565
-465
-359
-249
-147
-54
32
99
182
250
283
329
403
397
393
363
335
310
239
146
26
-14
-145
-252
-363
-468
-569
-650
-749
-849
-956
-1074
-1188
-1311
-1376
-1397
-1436
-1472
-1441
-1428
-1409
-1338
-1242
-1193
-1072
-956
-858
-725
-589
-432
-300
-180
-12
95
202
316
387
439
510
542
547
573
547
613
621
588
563
529
538
475
472
485
401
390
410
413
415
405
439
490
550
616
683
767
869
963
1081
1187
1282
1408
1545
1639
1700
1788
1847
1890
1954
1962
1981
1957
1928
1921
1841
1780
1684
1547
1425
1283
1127
949
781
629
462
277
129
-19
-205
-360
-486
-623
-742
-877
-977
-1075
-1158
-1234
-1331
-1376
-1407
-1430
-1438
-1426
-1423
-1372
-1330
-1289
-1224
-1168
-1064
-971
-854
-715
-597
-466
-346
-234
-98
-16
56
114
165
187
217
264
269
308
290
247
237
147
71
6
-65
-128
-221
-307
-366
-430
-519
-627
-711
-757
-828
-908
-985
-1048
-1095
-1138
-1172
-1193
-1223
-1167
-1128
-1077
-1011
-920
-824
-706
-616
-506
-376
-272
-106
32
111
184
257
311
340
380
405
373
368
375
409
407
389
367
349
343
282
230
224
217
214
197
188
225
252
263
271
306
376
448
523
566
662
728
786
883
998
1104
1253
1348
1449
1572
1650
1724
1796
1838
1853
1893
1862
1815
1752
1700
1625
1513
1412
1265
1092
988
837
711
584
434
275
137
15
-134
-259
-425
-528
-627
-764
-871
-980
-1081
-1169
-1230
-1286
-1349
-1389
-1407
-1417
-1395
-1361
-1292
-1210
-1149
-1066
-997
-873
-756
-635
-518
-462
-343
-266
-221
-118
-49
-7
40
77
109
134
176
187
194
195
166
132
59
14
-59
-159
-250
-325
-401
-478
-532
-589
-637
-679
-746
-802
-802
-847
-915
-922
-964
-994
-950
-931
-886
-868
-799
-725
-635
-531
-463
-357
-275
-195
-97
-25
38
128
173
216
270
295
300
299
259
264
261
253
245
206
205
185
174
133
134
141
106
124
109
124
151
180
201
217
235
251
315
389
455
521
643
754
831
979
1087
1185
1268
1347
1482
1510
1586
1615
1665
1707
1689
1694
1679
1667
1597
1574
1494
1407
1322
1201
1098
985
884
748
593
488
373
253
131
6
-112
-212
-333
-439
-545
-641
-749
-858
-940
-960
-991
-1023
-993
-1005
-1005
-994
-979
-968
-926
-867
-824
-788
-735
-668
-603
-558
-471
-416
-341
-264
-178
-116
-88
-25
21
52
80
89
62
43
-1
-23
-23
-35
-73
-121
-166
-234
-294
-337
-366
-428
-468
-490
-518
-544
-576
-586
-606
-630
-674
-676
-681
-678
-642
-635
-590
-558
-509
-467
-451
-379
-335
-263
-227
-149
-83
-11
38
83
128
125
158
139
177
162
132
107
104
64
40
39
47
47
12
51
96
111
58
63
50
55
63
73
86
105
127
168
238
271
321
396
469
564
637
740
828
934
1037
1113
1210
1260
1305
1333
1334
1353
1353
1369
1372
1318
1303
1284
1264
1220
1182
1146
1074
1022
977
891
810
717
590
487
386
309
197
86
-5
-92
-183
-277
-337
-431
-495
-591
-637
-712
-789
-792
-822
-819
-835
-833
-804
-785
-755
-755
-727
-715
-676
-631
-575
-535
-511
-475
-439
-369
-324
-232
-200
-169
-137
-121
-100
-94
-77
-121
-117
-121
-139
-184
-230
-216
-255
-265
-304
-310
-311
-318
-328
-343
-387
-399
-408
-450
-446
-446
-482
-499
-522
-546
-527
-498
-471
-496
-456
-437
-413
-384
-329
-289
-246
-186
-145
-80
-19
17
42
33
66
75
69
76
53
36
11
-13
20
27
29
57
87
89
85
86
52
57
16
49
35
30
29
27
89
92
124
190
247
286
346
414
505
558
619
677
757
834
891
958
960
1028
1069
1099
1122
1155
1179
1196
1195
1171
1177
1178
1155
1104
1083
1056
1031
981
940
851
771
698
600
495
415
350
208
99
11
-80
-160
-240
-275
-357
-431
-450
-501
-563
-615
-644
-688
-704
-747
-739
-765
-796
-808
-819
-798
-768
-676
-653
-648
-577
-562
-515
-460
-416
-378
-322
-261
-216
-208
-184
-185
-162
-141
-149
-147
-180
-203
-213
-219
-229
-253
-292
-304
-296
-271
-291
-368
-412
-414
-447
-490
-513
-511
-553
-570
-548
-581
-550
-537
-560
-540
-523
-520
-490
-450
-433
-363
-324
-264
-241
-211
-194
-160
-121
-106
-69
-55
-71
-41
-27
16
-14
-17
0
-22
0
-12
3
9
26
14
-5
-27
-37
-67
-76
-55
-26
-48
-49
-27
-29
-13
20
41
79
153
239
301
366
409
453
526
544
613
655
664
693
707
731
741
756
758
743
743
725
731
726
721
727
696
691
667
661
623
585
547
484
463
413
347
279
202
115
52
-28
-55
-99
-148
-176
-191
-212
-237
-257
-266
-290
-330
-376
-405
-413
-428
-442
-474
-448
-440
-422
-474
-454
-453
-465
-453
-435
-394
-356
-332
-295
-302
-282
-243
-256
-258
-278
-279
-287
-282
-316
-339
-348
-371
-360
-354
-367
-357
-326
-319
-350
-366
-403
-425
-432
-452
-452
-491
-502
-514
-529
-563
-544
-540
-519
-467
-449
-416
-391
-347
-323
-312
-295
-258
-221
-199
-160
-144
-152
-132
-118
-122
-98
-133
-88
-88
-75
-56
-82
-97
-131
-94
-80
-81
-63
-21
-12
-4
-8
-8
-24
-34
-59
-70
-116
-134
-149
-114
-65
-32
20
29
39
57
126
171
206
238
294
295
292
272
244
275
300
317
335
354
378
393
393
397
402
407
426
436
429
447
452
438
418
406
349
304
266
212
210
177
167
139
140
116
106
109
89
87
93
69
75
105
64
61
63
46
38
-6
-7
-4
-23
-35
-17
-42
-55
-49
-68
-103
-102
-123
-120
-172
-194
-203
-216
-222
-250
-294
-323
-340
-382
-396
-428
-441
-457
-463
-480
-485
-511
-514
-501
-480
-474
-485
-502
-510
-483
-481
-467
-463
-469
-495
-490
-509
-473
-457
-450
-419
-394
-368
-343
-313
-289
-293
-281
-281
-311
-306
-271
-230
-189
-202
-156
-121
-136
-119
-155
-182
-168
-142
-139
-147
-131
-127
-90
-80
-75
-87
-89
-53
-79
-76
-86
-88
-67
-33
-14
12
21
30
49
26
7
-30
4
34
64
53
24
2
-7
-9
13
0
-7
-7
2
30
57
68
89
100
79
121
122
105
119
125
98
86
46
70
77
68
83
103
93
94
114
130
141
140
175
164
176
183
190
210
176
214
203
188
159
163
137
109
129
114
130
119
138
150
158
180
176
158
138
141
145
89
73
33
18
-12
-35
-70
-81
-95
-97
-101
-76
-62
-53
-32
-75
-58
-86
-91
-87
-82
-108
-125
-123
-130
-127
-171
-151
-149
-130
-126
-146
-183
-194
-193
-217
-199
-196
-220
-159
-163
-180
-137
-138
-138
-140
-117
-136
-126
-111
-99
-86
-109
-89
-111
-107
-114
-115
-81
-58
-56
-42
-15
1
31
52
47
4
-22
-1
31
3
32
53
42
33
45
22
5
-11
-11
-16
-7
5
24
56
86
86
70
88
76
73
95
78
55
53
33
-7
1
-5
-19
36
70
103
143
160
154
151
123
113
112
95
106
88
97
96
111
102
124
139
132
191
200
230
237
202
201
200
151
128
95
93
80
81
82
94
125
114
133
134
142
125
139
128
115
135
150
131
127
106
98
67
59
48
3
30
20
38
22
20
77
99
113
117
141
157
145
111
112
83
30
12
-7
23
-7
22
42
35
51
47
43
59
107
127
107
90
69
39
-9
-49
-51
-63
-58
-47
-51
-51
-30
-20
-5
5
28
52
19
11
26
34
15
78
68
75
54
25
33
12
57
61
69
66
76
63
62
79
66
85
80
77
71
63
76
43
51
31
46
51
87
116
110
131
132
118
94
148
152
151
130
150
137
128
157
124
119
115
138
138
132
107
119
169
169
168
158
197
195
197
198
163
147
130
116
89
76
103
124
126
131
113
126
123
123
148
143
131
127
144
155
138
87
91
102
91
101
55
70
73
69
94
104
102
115
128
178
140
141
168
135
125
117
115
101
104
103
107
122
151
128
133
163
122
125
131
105
73
58
71
67
81
76
54
63
67
61
77
88
114
119
95
109
128
115
93
65
49
26
-9
-20
-4
23
41
36
53
19
8
41
11
21
30
27
22
55
55
23
6
-13
-4
-11
-9
-11
-19
-59
-59
-47
-43
-19
2
2
30
23
8
43
34
18
4
20
21
19
8
-7
12
10
24
7
9
47
94
127
137
148
104
87
76
30
18
-14
-31
-13
-2
25
32
42
55
45
64
35
15
23
-18
-13
-22
-40
-42
-30
3
23
48
46
61
51
43
19
12
1
-12
13
12
7
24
33
27
46
51
35
52
58
40
31
26
21
32
24
-36
-31
-14
-17
-25
-30
-45
-31
-72
-81
-75
-69
-86
-116
-105
-134
-121
-96
-84
-82
-76
-77
-80
-65
-67
-100
-88
-102
-107
-99
-96
-53
-59
-45
-7
-7
-8
1
-3
7
-4
8
-15
-30
-46
-23
1
7
29
16
34
4
-20
-41
-16
15
-1
-17
-16
-38
-54
-56
-50
-74
-50
-48
-44
-12
0
-19
-38
-29
-36
-24
-30
3
-14
-16
-21
-23
-1
10
3
-1
5
-4
-13
-6
-6
-14
-3
-4
30
2
3
-5
-20
-12
-10
-3
6
27
-3
23
25
16
26
52
31
17
7
16
8
-22
-15
-3
13
16
11
30
25
36
53
58
69
62
45
38
20
-21
11
4
-37
-42
-47
-39
-50
-21
-24
-39
-34
-56
-45
-76
-68
-69
-59
-78
-80
-89
-110
-113
-134
-146
-153
-135
-126
-98
-105
-74
-82
-86
-84
-84
-52
-65
-54
-71
-97
-96
-89
-87
-80
-97
-119
-109
-90
-94
-88
-108
-129
-89
-79
-118
-115
-115
-95
-121
-114
-96
-88
-91
-103
-99
-112
-112
-117
-103
-88
-102
-66
-62
-79
-69
-102
-99
-75
-68
-78
-38
-41
-30
-54
-33
-12
-4
-2
-18
-37
-71
-45
-67
-42
-41
-13
-3
-22
-7
-11
-11
-22
-36
-50
-28
-47
-68
-49
-53
-60
-36
-26
-58
-65
-56
-72
-29
6
29
56
55
45
35
43
17
17
27
8
-2
6
31
37
30
29
43
45
30
8
9
16
-15
-6
1
-18
-16
-16
8
22
-20
-13
2
-37
-36
-45
-49
-64
-46
-47
-47
-42
-47
-22
-28
-7
-2
3
-3
-16
-32
-61
-33
-31
-38
-50
-58
-69
-103
-97
-70
-42
-47
-46
-57
-57
-80
-94
-73
-61
-45
-24
-11
-24
-26
-42
-53
-64
-56
-56
-19
-30
-55
-49
-43
-54
-51
-41
-29
-28
-37
16
3
5
0
-7
-8
-5
17
23
35
22
37
53
45
74
68
41
67
39
0
-24
-20
-17
-24
-11
19
52
43
47
78
93
77
79
59
54
71
58
23
2
19
23
35
21
15
43
53
41
41
57
98
114
93
96
47
82
99
79
90
70
64
91
92
99
88
85
88
66
59
73
121
129
125
119
98
70
44
43
38
54
51
34
24
29
24
32
8
-19
-7
21
49
68
28
13
6
12
6
31
44
46
82
83
91
54
68
72
58
36
31
30
49
49
81
58
27
20
-22
-14
-25
11
5
5
6
3
-23
-15
13
-18
-4
4
32
30
34
11
-3
-7
-17
9
-13
-4
24
4
11
4
12
0
-6
-10
-16
0
9
25
53
72
49
51
40
40
60
51
47
29
-10
-6
-5
16
39
37
40
40
54
50
42
18
-19
-22
-38
-30
-12
0
12
0
30
48
30
29
15
2
-5
-2
14
-5
12
26
7
27
-10
-2
7
-2
26
52
41
18
26
40
29
47
38
23
23
11
24
19
22
11
30
23
4
-22
-33
-42
-64
-69
-87
-83
-62
0
-1
5
7
-12
6
18
-13
-39
-59
-72
-88
-96
-66
-62
-27
-43
-45
-47
-57
-66
-89
-53
-49
-71
-64
-91
-79
-67
-90
-74
-79
-91
-98
-76
-82
-81
-83
-115
-96
-93
-100
-111
-120
-80
-76
-80
-73
-67
-61
-92
-105
-114
-115
-104
-85
-102
-115
-106
-107
-100
-112
-103
-82
-64
-55
-38
-52
-82
-98
-103
-79
-97
-94
-80
-84
-91
-131
-127
-147
-156
-142
-168
-133
-108
-97
-86
-82
-101
-123
-122
-115
-106
-103
-110
-109
-107
-65
-59
-26
-22
-17
-11
-57
-74
-76
-61
-55
-43
9
25
28
18
-12
-6
-31
-32
-22
-24
-47
-9
-14
-6
-35
-47
-54
-51
-44
-49
-72
-86
-75
-58
-46
-44
-7
-7
-31
-19
-12
-35
-9
-22
-5
-34
-44
-48
-56
-39
-53
-49
-25
-4
28
11
28
15
-13
9
0
-20
-7
-15
-23
-2
-14
-31
-54
-37
-25
-43
-15
-33
-21
7
-13
1
8
20
-1
-14
2
5
-12
4
4
-5
23
17
24
14
25
52
36
17
25
12
35
19
4
19
18
44
41
61
49
23
39
27
10
25
30
56
65
50
63
40
72
54
31
59
54
51
42
49
49
38
53
39
24
11
21
45
49
81
91
59
67
74
37
16
12
30
37
64
61
85
89
77
75
68
65
34
32
40
25
52
60
55
16
20
24
-14
4
-8
3
-5
16
-19
15
19
15
39
70
91
68
90
82
90
84
86
79
79
97
77
100
110
115
125
138
150
134
140
129
141
120
100
80
70
69
65
85
92
93
84
79
76
117
102
95
89
79
86
75
93
69
38
30
45
69
50
50
57
78
69
93
116
81
72
102
100
102
98
112
116
102
109
107
114
121
101
84
95
91
97
82
82
92
70
79
71
58
98
100
102
129
119
102
95
90
94
71
84
96
101
111
103
113
119
137
107
120
88
64
74
65
62
41
65
49
56
56
57
39
60
70
33
55
53
46
46
74
46
28
15
7
2
-32
7
16
2
-4
3
27
26
32
19
25
24
8
11
21
47
27
13
10
9
-13
32
29
42
46
43
50
46
61
80
88
94
74
64
63
85
84
68
77
56
63
56
49
35
42
67
78
99
96
80
97
86
90
62
82
88
92
86
70
85
103
110
116
114
112
108
114
92
81
81
74
93
103
130
133
141
153
115
109
75
68
65
50
63
42
59
81
66
86
74
57
55
67
59
42
52
46
8
6
12
6
11
17
30
5
31
31
18
36
1
-26
-25
-20
-35
-36
-32
-50
-69
-73
-67
-72
-27
-36
-29
-35
-36
-60
-67
-65
-77
-92
-94
-97
-82
-97
-102
-106
-128
-102
-100
-96
-92
-116
-110
-146
-156
-140
-141
-136
-122
-88
-66
-60
-84
-97
-96
-103
-125
-124
-128
-122
-97
-88
-107
-114
-89
-100
-115
-92
-86
-97
-90
-88
-75
-87
-109
-92
-84
-115
-124
-110
-125
-118
-77
-63
-99
-80
-82
-90
-79
-48
-35
-28
-37
-34
-52
-81
-78
-75
-36
-26
-27
-19
-16
-31
-18
1
3
0
-24
-29
-12
-2
-2
-21
-25
-36
-21
-18
-3
-26
-25
-25
-29
-8
-34
-24
-3
9
-8
11
-3
-2
23
-2
-5
-13
-35
-21
-47
-42
-39
-13
-7
-30
-39
-25
1
3
-18
-19
-20
6
16
-8
-4
-1
-8
-10
-16
-40
-2
6
17
23
22
29
34
5
34
48
37
40
25
45
19
19
41
66
50
21
12
-1
14
13
13
34
43
17
45
32
-2
29
-3
-8
-14
3
9
5
25
0
21
58
61
79
60
52
64
37
50
21
5
10
22
46
46
31
7
29
22
23
37
62
14
34
36
37
75
61
57
54
55
77
118
124
95
83
103
101
69
94
118
102
120
115
132
155
152
169
206
215
208
193
218
161
157
155
121
154
164
161
154
170
178
160
144
161
166
172
171
152
143
129
164
132
126
132
104
122
73
119
91
91
85
64
115
99
93
92
118
118
104
87
81
105
76
92
87
50
45
60
44
13
26
40
38
17
6
3
4
10
-8
-10
0
-31
-41
-31
-47
-43
-22
-14
-1
17
27
23
39
61
68
55
25
17
53
89
92
73
83
77
89
90
112
129
99
112
133
126
147
134
110
111
114
130
124
131
150
149
149
111
119
148
138
144
155
165
146
161
178
165
170
170
188
191
195
227
224
232
245
237
246
258
266
275
241
259
257
263
251
278
305
299
314
303
318
293
247
253
257
240
251
269
264
266
285
314
322
316
317
283
280
260
276
266
257
313
327
319
325
293
292
303
305
306
291
270
285
312
259
275
269
282
279
273
272
272
273
293
296
280
241
225
216
200
206
195
215
190
189
182
158
202
218
226
209
187
204
217
215
178
162
141
142
156
137
121
126
144
160
152
165
169
189
155
132
165
144
107
128
146
140
144
133
124
106
91
95
89
88
109
108
138
147
159
188
157
162
158
143
150
125
114
105
106
115
142
122
156
159
136
171
211
220
205
202
181
196
147
131
170
142
151
161
189
205
215
200
171
184
181
164
192
185
168
161
170
183
189
173
157
149
144
135
106
112
102
122
113
115
103
75
95
113
101
117
153
164
146
135
150
128
120
111
123
113
95
93
95
99
74
103
103
104
106
104
75
7
0
12
10
-17
-24
0
-11
-2
20
19
32
-1
-18
0
-10
-3
-31
-28
-41
-53
-36
-21
0
-12
-12
8
1
-19
0
-15
-10
8
-8
-15
-14
-32
-22
-3
20
21
20
24
20
45
21
37
12
-19
3
25
14
29
59
46
44
17
24
35
24
47
53
53
30
68
55
4
1
-16
0
3
34
49
58
83
83
102
71
70
87
71
63
44
75
89
66
82
57
65
64
77
73
59
87
104
129
85
111
92
95
110
77
79
102
114
107
121
97
93
85
75
105
91
92
105
71
70
83
93
99
116
135
157
147
145
153
140
158
148
173
214
210
185
182
171
119
106
105
96
112
115
99
85
90
97
98
108
132
138
126
149
115
95
87
91
95
80
79
84
78
108
102
107
114
113
107
87
113
110
86
64
111
96
82
115
95
105
123
139
106
70
67
34
37
14
51
72
82
83
73
101
97
88
74
74
70
50
49
21
8
-5
8
3
-19
-20
14
29
14
55
38
11
27
34
45
55
31
28
-1
19
5
39
51
53
75
64
88
78
83
109
82
42
35
49
70
73
73
72
90
105
91
76
89
101
82
71
102
88
79
105
88
60
83
102
104
114
127
115
125
121
132
140
151
144
118
140
155
148
181
170
154
130
139
147
134
134
115
96
76
67
75
72
79
92
97
97
108
134
111
125
147
160
151
117
138
133
111
89
111
95
101
85
72
77
104
117
104
133
102
122
113
122
144
131
134
140
121
158
134
160
155
132
155
144
144
126
123
94
111
103
98
122
133
125
149
178
172
142
147
146
137
123
141
125
84
112
126
170
193
148
153
137
115
153
157
163
181
192
234
202
195
188
173
182
203
202
179
156
178
162
156
179
167
182
176
189
168
156
142
139
153
151
169
145
147
130
159
177
194
205
193
198
203
219
237
223
200
205
204
201
207
210
194
182
206
225
215
209
226
225
209
203
204
204
228
193
166
203
177
159
129
120
109
126
168
187
164
153
142
113
85
96
103
99
112
118
103
126
137
132
118
110
123
126
103
79
74
81
81
101
119
126
128
99
69
61
73
70
18
20
16
21
35
21
64
49
14
1
7
29
56
-1
-18
-27
-49
-52
-35
-19
-11
-20
1
54
21
28
22
-8
-10
-21
0
-8
22
30
15
37
-12
-44
-32
-39
-31
-21
-62
-29
-50
-47
-38
-45
-18
-8
9
8
27
-31
-2
-12
-15
-27
-65
-71
-75
-68
-80
-90
-79
-58
-70
-39
-54
-9
-31
-32
-1
-13
1
-20
-21
-18
-10
-14
-11
-10
-12
-5
7
15
2
-4
-24
-32
-45
-33
-41
-51
-21
-31
3
18
25
49
40
59
25
-12
-17
-13
-55
-48
-40
-50
-40
-60
-49
-22
-5
16
41
21
22
56
21
70
54
47
68
18
23
31
26
46
25
24
32
33
38
21
17
13
15
-4
16
11
-10
-28
-66
-56
-52
-49
-36
-12
-17
22
12
-23
-30
-55
-60
-70
-73
-75
-48
-51
-11
-25
-58
-36
-73
-60
-68
-86
-36
-39
-68
-22
-35
-62
-38
-45
-19
-45
-59
-79
-68
-76
-117
-98
-103
-94
-85
-80
-71
-55
-69
-57
-88
-114
-94
-101
-83
-127
-93
-101
-112
-75
-103
-88
-102
-67
-70
-77
-67
-87
-61
-62
-68
-101
-116
-99
-103
-85
-82
-79
-62
-58
-76
-91
-87
-78
-101
-78
-74
-97
-72
-53
-53
-58
-45
-60
-81
-72
-77
-92
-133
-134
-105
-86
-29
-42
-59
-55
-28
-70
-80
-71
-66
-41
-51
-36
-35
-71
-60
-62
-90
-78
-61
-71
-93
-93
-74
-75
-113
-129
-137
-142
-137
-124
-114
-111
-114
-102
-115
-129
-133
-146
-140
-157
-140
-138
-166
-161
-189
-210
-207
-142
-139
-159
-150
-140
-145
-151
-152
-164
-186
-202
-150
-145
-112
-129
-115
-90
-110
-116
-102
-114
-140
-164
-187
-183
-185
-204
-199
-194
-185
-161
-168
-163
-156
-139
-144
-135
-147
-120
-130
-135
-136
-164
-164
-146
-175
-158
-133
-131
-102
-126
-138
-142
-113
-104
-136
-140
-126
-111
-121
-117
-97
-92
-93
-91
-97
-94
-73
-63
-90
-70
-76
-76
-60
-73
-95
-96
-90
-129
-102
-101
-107
-84
-97
-104
-79
-89
-84
-45
-61
-82
-87
-93
-70
-49
-41
-36
-30
-41
-39
-43
-44
-35
-39
-43
-27
-34
-45
-44
-20
2
-27
-24
-19
-18
-36
-33
-55
-59
-71
-81
-80
-52
-33
-57
-31
-34
-57
-52
-50
-31
-26
-47
-43
-62
-95
-105
-77
-58
-62
-29
5
26
7
8
2
1
-24
-28
-10
0
1
9
18
-2
41
38
21
12
21
-4
-16
-25
-18
-20
-34
-42
-24
-23
-29
-33
-20
-4
-13
-13
3
16
30
10
11
30
-4
-11
-43
-30
-3
-25
-35
-13
2
-18
-3
1
-1
9
-29
-46
-32
-32
12
33
5
-4
17
-10
-13
-9
-16
-12
-3
5
26
0
-2
-3
-7
8
29
36
10
37
17
5
-9
-19
-42
-35
-50
-23
5
-7
-17
-8
23
5
11
4
-6
-7
12
24
-11
-1
-24
1
16
10
22
-18
-8
11
12
24
16
8
16
47
43
53
50
11
-14
-6
-6
-19
-2
-39
-39
-59
-69
-59
-43
-16
-16
20
-9
2
15
10
41
19
5
0
-8
-26
8
17
0
11
-28
-21
-29
-27
-22
-56
-19
-8
0
-18
-39
-37
-45
-27
-17
-18
-14
-16
-13
-43
-17
-23
-22
-33
-21
-2
-46
-43
-12
-48
-52
-61
-45
-69
-50
-28
-37
-16
-54
-22
0
8
-12
30
7
-25
-18
-32
-30
-29
-54
-37
-23
-19
-9
-6
15
13
24
14
12
9
-5
-19
6
-14
-18
0
-12
18
17
6
-61
-42
-31
-15
16
1
3
1
14
16
30
20
14
15
13
22
-11
24
42
63
62
63
72
35
31
37
81
50
48
59
23
12
13
3
-11
-19
-4
12
34
31
14
27
24
3
0
-17
-25
-19
-4
-65
-29
-52
-53
-39
-33
1
-16
17
20
35
38
4
-12
-43
-64
-63
-80
-60
-54
-42
-44
-26
-45
-35
-35
-32
-4
-41
-43
-69
-43
-40
-27
-41
-85
-93
-117
-86
-80
-106
-101
-115
-118
-91
-104
-105
-111
-100
-60
-38
-49
-65
-73
-94
-98
-96
-90
-82
-98
-99
-122
-135
-121
-68
-50
-61
-78
-103
-96
-77
-93
-119
-130
-143
-113
-121
-120
-124
-128
-119
-132
-131
-141
-117
-119
-93
-109
-109
-131
-139
-158
-166
-146
-181
-155
-154
-155
-125
-104
-103
-111
-104
-90
-83
-67
-78
-96
-73
-76
-65
-101
-141
-129
-156
-137
-150
-163
-158
-143
-134
-128
-121
-127
-123
-129
-126
-117
-159
-152
-154
-184
-179
-206
-218
-207
-196
-171
-165
-159
-152
-150
-111
-130
-146
-154
-190
-196
-162
-182
-183
-160
-159
-133
-136
-117
-157
-172
-166
-146
-166
-163
-159
-184
-179
-172
-154
-159
-150
-168
-169
-196
-227
-212
-222
-217
-219
-182
-172
-182
-159
-153
-129
-144
-135
-146
-177
-172
-180
-172
-180
-144
-106
-110
-92
-68
-84
-110
-102
-116
-105
-125
-126
-117
-124
-107
-120
-109
-100
-133
-145
-132
-150
-136
-139
-158
-149
-147
-127
-112
-124
-108
-96
-98
-148
-158
-148
-149
-154
-141
-111
-118
-51
-49
-68
-67
-89
-96
-125
-108
-101
-102
-102
-99
-106
-67
-54
-39
-30
-59
-65
-64
-89
-105
-89
-110
-99
-88
-66
-71
-43
-57
-70
-66
-79
-58
-51
-12
-37
-46
-72
-75
-68
-77
-48
-60
-53
-45
-41
-43
-23
-28
-43
-33
-27
-57
-89
-69
-81
-58
-42
-45
-41
-46
-68
-45
-36
-51
-39
-90
-72
-79
-77
-81
-87
-92
-110
-81
-95
-70
-94
-126
-142
-133
-149
-139
-120
-130
-130
-155
-113
-97
-71
-64
-56
-49
-89
-96
-90
-56
-54
-46
-54
-81
-91
-85
-56
-33
-34
-35
-48
-38
-19
-39
-51
-67
-74
-56
-63
-53
-42
-50
-80
-83
-76
-62
-83
-109
-70
-49
-70
-71
-53
-80
-88
-67
-42
-49
-19
-28
-31
-15
-40
-51
-36
-13
-33
-11
2
-41
-28
-21
-39
-21
-48
-34
-24
-38
-43
-28
-34
-35
-14
-18
-4
-1
4
15
11
-4
12
-5
-18
5
-11
-31
2
-20
-27
-39
-45
-37
-33
-19
6
49
62
70
38
26
46
61
50
20
19
24
0
0
3
9
21
48
29
36
56
41
23
6
4
-7
-11
-14
13
-2
-22
0
-2
24
28
40
26
6
15
-8
-29
-21
8
21
31
26
15
-11
33
27
12
15
9
19
53
49
52
71
65
73
75
68
73
77
36
20
13
-14
-1
0
15
3
-12
20
32
49
51
48
36
33
50
45
61
38
29
30
26
58
42
49
67
50
60
61
45
59
50
75
99
92
102
93
96
109
97
77
67
45
63
63
54
80
67
49
83
60
79
102
108
108
78
92
74
75
75
73
52
48
50
63
51
52
37
65
64
59
80
88
94
111
76
44
58
48
78
61
60
86
87
124
147
116
145
144
116
119
105
93
96
58
71
51
41
51
32
60
9
51
48
24
56
32
56
47
41
45
62
62
51
72
48
-14
-2
16
15
-5
-20
-28
-43
-28
-27
34
43
39
-1
16
5
-1
50
58
69
41
39
16
-11
-1
-15
-6
-26
9
3
16
0
-23
8
-25
-24
-4
-11
-32
-36
-53
-63
-63
-59
-39
-54
-20
18
-20
-11
-10
-22
-17
-4
-22
-16
-33
-33
-33
-23
-11
-28
-38
-37
-14
-35
-55
-34
-33
-30
-31
-34
-19
-50
-33
-11
-21
-28
-31
-27
-87
-99
-97
-84
-64
-57
-61
-50
-71
-62
-39
-17
-28
-30
-14
-7
15
-25
-36
-53
-85
-70
-58
-16
-28
-49
-31
-25
4
21
25
42
17
-17
-3
-19
-51
-47
-47
-65
-48
-34
-36
-31
-9
-39
-29
-47
-14
4
-3
7
-25
-39
-28
-37
-43
5
-11
22
7
-15
-8
-18
-6
-32
-31
-28
-30
-58
-39
-18
-26
-18
-6
-17
-25
-31
-47
-35
-43
-44
-41
-53
-65
-58
-58
-25
-26
-36
-25
-25
-28
-2
-21
-57
-52
-78
-58
-47
-59
-17
-37
-25
13
5
-9
-47
-10
-56
-62
-68
-49
-19
-27
-34
-36
-22
-40
-5
-12
13
-6
-36
-45
-74
-19
-25
-40
-28
-25
-24
-61
-24
-34
-40
-43
-86
-69
-43
-52
-87
-79
-99
-88
-78
-57
-38
-17
23
8
27
8
-8
-10
-21
-37
-41
-56
-58
-46
-46
-65
-67
-28
-44
-10
11
-10
-10
-23
-42
-27
-33
-45
-50
-36
-5
-33
-64
-51
-56
-50
-42
-62
-51
-68
-71
-93
-96
-98
-76
-36
-57
-43
-18
-10
-17
-8
-34
-15
-37
-70
-51
-70
-24
-34
-8
-13
-5
22
4
20
8
10
-17
-4
-3
-25
-32
-26
-13
-25
-43
-39
-17
-33
-3
-31
-33
-42
-39
-17
-18
-11
-38
-31
-11
-19
14
19
31
14
-13
-1
-16
9
-8
3
-12
-9
12
8
17
-5
13
15
29
29
40
36
47
12
-1
1
-13
-13
-16
12
-13
-38
-49
-28
5
25
25
0
33
-5
7
27
2
9
20
40
39
58
73
40
13
0
25
27
57
27
33
36
6
25
65
87
87
119
110
78
56
62
70
54
55
73
48
58
57
57
68
31
57
31
31
42
41
56
27
4
21
35
45
57
48
75
68
57
102
111
87
95
96
121
119
147
128
131
131
134
138
105
141
119
123
129
101
114
88
98
137
144
159
141
132
104
106
97
55
63
41
57
60
67
73
79
74
53
81
80
93
105
124
119
125
133
134
133
102
86
78
80
90
94
95
133
136
145
135
110
108
118
119
99
89
81
90
66
86
76
82
103
103
117
121
88
62
58
30
28
25
35
36
33
54
89
93
80
94
61
64
68
65
62
80
95
106
90
68
122
98
95
105
97
65
56
26
33
44
66
86
79
84
106
102
63
79
81
76
88
82
108
77
85
92
59
70
77
71
60
112
127
132
128
145
152
157
135
146
136
118
128
106
130
129
96
107
120
127
135
180
173
156
150
142
111
119
122
98
91
70
74
82
81
103
146
140
134
114
126
78
58
68
71
78
97
107
109
99
124
121
88
112
114
100
98
93
79
74
79
104
132
135
144
144
99
106
124
104
120
95
98
104
93
62
85
86
112
114
85
113
109
108
95
86
78
69
36
48
53
61
66
92
121
115
124
135
140
130
134
83
95
110
113
98
83
101
105
151
131
113
132
130
130
124
104
78
88
75
74
103
122
144
129
150
138
123
115
102
97
83
111
133
90
85
60
94
96
96
123
138
161
193
215
173
168
161
173
120
103
107
114
141
139
141
139
133
112
150
145
141
138
133
130
113
157
134
127
142
129
120
123
135
139
118
105
68
82
81
87
115
119
131
151
158
157
175
160
149
142
136
147
168
142
136
144
154
158
166
181
149
165
166
173
174
166
146
153
142
105
113
102
96
93
120
100
92
125
120
117
121
105
95
112
109
96
117
126
137
116
91
86
99
126
151
144
139
119
115
125
134
122
106
110
116
115
109
102
110
108
97
94
83
67
70
64
82
122
135
114
123
156
159
128
133
106
99
99
107
64
82
107
94
116
141
146
137
152
146
144
103
104
123
121
90
95
105
129
140
135
138
144
143
107
127
109
115
118
92
117
141
142
120
118
71
105
120
121
126
108
121
101
128
146
118
97
98
90
87
97
109
124
107
107
90
100
111
122
124
125
107
105
141
134
157
152
137
130
114
135
101
100
132
108
93
79
84
93
95
96
111
120
111
94
100
111
96
94
69
58
60
60
87
91
82
82
84
85
102
87
90
89
107
112
104
92
104
103
119
127
148
143
129
159
135
134
90
96
80
83
102
97
110
85
80
90
55
47
54
20
51
16
23
46
61
65
72
76
60
75
80
84
70
54
52
70
66
41
72
62
68
91
77
93
101
84
75
49
70
71
91
82
74
78
52
39
16
-10
-25
-6
-35
-13
-28
-20
-14
3
57
24
32
38
50
50
30
46
52
45
56
27
37
41
34
44
37
49
56
60
58
39
45
70
75
112
90
81
90
81
92
54
46
46
8
20
38
25
45
25
25
21
13
18
34
17
13
9
-17
-24
-27
-4
3
1
-20
-9
-2
10
17
16
38
51
44
27
42
55
46
40
22
33
46
52
75
85
70
25
34
49
32
2
-28
1
-34
-55
-51
-55
-46
-38
-46
-21
4
-2
-11
12
12
-1
-12
-48
-24
-54
-48
-19
-24
-8
-10
-4
-3
8
-21
-32
-41
-16
-35
-42
-1
-41
-19
-26
-2
-2
10
10
-12
-21
-15
-24
-33
-28
-42
-45
-44
-28
-47
-10
-12
18
19
4
-25
-66
-28
-42
-40
-22
26
42
3
7
13
23
-1
-11
-8
-28
-48
-43
-51
-49
-19
-45
-31
-15
10
5
16
13
9
-32
-69
-71
-57
-41
-71
-30
-27
-27
0
-31
-22
-44
-34
-29
-29
-66
-57
-34
-63
-88
-80
-70
-84
-63
-42
-21
-24
-3
-3
-10
0
25
38
49
28
6
10
-12
-26
-15
-42
-14
-18
-3
-23
-1
-1
-10
28
-4
-33
-19
-44
-31
-27
-39
-35
-49
-53
-12
-22
-43
-27
-62
-73
-88
-74
-55
-28
-27
-38
-37
-29
-29
-54
-46
-16
-26
-33
-78
-77
-54
-57
-39
-29
-34
-17
-11
-17
-19
-50
-35
-51
-21
-7
-11
-4
-23
-9
-11
-27
-47
-53
-61
-83
-99
-81
-88
-84
-77
-80
-74
-59
-54
-57
-54
-75
-72
-92
-38
-20
-18
-11
-27
-35
-21
-52
-29
-47
-43
-57
-65
-49
-37
-31
-36
-49
-63
-55
-48
-45
-60
-84
-70
-28
-7
-17
-38
-61
-74
-96
-90
-95
-76
-83
-92
-67
-84
-100
-90
-69
-95
-59
-63
-45
9
0
20
35
22
23
-4
-35
-32
-40
-17
-20
-39
-15
0
-21
-39
-41
-52
-16
-3
-25
-20
-32
-23
-18
-38
-36
-15
-31
-24
-27
-41
-56
-56
-56
-47
-30
-32
-20
-25
-7
-43
-22
-13
6
19
21
27
23
-8
-9
6
-1
20
-2
27
2
4
20
10
18
26
8
22
20
9
-2
-11
29
40
23
28
32
-5
-2
-12
5
-20
-19
-11
-6
7
-32
-15
-18
-15
4
12
7
6
14
21
20
8
-17
-14
-11
-16
6
-11
-22
-15
-14
-26
5
8
18
35
68
54
63
