-131
-130
-138
-123
-129
-116
-118
-113
-123
-131
-113
-128
-125
-153
-161
-145
-135
-134
-133
-127
-146
-139
-147
-128
-133
-128
-112
-127
-114
-114
-148
-160
-146
-142
-129
-146
-121
-148
-146
-145
-120
-134
-153
-148
-160
-130
-149
-136
-154
-145
-126
-125
-105
-98
-94
-98
-141
-131
-155
-142
-124
-143
-132
-129
-133
-126
-129
-116
-123
-123
-115
-139
-125
-134
-115
-145
-152
-125
-144
-149
-134
-131
-133
-125
-129
-129
-129
-120
-137
-128
-114
-143
-136
-142
-142
-135
-123
-112
-141
-127
-129
-153
-145
-144
-130
-139
-128
-133
-139
-131
-136
-142
-142
-149
-142
-102
-121
-131
-131
-112
-107
-123
-125
-117
-108
-125
-134
-140
-127
-119
-138
-129
-127
-118
-122
-152
-136
-125
-123
-149
-144
-130
-131
-142
-134
-162
-143
-118
-148
-130
-127
-133
-127
-132
-134
-132
-155
-149
-148
-153
-142
-137
-119
-171
-144
-136
-149
-159
-165
-146
-163
-165
-184
-163
-164
-149
-152
-135
-161
-128
-142
-119
-131
-154
-134
-136
-130
-127
-128
-125
-122
-122
-134
-123
-103
-129
-125
-128
-123
-137
-102
-138
-128
-117
-126
-93
-103
-90
-93
-116
-113
-103
-120
-124
-121
-134
-132
-137
-131
-113
-120
-133
-136
-130
-104
-122
-112
-114
-121
-137
-103
-115
-120
-116
-120
-120
-118
-95
-111
-100
-102
-68
-117
-94
-95
-134
-84
-91
-91
-97
-128
-118
-106
-109
-103
-92
-95
-100
-102
-109
-109
-124
-100
-98
-102
-115
-98
-109
-123
-104
-98
-98
-91
-110
-113
-107
-123
-108
-104
-124
-127
-121
-118
-120
-115
-122
-118
-88
-142
-128
-151
-116
-121
-134
-116
-114
-120
-116
-141
-144
-144
-157
-150
-144
-119
-127
-132
-126
-123
-152
-146
-128
-129
-122
-139
-126
-131
-131
-142
-156
-124
-148
-151
-169
-169
-157
-165
-164
-170
-170
-182
-158
-154
-153
-176
-135
-123
-138
-147
-159
-129
-142
-146
-146
-152
-123
-130
-142
-149
-139
-152
-140
-116
-136
-158
-148
-146
-139
-127
-107
-144
-143
-134
-138
-149
-130
-140
-139
-115
-115
-114
-146
-124
-144
-153
-132
-145
-142
-138
-136
-138
-138
-142
-157
-128
-128
-97
-108
-104
-117
-124
-108
-132
-109
-128
-92
-108
-127
-112
-118
-127
-136
-135
-110
-127
-119
-137
-156
-121
-129
-129
-148
-139
-105
-114
-138
-121
-121
-125
-134
-136
-112
-109
-119
-124
-127
-123
-115
-101
-109
-93
-110
-102
-118
-135
-93
-104
-117
-129
-117
-143
-123
-125
-134
-117
-129
-109
-102
-102
-133
-104
-113
-125
-120
-137
-93
-96
-103
-107
-104
-84
-104
-115
-116
-129
-122
-112
-112
-100
-105
-95
-79
-66
-95
-112
-108
-118
-127
-151
-112
-101
-139
-133
-108
-115
-124
-116
-96
-96
-94
-89
-88
-102
-99
-119
-97
-112
-113
-103
-108
-79
-79
-103
-109
-121
-117
-124
-121
-119
-113
-91
-111
-105
-110
-103
-101
-109
-90
-113
-135
-118
-100
-89
-92
-126
-101
-106
-108
-111
-104
-94
-103
-101
-97
-74
-84
-81
-86
-102
-107
-92
-98
-110
-114
-108
-79
-106
-96
-90
-59
-63
-98
-79
-86
-77
-97
-92
-87
-78
-62
-75
-67
-67
-99
-99
-62
-82
-81
-62
-72
-59
-93
-75
-86
-58
-57
-62
-43
-55
-55
-40
-36
-39
-54
-52
-31
-40
-53
-69
-56
-60
-56
-49
-49
-68
-30
-28
-25
-3
-18
-33
-48
-32
-26
-20
-10
-22
-48
-21
-24
-32
-41
-50
-24
-37
-27
-12
-28
-29
-26
-15
-23
-11
1
17
11
-5
-6
-25
-30
-34
-10
-18
-20
-14
-25
-29
-39
-21
-34
-28
-13
-20
-13
-11
-24
-9
-21
-13
-23
-12
-11
-40
-31
-12
-35
-37
-15
-22
-6
-18
-37
-36
-40
-18
-21
-31
-19
-23
-30
-22
-11
-25
-37
-18
-35
-24
-29
-35
-14
-17
-30
-13
-24
-42
-18
2
8
-34
-28
-26
26
-9
-7
-4
-7
3
-15
-27
-12
8
-27
-27
-27
-41
-27
-32
-24
-17
-18
5
-33
-11
7
-7
2
30
-5
50
7
-11
12
-4
25
-33
-4
5
-8
6
-16
-19
-11
11
10
0
9
7
-9
22
17
-1
30
27
8
27
19
-2
13
-14
6
11
-12
-8
15
45
44
28
42
57
63
41
47
50
27
52
38
63
43
21
40
22
32
20
39
18
26
38
27
27
32
24
14
26
31
56
34
77
46
37
63
39
37
53
26
21
34
35
68
63
43
34
41
34
30
45
39
42
16
37
33
17
40
34
46
41
39
30
23
24
22
37
34
33
24
36
12
11
33
32
18
35
49
-5
-2
30
11
23
33
26
56
39
21
36
31
34
33
30
45
36
42
65
40
12
42
36
39
66
39
60
52
68
48
50
53
51
62
53
55
47
30
60
50
51
71
38
44
41
47
39
48
30
20
16
24
43
21
46
31
26
19
25
38
48
56
41
28
20
42
9
33
23
27
29
-16
9
25
52
3
14
23
5
26
10
4
15
23
13
26
25
22
15
22
27
14
9
15
16
-18
-14
-7
-17
7
6
-4
-5
-13
1
-3
9
11
54
29
-1
37
31
30
31
32
57
26
27
30
18
18
18
48
41
24
6
59
47
27
29
28
6
23
22
23
57
39
29
36
24
-8
18
29
31
34
34
25
57
41
19
39
11
40
25
23
39
25
50
45
43
38
42
24
25
27
25
31
30
30
20
10
40
32
33
67
46
45
37
49
60
64
68
79
85
62
57
48
54
39
14
23
34
45
64
57
61
41
40
37
44
57
79
76
50
41
23
35
43
50
25
29
28
31
27
22
26
36
21
24
40
26
58
38
26
29
25
5
27
12
32
37
30
62
32
35
14
15
28
30
35
28
53
43
33
61
51
37
39
57
34
60
46
32
54
41
35
15
18
21
22
12
29
33
22
20
20
40
14
17
36
43
19
24
15
21
2
-2
31
11
33
30
34
35
20
38
25
23
13
23
27
29
22
13
26
37
45
40
57
50
63
69
62
61
60
46
52
60
47
59
53
45
77
69
39
40
52
56
71
83
69
57
64
67
59
64
67
75
60
63
67
71
85
88
49
56
72
54
92
69
82
54
57
79
74
70
70
76
56
65
56
81
42
61
70
48
84
47
60
59
69
50
54
69
78
60
39
38
47
47
29
71
69
70
45
33
39
16
33
32
43
45
26
50
60
34
41
50
60
53
50
63
46
54
53
63
46
57
16
33
60
14
66
39
41
38
74
56
39
42
30
71
58
74
72
76
55
70
57
63
72
58
73
61
68
44
51
64
65
75
71
60
65
54
58
82
73
57
80
72
93
79
67
89
59
87
93
63
65
69
81
95
94
88
91
65
84
86
77
70
63
54
64
73
44
51
63
47
48
45
33
16
46
73
65
60
47
54
44
83
68
48
34
49
34
27
48
38
51
35
38
41
52
42
55
68
30
35
47
71
44
27
49
30
38
54
31
28
60
63
74
36
53
39
51
57
53
61
77
66
49
62
52
74
54
35
33
9
35
53
59
48
67
73
44
50
49
53
36
13
23
19
10
31
32
19
20
2
25
24
35
41
37
46
64
38
49
34
33
58
39
47
35
25
11
29
22
18
10
24
41
49
48
43
41
44
26
42
39
24
57
18
25
40
19
19
14
26
36
8
16
25
48
27
23
30
47
32
17
32
10
21
8
22
13
42
25
18
30
22
15
31
37
35
29
9
-10
16
2
2
-7
4
4
-15
-11
-22
-13
-11
-4
0
-7
-3
-13
-16
-7
1
7
-21
-15
-1
-31
-20
8
-9
1
-9
-29
-16
-6
-36
-9
-23
-10
-11
-31
2
-20
-11
-3
-3
-2
-24
-6
-3
5
-10
-13
0
-9
-42
-8
-13
-24
-13
-29
-24
-29
-16
-11
-21
-30
-45
-33
-31
-44
-40
-27
-21
-30
-59
-32
-28
-18
-7
-23
-9
-31
-25
-14
-41
-44
-18
-45
-28
-27
-53
-42
-43
-51
-47
-39
-27
-36
-21
-23
-46
-31
-37
-19
-58
-34
-32
-11
-36
-32
-30
-19
-13
-21
-30
-44
-30
-52
-48
-28
-36
-49
-51
-43
-35
-32
-54
-46
-39
-36
-46
-58
-30
-32
-23
-42
-54
-39
-49
-43
-50
-42
-54
-47
-76
-60
-33
-56
-40
-52
-37
-64
-69
-66
-61
-69
-55
-44
-64
-55
-58
-56
-66
-76
-60
-74
-53
-71
-71
-66
-91
-43
-72
-58
-53
-64
-53
-65
-54
-47
-58
-68
-44
-62
-57
-54
-66
-58
-76
-63
-58
-64
-53
-71
-77
-79
-83
-90
-91
-53
-96
-82
-89
-75
-63
-80
-59
-85
-69
-83
-68
-75
-95
-91
-80
-66
-66
-88
-78
-53
-92
-57
-54
-79
-81
-75
-64
-98
-91
-69
-81
-84
-78
-82
-61
-76
-83
-75
-88
-70
-62
-100
-110
-50
-68
-72
-68
-85
-77
-87
-105
-71
-65
-90
-93
-105
-93
-97
-94
-103
-98
-88
-101
-111
-120
-84
-89
-76
-77
-86
-89
-87
-67
-82
-105
-106
-102
-101
-85
-104
-101
-105
-104
-95
-98
-103
-106
-95
-122
-108
-88
-90
-80
-86
-107
-106
-85
-104
-114
-85
-88
-106
-87
-95
-79
-76
-88
-89
-91
-85
-73
-90
-83
-80
-64
-67
-81
-88
-95
-111
-94
-95
-120
-109
-104
-76
-85
-93
-91
-71
-87
-99
-57
-93
-79
-65
-97
-83
-84
-71
-72
-75
-104
-87
-86
-96
-86
-96
-81
-90
-86
-92
-89
-82
-74
-70
-77
-77
-76
-52
-79
-77
-79
-82
-72
-91
-65
-71
-55
-61
-58
-40
-29
-61
-48
-74
-63
-52
-76
-45
-54
-54
-67
-66
-70
-57
-34
-51
-29
-75
-46
-49
-46
-52
-89
-71
-68
-69
-95
-70
-92
-65
-45
-54
-76
-64
-63
-93
-97
-79
-99
-71
-42
-74
-76
-52
-75
-48
-65
-77
-35
-58
-65
-65
-73
-70
-90
-55
-87
-68
-71
-94
-90
-83
-82
-103
-97
-86
-81
-95
-59
-70
-57
-60
-48
-80
-94
-100
-80
-86
-81
-86
-90
-82
-97
-76
-93
-93
-100
-88
-77
-82
-84
-84
-94
-101
-104
-96
-85
-78
-82
-77
-97
-94
-85
-89
-87
-68
-90
-86
-103
-101
-67
-77
-85
-88
-87
-108
-92
-71
-93
-101
-93
-98
-103
-94
-61
-53
-82
-87
-91
-105
-96
-96
-112
-114
-100
-99
-97
-107
-118
-115
-69
-95
-92
-90
-105
-98
-81
-102
-91
-90
-84
-95
-101
-117
-91
-98
-109
-72
-106
-94
-123
-103
-134
-116
-133
-119
-101
-134
-113
-100
-82
-92
-108
-112
-140
-123
-125
-124
-114
-134
-121
-116
-129
-105
-108
-126
-95
-116
-115
-123
-105
-101
-97
-106
-114
-110
-101
-103
-64
-91
-99
-81
-88
-98
-118
-99
-90
-110
-112
-95
-85
-65
-81
-97
-107
-102
-133
-101
-113
-104
-85
-97
-70
-69
-53
-78
-78
-94
-78
-73
-67
-70
-91
-65
-79
-53
-82
-84
-76
-79
-78
-89
-104
-94
-81
-78
-90
-91
-105
-97
-77
-83
-68
-74
-88
-71
-77
-79
-57
-81
-82
-70
-86
-67
-76
-79
-82
-73
-72
-61
-52
-55
-35
-43
-47
-55
-53
-46
-62
-70
-44
-46
-51
-73
-59
-69
-64
-50
-55
-65
-71
-56
-75
-75
-69
-76
-69
-66
-80
-84
-78
-61
-74
-83
-49
-83
-83
-70
-61
-60
-72
-47
-65
-45
-50
-59
-70
-76
-50
-75
-67
-88
-62
-66
-43
-49
-33
-40
-66
-52
-56
-66
-45
-43
-66
-79
-52
-62
-59
-65
-83
-73
-68
-62
-73
-48
-59
-45
-69
-69
-65
-53
-67
-65
-78
-71
-63
-69
-75
-79
-69
-67
-59
-46
-66
-60
-65
-65
-45
-62
-44
-52
-64
-62
-50
-56
-57
-61
-70
-61
-62
-53
-49
-12
-31
-44
-54
-43
-58
-60
-62
-52
-51
-61
-68
-84
-77
-82
-61
-70
-88
-87
-88
-73
-80
-57
-53
-53
-73
-67
-31
-39
-56
-68
-53
-61
-73
-68
-60
-58
-87
-58
-80
-78
-74
-72
-70
-113
-83
-84
-68
-81
-92
-71
-63
-69
-66
-73
-82
-73
-61
-63
-79
-58
-76
-64
-56
-88
-57
-82
-86
-44
-81
-82
-80
-62
-53
-86
-92
-81
-85
-82
-75
-73
-76
-56
-88
-90
-60
-78
-83
-80
-88
-107
-74
-86
-91
-84
-91
-83
-84
-99
-80
-76
-73
-85
-88
-78
-84
-78
-83
-83
-75
-86
-63
-84
-75
-72
-87
-94
-95
-84
-120
-124
-122
-90
-110
-117
-105
-109
-77
-104
-83
-112
-113
-98
-120
-88
-103
-98
-95
-101
-102
-96
-102
-95
-102
-105
-82
-79
-80
-101
-101
-99
-94
-82
-88
-93
-93
-94
-106
-125
-106
-114
-107
-110
-108
-108
-104
-109
-127
-109
-114
-94
-127
-117
-116
-114
-101
-128
-125
-122
-137
-127
-134
-121
-102
-119
-113
-134
-143
-128
-120
-110
-160
-134
-130
-136
-139
-147
-134
-138
-118
-137
-132
-147
-147
-120
-139
-149
-147
-159
-160
-165
-163
-154
-175
-156
-158
-156
-165
-176
-167
-178
-159
-171
-167
-163
-165
-163
-154
-168
-166
-159
-138
-162
-157
-150
-168
-143
-169
-140
-164
-141
-128
-153
-160
-162
-168
-182
-171
-167
-170
-155
-146
-156
-181
-184
-150
-176
-176
-182
-151
-156
-154
-180
-168
-173
-175
-151
-149
-161
-177
-173
-191
-182
-175
-160
-175
-168
-149
-161
-157
-186
-175
-198
-197
-171
-168
-164
-176
-191
-171
-156
-162
-174
-182
-160
-165
-178
-168
-165
-166
-151
-183
-172
-171
-165
-183
-184
-169
-173
-152
-170
-175
-179
-166
-157
-170
-141
-143
-188
-169
-157
-162
-167
-183
-169
-146
-161
-160
-161
-164
-157
-182
-166
-172
-176
-177
-177
-170
-176
-181
-167
-173
-201
-148
-148
-141
-164
-167
-171
-197
-163
-149
-158
-161
-163
-165
-151
-142
-142
-143
-135
-169
-153
-151
-149
-143
-146
-126
-136
-139
-149
-136
-126
-112
-131
-129
-140
-136
-149
-136
-160
-141
-168
-134
-119
-150
-154
-145
-110
-112
-110
-149
-116
-116
-117
-134
-135
-143
-155
-138
-158
-131
-117
-122
-121
-127
-133
-152
-138
-134
-141
-122
-145
-123
-121
-140
-125
-130
-134
-159
-148
-148
-128
-112
-123
-128
-121
-108
-103
-96
-99
-122
-114
-108
-127
-103
-126
-130
-121
-132
-124
-89
-110
-108
-141
-134
-116
-109
-109
-139
-121
-96
-105
-106
-105
-119
-108
-87
-120
-113
-104
-110
-99
-128
-108
-113
-113
-106
-113
-114
-127
-130
-123
-131
-144
-150
-109
-119
-143
-137
-143
-124
-124
-113
-127
-147
-132
-139
-154
-154
-165
-135
-121
-128
-140
-127
-117
-130
-135
-111
-117
-135
-119
-133
-126
-153
-136
-121
-123
-120
-138
-133
-140
-115
-111
-128
-147
-142
-148
-143
-105
-144
-115
-129
-150
-129
-118
-123
-133
-133
-130
-123
-124
-111
-108
-147
-139
-138
-114
-128
-103
-107
-118
-111
-125
-113
-123
-100
-104
-92
-114
-125
-112
-104
-129
-125
-152
-143
-116
-127
-129
-103
-121
-129
-117
-144
-113
-104
-139
-113
-97
-92
-100
-121
-107
-114
-116
-129
-128
-90
-99
-103
-108
-109
-111
-89
-108
-104
-78
-90
-99
-97
-106
-125
-103
-112
-135
-130
-120
-113
-121
-126
-75
-80
-89
-77
-99
-95
-91
-91
-62
-71
-99
-73
-64
-78
-52
-66
-88
-78
-66
-73
-59
-76
-64
-74
-65
-68
-87
-72
-75
-74
-97
-77
-59
-59
-58
-54
-49
-41
-43
-45
-44
-61
-46
-49
-64
-61
-50
-30
-46
-77
-61
-60
-58
-42
-60
-39
-53
-42
-60
-37
-38
-53
-59
-41
-47
-50
-53
-38
-43
-32
-34
-60
-72
-55
-33
-54
-58
-48
-48
-47
-41
-53
-39
-31
-43
-31
-22
-48
-68
-26
-32
-48
-18
-56
-30
-26
-37
-16
-38
-39
-33
-33
-11
-53
-48
-42
-46
-40
-62
-48
-56
-44
-39
-28
-33
-55
-49
-33
-47
-56
-40
-33
-53
-93
-44
-53
-50
-57
-57
-45
-49
-30
-34
-6
-18
-47
-49
-30
-48
-33
-41
-35
-14
-21
-25
-34
-47
-51
-48
-6
-19
-34
22
-24
-22
6
10
25
46
39
56
37
15
2
-45
-55
-85
-115
-153
-184
-179
-191
-203
-196
-186
-218
-221
-228
-277
-281
-282
-301
-305
-282
-278
-259
-204
-160
-100
-38
-4
62
120
135
185
185
210
190
149
124
95
99
52
22
3
-9
-14
-27
-18
-42
-33
-7
-30
-37
-60
-72
-65
-88
-119
-111
-93
-78
-53
-40
-22
-1
26
35
40
55
61
69
68
24
14
18
-13
-13
-22
-56
-64
-64
-85
-84
-54
-86
-83
-91
-113
-131
-141
-162
-162
-159
-179
-174
-202
-220
-194
-186
-233
-219
-236
-225
-219
-240
-256
-288
-300
-328
-341
-367
-374
-373
-376
-351
-381
-384
-387
-351
-330
-356
-287
-255
-199
-166
-134
-53
10
41
101
146
158
178
206
187
223
216
192
175
152
136
79
59
50
56
38
18
29
41
49
40
6
26
-2
-32
-42
-60
-92
-105
-108
-122
-116
-134
-116
-110
-60
-45
-44
-31
-20
-3
-46
-61
-46
-83
-105
-98
-116
-139
-130
-139
-128
-116
-120
-118
-121
-123
-132
-164
-189
-180
-213
-241
-244
-277
-317
-321
-357
-341
-336
-338
-327
-356
-366
-363
-382
-381
-397
-426
-455
-479
-492
-480
-493
-490
-489
-473
-464
-462
-427
-414
-364
-371
-360
-305
-262
-218
-193
-139
-81
8
60
122
169
198
240
264
287
285
265
229
226
180
146
140
79
66
68
25
15
11
8
12
17
35
55
89
120
165
183
149
140
171
149
95
111
80
38
1
-63
-79
-110
-148
-161
-157
-164
-193
-194
-184
-197
-222
-241
-248
-248
-286
-293
-307
-307
-300
-300
-276
-239
-215
-198
-193
-174
-175
-187
-182
-228
-239
-271
-316
-374
-419
-446
-468
-503
-534
-532
-567
-608
-679
-710
-727
-771
-807
-857
-853
-887
-881
-901
-876
-818
-734
-681
-636
-539
-443
-338
-274
-191
-89
17
87
171
236
293
362
387
414
468
482
488
474
450
437
390
360
325
267
177
98
60
-6
-67
-101
-136
-153
-150
-132
-112
-64
-26
58
113
217
331
436
541
611
676
716
693
677
644
594
486
362
284
190
105
24
-53
-115
-198
-235
-278
-299
-348
-443
-455
-498
-552
-573
-611
-626
-626
-599
-562
-509
-428
-351
-265
-200
-92
-26
6
25
-2
-26
-86
-129
-254
-383
-501
-591
-706
-821
-922
-965
-996
-1082
-1097
-1098
-1104
-1130
-1140
-1120
-1074
-1027
-995
-979
-885
-779
-684
-563
-463
-318
-173
-11
115
237
373
476
544
575
623
628
586
550
539
490
452
406
342
296
253
204
162
122
60
3
-29
-56
-80
-142
-174
-176
-154
-133
-96
-22
68
112
203
319
405
462
561
635
710
785
813
851
883
947
968
948
887
831
718
632
503
359
218
40
-73
-221
-338
-472
-573
-644
-689
-749
-806
-760
-792
-776
-763
-777
-718
-695
-681
-680
-649
-638
-629
-649
-660
-650
-647
-691
-687
-707
-734
-758
-792
-783
-847
-861
-877
-934
-962
-1006
-1034
-1088
-1082
-1094
-1056
-1037
-987
-939
-885
-790
-689
-549
-477
-344
-242
-112
-2
69
167
222
289
301
310
342
346
295
303
310
327
320
325
337
331
326
328
331
316
343
267
248
240
215
212
190
173
164
192
195
192
246
298
327
343
364
418
436
475
462
506
519
501
510
486
528
501
478
418
420
399
336
321
241
194
136
31
-79
-137
-200
-289
-370
-437
-488
-533
-580
-628
-656
-695
-708
-712
-758
-734
-730
-708
-701
-703
-687
-669
-612
-588
-554
-525
-493
-490
-486
-510
-480
-447
-450
-466
-425
-386
-403
-422
-420
-420
-463
-515
-552
-579
-635
-661
-677
-691
-705
-780
-767
-724
-688
-662
-638
-589
-486
-432
-387
-338
-265
-253
-226
-144
-121
-90
-104
-86
-94
-85
-87
-73
-66
-93
-69
-69
-33
-35
-78
-42
-20
-44
-65
-63
-36
-39
-56
-47
37
99
136
195
304
399
444
528
633
707
768
795
858
903
867
862
878
938
937
864
863
850
862
809
755
750
753
742
759
772
832
926
936
967
1046
1189
1284
1378
1507
1715
1875
1884
1833
1738
1636
1431
1182
880
582
286
-35
-255
-423
-574
-716
-798
-820
-809
-769
-737
-709
-696
-745
-754
-743
-732
-727
-716
-657
-522
-411
-284
-100
100
222
239
239
215
122
-65
-320
-564
-804
-1076
-1388
-1633
-1790
-1926
-2044
-2121
-2123
-2104
-2067
-2066
-2069
-2056
-2077
-2059
-2119
-2137
-2119
-2086
-2005
-1954
-1790
-1631
-1410
-1170
-925
-721
-530
-404
-322
-245
-232
-274
-327
-422
-493
-525
-603
-618
-632
-631
-553
-480
-374
-284
-220
-130
-29
74
156
220
242
293
424
511
631
817
980
1190
1466
1693
1933
2219
2458
2633
2776
2933
3049
3123
3151
3127
3125
3123
3110
3109
3073
3095
3113
2989
2767
2460
2120
1746
1279
787
233
-249
-701
-1119
-1436
-1613
-1741
-1851
-1799
-1683
-1511
-1277
-1112
-954
-801
-612
-460
-328
-206
-103
46
238
409
610
814
1011
1193
1320
1403
1402
1374
1252
1026
765
453
156
-179
-514
-841
-1145
-1377
-1534
-1661
-1750
-1807
-1917
-1966
-2120
-2224
-2312
-2367
-2452
-2580
-2587
-2540
-2402
-2292
-2101
-1849
-1538
-1266
-993
-734
-478
-308
-292
-260
-272
-365
-547
-746
-949
-1082
-1207
-1362
-1439
-1487
-1468
-1443
-1420
-1405
-1396
-1389
-1397
-1402
-1406
-1415
-1396
-1354
-1287
-1181
-977
-748
-510
-231
0
270
543
783
929
1016
1093
1183
1235
1300
1335
1407
1492
1590
1675
1763
1897
2064
2189
2279
2394
2540
2613
2655
2666
2748
2896
2966
3048
3162
3325
3481
3610
3636
3571
3301
2940
2517
2042
1511
926
290
-270
-773
-1140
-1427
-1604
-1714
-1758
-1695
-1544
-1362
-1201
-1065
-953
-863
-775
-699
-614
-464
-313
-169
16
270
596
918
1223
1425
1580
1674
1696
1622
1499
1258
901
503
115
-252
-619
-979
-1324
-1550
-1693
-1788
-1857
-1951
-2002
-2077
-2178
-2327
-2507
-2591
-2732
-2897
-3000
-2998
-2887
-2708
-2524
-2247
-1878
-1475
-1152
-849
-526
-298
-255
-245
-260
-364
-523
-771
-984
-1166
-1345
-1477
-1549
-1637
-1640
-1621
-1576
-1518
-1469
-1458
-1467
-1484
-1495
-1555
-1568
-1596
-1560
-1479
-1338
-1135
-897
-642
-390
-98
208
512
714
885
1047
1171
1262
1287
1320
1334
1340
1373
1468
1606
1844
2064
2332
2576
2857
3143
3353
3501
3674
3785
3889
3904
3941
3982
3966
3962
3961
3969
3891
3683
3292
2887
2425
1904
1278
646
-57
-725
-1318
-1742
-2051
-2233
-2409
-2465
-2354
-2137
-1850
-1584
-1284
-1043
-803
-593
-330
-95
115
321
470
645
860
1139
1447
1699
1837
1940
2015
2044
1999
1843
1568
1189
765
340
-115
-566
-990
-1438
-1798
-2022
-2189
-2270
-2315
-2342
-2311
-2322
-2301
-2266
-2312
-2412
-2521
-2586
-2582
-2536
-2487
-2365
-2177
-1842
-1528
-1200
-865
-527
-278
-74
53
98
-5
-210
-467
-750
-1011
-1312
-1609
-1865
-2021
-2160
-2199
-2196
-2163
-2086
-2035
-1953
-1848
-1754
-1724
-1725
-1703
-1653
-1592
-1468
-1343
-1181
-981
-724
-424
-122
177
442
647
883
1058
1226
1304
1340
1392
1466
1508
1534
1613
1796
1967
2191
2479
2804
3071
3301
3545
3810
4027
4153
4221
4295
4371
4363
4391
4359
4317
4227
4117
3978
3629
3163
2596
2074
1502
850
118
-581
-1221
-1764
-2130
-2362
-2546
-2658
-2640
-2460
-2166
-1878
-1591
-1318
-1060
-773
-501
-225
46
243
481
716
942
1193
1521
1774
1928
2054
2168
2182
2166
2040
1794
1464
1048
609
168
-266
-767
-1223
-1623
-1914
-2126
-2333
-2449
-2473
-2478
-2422
-2349
-2258
-2218
-2210
-2275
-2331
-2335
-2327
-2296
-2293
-2189
-1993
-1766
-1458
-1134
-850
-582
-365
-154
4
47
-59
-270
-486
-742
-1033
-1359
-1662
-1918
-2115
-2258
-2306
-2326
-2338
-2270
-2213
-2121
-2019
-1952
-1902
-1833
-1816
-1738
-1644
-1574
-1448
-1336
-1158
-902
-644
-365
-106
164
433
636
816
965
1053
1130
1164
1169
1242
1331
1418
1458
1620
1895
2204
2459
2745
3091
3474
3794
4011
4278
4500
4647
4672
4722
4799
4822
4710
4636
4550
4425
4240
3933
3543
3072
2492
1855
1194
530
-160
-863
-1511
-2060
-2460
-2704
-2812
-2845
-2797
-2623
-2368
-2046
-1645
-1325
-986
-689
-358
-65
199
460
713
954
1148
1392
1661
1899
2083
2211
2256
2271
2162
2027
1788
1456
1031
532
33
-465
-928
-1366
-1818
-2196
-2460
-2603
-2719
-2782
-2773
-2719
-2638
-2592
-2567
-2602
-2623
-2630
-2632
-2628
-2600
-2483
-2290
-2054
-1760
-1451
-1097
-776
-486
-231
-25
129
117
-16
-207
-407
-681
-1030
-1371
-1631
-1867
-2066
-2234
-2287
-2278
-2255
-2190
-2127
-2043
-1963
-1948
-1933
-1888
-1873
-1868
-1847
-1775
-1657
-1525
-1307
-1048
-772
-472
-119
171
424
690
870
1026
1109
1183
1227
1252
1331
1339
1385
1515
1685
1902
2153
2438
2749
3068
3396
3712
3987
4214
4365
4471
4551
4604
4609
4605
4586
4548
4529
4465
4341
4181
3911
3543
3041
2417
1810
1139
430
-251
-987
-1657
-2199
-2542
-2744
-2854
-2830
-2765
-2533
-2212
-1829
-1448
-1149
-860
-561
-313
-37
235
417
589
813
1031
1298
1526
1780
1999
2141
2221
2245
2193
2031
1830
1457
1012
518
29
-472
-958
-1442
-1852
-2172
-2436
-2540
-2624
-2647
-2651
-2674
-2707
-2776
-2817
-2845
-2913
-3056
-3105
-3086
-2968
-2796
-2552
-2252
-1915
-1511
-1118
-693
-289
-71
122
185
174
87
-108
-394
-695
-988
-1284
-1507
-1712
-1881
-1973
-2013
-2006
-1964
-1925
-1888
-1881
-1897
-1915
-1897
-1955
-1989
-2048
-2034
-1900
-1816
-1605
-1369
-1073
-727
-384
3
382
688
910
1140
1302
1405
1518
1552
1570
1605
1712
1817
1929
2073
2275
2512
2817
3154
3503
3779
4057
4350
4582
4706
4779
4792
4791
4746
4672
4570
4428
4263
4098
3868
3613
3244
2759
2187
1602
1044
405
-244
-931
-1498
-2023
-2377
-2629
-2777
-2825
-2783
-2595
-2322
-1977
-1619
-1293
-944
-609
-319
-13
246
498
723
916
1091
1300
1502
1705
1899
1982
2057
2051
2020
1907
1738
1435
1065
646
195
-253
-728
-1168
-1592
-1929
-2200
-2420
-2562
-2634
-2723
-2793
-2879
-2952
-2977
-3013
-3116
-3204
-3190
-3158
-3081
-2902
-2651
-2362
-2049
-1703
-1276
-833
-483
-236
-47
101
132
104
-63
-254
-520
-795
-1070
-1306
-1535
-1720
-1851
-1978
-2000
-2000
-1995
-1985
-1985
-2008
-1973
-1988
-1998
-2068
-2073
-2034
-2004
-1835
-1681
-1443
-1173
-859
-501
-135
240
556
838
1076
1218
1361
1527
1643
1725
1737
1834
1988
2128
2260
2449
2748
3045
3279
3532
3816
4126
4316
4437
4541
4592
4599
4523
4503
4492
4413
4239
4070
3914
3781
3573
3215
2725
2174
1565
989
396
-197
-870
-1519
-2066
-2425
-2605
-2707
-2774
-2754
-2606
-2343
-1994
-1651
-1296
-996
-719
-495
-248
15
283
478
645
799
996
1207
1459
1699
1849
1926
1959
1952
1876
1775
1518
1172
734
277
-180
-601
-1029
-1427
-1807
-2139
-2342
-2434
-2545
-2667
-2760
-2865
-2943
-3047
-3111
-3177
-3298
-3346
-3341
-3222
-3059
-2818
-2525
-2220
-1807
-1364
-929
-549
-264
-49
110
193
208
94
-131
-394
-636
-878
-1092
-1303
-1508
-1709
-1799
-1848
-1835
-1866
-1885
-1909
-1948
-1941
-1971
-1982
-2054
-2085
-2123
-2059
-1881
-1681
-1495
-1271
-958
-614
-235
114
449
728
936
1140
1364
1540
1641
1708
1788
1915
2064
2197
2357
2588
2821
3057
3322
3636
3891
4072
4237
4387
4496
4530
4525
4521
4518
4469
4350
4225
4148
3998
3783
3547
3204
2768
2199
1621
1028
452
-210
-853
-1418
-1916
-2287
-2529
-2643
-2687
-2654
-2527
-2263
-1976
-1694
-1391
-1116
-871
-611
-351
-124
104
300
528
748
967
1226
1450
1678
1858
1966
2034
2046
1984
1826
1612
1277
906
475
29
-381
-794
-1214
-1557
-1847
-2063
-2225
-2387
-2473
-2569
-2693
-2791
-2900
-3006
-3117
-3214
-3253
-3240
-3156
-3031
-2846
-2549
-2213
-1857
-1442
-1040
-695
-355
-130
53
133
142
62
-72
-249
-479
-719
-972
-1189
-1403
-1582
-1704
-1811
-1873
-1907
-1949
-1961
-1954
-1968
-1985
-1983
-2029
-2019
-1993
-1948
-1807
-1659
-1504
-1290
-1027
-752
-477
-164
138
404
688
914
1159
1398
1557
1707
1885
2073
2225
2390
2584
2734
2861
2985
3148
3307
3439
3560
3725
3892
4022
4084
4176
4296
4402
4391
4350
4307
4211
4039
3760
3488
3139
2642
2019
1403
847
294
-320
-865
-1327
-1708
-2001
-2163
-2265
-2261
-2201
-2112
-1977
-1815
-1567
-1343
-1160
-1002
-795
-573
-354
-113
123
382
642
893
1168
1445
1695
1839
1936
1999
1967
1860
1684
1436
1135
766
413
52
-319
-640
-947
-1237
-1428
-1612
-1754
-1838
-1916
-2036
-2197
-2368
-2472
-2613
-2769
-2897
-2991
-3021
-3022
-2955
-2783
-2514
-2250
-1927
-1555
-1133
-778
-506
-323
-121
-1
6
-64
-160
-303
-507
-686
-896
-1055
-1223
-1372
-1473
-1568
-1588
-1617
-1685
-1731
-1748
-1784
-1833
-1860
-1912
-1937
-1955
-1918
-1854
-1713
-1573
-1388
-1169
-929
-613
-353
-47
169
443
686
914
1094
1260
1391
1487
1616
1758
1899
1989
2169
2315
2510
2698
2911
3134
3328
3488
3649
3877
4043
4145
4163
4243
4310
4303
4224
4159
4094
3961
3769
3528
3279
2841
2341
1842
1341
804
230
-335
-822
-1247
-1621
-1899
-2049
-2151
-2197
-2161
-2023
-1849
-1669
-1450
-1252
-1053
-856
-650
-466
-239
-53
155
378
590
834
1054
1245
1462
1637
1717
1769
1737
1691
1538
1324
1091
768
412
102
-204
-547
-817
-1079
-1271
-1452
-1601
-1697
-1772
-1835
-1961
-2060
-2170
-2284
-2439
-2592
-2670
-2732
-2786
-2724
-2630
-2461
-2256
-1998
-1684
-1328
-985
-731
-508
-316
-170
-156
-158
-261
-400
-553
-742
-892
-1063
-1226
-1347
-1440
-1538
-1592
-1621
-1659
-1692
-1724
-1736
-1751
-1817
-1882
-1932
-1941
-1954
-1927
-1842
-1707
-1562
-1395
-1173
-896
-624
-364
-114
148
380
578
763
920
1042
1149
1265
1344
1468
1597
1730
1880
2077
2307
2538
2796
3054
3263
3475
3694
3862
3972
4043
4103
4118
4093
4090
4056
3958
3870
3718
3592
3398
3056
2654
2199
1717
1195
633
63
-429
-934
-1403
-1751
-2007
-2212
-2291
-2328
-2256
-2109
-1924
-1760
-1552
-1313
-1102
-930
-753
-523
-354
-173
30
206
429
668
893
1093
1286
1478
1601
1685
1673
1645
1553
1378
1148
853
540
221
-105
-430
-722
-1006
-1230
-1395
-1543
-1669
-1767
-1840
-1938
-2039
-2150
-2273
-2421
-2541
-2651
-2736
-2773
-2747
-2636
-2498
-2282
-2012
-1726
-1427
-1153
-854
-626
-423
-290
-230
-229
-330
-420
-582
-742
-885
-1066
-1216
-1355
-1477
-1527
-1614
-1640
-1704
-1747
-1784
-1835
-1858
-1901
-1994
-2049
-2064
-2103
-2085
-2047
-1922
-1785
-1594
-1344
-1094
-805
-539
-263
-42
173
399
558
688
788
912
992
1084
1179
1346
1483
1663
1818
2004
2221
2402
2610
2821
3043
3213
3354
3471
3599
3638
3685
3736
3803
3824
3822
3797
3734
3643
3542
3415
3210
2897
2456
1968
1493
989
453
-92
-645
-1074
-1518
-1818
-2001
-2128
-2199
-2228
-2124
-1990
-1846
-1638
-1478
-1337
-1198
-1071
-902
-739
-573
-434
-237
-58
176
410
677
934
1144
1311
1438
1548
1570
1543
1417
1213
1003
715
423
129
-211
-494
-779
-1011
-1220
-1353
-1455
-1565
-1697
-1798
-1922
-2070
-2202
-2391
-2541
-2686
-2808
-2865
-2888
-2842
-2732
-2557
-2351
-2081
-1766
-1416
-1133
-864
-653
-487
-351
-318
-326
-413
-526
-664
-798
-961
-1115
-1258
-1362
-1421
-1486
-1568
-1608
-1640
-1702
-1783
-1844
-1890
-1948
-2047
-2110
-2124
-2114
-2039
-2004
-1886
-1721
-1523
-1284
-1063
-812
-575
-340
-119
59
249
427
568
678
780
909
1049
1158
1299
1483
1663
1827
2028
2255
2471
2680
2842
3015
3169
3325
3476
3528
3532
3631
3673
3716
3732
3706
3710
3623
3536
3407
3291
3094
2699
2286
1863
1391
903
368
-129
-607
-997
-1349
-1644
-1832
-1930
-2005
-1999
-1929
-1814
-1652
-1523
-1371
-1241
-1106
-979
-845
-694
-546
-391
-227
-29
204
440
674
895
1087
1252
1410
1502
1523
1499
1405
1241
1039
784
526
235
-63
-348
-595
-820
-1005
-1161
-1303
-1406
-1535
-1652
-1797
-1932
-2061
-2230
-2411
-2573
-2684
-2764
-2760
-2732
-2633
-2474
-2297
-2075
-1783
-1450
-1195
-940
-727
-557
-474
-387
-374
-441
-579
-678
-830
-958
-1089
-1223
-1295
-1385
-1403
-1440
-1481
-1470
-1483
-1535
-1579
-1618
-1659
-1744
-1802
-1847
-1875
-1877
-1839
-1770
-1637
-1497
-1278
-1055
-810
-599
-376
-126
77
248
400
539
640
749
892
1006
1113
1247
1424
1592
1763
1985
2195
2437
2619
2803
3000
3226
3361
3486
3583
3684
3718
3758
3761
3782
3778
3688
3633
3544
3458
3299
3090
2812
2457
2058
1640
1179
709
233
-237
-659
-1044
-1400
-1639
-1842
-1927
-1997
-1995
-1901
-1787
-1642
-1487
-1329
-1176
-1056
-896
-698
-534
-372
-240
-48
144
354
566
753
959
1124
1266
1388
1491
1546
1473
1389
1261
1072
825
588
310
7
-267
-534
-724
-955
-1109
-1247
-1405
-1493
-1603
-1738
-1859
-1957
-2100
-2252
-2389
-2457
-2546
-2597
-2598
-2514
-2379
-2206
-2010
-1780
-1522
-1260
-1060
-875
-664
-540
-478
-459
-489
-556
-678
-781
-921
-1057
-1144
-1268
-1336
-1404
-1459
-1471
-1495
-1516
-1504
-1528
-1549
-1580
-1619
-1687
-1716
-1773
-1799
-1772
-1721
-1643
-1526
-1354
-1179
-942
-744
-474
-236
-7
228
416
572
721
849
967
1071
1206
1337
1441
1586
1727
1938
2136
2362
2573
2767
3013
3205
3355
3494
3623
3691
3748
3749
3735
3724
3649
3525
3454
3344
3225
3110
2927
2662
2310
1973
1621
1188
745
316
-143
-594
-1019
-1303
-1567
-1780
-1951
-2017
-1989
-1947
-1824
-1706
-1516
-1353
-1202
-1005
-825
-651
-475
-317
-170
-12
176
322
532
723
884
1004
1148
1284
1387
1438
1436
1400
1268
1130
932
692
462
200
-93
-350
-592
-829
-1019
-1182
-1318
-1442
-1584
-1689
-1807
-1906
-2004
-2140
-2261
-2351
-2477
-2514
-2470
-2463
-2380
-2240
-2047
-1851
-1654
-1404
-1177
-961
-768
-624
-513
-478
-462
-487
-525
-622
-770
-888
-1005
-1117
-1190
-1272
-1328
-1357
-1433
-1446
-1439
-1431
-1454
-1515
-1531
-1578
-1606
-1658
-1679
-1661
-1648
-1587
-1515
-1354
-1211
-1053
-842
-638
-395
-168
38
264
445
607
783
914
1062
1217
1367
1517
1666
1844
2003
2194
2355
2556
2742
2908
3081
3206
3339
3443
3521
3580
3634
3649
3626
3616
3571
3475
3372
3254
3111
2915
2653
2343
1975
1606
1202
787
346
-81
-475
-847
-1164
-1419
-1611
-1739
-1842
-1839
-1799
-1715
-1602
-1472
-1315
-1173
-1004
-865
-688
-501
-366
-196
-33
129
318
509
671
839
1013
1151
1251
1361
1415
1391
1349
1248
1123
947
720
488
257
9
-252
-460
-675
-882
-1005
-1170
-1327
-1457
-1579
-1709
-1849
-1987
-2132
-2242
-2343
-2467
-2494
-2521
-2480
-2404
-2304
-2128
-1931
-1724
-1491
-1243
-1034
-858
-681
-585
-532
-493
-533
-569
-646
-758
-857
-937
-1054
-1114
-1216
-1264
-1277
-1308
-1339
-1345
-1364
-1394
-1429
-1495
-1562
-1597
-1627
-1640
-1662
-1681
-1631
-1559
-1416
-1269
-1102
-874
-660
-474
-243
-23
181
377
548
730
875
1018
1148
1291
1419
1546
1692
1855
2040
2215
2395
2581
2766
2959
3115
3245
3387
3481
3545
3595
3608
3601
3526
3480
3406
3326
3182
3039
2859
2606
2350
2007
1671
1302
898
483
69
-348
-706
-1043
-1328
-1534
-1690
-1807
-1838
-1822
-1773
-1668
-1546
-1374
-1218
-1063
-890
-689
-536
-350
-201
-41
138
305
479
634
814
950
1087
1218
1332
1397
1426
1411
1341
1243
1097
906
696
474
225
-50
-274
-508
-704
-868
-1004
-1149
-1281
-1410
-1560
-1695
-1802
-1941
-2070
-2179
-2310
-2344
-2386
-2367
-2336
-2275
-2130
-1979
-1769
-1573
-1338
-1134
-934
-773
-629
-525
-482
-482
-500
-554
-641
-748
-826
-913
-1032
-1107
-1180
-1215
-1234
-1251
-1292
-1293
-1308
-1335
-1367
-1404
-1442
-1477
-1514
-1539
-1527
-1502
-1448
-1376
-1260
-1095
-932
-732
-516
-313
-83
123
306
483
660
809
945
1121
1258
1411
1573
1732
1890
2052
2276
2484
2661
2824
3004
3173
3323
3446
3535
3590
3647
3670
3679
3647
3578
3487
3376
3269
3136
2961
2702
2389
2044
1747
1400
997
578
172
-221
-588
-886
-1167
-1386
-1562
-1655
-1700
-1670
-1626
-1533
-1401
-1257
-1112
-970
-782
-615
-422
-268
-121
47
218
353
526
680
847
1001
1119
1263
1379
1439
1465
1445
1371
1287
1153
977
749
520
283
53
-185
-421
-608
-776
-941
-1048
-1176
-1308
-1397
-1522
-1672
-1764
-1875
-1992
-2104
-2187
-2225
-2248
-2222
-2156
-2041
-1881
-1725
-1512
-1292
-1067
-869
-751
-589
-511
-443
-435
-442
-512
-615
-702
-802
-879
-966
-1022
-1095
-1146
-1202
-1214
-1216
-1236
-1269
-1276
-1283
-1318
-1373
-1453
-1489
-1555
-1562
-1544
-1540
-1443
-1373
-1245
-1057
-874
-658
-438
-234
-16
180
357
555
699
841
979
1127
1260
1431
1549
1680
1854
2031
2217
2404
2650
2830
2984
3120
3276
3413
3478
3538
3574
3574
3553
3552
3484
3409
3314
3205
3095
2914
2707
2434
2130
1813
1434
1061
652
233
-174
-519
-859
-1132
-1354
-1527
-1613
-1654
-1634
-1588
-1466
-1380
-1237
-1067
-922
-769
-605
-463
-309
-167
-28
129
279
441
605
777
905
1043
1167
1264
1324
1385
1361
1303
1237
1101
944
746
517
280
46
-162
-395
-587
-751
-918
-1029
-1189
-1299
-1386
-1553
-1692
-1762
-1867
-1998
-2123
-2218
-2263
-2303
-2289
-2231
-2106
-1945
-1817
-1629
-1415
-1200
-991
-840
-704
-581
-509
-512
-508
-560
-665
-754
-850
-917
-1002
-1080
-1146
-1184
-1216
-1208
-1212
-1201
-1203
-1246
-1264
-1312
-1373
-1426
-1505
-1569
-1594
-1585
-1589
-1535
-1457
-1339
-1181
-992
-783
-583
-350
-146
56
213
393
560
702
803
900
1045
1195
1340
1453
1640
1875
2064
2279
2449
2675
2854
2999
3167
3287
3374
3436
3452
3473
3450
3401
3367
3278
3216
3105
3018
2901
2733
2550
2301
2012
1695
1360
985
580
155
-236
-595
-925
-1169
-1402
-1541
-1655
-1695
-1667
-1615
-1491
-1369
-1214
-1066
-878
-741
-586
-439
-317
-207
-81
52
200
341
500
636
748
904
1035
1148
1222
1273
1281
1279
1167
1030
888
687
473
237
0
-258
-485
-714
-887
-993
-1134
-1251
-1317
-1407
-1524
-1659
-1760
-1830
-1961
-2069
-2136
-2205
-2248
-2247
-2206
-2132
-1992
-1846
-1696
-1476
-1253
-1051
-876
-766
-630
-535
-495
-502
-549
-635
-727
-819
-910
-965
-1062
-1151
-1171
-1201
-1192
-1169
-1186
-1200
-1208
-1223
-1241
-1308
-1345
-1425
-1498
-1582
-1589
-1596
-1551
-1510
-1446
-1290
-1107
-901
-695
-442
-233
-33
145
324
493
640
732
810
914
1039
1152
1269
1427
1588
1741
1963
2175
2410
2617
2825
2999
3124
3263
3365
3393
3396
3384
3376
3342
3261
3174
3094
2999
2902
2801
2670
2487
2270
2013
1689
1417
1040
675
314
-81
-469
-799
-1049
-1289
-1455
-1598
-1669
-1670
-1623
-1524
-1387
-1237
-1097
-918
-756
-571
-424
-321
-188
-71
32
141
270
411
520
658
757
878
984
1086
1160
1162
1155
1109
1018
883
720
518
284
36
-196
-423
-648
-848
-1013
-1144
-1272
-1399
-1486
-1619
-1735
-1819
-1875
-1969
-2105
-2121
-2169
-2204
-2169
-2139
-2060
-1977
-1831
-1702
-1510
-1299
-1139
-983
-847
-725
-658
-594
-577
-584
-623
-682
-765
-814
-883
-951
-982
-1029
-1052
-1060
-1104
-1137
-1141
-1167
-1190
-1241
-1299
-1329
-1393
-1437
-1490
-1503
-1526
-1494
-1423
-1326
-1211
-1044
-876
-663
-469
-282
-73
84
254
426
541
644
755
867
1006
1089
1208
1339
1507
1691
1877
2052
2256
2447
2620
2773
2931
3069
3151
3198
3236
3250
3238
3252
3225
3185
3096
3035
2989
2910
2859
2712
2494
2309
2047
1738
1462
1103
711
343
-40
-381
-692
-936
-1161
-1342
-1452
-1505
-1476
-1422
-1348
-1248
-1127
-967
-821
-705
-575
-456
-372
-289
-180
-55
39
147
292
415
565
708
831
979
1055
1149
1190
1158
1113
1010
890
713
496
292
62
-167
-359
-562
-755
-888
-999
-1107
-1219
-1317
-1443
-1548
-1635
-1758
-1851
-1968
-2048
-2093
-2120
-2116
-2089
-2015
-1920
-1791
-1632
-1444
-1246
-1101
-953
-824
-693
-581
-546
-547
-528
-586
-626
-675
-699
-779
-821
-846
-876
-885
-915
-933
-915
-929
-957
-991
-1021
-1084
-1155
-1215
-1282
-1325
-1391
-1360
-1369
-1324
-1242
-1126
-987
-865
-641
-435
-239
-53
119
277
433
591
710
809
935
1058
1164
1288
1436
1619
1784
1976
2153
2375
2574
2742
2881
2997
3113
3196
3276
3306
3331
3326
3313
3264
3233
3192
3125
3062
2961
2905
2803
2654
2437
2202
1933
1612
1285
906
573
202
-162
-486
-747
-971
-1168
-1293
-1338
-1384
-1362
-1268
-1195
-1065
-970
-828
-727
-627
-514
-404
-292
-199
-107
-32
96
207
329
470
619
755
872
978
1059
1121
1115
1105
1029
928
778
608
411
192
-30
-229
-445
-618
-799
-922
-1037
-1190
-1310
-1440
-1532
-1665
-1751
-1844
-1961
-2046
-2076
-2105
-2126
-2089
-2029
-1959
-1813
-1632
-1470
-1344
-1184
-1007
-875
-737
-632
-542
-522
-505
-516
-515
-535
-561
-603
-650
-695
-719
-723
-743
-775
-805
-810
-840
-893
-962
-1040
-1099
-1175
-1215
-1260
-1294
-1312
-1302
-1241
-1155
-1032
-912
-749
-576
-394
-195
-24
153
304
456
565
688
830
937
1025
1138
1275
1405
1577
1779
1968
2147
2332
2516
2703
2867
3005
3129
3194
3266
3298
3278
3262
3214
3189
3158
3095
3047
3007
2954
2867
2802
2709
2557
2337
2090
1827
1505
1135
780
403
18
-315
-628
-881
-1109
-1254
-1347
-1382
-1346
-1306
-1265
-1150
-1010
-900
-791
-688
-564
-485
-387
-302
-221
-138
-44
76
183
326
426
580
716
843
960
1047
1084
1065
1042
957
825
670
493
291
63
-164
-372
-569
-707
-858
-1037
-1169
-1307
-1407
-1498
-1611
-1718
-1793
-1895
-1956
-2005
-2039
-2064
-2083
-2024
-1963
-1864
-1745
-1606
-1470
-1337
-1169
-1014
-870
-737
-679
-609
-563
-532
-510
-498
-555
-583
-621
-649
-659
-715
-760
-813
-868
-866
-898
-934
-985
-1069
-1099
-1167
-1206
-1234
-1234
-1267
-1287
-1236
-1174
-1063
-956
-809
-658
-504
-322
-147
33
187
339
467
612
762
892
1017
1127
1298
1422
1563
1727
1891
2048
2225
2392
2554
2716
2825
2945
3039
3105
3184
3214
3211
3216
3208
3161
3109
3044
2966
2885
2790
2711
2605
2423
2193
1958
1703
1417
1073
730
379
47
-239
-506
-773
-977
-1141
-1245
-1316
-1327
-1304
-1275
-1192
-1102
-988
-892
-759
-645
-527
-434
-341
-256
-186
-64
52
161
286
443
567
654
784
890
945
996
994
964
872
774
638
520
332
166
-52
-259
-456
-648
-813
-1001
-1158
-1332
-1464
-1592
-1725
-1826
-1883
-1992
-2066
-2078
-2092
-2080
-2075
-2020
-1930
-1848
-1759
-1637
-1485
-1346
-1200
-1073
-978
-854
-749
-656
-577
-521
-478
-468
-496
-471
-505
-565
-577
-633
-656
-729
-793
-839
-902
-981
-1021
-1098
-1152
-1161
-1196
-1224
-1237
-1232
-1220
-1138
-1059
-949
-852
-725
-575
-415
-279
-146
21
164
333
457
608
762
912
1074
1239
1392
1543
1697
1853
2037
2211
2373
2515
2605
2753
2881
2924
3004
3095
3147
3145
3169
3183
3184
3141
3097
3068
3013
2946
2845
2735
2547
2328
2066
1786
1502
1176
802
461
110
-227
-527
-790
-1006
-1174
-1302
-1396
-1433
-1399
-1338
-1303
-1198
-1125
-1036
-954
-865
-757
-643
-573
-491
-375
-228
-120
15
156
303
448
601
714
820
940
965
986
982
916
834
700
546
383
193
-9
-216
-407
-596
-773
-974
-1111
-1300
-1447
-1550
-1693
-1849
-1926
-1985
-2066
-2122
-2144
-2142
-2127
-2072
-2003
-1931
-1816
-1714
-1595
-1440
-1281
-1166
-1031
-898
-789
-701
-630
-560
-501
-486
-492
-493
-523
-546
-565
-597
-650
-693
-760
-842
-910
-955
-1002
-1096
-1164
-1195
-1201
-1233
-1271
-1236
-1218
-1161
-1082
-1001
-871
-780
-664
-509
-378
-234
-82
50
209
372
513
668
836
1005
1136
1277
1452
1618
1784
1972
2106
2212
2392
2513
2629
2750
2821
2932
2964
3001
3032
3039
3073
3083
3094
3051
3036
2979
2916
2848
2727
2629
2457
2234
1989
1684
1380
1041
695
341
-6
-319
-633
-879
-1058
-1217
-1352
-1403
-1423
-1408
-1360
-1326
-1250
-1138
-1047
-955
-866
-771
-667
-600
-513
-394
-275
-151
-4
138
273
424
574
707
840
932
952
969
953
894
831
662
520
343
172
-34
-208
-417
-595
-750
-959
-1114
-1272
-1406
-1535
-1679
-1763
-1882
-1968
-2014
-2076
-2091
-2097
-2071
-2041
-1966
-1871
-1748
-1650
-1529
-1398
-1238
-1106
-1007
-858
-764
-662
-591
-532
-474
-439
-426
-447
-458
-481
-535
-569
-631
-693
-756
-825
-887
-935
-1033
-1070
-1112
-1192
-1193
-1247
-1279
-1241
-1210
-1158
-1115
-1012
-908
-785
-641
-512
-347
-191
-48
75
203
367
504
633
769
900
1084
1222
1383
1567
1745
1924
2081
2252
2423
2534
2666
2755
2846
2912
2964
2992
2970
2980
2995
3021
3011
3023
2987
2976
2966
2916
2857
2753
2588
2382
2147
1849
1526
1149
777
402
50
-290
-604
-878
-1113
-1268
-1376
-1428
-1443
-1407
-1371
-1282
-1194
-1115
-1012
-964
-874
-789
-711
-634
-545
-457
-351
-207
-81
63
211
392
593
756
911
976
1036
1069
1060
988
872
747
601
418
195
-1
-228
-393
-596
-787
-969
-1145
-1258
-1400
-1536
-1599
-1722
-1838
-1931
-1960
-1991
-2033
-2052
-2073
-2046
-1974
-1924
-1835
-1707
-1586
-1459
-1318
-1153
-999
-844
-724
-594
-500
-406
-384
-352
-349
-390
-420
-472
-519
-588
-646
-708
-779
-818
-899
-936
-982
-1033
-1058
-1109
-1104
-1145
-1165
-1142
-1151
-1089
-1031
-971
-888
-775
-647
-528
-394
-230
-53
91
261
428
610
749
894
1071
1217
1355
1503
1687
1792
1947
2086
2229
2391
2492
2616
2760
2879
2970
3032
3097
3173
3191
3232
3220
3206
3153
3104
3069
3011
2916
2804
2692
2493
2260
2019
1761
1425
1090
692
366
18
-316
-634
-887
-1065
-1242
-1376
-1443
-1483
-1463
-1444
-1382
-1289
-1209
-1130
-1042
-891
-805
-669
-594
-486
-358
-226
-84
51
193
346
519
653
792
880
987
1044
1032
1045
968
889
783
646
439
228
34
-146
-341
-544
-767
-966
-1143
-1312
-1476
-1601
-1718
-1829
-1929
-2012
-2017
-2072
-2077
-2058
-2055
-2012
-1948
-1876
-1784
-1679
-1556
-1442
-1264
-1133
-991
-856
-734
-642
-520
-467
-410
-389
-390
-380
-407
-424
-489
-552
-621
-705
-802
-870
-932
-996
-1072
-1122
-1181
-1203
-1213
-1249
-1266
-1237
-1210
-1161
-1082
-1005
-902
-809
-687
-544
-412
-274
-110
36
188
349
481
657
804
950
1098
1286
1416
1563
1723
1852
2009
2122
2260
2391
2472
2547
2683
2758
2807
2877
2925
2957
2947
2941
2950
2949
2939
2899
2874
2812
2732
2651
2540
2361
2143
1899
1612
1309
978
630
317
-16
-341
-608
-837
-1030
-1173
-1290
-1344
-1367
-1376
-1309
-1239
-1161
-1119
-1060
-973
-898
-810
-716
-643
-557
-429
-352
-213
-65
79
231
396
524
659
787
858
908
951
914
835
772
638
519
357
142
-51
-244
-387
-572
-765
-935
-1085
-1259
-1375
-1509
-1614
-1721
-1815
-1900
-1947
-1990
-2045
-2045
-2048
-2013
-1979
-1870
-1788
-1665
-1533
-1423
-1287
-1127
-991
-846
-747
-654
-548
-473
-442
-435
-412
-441
-428
-471
-536
-576
-648
-704
-777
-811
-877
-928
-984
-1049
-1079
-1117
-1140
-1156
-1174
-1144
-1113
-1064
-1023
-973
-886
-794
-669
-571
-422
-282
-141
16
179
324
489
666
817
965
1107
1247
1382
1570
1694
1834
1978
2123
2254
2375
2491
2605
2739
2806
2889
2963
2987
3034
3070
3081
3102
3109
3076
3018
2965
2914
2803
2710
2565
2332
2101
1810
1540
1211
882
542
212
-129
-428
-715
-904
-1062
-1191
-1296
-1370
-1377
-1353
-1316
-1248
-1166
-1107
-1004
-907
-794
-690
-624
-523
-398
-295
-157
-25
121
288
424
595
731
822
949
1004
1052
1022
1000
949
844
735
550
381
202
15
-165
-349
-520
-715
-869
-1020
-1197
-1334
-1456
-1566
-1687
-1800
-1878
-1946
-1980
-2004
-2044
-2018
-1969
-1875
-1799
-1705
-1600
-1479
-1303
-1177
-1041
-894
-762
-691
-606
-519
-434
-389
-403
-399
-390
-399
-463
-486
-528
-581
-634
-703
-760
-834
-869
-946
-1022
-1044
-1090
-1097
-1133
-1138
-1124
-1074
-1019
-964
-881
-766
-670
-558
-408
-256
-146
-13
106
253
413
543
689
811
995
1149
1315
1480
1639
1815
1952
2134
2277
2393
2530
2619
2694
2754
2798
2887
2954
3007
3049
3076
3078
3120
3164
3157
3131
3083
3034
2948
2819
2663
2420
2154
1874
1565
1239
881
506
158
-161
-452
-697
-896
-1054
-1179
-1250
-1297
-1305
-1297
-1263
-1188
-1135
-1080
-1019
-945
-890
-773
-683
-599
-485
-336
-166
-17
139
287
463
613
776
884
990
1063
1079
1083
1033
961
839
713
550
380
192
5
-154
-333
-479
-657
-810
-977
-1125
-1266
-1387
-1522
-1652
-1755
-1860
-1936
-2014
-2038
-2080
-2097
-2068
-1968
-1885
-1773
-1651
-1503
-1335
-1185
-1032
-907
-757
-674
-588
-531
-458
-416
-414
-427
-453
-463
-501
-530
-583
-604
-649
-690
-742
-796
-839
-869
-925
-985
-1016
-1058
-1111
-1136
-1129
-1131
-1087
-1052
-994
-892
-771
-669
-539
-362
-227
-65
79
228
380
531
677
804
974
1120
1275
1417
1552
1722
1895
2043
2173
2315
2486
2587
2690
2807
2919
2996
3055
3099
3140
3213
3207
3210
3224
3185
3094
3019
2948
2817
2679
2495
2251
1999
1700
1385
1048
707
361
25
-313
-604
-835
-1043
-1223
-1346
-1451
-1457
-1482
-1451
-1386
-1330
-1246
-1191
-1084
-963
-850
-755
-635
-537
-402
-254
-112
47
213
357
500
634
762
866
947
1019
1037
1034
982
909
769
637
509
330
128
-60
-231
-383
-602
-779
-923
-1085
-1231
-1388
-1519
-1671
-1772
-1896
-1985
-2038
-2120
-2128
-2170
-2148
-2101
-2015
-1910
-1834
-1702
-1540
-1378
-1252
-1137
-997
-846
-750
-662
-593
-530
-480
-504
-525
-523
-533
-570
-607
-632
-677
-727
-774
-782
-851
-907
-985
-1032
-1069
-1118
-1143
-1219
-1233
-1230
-1217
-1177
-1110
-1061
-971
-836
-710
-547
-409
-280
-162
-11
142
308
446
590
736
854
1009
1176
1325
1491
1656
1834
1966
2129
2281
2430
2541
2648
2760
2851
2930
2965
3010
3043
3072
3076
3102
3076
3041
2993
2917
2811
2736
2581
2366
2085
1809
1511
1181
828
450
81
-228
-523
-849
-1048
-1213
-1408
-1512
-1575
-1594
-1566
-1534
-1496
-1421
-1330
-1242
-1162
-1058
-937
-860
-742
-643
-501
-350
-206
-11
148
300
479
614
746
883
965
999
1032
999
937
842
719
549
382
203
9
-215
-386
-558
-749
-939
-1109
-1198
-1379
-1537
-1687
-1811
-1895
-2000
-2093
-2193
-2222
-2234
-2275
-2232
-2181
-2112
-1990
-1886
-1743
-1585
-1421
-1281
-1142
-985
-858
-756
-685
-611
-537
-550
-559
-541
-538
-548
-615
-645
-699
-736
-800
-855
-876
-912
-970
-1058
-1078
-1122
-1165
-1230
-1273
-1256
-1275
-1262
-1200
-1161
-1058
-960
-856
-721
-593
-443
-302
-154
20
177
346
512
649
829
963
1126
1303
1436
1646
1810
1948
2105
2235
2364
2511
2631
2712
2817
2870
2951
2995
3043
3094
3087
3067
3036
3010
2932
2868
2774
2650
2480
2276
2030
1741
1451
1112
752
418
52
-304
-598
-866
-1074
-1263
-1447
-1528
-1585
-1613
-1610
-1555
-1477
-1418
-1345
-1257
-1158
-1047
-917
-825
-730
-571
-464
-322
-197
-6
171
307
485
633
764
892
982
1005
1037
1008
950
857
725
573
418
238
53
-154
-365
-520
-717
-881
-1075
-1235
-1375
-1486
-1644
-1768
-1875
-1979
-2056
-2161
-2187
-2217
-2213
-2207
-2153
-2064
-1978
-1869
-1718
-1572
-1423
-1273
-1118
-972
-827
-728
-674
-584
-547
-492
-527
-522
-526
-540
-552
-587
-633
-674
-719
-788
-806
-887
-910
-954
-1030
-1089
-1137
-1163
-1208
-1239
-1261
-1237
-1182
-1140
-1066
-946
-842
-711
-540
-421
-257
-116
43
197
338
518
708
859
992
1180
1335
1497
1652
1817
1963
2121
2277
2416
2565
2681
2785
2866
2973
3025
3093
3124
3142
3176
3183
3145
3086
3017
2940
2857
2700
2573
2368
2093
1829
1500
1188
877
536
190
-159
-456
-751
-992
-1176
-1327
-1447
-1535
-1567
-1559
-1508
-1468
-1370
-1311
-1222
-1124
-1022
-904
-805
-677
-555
-413
-280
-134
32
178
334
484
612
773
887
947
1019
1043
1002
969
893
782
640
464
295
84
-86
-285
-448
-644
-825
-1027
-1199
-1310
-1461
-1603
-1750
-1861
-1987
-2050
-2112
-2169
-2148
-2189
-2153
-2086
-2005
-1904
-1825
-1709
-1570
-1425
-1265
-1143
-1002
-865
-793
-677
-612
-561
-503
-462
-471
-478
-475
-508
-526
-561
-619
-672
-747
-804
-842
-910
-968
-1049
-1089
-1108
-1169
-1201
-1200
-1207
-1195
-1153
-1072
-990
-898
-802
-663
-557
-411
-262
-123
28
175
347
482
644
781
952
1127
1289
1467
1651
1838
1988
2155
2312
2474
2600
2701
2791
2900
2997
3014
3067
3107
3139
3117
3113
3099
3084
3043
2930
2876
2797
2682
2474
2244
1935
1665
1341
1010
636
253
-80
-433
-705
-955
-1161
-1328
-1432
-1510
-1542
-1528
-1509
-1448
-1372
-1281
-1216
-1116
-1009
-916
-812
-731
-600
-479
-340
-199
-17
95
290
473
604
771
906
1025
1079
1112
1115
1066
1021
904
752
588
393
193
-42
-253
-416
-616
-782
-952
-1149
-1249
-1395
-1520
-1649
-1748
-1818
-1917
-2001
-2042
-2075
-2089
-2050
-2024
-1992
-1903
-1788
-1687
-1538
-1393
-1281
-1142
-986
-859
-701
-609
-552
-487
-413
-401
-415
-403
-428
-435
-466
-501
-542
-599
-660
-698
-767
-845
-923
-995
-1059
-1126
-1169
-1208
-1220
-1226
-1230
-1198
-1127
-1049
-986
-871
-728
-608
-432
-305
-145
21
141
283
422
590
717
885
1039
1194
1374
1536
1734
1884
2073
2242
2385
2536
2681
2793
2888
2948
2996
3063
3086
3100
3113
3091
3093
3044
2990
2941
2876
2812
2700
2585
2375
2163
1898
1607
1297
958
631
242
-94
-414
-687
-946
-1169
-1304
-1417
-1500
-1501
-1472
-1418
-1376
-1302
-1219
-1103
-999
-905
-779
-698
-584
-474
-411
-279
-147
-6
132
306
476
629
778
860
998
1079
1084
1098
1062
975
866
730
535
379
171
-45
-235
-413
-608
-816
-1000
-1186
-1299
-1440
-1573
-1667
-1750
-1817
-1903
-1963
-2020
-2019
-2037
-2040
-2002
-1914
-1832
-1759
-1654
-1549
-1406
-1263
-1127
-959
-854
-745
-621
-546
-475
-424
-397
-369
-390
-399
-401
-438
-506
-564
-622
-679
-759
-824
-898
-957
-1020
-1094
-1128
-1151
-1173
-1189
-1189
-1183
-1113
-1067
-981
-897
-786
-633
-508
-413
-238
-58
78
222
385
546
691
881
1024
1191
1389
1537
1713
1904
2050
2236
2384
2524
2657
2754
2871
2951
3041
3060
3101
3126
3123
3151
3151
3109
3060
3038
2946
2860
2751
2569
2340
2090
1848
1538
1175
825
475
112
-267
-582
-839
-1092
-1248
-1409
-1528
-1580
-1570
-1531
-1485
-1402
-1317
-1280
-1177
-1078
-960
-865
-785
-677
-579
-434
-280
-138
2
176
330
497
630
789
918
1025
1055
1063
1076
1011
906
774
618
454
265
73
-141
-331
-538
-694
-861
-1045
-1172
-1344
-1475
-1589
-1698
-1816
-1884
-1993
-2069
-2114
-2148
-2161
-2119
-2098
-2009
-1925
-1811
-1696
-1567
-1414
-1272
-1117
-1010
-885
-778
-683
-635
-563
-529
-506
-512
-529
-554
-546
-578
-610
-626
-704
-742
-763
-840
-893
-971
-1066
-1123
-1189
-1252
-1311
-1339
-1332
-1354
-1308
-1261
-1204
-1094
-971
-828
-698
-560
-403
-248
-113
60
193
325
476
594
714
885
1028
1178
1350
1507
1668
1852
2041
2197
2331
2482
2624
2712
2807
2873
2919
2947
2960
2979
2942
2923
2874
2829
2774
2684
2648
2585
2461
2304
2100
1876
1613
1335
1031
698
327
-27
-334
-642
-896
-1119
-1298
-1447
-1496
-1542
-1529
-1499
-1401
-1311
-1245
-1159
-1083
-975
-863
-775
-720
-605
-516
-417
-314
-195
-34
81
228
381
528
635
732
819
886
904
861
823
757
623
494
340
145
-32
-241
-430
-599
-788
-958
-1101
-1259
-1370
-1460
-1565
-1681
-1745
-1814
-1848
-1905
-1923
-1906
-1912
-1907
-1857
-1789
-1718
-1633
-1534
-1410
-1295
-1161
-1057
-943
-843
-725
-673
-584
-542
-497
-468
-449
-447
-467
-492
-537
-569
-644
-673
-721
-796
-850
-926
-989
-1057
-1111
-1170
-1228
-1222
-1234
-1253
-1225
-1166
-1120
-1031
-935
-813
-702
-585
-444
-310
-179
-47
67
209
314
466
585
708
838
978
1134
1249
1427
1593
1751
1912
2063
2225
2360
2501
2602
2670
2776
2830
2884
2944
2931
2953
2930
2903
2899
2818
2780
2744
2652
2557
2442
2277
2048
1799
1522
1252
920
576
247
-59
-356
-631
-868
-1073
-1239
-1345
-1432
-1467
-1415
-1374
-1325
-1276
-1159
-1085
-1011
-893
-851
-746
-686
-570
-477
-374
-248
-139
3
144
294
440
550
669
794
871
869
876
883
792
696
548
445
286
85
-132
-325
-498
-669
-867
-1047
-1189
-1344
-1441
-1555
-1609
-1692
-1761
-1797
-1859
-1863
-1840
-1864
-1844
-1784
-1710
-1657
-1582
-1487
-1395
-1284
-1191
-1109
-991
-879
-765
-663
-603
-519
-453
-390
-387
-355
-360
-391
-425
-450
-509
-573
-625
-720
-774
-865
-926
-1009
-1093
-1106
-1129
-1165
-1180
-1173
-1132
-1086
-1020
-959
-852
-759
-654
-550
-425
-313
-200
-42
19
157
265
396
531
686
849
993
1160
1308
1508
1666
1804
1963
2132
2239
2368
2463
2527
2595
2644
2679
2721
2764
2773
2792
2785
2791
2794
2798
2781
2739
2701
2631
2563
2414
2185
1931
1667
1410
1072
718
376
69
-250
-530
-755
-947
-1092
-1229
-1320
-1324
-1319
-1249
-1190
-1174
-1128
-1063
-997
-942
-861
-796
-765
-727
-618
-523
-427
-286
-167
-17
163
336
468
600
710
802
844
851
848
765
676
577
408
258
74
-118
-309
-475
-639
-813
-997
-1134
-1242
-1336
-1459
-1542
-1603
-1670
-1758
-1817
-1807
-1856
-1847
-1872
-1843
-1815
-1771
-1704
-1609
-1484
-1392
-1267
-1137
-1002
-872
-786
-668
-579
-521
-468
-450
-409
-404
-423
-438
-459
-522
-549
-617
-693
-733
-794
-868
-919
-960
-1001
-1047
-1071
-1098
-1133
-1120
-1127
-1096
-1060
-1016
-921
-836
-765
-660
-551
-413
-293
-187
-30
66
200
340
442
547
679
854
972
1126
1273
1409
1551
1686
1833
1970
2073
2158
2273
2361
2418
2477
2520
2578
2600
2633
2648
2630
2633
2637
2644
2613
2575
2509
2434
2354
2215
2040
1788
1575
1305
1032
733
392
108
-178
-445
-679
-862
-1050
-1154
-1233
-1300
-1307
-1262
-1207
-1193
-1141
-1083
-1030
-981
-894
-846
-784
-743
-659
-577
-462
-345
-209
-78
11
183
297
428
546
623
674
680
645
632
548
443
323
182
2
-197
-364
-550
-707
-865
-1055
-1195
-1315
-1400
-1493
-1592
-1637
-1689
-1742
-1782
-1798
-1785
-1780
-1807
-1771
-1737
-1703
-1647
-1574
-1504
-1387
-1294
-1200
-1108
-970
-849
-780
-675
-628
-534
-483
-473
-455
-447
-459
-481
-520
-550
-603
-673
-744
-773
-842
-934
-1002
-1037
-1089
-1119
-1142
-1155
-1139
-1137
-1089
-1030
-992
-924
-831
-740
-632
-554
-469
-328
-230
-124
-43
90
202
325
456
597
739
860
1014
1184
1336
1457
1593
1724
1864
1977
2067
2116
2183
2218
2280
2331
2348
2357
2402
2426
2447
2473
2486
2486
2483
2463
2443
2444
2372
2265
2111
1923
1680
1403
1127
860
578
261
-39
-276
-515
-715
-858
-991
-1050
-1121
-1116
-1104
-1069
-1008
-999
-963
-923
-899
-862
-815
-788
-779
-725
-655
-578
-474
-367
-220
-87
24
185
338
433
523
587
641
645
604
531
426
282
163
-2
-179
-348
-501
-648
-830
-961
-1104
-1204
-1296
-1364
-1425
-1496
-1535
-1556
-1588
-1620
-1633
-1636
-1660
-1661
-1614
-1618
-1541
-1508
-1467
-1379
-1303
-1202
-1096
-966
-878
-803
-678
-595
-488
-442
-455
-416
-419
-443
-468
-531
-558
-601
-664
-689
-778
-844
-883
-943
-975
-986
-1003
-1025
-1052
-1040
-1035
-1006
-975
-943
-886
-816
-774
-709
-592
-478
-377
-289
-166
-84
35
127
253
370
479
614
700
826
927
1050
1141
1259
1400
1484
1591
1704
1780
1849
1911
1983
2059
2096
2129
2162
2188
2200
2237
2245
2227
2238
2235
2239
2186
2181
2111
2042
1949
1828
1647
1433
1227
982
769
481
220
-19
-217
-424
-603
-751
-873
-936
-994
-1026
-1035
-990
-975
-952
-932
-888
-840
-825
-755
-738
-707
-635
-590
-492
-402
-321
-221
-125
-22
76
185
287
329
333
358
348
333
261
173
36
-95
-249
-401
-513
-687
-833
-971
-1077
-1160
-1232
-1265
-1302
-1320
-1344
-1331
-1333
-1333
-1321
-1329
-1312
-1333
-1316
-1297
-1293
-1264
-1251
-1205
-1141
-1038
-959
-848
-753
-638
-538
-457
-388
-344
-288
-269
-281
-326
-368
-395
-462
-558
-635
-676
-742
-796
-823
-855
-891
-884
-879
-846
-824
-802
-790
-765
-720
-696
-655
-606
-558
-536
-469
-420
-345
-281
-188
-118
-1
93
218
338
423
550
652
758
827
939
1012
1071
1132
1172
1246
1289
1317
1377
1416
1489
1527
1582
1626
1684
1769
1813
1844
1887
1938
1973
2000
1990
2017
2004
2014
2004
1954
1913
1861
1780
1659
1569
1451
1297
1113
964
786
599
389
211
45
-103
-240
-375
-451
-557
-640
-681
-722
-743
-719
-743
-748
-746
-729
-708
-677
-630
-606
-536
-461
-401
-328
-260
-205
-148
-76
-14
16
68
87
94
96
67
-8
-64
-150
-267
-355
-460
-535
-653
-736
-855
-937
-1016
-1090
-1140
-1197
-1183
-1236
-1261
-1267
-1290
-1299
-1266
-1262
-1239
-1210
-1170
-1116
-1057
-989
-923
-863
-798
-715
-662
-567
-529
-449
-407
-402
-346
-341
-319
-358
-355
-375
-432
-461
-479
-527
-575
-589
-620
-621
-650
-668
-660
-658
-665
-683
-656
-627
-597
-552
-522
-493
-460
-396
-373
-304
-216
-153
-82
-48
59
125
183
277
364
431
496
583
641
699
753
798
860
919
936
980
1016
1031
1082
1131
1146
1174
1228
1256
1337
1377
1409
1439
1516
1543
1564
1621
1638
1643
1666
1708
1715
1757
1768
1765
1753
1773
1736
1698
1641
1555
1459
1384
1253
1102
939
775
625
493
351
181
45
-77
-192
-277
-353
-409
-448
-480
-504
-512
-533
-579
-586
-552
-580
-583
-578
-564
-542
-545
-495
-471
-397
-356
-326
-251
-214
-163
-134
-153
-138
-138
-166
-214
-290
-374
-486
-566
-641
-722
-834
-907
-965
-1022
-1052
-1071
-1093
-1110
-1113
-1114
-1073
-1071
-1053
-1035
-1007
-988
-948
-913
-918
-894
-874
-836
-785
-744
-691
-604
-555
-496
-409
-400
-348
-334
-320
-298
-323
-351
-375
-398
-448
-500
-551
-589
-586
-635
-641
-638
-625
-606
-602
-533
-504
-495
-458
-437
-387
-366
-338
-300
-304
-253
-215
-185
-157
-115
-65
-22
22
72
140
209
267
306
347
363
419
462
503
495
510
542
514
545
583
623
636
676
696
751
793
828
883
934
971
983
991
1034
1052
1082
1104
1103
1117
1118
1150
1141
1175
1188
1219
1252
1262
1296
1304
1320
1348
1336
1315
1253
1237
1160
1056
1009
901
785
673
572
450
345
247
154
69
2
-59
-113
-176
-226
-254
-315
-364
-435
-488
-554
-582
-591
-630
-672
-704
-722
-709
-736
-729
-690
-689
-654
-654
-630
-635
-611
-602
-613
-590
-623
-622
-629
-660
-658
-662
-688
-719
-737
-744
-757
-769
-762
-763
-758
-769
-783
-764
-771
-767
-743
-749
-762
-783
-781
-785
-762
-772
-767
-753
-747
-698
-653
-617
-556
-545
-457
-412
-397
-369
-352
-317
-329
-295
-287
-311
-304
-300
-316
-318
-319
-302
-277
-272
-241
-224
-221
-178
-155
-124
-119
-104
-86
-107
-101
-117
-121
-137
-130
-125
-123
-92
-88
-84
-15
21
38
110
141
165
186
238
272
272
281
287
301
334
334
342
357
390
424
434
472
513
548
591
637
657
690
706
721
714
700
725
706
700
687
647
630
630
603
598
596
581
597
582
619
615
603
621
608
622
613
619
612
590
550
528
508
499
481
460
438
415
385
341
334
288
234
179
126
69
-26
-87
-181
-269
-335
-413
-504
-578
-643
-696
-752
-781
-808
-847
-854
-857
-884
-873
-878
-868
-840
-832
-816
-804
-787
-776
-765
-755
-706
-677
-657
-636
-601
-543
-517
-493
-476
-440
-407
-414
-394
-398
-421
-411
-416
-453
-450
-444
-453
-439
-476
-439
-447
-422
-394
-374
-331
-327
-273
-253
-209
-174
-170
-141
-128
-112
-79
-65
-46
-9
-29
-23
-20
6
19
34
27
37
39
35
25
25
14
-1
-30
-39
-19
-36
-40
-65
-51
-61
-72
-60
-49
-43
-24
-6
0
7
29
35
56
58
94
92
107
149
146
166
181
184
164
179
220
220
212
239
270
264
264
304
307
323
325
342
328
349
352
329
338
366
353
336
321
327
319
312
312
289
284
293
292
299
265
261
264
241
244
249
261
233
258
241
264
237
203
219
207
202
182
177
179
167
153
136
101
86
52
13
9
-13
-13
-44
-54
-59
-89
-105
-114
-140
-165
-169
-164
-198
-211
-195
-203
-216
-222
-216
-232
-241
-215
-208
-214
-219
-201
-182
-169
-170
-150
-145
-122
-116
-128
-112
-107
-93
-100
-111
-98
-96
-99
-70
-55
-36
-28
-33
10
18
38
47
43
55
47
78
91
60
47
65
70
59
52
66
74
73
82
96
81
65
73
54
71
75
86
97
78
91
99
90
61
74
60
73
94
82
103
96
99
118
115
106
125
127
114
123
106
118
116
108
118
114
121
105
110
130
130
128
134
149
154
174
187
189
186
184
208
206
176
190
203
195
181
185
192
180
200
203
212
202
208
229
223
252
287
268
256
278
248
241
239
231
214
225
228
211
227
210
200
197
207
252
220
229
250
230
257
241
240
242
234
222
199
193
169
181
197
182
190
169
184
182
148
152
143
154
136
161
145
128
119
127
121
96
97
104
115
96
99
80
100
116
113
114
89
79
120
140
114
117
103
126
117
128
108
125
133
108
130
132
147
138
147
131
162
159
132
132
112
107
113
104
101
126
143
124
151
146
176
170
171
159
162
181
143
146
130
134
125
100
95
76
95
82
62
52
80
99
58
105
85
77
83
66
62
103
75
58
10
50
51
44
22
22
45
31
43
44
62
80
96
86
90
86
91
65
53
76
53
45
67
39
62
43
58
65
62
73
67
66
66
87
90
106
104
102
77
76
81
50
60
49
59
81
66
58
57
67
68
94
93
85
90
94
66
69
83
66
63
63
51
39
32
19
6
23
10
11
17
25
26
29
29
22
32
37
53
45
36
46
28
33
-1
-9
-2
-11
7
-13
-13
-29
-9
-18
-16
-16
-25
-15
-6
1
6
-6
14
-21
-15
-23
-10
-24
-32
10
-23
-26
-22
3
-9
-24
-15
-1
10
-10
-40
-35
-24
-35
-36
-42
-31
-36
-43
-28
-63
-62
-65
-51
-45
-54
-50
-29
-31
-58
-35
-53
-48
-61
-71
-47
-44
-37
-34
-36
-59
-44
-72
-34
-42
-46
-26
-42
-38
-51
-31
-65
-33
-70
-72
-60
-80
-92
-71
-67
-93
-70
-100
-94
-63
-77
-88
-84
-66
-51
-47
-54
-76
-79
-67
-68
-62
-73
-45
-58
-65
-41
-59
-40
-44
-31
-43
-34
-35
-41
-27
-22
-23
-17
-35
-8
-1
-19
-14
-28
-18
-42
-21
-17
-22
-32
-24
-28
-47
-40
-38
-39
-49
-16
-51
-47
-28
-61
-18
-25
-29
-25
-55
-41
-40
-51
-64
-62
-46
-80
-82
-67
-80
-80
-114
-98
-81
-75
-79
-66
-62
-89
-87
-78
-82
-90
-104
-113
-83
-108
-117
-120
-103
-112
-113
-107
-143
-117
-148
-141
-111
-112
-108
-113
-132
-134
-101
-125
-154
-132
-142
-136
-127
-124
-124
-117
-91
-132
-97
-114
-109
-116
-122
-119
-121
-126
-118
-117
-101
-115
-131
-111
-122
-92
-122
-109
-129
-130
-128
-122
-119
-112
-94
-119
-117
-116
-109
-114
-113
-117
-100
-95
-99
-116
-125
-121
-131
-107
-132
-126
-107
-128
-113
-112
-124
-113
-119
-115
-122
-106
-121
-100
-119
-122
-120
-135
-107
-113
-130
-128
-118
-83
-83
-94
-80
-90
-56
-81
-77
-87
-97
-82
-100
-122
-89
-89
-95
-73
-104
-91
-102
-100
-68
-81
-109
-78
-72
-62
-73
-97
-79
-121
-89
-83
-97
-87
-86
-95
-107
-100
-105
-110
-138
-137
-138
-160
-136
-145
-126
-128
-123
-152
-137
-132
-139
-115
-131
-137
-145
-126
-139
-150
-128
-132
-152
-149
-154
-167
-168
-137
-129
-161
-135
-152
-158
-162
-166
-148
-145
-150
-164
-156
-170
-143
-172
-177
-163
-198
-199
-182
-172
-170
-178
-185
-174
-167
-150
-184
-192
-191
-187
-189
-184
-208
-201
-202
-204
-191
-212
-220
-209
-201
-200
-204
-195
-207
-237
-250
-239
-229
-209
-225
-226
-222
-234
-233
-232
-229
-218
-240
-232
-257
-261
-263
-271
-251
-262
-251
-251
-266
-259
-253
-252
-228
-240
-249
-263
-267
-274
-237
-226
-239
-219
-218
-234
-238
-244
-257
-217
-219
-267
-227
-267
-250
-235
-242
-223
-250
-258
-241
-234
-220
-252
-274
-250
-262
-228
-230
-245
-238
-225
-224
-238
-249
-241
-231
-231
-262
-221
-205
-222
-239
-225
-234
-255
-222
-250
-242
-247
-223
-246
-242
-252
-234
-213
-250
-229
-238
-230
-246
-260
-246
-237
-259
-272
-256
-251
-236
-250
-264
-242
-245
-229
-229
-221
-223
-219
-219
-231
-221
-226
-212
-247
-243
-252
-267
-261
-245
-225
-233
-224
-244
-237
-236
-224
-267
-223
-229
-248
-246
-212
-221
-221
-227
-223
-223
-239
-216
-240
-228
-237
-222
-209
-239
-226
-227
-250
-229
-259
-251
-242
-280
-256
-266
-286
-258
-275
-278
-262
-249
-253
-254
-264
-274
-278
-288
-287
-285
-283
-281
-281
-276
-277
-295
-277
-273
-274
-285
-298
-278
-247
-269
-257
-256
-284
-269
-255
-252
-258
-253
-239
-243
-236
-245
-243
-245
-255
-240
-258
-252
-237
-225
-213
-211
-193
-200
-209
-210
-185
-212
-211
-221
-234
-213
-218
-212
-207
-182
-202
-226
-218
-201
-226
-196
-201
-203
-200
-190
-185
-200
-208
-228
-256
-225
-248
-216
-209
-247
-238
-236
-231
-227
-241
-228
-231
-240
-221
-225
-229
-249
-208
-213
-236
-210
-232
-245
-237
-220
-217
-215
-193
-213
-186
-174
-170
-175
-177
-183
-163
-164
-193
-174
-164
-182
-175
-156
-152
-156
-165
-162
-156
-132
-126
-143
-131
-147
-124
-101
-133
-140
-140
-99
-152
-148
-131
-135
-150
-174
-167
-126
-111
-142
-136
-158
-160
-155
-168
-169
-149
-150
-159
-154
-150
-156
-148
-158
-174
-159
-152
-141
-140
-167
-150
-134
-141
-161
-174
-187
-182
-193
-197
-178
-188
-181
-177
-170
-147
-154
-167
-157
-164
-170
-165
-169
-135
-159
-156
-144
-141
-126
-147
-142
-146
-140
-149
-137
-129
-143
-138
-123
-121
-108
-130
-110
-103
-110
-107
-121
-97
-124
-153
-130
-135
-124
-141
-147
-147
-121
-113
-131
-118
-122
-143
-163
-148
-148
-150
-142
-125
-129
-134
-120
-122
-110
-91
-96
-123
-137
-135
-139
-128
-124
-137
-131
-140
-143
-118
-133
-149
-110
-108
-126
-105
-88
-98
-146
-114
-117
-134
-137
-147
-149
-122
-131
-128
-94
-64
-86
-78
-68
-91
-62
-46
-42
-45
-58
-49
-56
-90
-106
-100
-106
-110
-105
-86
-80
-89
-69
-74
-48
-59
-52
-41
-42
-40
-60
-46
-43
-70
-69
-88
-105
-65
-79
-75
-82
-84
-105
-79
-71
-64
-56
-71
-69
-75
-89
-111
-115
-117
-104
-119
-119
-133
-133
-118
-106
-99
-89
-89
-88
-82
-58
-41
-53
-59
-70
-85
-87
-97
-93
-111
-107
-94
-112
-83
-84
-84
-58
-65
-49
-41
-32
-49
-33
-61
-38
-51
-74
-62
-73
-69
-62
-32
-21
-23
-23
-6
-8
-1
-9
-28
-35
-31
-56
-46
-50
-46
-25
-51
-46
-34
-48
-41
-32
-28
-6
-34
-28
-25
-42
-40
-30
-34
-42
-36
-14
-41
-50
-7
-3
3
19
-3
10
32
16
-12
-22
-32
-36
-43
-30
-23
-45
-35
-49
-33
-17
-10
-1
1
19
42
24
28
24
-2
0
-4
6
1
15
-1
6
12
38
56
43
55
54
62
47
37
21
28
46
18
2
6
2
8
36
46
61
57
31
27
62
60
61
59
30
29
4
-1
-18
-20
-39
-9
5
-19
-2
37
44
42
56
29
24
38
12
21
9
29
27
2
13
31
35
33
61
56
54
79
71
34
42
51
43
44
52
29
36
28
37
25
23
43
77
68
50
77
113
124
111
104
69
88
95
82
60
51
26
44
26
12
34
22
46
36
70
67
69
81
72
64
71
72
44
50
33
30
17
13
18
40
26
43
67
37
62
59
67
68
81
89
77
76
66
44
67
51
52
50
34
39
28
39
30
53
52
54
58
62
50
35
42
70
54
46
54
73
88
67
51
69
88
79
56
71
56
79
91
78
92
91
92
97
79
78
110
131
126
131
108
87
102
91
76
74
77
75
72
85
61
49
71
66
77
86
66
87
96
92
95
76
91
86
104
83
68
85
74
75
60
59
67
86
103
89
109
90
96
118
120
117
96
77
85
79
60
46
52
71
57
71
82
81
87
98
86
89
111
121
110
118
102
97
91
86
83
62
82
84
85
84
77
95
116
138
128
142
148
111
132
96
110
115
83
86
97
93
75
82
78
89
79
111
123
126
148
127
127
136
140
122
113
113
93
136
100
98
85
86
104
90
79
122
95
68
93
82
127
92
89
107
101
96
81
82
99
88
67
67
81
56
69
95
100
95
116
123
111
106
102
97
72
69
70
54
94
79
69
87
80
91
102
102
107
120
129
128
115
107
89
81
77
74
51
69
42
56
44
68
79
85
91
90
130
120
103
107
120
127
117
83
83
82
96
94
94
118
94
102
118
122
134
125
131
140
123
104
116
104
83
86
82
93
87
84
99
103
107
100
116
124
154
164
139
126
127
151
144
125
108
113
116
87
107
86
81
105
114
109
110
140
134
135
136
140
122
88
124
111
107
104
91
92
81
99
85
109
129
136
161
148
117
128
124
125
115
82
109
90
106
99
121
118
111
119
110
122
128
146
149
126
125
127
142
126
124
123
129
141
143
118
102
124
125
123
116
104
121
117
117
129
109
114
132
142
133
129
164
147
123
131
121
137
145
149
120
130
141
147
152
134
136
143
167
147
131
151
149
147
135
151
159
138
170
156
140
147
182
172
165
159
144
113
110
118
113
111
110
156
122
162
145
160
182
175
179
159
152
153
147
128
126
135
143
117
110
140
129
135
160
152
173
166
170
165
143
124
138
124
93
110
110
125
151
157
166
165
164
171
162
157
168
165
140
123
121
108
83
77
102
104
131
166
112
129
148
145
152
156
127
138
130
113
86
75
77
61
71
73
99
98
100
99
104
112
120
106
136
106
119
98
53
68
82
103
86
107
102
142
131
115
112
130
116
97
113
89
95
67
67
84
75
53
77
79
77
79
87
86
80
110
103
142
102
78
75
73
63
59
80
79
95
72
93
92
102
104
77
86
86
77
49
53
73
60
63
64
71
79
83
57
78
80
83
75
53
69
85
65
56
61
22
33
26
31
51
55
54
31
63
75
89
96
89
83
70
49
47
33
40
41
14
39
25
60
59
72
69
63
64
43
24
26
26
10
19
6
4
13
12
12
15
24
34
39
27
52
27
-10
6
12
1
21
-25
-4
11
-9
7
-10
36
43
28
16
25
35
41
18
0
-13
-26
-43
-8
-23
-18
-31
-23
-20
3
-6
21
49
43
34
27
29
21
31
16
11
0
-3
0
10
14
29
33
53
38
51
38
43
65
41
34
21
10
5
-16
-25
-27
-26
-1
14
17
41
57
32
32
48
43
39
26
21
8
18
4
26
20
11
35
31
36
63
72
79
66
54
60
47
23
26
27
-17
12
-3
11
21
-6
26
24
41
31
47
60
60
43
21
10
-21
-6
-24
-22
-4
5
13
21
24
9
23
42
35
28
39
32
2
8
32
7
27
40
22
12
22
29
10
37
37
52
28
30
39
20
13
26
-11
4
26
43
39
3
14
21
48
29
20
33
10
7
0
-6
-9
-23
-5
6
34
30
35
36
57
35
16
10
30
26
-3
21
6
19
35
24
48
53
37
60
60
47
53
77
50
23
54
43
9
4
10
8
19
28
16
10
37
40
50
37
24
37
23
9
29
14
-3
-18
15
4
24
29
13
11
37
23
-7
16
42
26
19
35
8
36
37
22
36
19
20
36
34
32
43
14
26
22
40
20
10
39
13
9
-1
6
23
42
31
30
24
18
19
21
26
44
0
3
2
-13
0
21
30
-5
-10
13
3
-4
-5
6
-3
4
-6
-11
25
41
28
22
50
19
-13
19
10
7
-14
-15
5
-14
5
15
-3
-12
-6
-4
-1
-7
-7
-6
-21
18
8
31
22
28
24
33
32
12
19
6
22
23
14
0
18
22
-4
-25
9
5
-1
-7
-6
-15
-7
5
-36
-2
-3
-8
-21
-7
19
26
16
5
20
10
18
28
7
-8
-2
-11
-11
3
24
20
21
22
20
15
2
31
4
10
12
14
9
17
5
18
15
-14
12
6
11
-9
0
-16
-13
0
-12
-25
-26
6
9
5
-9
-8
-5
-8
-16
-2
4
-18
16
31
30
29
27
37
11
30
44
5
6
30
24
31
35
50
48
23
40
45
31
37
30
54
41
21
47
45
48
39
33
14
18
34
44
44
11
44
64
55
46
70
48
43
33
48
45
38
22
5
30
15
21
20
32
41
21
28
21
2
15
13
-3
21
10
38
18
23
53
26
31
33
23
17
1
7
-4
-9
7
-6
8
-6
39
16
3
33
15
13
-4
14
2
-13
-6
11
19
15
6
3
20
29
36
46
11
24
15
30
17
16
42
66
53
30
33
22
53
31
44
43
30
40
37
46
47
50
40
39
33
23
28
20
19
12
16
18
13
7
9
13
-2
51
41
15
45
18
33
22
48
64
42
59
46
47
68
69
62
52
28
60
74
55
67
58
38
55
57
34
47
55
64
21
32
53
47
56
37
47
29
42
45
48
53
44
40
48
54
36
59
41
44
39
29
53
48
53
49
28
18
26
37
20
13
2
33
31
36
52
35
33
29
15
35
21
30
19
61
46
52
75
42
51
68
46
42
52
31
53
63
53
43
56
22
43
28
36
58
39
34
38
51
46
53
52
54
68
54
39
34
53
69
74
74
76
88
95
102
129
127
109
72
101
77
65
84
50
89
78
74
78
80
100
66
49
86
110
72
83
94
100
85
106
82
83
87
96
91
64
89
86
95
110
89
83
85
85
87
86
88
94
94
91
89
97
80
78
111
84
99
88
110
110
70
94
103
123
105
86
110
90
75
107
119
93
104
86
81
83
84
95
111
115
101
123
111
108
130
140
128
121
132
140
125
103
111
111
121
125
112
139
128
97
128
102
91
88
107
105
92
112
97
103
110
131
116
117
120
131
123
118
131
120
79
104
120
116
122
116
146
127
139
114
129
138
128
117
133
148
116
146
142
134
137
162
167
134
153
155
142
155
152
186
167
150
189
178
152
172
155
177
168
135
181
195
192
169
155
174
152
172
166
171
168
176
191
159
187
197
161
166
169
159
184
167
140
144
139
155
167
160
168
148
165
151
161
168
170
174
142
175
174
165
147
185
178
180
199
184
171
177
187
170
181
168
176
194
176
168
192
184
161
203
182
183
183
193
180
176
212
211
200
188
189
191
199
195
184
200
199
192
216
194
190
209
201
203
200
191
183
178
204
159
185
199
180
195
164
187
197
188
189
181
194
185
180
194
193
190
208
195
217
212
170
199
178
202
187
181
177
165
198
186
195
211
189
181
201
200
190
198
210
201
192
175
182
185
184
201
189
203
215
220
200
189
221
218
186
201
209
215
221
223
218
224
215
191
225
223
239
215
194
204
208
207
200
226
218
209
235
207
220
232
224
235
232
225
222
211
194
236
208
237
236
218
231
209
212
227
207
216
227
221
209
205
225
226
244
195
214
238
229
216
215
221
230
216
215
228
221
215
213
228
224
199
209
215
220
201
214
204
206
205
194
221
197
228
214
203
221
211
214
217
219
217
210
215
228
229
212
211
219
199
196
213
195
217
198
196
216
218
222
234
223
207
207
203
208
211
200
196
204
210
223
219
210
198
226
227
221
246
243
224
218
218
251
233
207
216
223
211
231
233
209
232
201
227
233
209
217
209
240
241
238
249
234
229
223
239
239
240
236
254
242
261
264
226
234
228
238
221
222
212
216
204
221
215
222
235
227
234
220
219
198
226
226
244
225
224
221
216
198
188
226
205
231
249
219
209
199
217
202
205
222
209
196
216
232
219
203
238
244
241
240
230
222
223
244
217
234
225
222
244
215
236
236
247
258
238
225
243
228
236
248
230
276
267
255
224
253
260
242
248
220
219
221
232
218
216
230
203
215
210
232
241
238
232
226
217
244
244
205
231
228
251
249
240
247
245
237
239
233
228
233
235
228
226
216
204
208
178
191
201
207
195
188
195
187
187
183
194
194
213
187
199
189
183
177
165
175
186
185
140
167
147
170
196
179
181
183
170
167
181
157
204
178
166
169
121
131
138
140
142
159
149
166
174
158
170
169
193
179
195
195
169
167
189
162
162
174
163
171
172
191
159
146
183
147
171
161
140
169
174
149
150
144
150
147
134
123
119
127
126
124
137
135
119
120
129
120
126
140
140
129
134
142
131
115
104
119
116
121
121
116
114
113
137
106
116
92
75
132
103
106
117
95
97
97
95
87
87
109
119
115
125
89
105
97
101
88
99
116
79
84
71
81
81
95
55
77
67
79
99
89
104
67
88
87
90
77
74
87
75
90
84
78
81
87
88
70
74
86
75
66
86
61
66
81
78
79
67
56
60
60
57
48
38
36
55
49
71
74
59
67
56
75
76
68
76
89
81
77
47
55
68
52
60
52
48
53
41
41
46
27
42
58
51
27
60
23
33
21
31
32
9
24
-9
34
26
29
24
38
37
-1
16
30
37
15
-7
6
13
20
17
11
-6
-8
-3
-26
-6
-9
-5
-8
-1
-14
-14
-20
-12
-27
4
16
-15
-6
-12
9
-15
4
-6
-21
-8
-25
-16
-22
-22
-1
-18
-8
-31
-17
-25
-33
-32
-35
-34
-45
-21
-31
-52
-44
-52
-28
-41
-23
-37
-38
-29
-26
-6
-33
-15
-18
-24
-35
-28
-3
-23
-16
-17
-31
-26
-50
-38
