25
21
9
-13
-13
-25
-38
-39
-47
-50
-58
-54
-63
-53
-38
-32
-25
-19
-16
-8
5
9
20
16
32
43
49
47
43
47
40
44
40
34
32
29
22
19
20
19
6
-18
-24
-35
-49
-67
-79
-82
-86
-85
-85
-75
-69
-58
-53
-52
-37
-27
-26
-6
-5
-3
14
29
42
39
40
44
51
58
65
70
66
63
59
58
64
50
33
23
-2
-18
-32
-51
-66
-81
-101
-107
-115
-118
-110
-96
-89
-85
-56
-55
-39
-27
-16
4
12
23
29
38
48
60
75
80
87
88
88
95
88
84
91
74
62
63
50
40
16
0
-18
-47
-66
-79
-97
-107
-109
-109
-105
-114
-105
-96
-83
-65
-54
-39
-24
-12
9
22
34
51
54
69
74
81
80
86
96
93
94
86
81
70
66
49
30
18
6
-8
-36
-59
-80
-90
-113
-126
-131
-137
-138
-124
-105
-98
-79
-53
-27
-8
10
31
37
45
53
60
67
77
85
83
89
85
95
98
107
109
88
92
83
76
73
62
45
9
-12
-25
-40
-35
-59
-83
-104
-114
-106
-108
-109
-96
-83
-75
-61
-42
-3
16
26
38
43
52
70
86
98
101
98
94
98
93
82
66
61
67
64
55
43
35
16
9
-14
-25
-24
-41
-40
-45
-61
-59
-59
-70
-76
-82
-90
-83
-79
-61
-30
-25
-10
7
22
29
35
56
74
98
99
94
92
84
93
85
58
37
12
1
3
11
13
10
-15
-20
-21
-25
-31
-43
-35
-33
-23
-25
-24
-16
-10
-29
-33
-48
-47
-34
-33
-22
-17
13
23
35
38
44
40
56
71
58
60
45
44
43
31
12
-12
-29
-36
-19
-19
-20
-19
-31
-32
-35
-29
-18
-7
-15
-19
-26
-31
-10
-6
1
-12
-24
-24
-10
10
20
15
10
13
25
35
36
16
6
2
3
-7
-27
-28
-56
-55
-54
-47
-44
-30
-10
-19
-6
-5
-6
-1
-2
-8
-2
9
11
12
-3
-7
2
0
2
-2
-12
-4
21
42
54
48
32
24
36
35
26
19
5
-10
-23
-26
-30
-45
-66
-76
-75
-76
-57
-31
-22
-2
-2
4
20
25
43
32
23
21
44
53
48
35
24
3
10
22
7
-7
-19
6
13
22
24
16
-10
-17
-10
-22
-23
-34
-56
-70
-60
-63
-59
-49
-54
-58
-41
-25
8
25
26
21
22
25
37
59
34
26
33
39
43
51
52
40
28
29
41
25
9
7
6
-6
-28
-27
-44
-64
-56
-49
-47
-51
-48
-56
-66
-63
-39
-32
-23
-13
-23
-2
40
68
64
47
30
36
59
84
102
95
57
48
66
78
68
61
28
-4
0
14
31
21
6
-23
-47
-66
-39
-44
-83
-94
-96
-90
-60
-20
-31
-44
-60
-53
-43
-16
14
31
30
29
68
64
46
75
87
57
44
48
46
56
80
80
51
37
21
22
-5
-31
-18
-45
-64
-63
-75
-82
-44
-22
-53
-74
-80
-70
-38
-11
-7
-12
-47
-34
8
12
17
27
5
-31
3
36
46
67
51
41
39
50
91
102
65
47
37
-8
22
53
32
6
-20
-22
-26
-19
-30
-44
-74
-73
-31
-37
-22
4
-10
-17
2
19
-2
-9
15
2
-6
10
29
16
-12
-24
-18
-19
-15
6
-6
-20
-16
13
21
22
22
-13
-44
-35
-16
-7
-3
-15
-18
-28
-38
-22
-17
-29
-15
-5
-24
-9
25
27
28
34
6
-13
-16
-18
-12
-24
-34
-19
-16
-35
0
3
-24
5
1
-35
-34
-25
-19
-3
-19
-30
-21
-35
-21
31
5
-21
2
-27
-31
17
39
38
50
53
50
41
28
46
36
1
1
2
-21
-8
22
7
-14
-32
-48
-58
-60
-54
-40
-41
-38
-19
-29
-28
-10
-1
-19
-19
-30
-42
-26
-4
10
4
3
8
12
10
22
21
18
14
27
39
38
48
59
33
-8
-14
-29
-25
-6
9
-18
-22
-24
-31
3
-12
-10
-9
-45
-44
-6
-8
-14
-6
-22
-17
2
-1
9
12
-13
-16
-18
-13
38
53
31
45
34
8
42
43
17
35
33
9
25
2
-22
2
-25
-23
28
-3
-22
15
-25
-34
1
-6
13
44
22
0
18
-10
0
29
3
-3
-5
-16
1
38
18
-7
13
-4
-8
10
3
1
-1
-4
-15
-10
-16
-23
-2
-1
1
3
-9
-28
-16
-3
-13
-6
17
9
7
15
-13
14
50
23
19
16
-24
-6
13
-3
12
11
-3
4
13
-6
0
3
-37
-30
-21
-25
18
24
6
-6
-26
-35
-8
20
16
21
-13
-22
-6
13
22
38
26
-6
3
5
22
32
60
48
28
23
17
38
43
38
3
-19
-30
-27
0
24
23
6
-6
-43
-41
-9
-22
-21
13
-13
-28
-18
-30
-32
-6
-15
-17
-2
-19
-1
13
-7
1
27
13
27
32
-3
0
18
19
10
38
35
18
30
20
0
0
-3
-19
-14
-34
-52
-24
-34
-54
-38
-41
-53
-39
-47
-57
-32
-31
-27
-7
9
-9
-14
-18
-29
14
14
14
25
12
3
28
42
24
52
46
8
-2
-7
-2
13
26
23
24
2
-9
-5
-19
-24
-7
-6
-38
-13
-19
-41
-22
-8
-1
-15
-8
-34
-42
-38
-20
11
9
12
23
27
5
15
19
-13
-20
-4
-11
-5
41
35
4
15
9
8
15
-11
-34
-40
-43
-31
2
6
-9
-17
-47
-65
-29
10
-10
-6
-15
-34
-22
6
32
25
20
-23
-24
-14
-9
37
48
32
20
37
15
25
45
13
3
14
13
3
31
19
5
10
7
17
19
7
-12
-5
-15
-15
22
8
23
31
7
-7
-9
-12
-36
-20
-19
10
20
14
36
22
3
-4
19
3
12
23
7
-3
-10
18
-1
-1
3
-3
-9
-16
-9
-9
-6
-26
-2
-10
-18
2
-2
-12
-25
-17
-37
-12
23
31
35
23
13
-10
-10
5
29
32
24
33
34
23
28
53
36
20
35
16
14
38
46
23
17
9
-10
10
3
3
0
-18
-22
-9
-7
-14
13
3
-20
-10
-1
-14
-29
-10
-11
-4
10
12
30
26
20
12
6
-3
13
20
1
17
42
35
21
25
7
-4
5
28
33
2
-11
-20
-34
-18
12
12
-5
-22
-35
-21
-14
-15
-11
-17
-18
-5
18
17
7
1
-20
-30
-13
7
14
20
4
-22
-19
0
20
39
35
14
4
-6
1
13
12
4
-29
-34
-17
-6
5
10
-13
-27
-23
-15
-10
1
5
-20
-21
-28
-15
-1
2
6
17
9
1
8
-6
-2
2
6
16
42
18
-9
-13
-23
-6
14
29
23
20
-6
-17
3
-4
3
18
1
-24
-16
-8
-16
10
9
-3
-1
-4
3
7
-1
-13
-9
-3
-3
-4
-6
-31
-42
-25
-14
-12
-6
-8
-29
-27
-19
-14
-3
-2
-17
-32
-41
-37
-8
5
4
-1
-20
-51
-43
-6
4
13
0
-19
-35
-20
-3
0
19
6
-7
2
-8
-16
-6
-5
-17
-17
2
17
12
-2
-14
-10
0
0
15
22
-2
-15
-9
-2
2
19
22
-4
-28
-26
-32
-13
23
25
13
-14
-25
-24
2
25
22
28
7
-20
-16
-10
-8
10
22
-1
-10
-15
-36
-26
-1
22
20
10
3
-13
-12
-10
1
22
18
4
-10
-16
-19
-9
4
-1
0
7
-7
-6
8
2
10
13
9
0
10
4
-16
-1
6
1
7
9
-11
-19
-19
-1
22
20
19
3
-16
-34
-19
5
35
41
28
6
-27
-25
-14
16
44
51
38
15
-25
-15
3
25
57
54
50
11
-7
-15
3
32
47
41
38
18
-18
-8
-2
13
32
42
7
-9
-3
-6
10
35
31
10
1
-3
-10
-6
-3
-22
-6
0
-1
10
25
2
-8
13
2
3
20
8
-16
4
4
-10
13
19
-3
-4
4
0
18
29
14
9
7
-9
-16
8
11
7
9
-4
-22
-18
-8
-7
16
6
-2
3
-1
-8
13
39
24
5
8
-2
-24
-1
19
3
1
-2
-33
-10
-3
-8
-3
14
10
2
22
11
12
17
7
-8
15
12
9
14
6
5
3
1
-7
1
14
16
7
3
-16
-23
-15
-2
11
21
13
3
-18
-17
-12
-11
7
3
3
-12
-23
-40
-50
-48
-22
-11
-1
0
-16
-27
-45
-44
-21
-13
0
12
-7
-25
-41
-33
-21
3
24
18
-7
-21
-29
-26
3
11
12
24
16
1
-1
-10
-4
0
21
19
19
15
-13
-14
-7
-1
-5
3
7
-20
-26
-16
-19
-21
3
-6
-21
-9
-38
-32
-22
-16
-17
9
9
-18
-13
-23
-24
-29
9
7
14
20
-3
-23
-16
-13
-7
28
24
8
9
9
-8
6
6
-10
-19
-3
-19
-22
-10
-26
-20
6
6
-9
6
-12
-22
-18
-17
-28
-26
-23
-26
-31
-23
-17
-16
-1
3
-9
-5
-3
-21
1
17
12
10
7
-7
-4
19
29
29
38
17
0
6
-7
-4
29
45
45
47
16
-2
-4
2
3
24
35
2
-17
-22
-22
-11
23
38
44
25
9
-6
-10
10
34
37
29
10
-6
-15
-28
-16
-11
-5
-7
-10
-8
-1
-19
-11
11
19
32
27
25
14
-6
-5
9
22
21
8
11
-16
-37
-28
-7
5
21
22
1
-15
-14
-11
13
26
16
23
3
-8
-12
6
3
-2
-3
-13
-16
-2
-1
-2
20
23
19
2
7
-6
3
22
12
9
6
3
-14
-2
12
15
21
-2
-22
-8
3
13
22
29
18
13
0
-8
0
10
9
8
12
3
-3
-7
-9
-9
6
19
15
13
7
-7
-7
-5
6
7
18
-2
-10
-9
-25
-9
6
18
6
6
-9
-12
-23
-9
3
9
29
12
-3
-9
-4
-9
5
6
12
3
-6
-4
1
12
16
23
17
14
7
7
16
19
22
31
12
-7
-10
-3
7
9
8
0
-4
1
-3
-10
-8
-8
-15
-15
-20
-19
-10
-12
-10
-11
-6
-20
-13
-14
-23
-15
9
13
17
28
0
0
-4
-4
1
27
27
19
9
-16
-29
-28
-12
-3
9
2
-9
-23
-30
-20
0
16
21
3
-6
-14
-23
-22
-10
6
7
3
-20
-24
-20
-9
-3
3
7
-2
-5
-7
-2
2
6
-4
0
0
-11
-5
-7
-20
-20
-7
-7
0
2
-7
-13
-8
-8
-9
15
13
10
0
-4
-12
-28
-23
-18
-10
-23
-23
-25
-19
-19
-25
-15
-7
-11
-12
-6
-6
-4
3
7
-13
-11
-6
-9
-9
1
-12
-9
3
3
4
14
15
7
16
6
9
22
21
23
17
10
9
-3
6
14
14
18
16
20
13
9
4
16
7
5
11
11
1
8
9
-5
-6
-12
-24
-28
-8
-16
-13
-13
-20
-18
-10
-6
8
19
5
0
-2
-2
-5
12
16
7
9
16
16
16
18
11
10
14
26
28
31
33
21
18
15
19
34
27
22
24
8
8
7
-1
1
12
17
15
7
-1
-4
-16
-6
-1
-3
-6
-13
-19
-18
-15
-20
-12
-8
-13
-13
-16
-18
-1
7
8
13
11
4
7
11
12
21
20
20
22
21
12
12
20
17
16
16
14
9
7
3
3
0
-6
-3
3
-10
-20
-19
-19
-14
-4
0
-13
-13
-13
-20
-13
-12
-15
-6
-7
-15
-9
-16
-9
-6
-4
-10
-19
-19
-16
-4
0
1
11
18
-3
-3
3
-3
-1
10
11
10
3
-12
-10
-1
12
7
13
1
-15
-8
-1
11
22
18
3
-7
-16
-26
-27
-15
-9
-5
-4
-19
-28
-22
-22
-22
-22
-12
-21
-28
-33
-41
-32
-38
-22
-16
-11
-11
-13
-14
-15
-6
2
-2
0
-4
-3
-4
-10
7
0
13
14
5
5
-1
-3
1
-2
-5
3
1
-13
-25
-29
-28
-13
-2
-10
-14
-23
-32
-31
-37
-27
-17
-12
-26
-27
-33
-29
-17
-13
2
-17
-14
-28
-21
-3
3
14
11
1
-5
1
-1
13
29
33
29
26
9
6
16
27
38
42
38
29
22
26
26
28
34
25
15
0
-4
-6
0
3
0
-1
-9
-21
-19
-20
-19
-25
-18
-23
-46
-43
-51
-43
-31
-19
-25
-19
-24
-25
-15
-27
-3
18
29
19
12
17
17
15
35
43
44
54
52
49
48
42
47
49
49
49
32
29
34
44
48
44
34
22
17
15
10
12
2
-1
-7
-22
-20
-26
-26
-24
-28
-37
-37
-32
-32
-18
-21
-32
-28
-36
-36
-19
-6
-2
8
4
-7
1
13
30
40
50
41
35
53
57
68
80
73
63
54
54
55
66
72
69
66
48
41
44
57
50
49
38
20
-4
-29
-21
-19
-17
-22
-38
-52
-56
-60
-60
-57
-53
-46
-47
-61
-57
-52
-51
-41
-37
-37
-48
-44
-32
-28
-8
0
8
20
10
25
28
47
60
60
60
45
56
55
69
72
73
76
65
56
60
68
69
59
58
48
32
20
4
7
3
4
-2
-2
-23
-51
-66
-66
-60
-62
-54
-55
-68
-86
-75
-73
-64
-53
-53
-47
-53
-55
-44
-29
-5
8
12
9
7
12
26
49
45
56
53
44
44
42
65
84
91
70
60
55
37
40
35
38
41
18
-3
-19
-32
-30
-26
-31
-37
-50
-64
-82
-94
-85
-78
-74
-73
-73
-73
-82
-79
-69
-66
-51
-55
-41
-37
-33
-25
-23
-10
1
17
22
38
42
52
63
63
67
76
83
87
79
83
90
89
84
72
75
54
45
38
36
33
23
13
-1
-8
-31
-30
-37
-47
-49
-56
-63
-74
-88
-98
-86
-72
-63
-70
-77
-81
-86
-93
-71
-44
-40
-31
-22
-25
-22
-13
-3
20
30
25
16
15
29
34
48
57
57
63
61
60
60
57
57
43
32
25
23
19
6
13
18
7
-15
-33
-49
-39
-20
-33
-41
-51
-47
-37
-41
-42
-43
-22
-25
-45
-51
-48
-43
-21
-17
-23
1
4
-1
5
16
31
44
41
35
31
50
57
54
71
65
64
54
46
47
64
68
51
56
44
17
10
12
19
29
29
-4
-34
-37
-54
-52
-47
-45
-53
-59
-68
-86
-56
-44
-32
-29
-41
-31
-37
-45
-36
-10
6
-7
-6
-18
-15
4
12
21
25
49
24
20
15
17
46
47
39
19
27
13
5
18
12
10
5
-14
-25
-23
-22
-25
-27
-29
-32
-38
-60
-69
-70
-59
-58
-64
-57
-66
-48
-44
-48
-37
-18
-14
-37
-20
-9
-5
19
9
6
26
26
18
27
36
42
67
61
50
60
55
51
45
54
34
34
40
1
0
12
9
0
-4
-8
-17
-7
-32
-47
-16
-32
-35
-28
-29
-36
-44
-41
-50
-29
-39
-43
-37
-37
-37
-38
-16
-29
-20
-3
-18
-15
-3
8
5
10
23
9
35
29
4
21
16
28
32
47
38
32
38
11
17
14
15
13
7
-4
-13
3
-23
-26
-11
-19
-31
-37
-32
-42
-29
-34
-56
-49
-54
-57
-54
-42
-38
-41
-20
-41
-44
-24
-33
-16
-13
-6
0
11
1
-4
29
31
40
42
36
38
31
43
38
51
66
49
53
45
47
33
44
42
15
32
12
16
6
-11
-4
2
6
-19
-8
-21
-36
-17
-39
-40
-30
-28
-39
-39
-20
-51
-38
-31
-49
-30
-15
-21
-38
-25
-22
-28
-3
-6
0
15
10
0
18
31
22
50
44
39
59
52
42
37
54
52
51
50
29
49
37
18
26
38
31
13
29
22
13
31
19
4
9
7
-13
0
9
-18
7
-3
-19
-16
-27
-15
-20
-6
-21
-22
-12
-34
-22
5
8
-5
-4
-10
-17
-3
8
12
22
22
10
0
19
17
40
42
16
25
16
16
7
34
40
38
42
16
18
34
33
29
31
22
-5
-9
-19
-24
4
-1
-1
-4
-12
-15
-26
-15
-15
-9
-5
-36
-41
-45
-47
-28
-12
-16
-17
-6
-32
-26
0
10
16
29
25
3
22
25
17
37
42
39
35
27
22
38
55
37
36
45
29
14
19
16
22
35
7
4
16
-12
-10
-6
-13
-21
-23
-22
-47
-29
-37
-47
-34
-38
-43
-36
-29
-44
-38
-22
-27
-23
-6
-13
-2
22
19
6
25
22
26
41
39
41
40
35
16
35
32
44
60
49
47
42
34
21
35
40
23
18
5
-16
-13
-18
-31
-38
-27
-38
-57
-53
-62
-50
-44
-41
-42
-67
-66
-71
-52
-38
-41
-18
-38
-44
-41
-33
-27
-9
20
10
16
36
26
31
58
63
75
87
82
72
88
71
57
72
68
63
60
38
16
35
38
27
34
20
-10
-8
-14
-32
-28
-37
-57
-73
-74
-98
-100
-83
-91
-92
-91
-95
-96
-74
-85
-78
-51
-53
-51
-41
-31
-43
-17
-5
-6
19
26
34
53
68
52
75
92
83
85
98
97
90
106
85
69
74
68
66
55
35
15
7
13
-3
-2
-11
-35
-44
-76
-93
-89
-85
-92
-103
-100
-120
-123
-110
-116
-105
-87
-82
-85
-74
-81
-74
-31
-19
-12
9
9
8
26
53
66
85
107
97
116
120
101
117
145
130
117
97
76
93
96
72
58
82
65
44
30
-1
-16
-7
-15
-46
-46
-60
-90
-120
-131
-139
-116
-105
-140
-135
-136
-139
-140
-117
-104
-92
-68
-91
-79
-59
-55
-53
-31
-4
9
31
17
11
49
96
98
113
136
124
126
127
111
146
177
145
114
112
111
97
88
60
58
76
53
0
-9
-7
-29
-41
-61
-68
-49
-60
-130
-148
-122
-118
-109
-114
-151
-154
-148
-171
-162
-125
-118
-146
-145
-126
-104
-83
-88
-92
-54
-22
-28
-26
-19
-6
24
28
18
76
123
81
33
43
92
140
152
91
45
84
105
93
101
106
100
95
74
79
130
130
73
44
62
76
84
71
41
33
41
16
49
111
91
35
3
18
94
158
104
19
31
66
88
99
66
54
72
51
1
48
123
108
44
-5
16
106
163
98
19
15
47
69
88
89
80
51
-6
18
131
177
103
19
8
78
171
179
127
124
120
78
68
160
233
192
62
-57
27
175
177
43
-61
-62
-35
-35
-103
-145
-154
-246
-379
-398
-319
-325
-461
-645
-730
-643
-581
-679
-815
-888
-939
-983
-989
-954
-923
-979
-1150
-1234
-1118
-971
-939
-1018
-1081
-1033
-917
-861
-825
-721
-630
-609
-592
-486
-291
-127
-122
-174
-63
182
358
421
443
500
620
745
844
990
1140
1156
1081
1097
1239
1416
1500
1419
1333
1347
1404
1416
1419
1432
1390
1317
1219
1180
1217
1221
1072
906
850
852
836
726
570
472
426
340
275
284
280
157
-35
-160
-101
42
0
-171
-272
-260
-233
-246
-257
-224
-176
-222
-321
-282
-126
-45
-92
-161
-126
-12
69
45
26
64
72
66
95
179
220
152
18
-12
108
183
123
7
-58
-104
-154
-231
-277
-270
-358
-562
-740
-790
-800
-848
-1001
-1191
-1271
-1289
-1357
-1475
-1574
-1662
-1746
-1801
-1853
-1885
-1900
-1966
-2047
-2064
-2011
-1933
-1865
-1860
-1873
-1815
-1713
-1582
-1439
-1312
-1205
-1096
-987
-858
-656
-433
-277
-160
-20
170
382
568
707
859
1057
1223
1356
1498
1651
1788
1878
1928
2006
2132
2231
2241
2215
2219
2241
2257
2238
2194
2178
2146
2038
1931
1843
1782
1714
1609
1463
1321
1204
1070
954
876
770
622
487
374
297
225
129
15
-74
-166
-257
-300
-305
-335
-433
-548
-575
-475
-388
-415
-484
-490
-442
-372
-288
-186
-115
-113
-152
-103
102
266
262
213
270
399
500
541
600
709
742
679
706
876
1009
939
744
670
790
908
810
601
483
420
315
194
115
67
-84
-385
-662
-753
-767
-933
-1255
-1560
-1733
-1856
-2069
-2326
-2497
-2652
-2892
-3149
-3275
-3298
-3383
-3615
-3841
-3891
-3805
-3767
-3840
-3890
-3872
-3799
-3701
-3568
-3379
-3156
-3000
-2886
-2686
-2365
-1980
-1631
-1360
-1108
-778
-382
28
404
747
1065
1401
1750
2102
2451
2763
3018
3221
3463
3737
3979
4139
4218
4294
4391
4476
4503
4507
4479
4382
4233
4076
3972
3874
3717
3441
3157
2939
2736
2510
2219
1934
1693
1465
1184
886
631
417
207
-29
-258
-432
-579
-742
-937
-1062
-1085
-1119
-1211
-1318
-1345
-1287
-1242
-1246
-1230
-1173
-1097
-1028
-946
-835
-729
-648
-582
-472
-294
-139
-64
-20
41
155
297
408
447
464
485
509
540
593
645
637
537
428
417
444
412
259
103
11
-67
-179
-340
-460
-587
-797
-1026
-1141
-1185
-1343
-1638
-1892
-2001
-2082
-2254
-2464
-2605
-2725
-2923
-3126
-3198
-3180
-3249
-3457
-3616
-3610
-3530
-3515
-3546
-3528
-3460
-3395
-3294
-3104
-2918
-2782
-2647
-2449
-2168
-1893
-1638
-1359
-1066
-796
-516
-136
295
633
869
1139
1524
1928
2225
2478
2769
3063
3281
3458
3680
3938
4120
4183
4245
4361
4470
4483
4453
4421
4383
4300
4164
4049
3942
3789
3563
3310
3099
2918
2705
2445
2149
1864
1606
1353
1121
883
630
377
119
-120
-313
-463
-610
-809
-1011
-1154
-1227
-1286
-1377
-1463
-1520
-1534
-1529
-1512
-1486
-1447
-1396
-1337
-1265
-1173
-1051
-948
-879
-798
-676
-518
-377
-279
-201
-91
53
170
250
309
382
466
530
560
568
585
600
587
549
503
454
392
300
174
60
-19
-124
-290
-486
-654
-802
-990
-1210
-1405
-1561
-1763
-2023
-2252
-2410
-2550
-2781
-3033
-3195
-3278
-3392
-3594
-3752
-3815
-3840
-3918
-3988
-3967
-3904
-3870
-3827
-3734
-3584
-3414
-3239
-2997
-2767
-2554
-2323
-2004
-1587
-1221
-937
-650
-246
209
605
954
1314
1684
2038
2402
2775
3111
3383
3623
3891
4149
4362
4525
4665
4796
4857
4867
4874
4929
4933
4816
4658
4517
4397
4233
4040
3846
3603
3312
3032
2795
2560
2278
1947
1648
1393
1106
801
531
317
76
-216
-480
-647
-777
-957
-1145
-1286
-1384
-1514
-1614
-1607
-1562
-1624
-1777
-1831
-1694
-1511
-1456
-1492
-1499
-1422
-1296
-1144
-970
-854
-862
-879
-743
-479
-288
-269
-298
-234
-80
48
141
231
271
218
184
283
430
487
404
289
237
259
289
294
241
81
-97
-196
-180
-181
-319
-538
-727
-844
-938
-1032
-1167
-1365
-1590
-1777
-1876
-1980
-2171
-2403
-2541
-2608
-2767
-2992
-3131
-3124
-3148
-3314
-3499
-3534
-3468
-3451
-3475
-3449
-3381
-3341
-3284
-3127
-2868
-2656
-2517
-2369
-2125
-1795
-1444
-1094
-779
-490
-215
143
616
1082
1424
1701
2012
2403
2834
3211
3534
3783
3993
4232
4521
4804
4958
5018
5097
5191
5268
5291
5263
5219
5125
4976
4809
4670
4508
4277
4002
3729
3470
3162
2839
2528
2220
1911
1572
1216
880
558
257
-24
-307
-603
-892
-1152
-1372
-1555
-1721
-1864
-2032
-2223
-2368
-2390
-2339
-2361
-2485
-2598
-2553
-2406
-2273
-2222
-2213
-2171
-2061
-1888
-1694
-1504
-1376
-1317
-1255
-1084
-809
-565
-451
-452
-383
-178
44
174
216
288
373
415
442
543
703
743
613
481
532
682
717
566
378
296
277
222
136
46
-94
-301
-489
-558
-582
-696
-934
-1193
-1357
-1419
-1477
-1635
-1876
-2070
-2158
-2218
-2338
-2494
-2598
-2657
-2769
-2886
-2911
-2855
-2844
-2958
-3013
-2900
-2730
-2683
-2720
-2595
-2345
-2174
-2091
-1942
-1635
-1339
-1194
-1042
-721
-310
-19
153
408
777
1155
1453
1699
1962
2234
2523
2837
3120
3312
3458
3654
3909
4099
4184
4245
4352
4451
4485
4472
4450
4425
4349
4273
4169
4023
3838
3657
3531
3361
3085
2777
2531
2353
2117
1795
1486
1196
921
651
396
160
-124
-449
-719
-911
-1090
-1311
-1513
-1673
-1854
-2053
-2193
-2206
-2208
-2329
-2501
-2564
-2475
-2366
-2337
-2348
-2339
-2283
-2169
-2002
-1833
-1729
-1693
-1621
-1438
-1199
-995
-878
-804
-702
-547
-348
-151
-27
31
78
171
325
480
582
608
588
582
665
763
789
712
613
584
588
581
520
435
322
184
74
22
-21
-153
-367
-533
-617
-691
-827
-1003
-1147
-1253
-1378
-1528
-1652
-1755
-1850
-1974
-2086
-2162
-2235
-2286
-2335
-2365
-2393
-2411
-2416
-2396
-2348
-2285
-2200
-2135
-2063
-1951
-1807
-1651
-1504
-1340
-1160
-970
-789
-600
-338
-54
155
315
522
824
1143
1369
1530
1722
1963
2220
2450
2646
2800
2921
3039
3192
3365
3487
3528
3522
3527
3565
3597
3579
3506
3398
3287
3168
3076
2973
2813
2613
2390
2176
1974
1783
1574
1341
1067
777
535
350
158
-86
-359
-614
-821
-969
-1110
-1290
-1488
-1665
-1793
-1864
-1918
-1984
-2058
-2142
-2183
-2171
-2109
-2058
-2038
-2017
-1957
-1827
-1704
-1580
-1470
-1338
-1202
-1081
-942
-769
-548
-378
-285
-180
-9
225
407
491
551
666
829
953
1046
1110
1153
1182
1210
1273
1332
1321
1261
1208
1192
1196
1123
1004
899
835
752
614
481
360
246
116
-28
-180
-336
-480
-617
-768
-918
-1080
-1229
-1357
-1501
-1631
-1738
-1835
-1947
-2052
-2132
-2204
-2271
-2331
-2351
-2361
-2406
-2450
-2427
-2342
-2280
-2266
-2265
-2184
-2033
-1885
-1755
-1661
-1536
-1384
-1196
-972
-778
-613
-458
-250
24
270
453
632
850
1080
1287
1482
1671
1858
2039
2204
2339
2466
2590
2712
2832
2896
2923
2949
2997
3026
2999
2944
2880
2811
2714
2614
2511
2374
2207
2025
1856
1695
1507
1278
1084
908
706
470
242
67
-88
-278
-502
-694
-841
-950
-1060
-1210
-1365
-1483
-1542
-1570
-1613
-1677
-1731
-1735
-1704
-1662
-1620
-1574
-1507
-1445
-1354
-1236
-1103
-1011
-935
-802
-629
-467
-363
-263
-114
54
189
286
385
524
648
740
818
899
984
1048
1093
1121
1155
1200
1223
1188
1132
1101
1098
1084
1020
919
829
746
669
591
487
363
203
49
-58
-129
-241
-431
-644
-791
-872
-961
-1096
-1282
-1467
-1611
-1707
-1781
-1875
-2007
-2155
-2279
-2341
-2367
-2392
-2435
-2518
-2603
-2635
-2576
-2493
-2459
-2466
-2481
-2414
-2284
-2125
-1987
-1899
-1811
-1704
-1526
-1277
-1048
-895
-766
-610
-373
-83
181
374
534
710
935
1195
1455
1654
1788
1924
2092
2294
2464
2583
2678
2759
2823
2881
2938
3000
3009
2965
2912
2861
2829
2782
2691
2560
2437
2301
2163
2025
1876
1702
1524
1346
1156
988
822
661
478
294
131
6
-131
-297
-438
-535
-602
-708
-832
-900
-895
-894
-965
-1029
-1030
-971
-913
-908
-891
-840
-762
-677
-617
-541
-453
-363
-288
-215
-108
-11
84
154
220
321
412
477
512
583
667
707
704
713
751
806
801
743
720
718
727
672
585
538
520
471
366
253
175
124
43
-88
-228
-342
-432
-514
-624
-775
-941
-1080
-1175
-1246
-1358
-1521
-1693
-1827
-1883
-1947
-2037
-2167
-2307
-2402
-2449
-2459
-2515
-2592
-2660
-2690
-2680
-2648
-2621
-2607
-2573
-2541
-2464
-2367
-2239
-2105
-1986
-1885
-1783
-1601
-1346
-1108
-958
-844
-666
-388
-104
128
290
468
698
953
1191
1397
1589
1760
1930
2100
2295
2465
2598
2687
2769
2869
2955
3011
3042
3059
3070
3051
3000
2949
2911
2856
2766
2647
2519
2418
2319
2181
2010
1862
1724
1576
1416
1253
1102
960
812
644
472
336
223
109
-13
-151
-255
-355
-435
-492
-552
-617
-698
-762
-781
-777
-774
-799
-835
-850
-830
-787
-733
-690
-699
-683
-636
-542
-449
-401
-364
-319
-249
-164
-86
-10
44
72
102
148
231
288
303
282
286
297
329
337
316
284
232
195
141
113
77
12
-116
-256
-350
-415
-492
-652
-835
-993
-1100
-1192
-1334
-1483
-1611
-1724
-1843
-1966
-2047
-2104
-2177
-2299
-2390
-2438
-2472
-2519
-2566
-2596
-2614
-2611
-2614
-2591
-2531
-2469
-2427
-2384
-2296
-2169
-2013
-1872
-1762
-1622
-1454
-1255
-1068
-913
-753
-574
-384
-212
-43
141
338
513
680
859
1072
1281
1476
1668
1859
2050
2235
2400
2572
2746
2874
2988
3078
3173
3252
3298
3332
3355
3359
3343
3326
3309
3280
3239
3187
3123
3056
2987
2893
2772
2637
2484
2336
2155
1949
1743
1536
1302
1053
832
642
431
224
31
-139
-270
-401
-527
-629
-686
-757
-854
-933
-966
-1004
-1068
-1142
-1204
-1208
-1196
-1216
-1244
-1230
-1176
-1113
-1056
-996
-909
-787
-672
-581
-484
-376
-287
-226
-179
-145
-123
-138
-186
-234
-268
-306
-379
-461
-494
-499
-525
-584
-617
-600
-592
-613
-649
-660
-664
-697
-786
-895
-977
-1054
-1144
-1261
-1382
-1477
-1559
-1618
-1669
-1707
-1719
-1717
-1725
-1698
-1627
-1570
-1553
-1560
-1564
-1543
-1521
-1580
-1668
-1739
-1797
-1875
-1963
-2015
-2010
-1991
-2003
-1982
-1877
-1729
-1595
-1460
-1295
-1089
-891
-713
-526
-338
-183
-77
48
207
367
503
635
768
936
1122
1310
1539
1804
2064
2312
2579
2834
3062
3272
3443
3552
3641
3707
3714
3681
3591
3453
3294
3141
2992
2847
2727
2609
2494
2379
2303
2246
2180
2092
2007
1931
1823
1673
1499
1318
1091
844
574
349
162
-60
-301
-515
-645
-734
-803
-863
-857
-805
-768
-746
-730
-691
-653
-670
-724
-778
-850
-927
-1043
-1217
-1380
-1506
-1578
-1622
-1668
-1671
-1617
-1533
-1454
-1359
-1211
-1027
-884
-784
-668
-553
-489
-509
-541
-543
-558
-610
-661
-682
-701
-738
-773
-758
-688
-593
-490
-364
-222
-115
-44
9
34
24
0
-40
-135
-289
-494
-693
-898
-1133
-1340
-1459
-1525
-1603
-1696
-1732
-1697
-1663
-1636
-1600
-1503
-1393
-1318
-1306
-1320
-1327
-1362
-1404
-1453
-1489
-1497
-1491
-1495
-1499
-1463
-1379
-1244
-1070
-872
-619
-336
-70
150
365
598
806
970
1105
1258
1369
1406
1378
1361
1400
1431
1472
1537
1656
1786
1900
2042
2196
2374
2544
2720
2916
3063
3144
3183
3192
3161
3095
3003
2910
2818
2705
2554
2385
2226
2095
2007
1946
1880
1824
1783
1754
1716
1625
1530
1446
1343
1182
984
783
558
258
-96
-411
-656
-879
-1106
-1331
-1503
-1599
-1686
-1785
-1835
-1792
-1715
-1684
-1698
-1675
-1620
-1587
-1626
-1692
-1713
-1701
-1692
-1736
-1799
-1841
-1834
-1795
-1752
-1682
-1540
-1375
-1222
-1096
-927
-684
-462
-295
-164
-17
117
179
186
175
145
72
-23
-59
-77
-145
-240
-267
-201
-170
-193
-129
79
209
117
15
100
228
195
28
-73
-104
-194
-374
-559
-710
-867
-980
-1048
-1139
-1291
-1403
-1383
-1341
-1415
-1520
-1447
-1240
-1160
-1267
-1351
-1276
-1189
-1284
-1420
-1455
-1463
-1539
-1617
-1607
-1603
-1617
-1547
-1373
-1189
-1073
-897
-600
-320
-161
9
339
713
938
1062
1282
1572
1776
1862
2016
2256
2434
2510
2603
2790
2943
3012
3097
3248
3378
3426
3522
3685
3761
3695
3633
3676
3648
3472
3268
3139
2945
2615
2279
2027
1790
1458
1142
914
720
468
199
-23
-209
-405
-612
-754
-853
-992
-1172
-1290
-1357
-1497
-1688
-1768
-1742
-1793
-2000
-2166
-2140
-2092
-2184
-2315
-2292
-2115
-1984
-1948
-1907
-1773
-1565
-1364
-1217
-1116
-966
-750
-570
-528
-557
-514
-365
-268
-263
-273
-208
-100
-52
-67
-63
19
100
185
243
299
360
427
537
604
595
608
707
788
717
550
474
436
273
20
-131
-180
-272
-462
-646
-721
-759
-812
-900
-961
-938
-895
-917
-991
-1069
-1105
-1154
-1268
-1365
-1444
-1523
-1611
-1719
-1873
-2019
-2067
-2052
-2075
-2125
-2086
-1983
-1892
-1809
-1644
-1415
-1220
-1022
-771
-493
-280
-126
-7
69
162
303
422
448
508
662
790
858
973
1224
1500
1724
1953
2228
2494
2731
2966
3173
3331
3445
3585
3702
3713
3642
3522
3386
3250
3112
2928
2710
2523
2368
2214
2052
1918
1842
1758
1681
1616
1538
1439
1341
1240
1059
769
464
212
-59
-360
-698
-1050
-1392
-1606
-1725
-1924
-2149
-2263
-2163
-2035
-2058
-2093
-1960
-1719
-1594
-1593
-1504
-1264
-1034
-1014
-1141
-1185
-1119
-1080
-1144
-1237
-1259
-1218
-1179
-1157
-1107
-978
-750
-502
-332
-180
61
331
490
531
611
762
847
777
641
547
425
253
95
-9
-120
-234
-319
-394
-409
-359
-265
-184
-135
-108
-36
70
136
138
126
157
81
-147
-353
-458
-617
-939
-1274
-1366
-1363
-1549
-1837
-1921
-1780
-1715
-1790
-1789
-1577
-1390
-1398
-1470
-1381
-1191
-1106
-1183
-1264
-1245
-1244
-1342
-1452
-1486
-1490
-1488
-1478
-1371
-1212
-1034
-818
-551
-279
-1
344
717
1040
1283
1539
1829
2092
2259
2364
2477
2582
2645
2642
2633
2646
2659
2671
2675
2707
2765
2857
2949
2981
3002
3032
3091
3129
3086
2987
2894
2775
2586
2343
2090
1829
1508
1167
844
529
228
-56
-265
-411
-581
-782
-900
-918
-967
-1107
-1211
-1143
-1057
-1141
-1333
-1394
-1339
-1359
-1496
-1624
-1641
-1670
-1793
-1975
-2079
-2016
-1885
-1814
-1785
-1700
-1545
-1394
-1289
-1161
-946
-717
-542
-423
-337
-257
-199
-139
-92
-79
-91
-105
-155
-237
-304
-323
-310
-253
-176
-135
-159
-175
-80
48
113
124
179
270
316
268
219
221
230
197
80
-90
-224
-296
-361
-470
-612
-668
-611
-576
-734
-907
-900
-775
-720
-808
-899
-852
-755
-797
-963
-1025
-890
-840
-1040
-1302
-1350
-1286
-1360
-1545
-1622
-1543
-1477
-1498
-1501
-1444
-1373
-1225
-1028
-874
-752
-537
-272
-101
24
242
525
743
888
1014
1163
1341
1536
1714
1836
1951
2105
2248
2372
2522
2669
2780
2853
2973
3135
3202
3261
3395
3519
3473
3348
3311
3270
3097
2850
2670
2511
2287
2027
1772
1460
1146
895
702
493
260
49
-148
-322
-521
-686
-758
-743
-776
-967
-1161
-1220
-1198
-1293
-1482
-1554
-1521
-1559
-1735
-1882
-1906
-1898
-1953
-1997
-1949
-1838
-1735
-1678
-1620
-1512
-1308
-1104
-924
-787
-705
-664
-627
-547
-465
-415
-397
-393
-448
-534
-569
-557
-578
-601
-595
-553
-510
-462
-388
-279
-156
-37
95
240
401
479
452
396
454
562
603
509
367
274
161
35
-57
-104
-149
-156
-189
-310
-416
-345
-214
-259
-395
-392
-264
-237
-388
-603
-743
-784
-816
-941
-1143
-1299
-1448
-1637
-1837
-1935
-1887
-1838
-1850
-1855
-1830
-1788
-1601
-1280
-1013
-943
-839
-496
-162
-72
-100
67
373
583
642
693
844
1052
1147
1150
1265
1583
1935
2109
2133
2191
2412
2695
2933
3063
3142
3247
3351
3359
3251
3178
3189
3165
2978
2708
2541
2447
2257
1951
1697
1552
1470
1394
1265
1041
797
677
639
573
424
261
133
-29
-319
-614
-728
-733
-903
-1264
-1492
-1530
-1588
-1793
-1989
-2017
-1984
-2027
-2088
-2074
-1991
-1983
-2052
-2050
-1912
-1730
-1640
-1637
-1682
-1684
-1612
-1505
-1425
-1371
-1315
-1264
-1230
-1163
-1020
-841
-714
-654
-524
-329
-159
-88
-41
90
229
266
285
442
604
556
394
382
590
766
724
631
677
783
731
623
632
728
743
626
474
390
384
343
200
-9
-148
-158
-194
-371
-607
-748
-782
-838
-943
-990
-963
-993
-1121
-1243
-1246
-1197
-1205
-1273
-1365
-1435
-1501
-1576
-1623
-1608
-1614
-1670
-1666
-1552
-1443
-1400
-1328
-1139
-923
-726
-485
-224
-8
146
315
545
790
998
1177
1325
1418
1487
1583
1707
1826
1912
2011
2101
2183
2307
2459
2592
2692
2838
2992
3151
3258
3271
3240
3211
3189
3128
2981
2786
2596
2344
2048
1749
1480
1245
1029
785
515
265
97
-6
-133
-315
-464
-478
-470
-576
-783
-949
-1001
-1034
-1189
-1443
-1656
-1763
-1884
-2122
-2385
-2499
-2474
-2477
-2572
-2663
-2557
-2328
-2171
-2112
-1968
-1667
-1341
-1153
-1051
-892
-683
-500
-414
-348
-248
-167
-200
-256
-237
-163
-126
-135
-100
4
109
176
261
415
615
764
856
958
1132
1275
1298
1220
1156
1217
1234
1065
813
659
561
386
156
-25
-103
-157
-284
-442
-532
-505
-477
-513
-570
-590
-553
-566
-636
-708
-763
-851
-948
-1017
-1116
-1250
-1389
-1504
-1619
-1721
-1763
-1773
-1792
-1801
-1763
-1711
-1641
-1492
-1296
-1129
-1008
-892
-682
-445
-293
-171
-33
126
275
429
547
636
770
908
1015
1142
1338
1522
1664
1777
1901
2061
2240
2402
2542
2635
2707
2792
2877
2944
2956
2937
2868
2804
2758
2691
2535
2342
2187
2033
1837
1622
1441
1255
1043
780
533
349
194
34
-200
-474
-703
-807
-871
-1054
-1305
-1476
-1534
-1577
-1703
-1884
-1962
-1953
-1988
-2133
-2240
-2195
-2115
-2146
-2255
-2247
-2131
-1959
-1869
-1856
-1777
-1583
-1336
-1163
-1054
-922
-671
-439
-327
-231
-28
206
303
284
338
513
648
630
566
591
655
660
626
650
679
682
667
683
729
787
823
794
746
736
774
730
602
467
379
265
73
-83
-198
-343
-547
-736
-875
-972
-1000
-1078
-1253
-1350
-1290
-1256
-1335
-1379
-1305
-1266
-1354
-1402
-1354
-1328
-1430
-1505
-1530
-1591
-1640
-1601
-1574
-1693
-1735
-1598
-1445
-1413
-1305
-1048
-818
-679
-480
-190
62
296
538
750
902
1105
1355
1507
1557
1672
1867
1979
2022
2142
2288
2350
2400
2534
2663
2752
2865
2992
3041
3039
3118
3189
3154
3065
3020
2933
2727
2510
2359
2154
1843
1549
1334
1097
790
534
320
95
-106
-272
-442
-581
-671
-745
-907
-1077
-1132
-1148
-1255
-1456
-1557
-1576
-1657
-1840
-1966
-1955
-1954
-2042
-2127
-2111
-1992
-1870
-1843
-1790
-1613
-1378
-1202
-1103
-947
-682
-433
-325
-300
-174
58
196
146
83
163
305
326
224
183
289
374
316
268
373
537
586
546
554
679
786
783
712
701
747
713
579
457
412
339
140
-91
-189
-221
-329
-556
-744
-800
-784
-840
-1004
-1125
-1079
-996
-1118
-1312
-1307
-1148
-1193
-1441
-1586
-1513
-1482
-1649
-1837
-1909
-1903
-1914
-1956
-2027
-2051
-1946
-1798
-1780
-1784
-1596
-1309
-1148
-1060
-851
-555
-334
-170
54
310
503
688
912
1097
1246
1421
1621
1777
1923
2108
2260
2383
2573
2781
2911
2956
3064
3243
3345
3367
3383
3417
3391
3348
3275
3161
3017
2858
2676
2431
2195
2002
1792
1517
1209
970
764
532
294
83
-109
-359
-585
-726
-809
-963
-1217
-1422
-1505
-1548
-1681
-1856
-1958
-1986
-2060
-2159
-2183
-2141
-2111
-2111
-2095
-2032
-1906
-1729
-1570
-1492
-1433
-1254
-1004
-817
-711
-601
-430
-273
-162
-54
89
196
236
249
329
430
480
498
511
533
552
564
612
683
662
575
531
583
607
540
423
356
306
214
110
18
-85
-236
-385
-519
-629
-749
-857
-971
-1097
-1246
-1327
-1332
-1397
-1523
-1616
-1615
-1636
-1704
-1725
-1706
-1762
-1844
-1833
-1766
-1804
-1863
-1816
-1734
-1768
-1823
-1708
-1543
-1494
-1521
-1405
-1170
-999
-900
-778
-588
-348
-117
60
192
415
721
942
1052
1201
1463
1697
1830
1944
2102
2272
2460
2599
2651
2699
2863
3057
3111
3062
3088
3218
3284
3230
3147
3113
3084
3009
2888
2742
2577
2433
2291
2098
1853
1630
1442
1249
1009
751
513
310
168
2
-255
-512
-648
-708
-815
-1043
-1267
-1357
-1323
-1376
-1597
-1775
-1731
-1608
-1710
-1908
-1891
-1705
-1620
-1723
-1795
-1634
-1422
-1317
-1327
-1309
-1133
-905
-765
-747
-683
-504
-322
-248
-212
-114
38
142
171
207
298
380
443
455
441
483
539
564
546
550
546
490
457
503
484
350
244
247
243
126
-31
-113
-143
-233
-382
-528
-586
-646
-791
-967
-1089
-1149
-1224
-1340
-1479
-1635
-1720
-1723
-1755
-1907
-2094
-2107
-2034
-2078
-2231
-2279
-2181
-2131
-2195
-2225
-2147
-2017
-1925
-1853
-1830
-1734
-1457
-1158
-1069
-1157
-933
-465
-277
-206
3
320
664
830
1049
1308
1610
1889
2052
2247
2456
2762
2964
3080
3185
3349
3518
3626
3711
3746
3741
3724
3758
3773
3663
3494
3431
3339
3150
2919
2775
2622
2337
2054
1835
1625
1365
1088
833
572
292
38
-198
-399
-611
-840
-1118
-1303
-1378
-1472
-1658
-1887
-1942
-1895
-1948
-2106
-2162
-2048
-1966
-2041
-2073
-1948
-1745
-1687
-1701
-1595
-1413
-1230
-1148
-1049
-873
-725
-605
-504
-354
-184
-77
-9
65
190
301
371
388
420
511
540
515
483
506
563
504
420
379
402
402
293
218
203
186
112
22
-30
-70
-152
-238
-325
-405
-495
-585
-667
-777
-879
-977
-1056
-1165
-1262
-1351
-1436
-1534
-1641
-1679
-1699
-1766
-1865
-1943
-1935
-1915
-1947
-1994
-2047
-2019
-1978
-1978
-2000
-1985
-1903
-1846
-1819
-1772
-1673
-1518
-1383
-1305
-1218
-1040
-768
-550
-408
-247
28
332
546
767
1037
1312
1550
1754
2028
2272
2468
2663
2841
3033
3133
3246
3403
3517
3559
3548
3575
3631
3651
3616
3523
3414
3342
3271
3163
2982
2776
2620
2452
2202
1954
1743
1533
1268
973
697
431
178
-41
-267
-540
-839
-1074
-1172
-1289
-1528
-1788
-1894
-1880
-1902
-2067
-2207
-2160
-2045
-2012
-2114
-2113
-1889
-1706
-1713
-1766
-1631
-1318
-1150
-1136
-1113
-934
-639
-496
-459
-370
-169
63
131
166
322
516
619
603
652
792
889
900
889
910
918
887
866
849
805
710
610
538
463
397
274
135
13
-91
-190
-329
-458
-559
-670
-801
-937
-1069
-1130
-1206
-1325
-1504
-1656
-1656
-1663
-1771
-1988
-2105
-2021
-2004
-2156
-2285
-2236
-2104
-2153
-2298
-2259
-2072
-1943
-2008
-2055
-1915
-1695
-1565
-1541
-1477
-1311
-1114
-982
-869
-710
-538
-366
-203
-38
184
377
559
777
998
1202
1396
1635
1909
2110
2266
2453
2668
2896
3046
3173
3278
3362
3496
3592
3603
3565
3565
3613
3556
3420
3312
3246
3186
3005
2787
2637
2522
2374
2159
1904
1711
1558
1374
1140
892
683
463
228
3
-194
-431
-702
-952
-1128
-1281
-1511
-1752
-1913
-1981
-2075
-2244
-2403
-2405
-2316
-2319
-2432
-2451
-2253
-2043
-2004
-2051
-1907
-1590
-1387
-1338
-1265
-1050
-784
-645
-596
-497
-314
-139
-38
-4
67
205
326
386
409
459
557
645
693
710
740
806
840
860
862
858
839
793
768
712
624
483
377
318
183
-38
-238
-325
-422
-656
-938
-1076
-1097
-1232
-1509
-1680
-1691
-1710
-1858
-2040
-2063
-2009
-2032
-2137
-2199
-2147
-2090
-2114
-2166
-2162
-2110
-2072
-2052
-2045
-2073
-2053
-1972
-1869
-1825
-1827
-1728
-1523
-1361
-1299
-1183
-912
-608
-448
-320
-48
343
638
797
1002
1312
1643
1864
2029
2250
2496
2672
2777
2889
3049
3160
3211
3230
3271
3321
3332
3341
3328
3297
3241
3193
3170
3131
3030
2910
2815
2741
2624
2460
2304
2140
1962
1752
1508
1280
1053
807
547
239
-60
-310
-488
-699
-1006
-1303
-1438
-1457
-1583
-1831
-1990
-1922
-1825
-1897
-2057
-2000
-1740
-1606
-1717
-1817
-1597
-1237
-1129
-1327
-1398
-1078
-737
-765
-1001
-954
-592
-417
-587
-702
-451
-104
-88
-268
-211
122
364
336
292
436
645
745
749
790
858
878
864
844
820
779
714
613
470
351
277
171
21
-123
-221
-313
-449
-581
-616
-622
-733
-913
-977
-906
-887
-1027
-1209
-1249
-1182
-1192
-1355
-1523
-1539
-1505
-1614
-1835
-1933
-1850
-1875
-2078
-2250
-2200
-2080
-2127
-2244
-2220
-2073
-2003
-1987
-1882
-1668
-1514
-1466
-1334
-1068
-794
-635
-556
-360
-53
212
350
478
730
1021
1236
1333
1494
1773
2047
2205
2285
2427
2681
2937
3065
3085
3167
3363
3527
3566
3518
3555
3642
3636
3539
3429
3386
3329
3158
2965
2810
2667
2479
2260
2038
1806
1563
1288
1056
852
597
271
-33
-225
-368
-619
-978
-1234
-1330
-1391
-1599
-1870
-2003
-1975
-1947
-2098
-2263
-2239
-2054
-1961
-2087
-2186
-2004
-1673
-1579
-1733
-1754
-1460
-1128
-1097
-1227
-1135
-804
-565
-595
-638
-436
-139
-17
-81
-47
188
423
465
402
452
610
732
747
716
714
754
761
731
702
693
653
560
467
436
417
314
163
75
47
-70
-229
-333
-377
-466
-646
-814
-898
-936
-993
-1129
-1335
-1479
-1479
-1434
-1536
-1781
-1899
-1815
-1758
-1892
-2085
-2087
-1939
-1924
-2115
-2261
-2137
-1899
-1937
-2204
-2275
-2007
-1773
-1866
-2020
-1902
-1640
-1543
-1558
-1436
-1193
-1011
-889
-718
-485
-231
28
297
519
704
980
1333
1640
1849
2026
2249
2491
2747
2951
3068
3166
3315
3470
3530
3537
3595
3682
3683
3609
3575
3602
3591
3534
3418
3293
3202
3154
3069
2870
2647
2475
2319
2099
1821
1568
1338
1030
711
421
135
-156
-423
-693
-983
-1255
-1445
-1551
-1697
-1903
-2064
-2091
-2080
-2118
-2188
-2211
-2143
-2071
-2066
-2105
-2035
-1886
-1818
-1860
-1857
-1697
-1536
-1478
-1473
-1380
-1188
-1017
-897
-789
-628
-443
-262
-121
23
206
354
443
543
677
751
757
794
874
876
779
722
795
793
643
512
499
508
402
268
199
161
92
33
-53
-145
-209
-254
-336
-482
-571
-609
-701
-868
-976
-1064
-1180
-1302
-1376
-1473
-1673
-1776
-1764
-1802
-1997
-2119
-2082
-2061
-2156
-2228
-2177
-2122
-2100
-2096
-2061
-2000
-1872
-1710
-1659
-1684
-1530
-1221
-1068
-1109
-1019
-705
-468
-413
-325
-62
206
357
481
659
892
1177
1425
1549
1649
1918
2273
2458
2489
2626
2909
3105
3164
3243
3385
3512
3575
3575
3559
3572
3627
3605
3451
3294
3246
3200
3023
2793
2630
2478
2238
2016
1834
1623
1342
1091
886
661
417
191
0
-231
-449
-658
-841
-994
-1131
-1289
-1475
-1631
-1719
-1774
-1868
-1997
-2108
-2148
-2146
-2149
-2196
-2229
-2189
-2090
-2043
-2048
-1955
-1746
-1595
-1571
-1510
-1293
-1047
-911
-847
-753
-562
-374
-243
-170
-77
63
185
240
269
352
450
524
528
496
525
641
722
654
554
606
729
694
546
505
569
515
338
237
263
213
21
-149
-224
-290
-423
-574
-709
-808
-895
-1033
-1205
-1279
-1267
-1389
-1635
-1736
-1656
-1674
-1894
-2036
-1972
-1951
-2063
-2143
-2104
-2069
-2078
-2060
-2035
-2017
-1919
-1746
-1683
-1732
-1628
-1336
-1166
-1175
-1091
-826
-595
-493
-357
-129
90
286
506
694
882
1166
1451
1622
1754
2020
2336
2512
2604
2802
3054
3157
3200
3334
3492
3514
3477
3524
3563
3518
3453
3420
3325
3187
3107
3021
2862
2667
2541
2406
2182
1954
1773
1595
1369
1114
868
634
424
218
-9
-263
-496
-665
-828
-1043
-1241
-1362
-1463
-1596
-1753
-1844
-1875
-1922
-2004
-2077
-2086
-2055
-2039
-2063
-2049
-1966
-1913
-1897
-1826
-1681
-1574
-1510
-1398
-1232
-1093
-983
-847
-691
-550
-445
-325
-184
-60
37
105
142
228
338
365
335
364
467
488
390
383
512
534
414
365
468
502
389
347
406
399
313
274
271
211
125
84
10
-130
-198
-227
-364
-579
-671
-684
-846
-1078
-1176
-1179
-1306
-1510
-1590
-1606
-1675
-1754
-1797
-1868
-1926
-1850
-1776
-1881
-1982
-1851
-1644
-1694
-1832
-1687
-1428
-1404
-1490
-1390
-1160
-1023
-978
-872
-705
-525
-302
-108
11
210
528
794
930
1125
1477
1771
1903
2070
2389
2655
2763
2874
3102
3284
3344
3407
3511
3557
3543
3560
3559
3470
3369
3337
3253
3069
2892
2795
2674
2447
2219
2033
1858
1651
1426
1189
964
763
543
302
70
-120
-319
-555
-785
-947
-1095
-1298
-1518
-1662
-1723
-1864
-2060
-2142
-2117
-2152
-2283
-2370
-2294
-2166
-2169
-2249
-2194
-1973
-1842
-1854
-1801
-1588
-1387
-1308
-1258
-1123
-921
-770
-673
-610
-521
-362
-217
-151
-124
-45
63
145
193
221
265
317
407
439
408
410
508
605
526
432
505
632
565
411
401
484
436
273
227
250
167
9
-75
-94
-164
-321
-474
-531
-551
-664
-883
-1003
-943
-956
-1192
-1413
-1359
-1238
-1367
-1630
-1697
-1545
-1497
-1668
-1815
-1779
-1667
-1627
-1714
-1805
-1749
-1527
-1432
-1569
-1611
-1366
-1083
-1039
-1077
-943
-645
-376
-234
-151
13
347
704
848
883
1139
1589
1851
1836
1927
2305
2637
2673
2660
2861
3104
3185
3192
3256
3340
3385
3408
3387
3315
3280
3309
3230
3024
2898
2845
2701
2479
2293
2117
1886
1654
1453
1217
933
670
468
232
-66
-316
-480
-681
-962
-1179
-1286
-1412
-1633
-1777
-1800
-1886
-2060
-2136
-2061
-2038
-2153
-2225
-2127
-1997
-1982
-2039
-1988
-1809
-1643
-1639
-1659
-1478
-1214
-1104
-1133
-1049
-779
-531
-491
-503
-322
-45
70
50
143
352
452
438
489
593
631
650
680
682
645
629
673
687
592
479
493
544
459
300
259
307
264
108
0
7
1
-104
-276
-379
-351
-379
-574
-752
-749
-748
-926
-1099
-1126
-1122
-1251
-1419
-1470
-1467
-1500
-1624
-1731
-1691
-1640
-1715
-1810
-1770
-1644
-1652
-1746
-1726
-1570
-1439
-1478
-1507
-1357
-1153
-1078
-1046
-926
-747
-584
-408
-241
-131
62
356
575
653
821
1160
1435
1545
1681
1935
2174
2347
2476
2617
2762
2909
3038
3109
3135
3202
3303
3303
3202
3168
3237
3179
2967
2853
2835
2719
2490
2324
2206
2004
1768
1580
1366
1110
903
712
431
144
-18
-167
-437
-755
-952
-1074
-1231
-1459
-1675
-1796
-1883
-1981
-2109
-2230
-2263
-2203
-2223
-2360
-2388
-2200
-2066
-2152
-2198
-2014
-1797
-1754
-1740
-1583
-1380
-1265
-1200
-1080
-895
-727
-620
-560
-439
-262
-121
-43
38
177
275
322
403
547
633
610
609
734
822
774
738
799
835
765
699
698
692
637
572
469
374
331
307
222
74
-35
-104
-174
-252
-351
-473
-588
-666
-710
-815
-929
-1009
-1049
-1117
-1267
-1351
-1346
-1400
-1513
-1586
-1656
-1735
-1741
-1687
-1717
-1873
-1929
-1786
-1661
-1707
-1803
-1698
-1476
-1388
-1426
-1338
-1065
-825
-737
-683
-492
-193
72
209
300
507
806
1056
1216
1359
1564
1789
1978
2141
2300
2455
2629
2778
2873
2964
3071
3203
3304
3321
3275
3284
3354
3363
3265
3150
3071
2988
2837
2677
2551
2373
2140
1905
1704
1524
1294
1024
789
570
347
105
-115
-291
-447
-650
-917
-1105
-1143
-1171
-1381
-1651
-1722
-1646
-1697
-1879
-1979
-1909
-1868
-1952
-2031
-1975
-1821
-1761
-1805
-1799
-1673
-1507
-1395
-1334
-1252
-1134
-996
-868
-723
-591
-518
-447
-308
-146
-88
-67
57
208
231
183
243
413
483
421
342
392
517
531
460
410
442
474
437
382
354
361
338
246
145
104
114
66
-53
-173
-239
-276
-340
-439
-550
-630
-733
-857
-910
-918
-1023
-1217
-1298
-1257
-1299
-1467
-1582
-1552
-1538
-1669
-1816
-1801
-1673
-1669
-1805
-1868
-1761
-1647
-1621
-1601
-1548
-1468
-1372
-1246
-1086
-937
-851
-756
-525
-236
-110
-57
192
556
748
780
949
1314
1634
1765
1815
1997
2315
2566
2672
2742
2873
3027
3167
3259
3280
3273
3322
3379
3340
3221
3140
3117
3072
2918
2670
2478
2409
2327
2056
1722
1520
1393
1207
934
648
403
224
20
-252
-506
-655
-799
-1047
-1299
-1466
-1521
-1616
-1825
-2028
-2063
-2011
-2109
-2278
-2260
-2094
-2090
-2244
-2255
-2003
-1771
-1816
-1941
-1793
-1431
-1276
-1375
-1331
-1005
-768
-790
-785
-559
-290
-209
-225
-152
44
201
237
272
369
452
469
524
626
666
622
593
641
709
685
597
559
587
573
469
378
373
377
286
151
48
10
-5
-78
-210
-350
-430
-460
-508
-604
-746
-894
-949
-934
-1008
-1192
-1336
-1346
-1305
-1397
-1626
-1742
-1609
-1513
-1696
-1966
-1946
-1661
-1584
-1828
-1998
-1814
-1521
-1511
-1687
-1624
-1328
-1150
-1165
-1122
-892
-638
-497
-371
-206
15
249
472
705
913
1087
1270
1558
1844
2021
2126
2308
2597
2802
2889
2987
3161
3335
3389
3386
3467
3557
3552
3489
3454
3411
3315
3218
3130
2978
2778
2614
2469
2272
2033
1784
1562
1359
1110
825
571
369
147
-126
-389
-614
-789
-930
-1159
-1468
-1651
-1638
-1681
-1938
-2204
-2194
-2010
-2041
-2328
-2470
-2200
-1912
-2052
-2355
-2209
-1735
-1564
-1812
-1924
-1553
-1118
-1100
-1311
-1212
-771
-512
-610
-657
-403
-112
-47
-65
13
193
332
372
397
474
537
541
599
688
663
574
598
684
664
549
487
502
499
421
306
235
219
156
41
-45
-101
-196
-301
-370
-475
-592
-687
-772
-884
-962
-1037
-1195
-1315
-1319
-1353
-1543
-1696
-1684
-1650
-1754
-1911
-1966
-1894
-1874
-1973
-2044
-1968
-1859
-1875
-1906
-1821
-1674
-1586
-1537
-1441
-1284
-1106
-976
-875
-657
-395
-269
-177
94
433
587
689
957
1285
1488
1607
1800
2073
2304
2430
2530
2718
2913
3017
3067
3151
3242
3272
3308
3326
3268
3212
3186
3124
3009
2864
2718
2577
2423
2242
2006
1787
1621
1410
1144
902
676
437
221
26
-222
-499
-676
-802
-961
-1204
-1432
-1523
-1535
-1627
-1869
-2009
-1932
-1871
-1990
-2108
-2079
-1959
-1890
-1900
-1903
-1807
-1648
-1535
-1474
-1414
-1281
-1123
-972
-858
-794
-682
-487
-326
-280
-220
-80
72
176
215
264
374
491
515
501
578
677
675
616
639
705
695
623
583
598
591
515
424
380
352
272
158
89
32
-56
-170
-267
-356
-442
-558
-699
-768
-804
-936
-1135
-1224
-1203
-1256
-1461
-1621
-1624
-1575
-1656
-1833
-1938
-1887
-1792
-1858
-2022
-2044
-1887
-1776
-1835
-1902
-1796
-1573
-1424
-1422
-1372
-1200
-967
-766
-639
-527
-358
-60
228
379
474
730
1096
1344
1449
1601
1897
2204
2392
2485
2620
2848
3073
3184
3234
3318
3454
3546
3542
3518
3543
3541
3473
3393
3321
3229
3063
2904
2791
2626
2378
2139
1966
1780
1519
1252
1012
788
551
317
86
-155
-395
-601
-785
-974
-1168
-1351
-1483
-1585
-1694
-1821
-1936
-1992
-1981
-1985
-2052
-2115
-2052
-1908
-1861
-1921
-1894
-1695
-1511
-1461
-1450
-1332
-1109
-937
-862
-784
-647
-448
-291
-213
-141
-6
155
272
320
375
484
579
633
665
706
720
742
762
778
765
719
692
676
639
578
509
432
360
298
227
112
2
-75
-155
-269
-393
-509
-592
-688
-804
-923
-1042
-1142
-1222
-1304
-1417
-1527
-1619
-1668
-1721
-1784
-1877
-1931
-1922
-1918
-1975
-2026
-1975
-1886
-1855
-1889
-1840
-1694
-1580
-1537
-1448
-1293
-1150
-1015
-842
-652
-480
-314
-111
123
324
520
728
957
1189
1401
1581
1753
1995
2250
2405
2496
2644
2886
3053
3086
3126
3251
3368
3386
3370
3379
3379
3333
3289
3224
3101
2960
2857
2733
2554
2338
2134
1969
1783
1560
1299
1050
841
642
397
136
-103
-311
-509
-704
-891
-1075
-1293
-1473
-1531
-1594
-1772
-1988
-2024
-1917
-1935
-2155
-2262
-2093
-1899
-1969
-2155
-2083
-1760
-1581
-1698
-1758
-1540
-1217
-1122
-1189
-1103
-825
-605
-588
-582
-418
-175
-63
-76
-20
146
288
306
312
397
493
521
491
502
555
587
548
473
429
450
446
355
226
146
145
114
-39
-224
-290
-288
-389
-602
-764
-787
-776
-936
-1195
-1314
-1256
-1271
-1485
-1691
-1703
-1636
-1711
-1890
-1994
-1936
-1877
-1941
-2060
-2059
-1941
-1852
-1888
-1921
-1824
-1680
-1577
-1527
-1423
-1268
-1128
-986
-798
-612
-467
-310
-73
178
358
505
730
1010
1226
1388
1562
1791
2024
2212
2340
2474
2650
2835
2973
3040
3100
3193
3281
3316
3312
3302
3277
3250
3209
3121
3002
2885
2801
2671
2471
2264
2114
1972
1765
1513
1291
1115
901
655
437
234
35
-187
-397
-557
-711
-892
-1097
-1234
-1299
-1390
-1558
-1693
-1705
-1676
-1748
-1883
-1900
-1768
-1652
-1731
-1838
-1725
-1464
-1364
-1454
-1461
-1208
-939
-905
-983
-870
-549
-362
-398
-449
-249
41
136
64
81
266
444
464
407
442
564
637
595
570
575
617
628
570
487
432
425
404
323
184
90
48
-7
-145
-302
-378
-434
-561
-729
-838
-887
-1005
-1188
-1314
-1364
-1435
-1594
-1734
-1770
-1781
-1890
-2032
-2083
-2045
-2057
-2161
-2231
-2194
-2092
-2057
-2116
-2100
-1960
-1830
-1768
-1727
-1606
-1417
-1251
-1133
-992
-787
-582
-376
-184
-4
198
437
712
930
1096
1277
1524
1794
1989
2122
2273
2494
2716
2833
2892
3007
3179
3291
3282
3261
3326
3412
3382
3261
3166
3142
3095
2965
2790
2635
2513
2345
2153
1935
1739
1534
1312
1100
879
672
422
203
27
-160
-395
-645
-813
-893
-1012
-1245
-1482
-1542
-1475
-1533
-1774
-1957
-1859
-1681
-1733
-1960
-2003
-1746
-1532
-1641
-1822
-1685
-1321
-1159
-1297
-1360
-1115
-776
-686
-775
-731
-485
-259
-209
-215
-128
21
148
220
260
262
282
412
529
489
360
363
525
606
446
229
253
409
382
132
-62
-9
71
-69
-326
-451
-430
-447
-610
-837
-955
-983
-1025
-1162
-1352
-1487
-1522
-1532
-1634
-1815
-1935
-1919
-1912
-2016
-2137
-2159
-2109
-2103
-2177
-2200
-2124
-2048
-2026
-2007
-1908
-1789
-1697
-1615
-1472
-1292
-1165
-1046
-874
-636
-420
-250
-70
136
381
617
838
1042
1238
1463
1718
1938
2093
2235
2446
2682
2827
2898
2971
3151
3317
3356
3333
3352
3451
3496
3432
3338
3274
3227
3160
3021
2851
2690
2554
2412
2211
1973
1744
1560
1384
1147
869
627
452
272
35
-212
-427
-575
-729
-905
-1100
-1270
-1370
-1435
-1532
-1672
-1767
-1780
-1748
-1786
-1879
-1874
-1751
-1663
-1675
-1704
-1586
-1385
-1285
-1281
-1207
-998
-814
-737
-692
-534
-322
-208
-167
-55
105
241
294
342
457
570
613
609
665
740
769
749
731
747
752
691
620
588
561
484
368
287
232
130
-22
-134
-199
-304
-486
-657
-727
-780
-960
-1189
-1301
-1301
-1386
-1632
-1817
-1807
-1784
-1956
-2195
-2243
-2134
-2156
-2365
-2478
-2360
-2251
-2330
-2443
-2370
-2191
-2131
-2182
-2111
-1890
-1734
-1706
-1607
-1361
-1122
-1009
-892
-619
-336
-160
-25
229
565
788
916
1136
1468
1734
1870
2032
2322
2587
2716
2809
3014
3245
3353
3368
3455
3616
3688
3656
3623
3659
3680
3590
3461
3386
3326
3187
3002
2840
2697
2513
2272
2060
1859
1623
1345
1100
909
689
390
121
-61
-238
-480
-758
-950
-1052
-1176
-1409
-1628
-1694
-1691
-1789
-1966
-2062
-2005
-1928
-1984
-2082
-2055
-1912
-1806
-1816
-1817
-1681
-1488
-1367
-1333
-1247
-1075
-883
-745
-687
-591
-426
-251
-120
-46
49
175
298
395
442
506
585
647
677
683
700
723
731
724
696
634
581
559
521
445
336
243
183
111
3
-134
-243
-323
-427
-569
-714
-830
-916
-1023
-1169
-1311
-1429
-1511
-1586
-1713
-1863
-1959
-1987
-2029
-2147
-2273
-2295
-2236
-2256
-2367
-2422
-2323
-2203
-2214
-2271
-2184
-1983
-1865
-1857
-1805
-1583
-1335
-1221
-1158
-964
-661
-427
-297
-130
146
430
638
816
1054
1324
1549
1738
1949
2165
2367
2548
2724
2892
3034
3148
3261
3379
3452
3483
3501
3532
3538
3507
3446
3366
3273
3171
3053
2916
2734
2550
2385
2217
2010
1759
1537
1335
1125
862
593
380
206
-9
-279
-499
-663
-805
-992
-1198
-1345
-1434
-1521
-1652
-1773
-1817
-1823
-1842
-1903
-1931
-1858
-1783
-1773
-1772
-1698
-1544
-1432
-1404
-1348
-1189
-994
-908
-869
-743
-529
-380
-344
-278
-98
81
140
154
249
407
499
504
529
611
677
682
658
676
690
661
634
608
580
512
423
382
338
246
120
32
-14
-92
-235
-377
-445
-519
-626
-774
-912
-998
-1074
-1162
-1301
-1446
-1536
-1597
-1649
-1761
-1903
-1967
-1955
-1966
-2071
-2173
-2162
-2073
-2065
-2144
-2180
-2072
-1918
-1881
-1909
-1855
-1677
-1488
-1397
-1349
-1202
-976
-767
-628
-488
-264
-22
193
388
586
802
1040
1281
1501
1691
1873
2087
2336
2531
2669
2777
2933
3128
3257
3303
3332
3432
3524
3553
3503
3447
3453
3440
3352
3196
3072
2987
2880
2696
2463
2268
2105
1928
1683
1410
1183
1001
793
510
243
42
-154
-379
-614
-812
-978
-1176
-1347
-1466
-1575
-1717
-1868
-1920
-1918
-1979
-2110
-2143
-2048
-1979
-2024
-2062
-1950
-1772
-1710
-1743
-1663
-1450
-1267
-1229
-1202
-1023
-802
-684
-629
-512
-335
-209
-120
-29
96
205
256
329
427
476
501
547
609
623
575
562
601
623
556
461
423
428
376
268
182
120
45
-66
-153
-235
-353
-485
-566
-645
-775
-922
-1014
-1051
-1153
-1345
-1486
-1493
-1505
-1651
-1839
-1903
-1870
-1899
-2028
-2135
-2135
-2094
-2132
-2193
-2197
-2144
-2096
-2085
-2057
-1988
-1896
-1808
-1707
-1600
-1488
-1371
-1201
-1007
-841
-709
-555
-339
-86
107
263
455
696
954
1165
1352
1533
1778
2019
2196
2336
2489
2692
2887
2992
3049
3154
3298
3407
3414
3396
3417
3472
3465
3378
3280
3213
3152
3034
2876
2715
2574
2415
2222
2015
1805
1594
1386
1183
963
713
480
282
109
-112
-371
-574
-702
-826
-1037
-1258
-1374
-1421
-1518
-1689
-1811
-1804
-1775
-1854
-1954
-1936
-1849
-1820
-1852
-1824
-1698
-1593
-1575
-1525
-1377
-1228
-1165
-1096
-945
-788
-704
-661
-521
-325
-228
-214
-129
50
187
197
219
330
439
461
445
503
588
596
531
536
589
610
544
483
479
445
377
317
294
237
106
9
-1
-50
-186
-317
-347
-378
-527
-711
-764
-747
-843
-1055
-1198
-1186
-1172
-1306
-1508
-1564
-1516
-1543
-1694
-1792
-1720
-1681
-1788
-1880
-1817
-1706
-1724
-1780
-1718
-1584
-1504
-1495
-1413
-1264
-1117
-1015
-916
-748
-552
-377
-244
-89
127
349
553
717
906
1119
1328
1523
1712
1902
2065
2238
2411
2574
2674
2786
2924
3039
3086
3108
3185
3240
3227
3167
3138
3123
3067
2961
2837
2718
2612
2472
2296
2113
1949
1777
1558
1336
1148
961
722
479
271
88
-116
-348
-553
-705
-847
-1023
-1225
-1367
-1420
-1485
-1649
-1812
-1823
-1757
-1799
-1965
-2021
-1879
-1752
-1827
-1940
-1833
-1588
-1500
-1602
-1597
-1362
-1130
-1113
-1173
-1028
-759
-647
-679
-634
-428
-259
-245
-247
-129
24
76
65
126
238
275
247
260
350
373
313
288
354
364
265
200
253
263
126
3
16
50
-54
-212
-257
-229
-309
-446
-540
-569
-613
-726
-847
-907
-925
-1028
-1192
-1269
-1249
-1309
-1483
-1558
-1491
-1517
-1698
-1793
-1672
-1608
-1756
-1891
-1792
-1622
-1639
-1739
-1707
-1539
-1419
-1407
-1406
-1265
-1018
-872
-864
-790
-521
-237
-133
-78
140
449
650
757
951
1208
1415
1567
1763
1965
2130
2304
2494
2629
2708
2835
2995
3098
3136
3172
3221
3266
3284
3252
3170
3106
3090
3031
2862
2686
2595
2506
2302
2058
1889
1759
1568
1311
1084
897
720
488
248
30
-156
-317
-518
-741
-908
-1014
-1153
-1318
-1450
-1513
-1582
-1695
-1784
-1802
-1810
-1824
-1847
-1855
-1818
-1770
-1718
-1692
-1640
-1548
-1468
-1399
-1314
-1180
-1068
-996
-904
-792
-655
-545
-469
-378
-251
-142
-79
-19
70
183
247
264
310
391
446
477
478
479
514
546
536
501
480
491
484
416
354
326
306
235
149
77
36
-22
-105
-202
-323
-390
-417
-493
-667
-791
-783
-814
-991
-1157
-1169
-1145
-1257
-1453
-1542
-1496
-1459
-1578
-1743
-1739
-1615
-1588
-1728
-1811
-1659
-1477
-1510
-1645
-1535
-1252
-1138
-1217
-1164
-890
-670
-608
-549
-340
-79
91
207
372
600
837
1002
1144
1337
1565
1761
1887
2017
2205
2367
2469
2585
2709
2800
2839
2907
2978
2978
2965
2984
2987
2900
2789
2756
2720
2580
2406
2277
2177
2022
1817
1622
1474
1321
1090
824
642
525
334
51
-183
-278
-381
-630
-882
-958
-995
-1183
-1430
-1517
-1478
-1539
-1722
-1845
-1814
-1745
-1789
-1893
-1915
-1798
-1695
-1748
-1799
-1687
-1494
-1437
-1506
-1450
-1227
-1064
-1063
-1068
-931
-762
-675
-629
-544
-433
-344
-263
-205
-142
-70
13
80
103
114
155
255
315
275
234
272
355
363
286
245
291
309
222
146
137
155
97
-5
-90
-98
-89
-168
-323
-422
-414
-445
-574
-711
-723
-736
-876
-1018
-1038
-1032
-1118
-1251
-1311
-1319
-1356
-1389
-1413
-1450
-1499
-1482
-1422
-1418
-1437
-1387
-1309
-1274
-1240
-1118
-979
-907
-833
-690
-543
-440
-277
-60
105
196
341
590
822
943
1075
1290
1492
1637
1782
1968
2122
2239
2351
2472
2594
2692
2759
2822
2861
2883
2886
2879
2892
2873
2775
2642
2571
2530
2446
2252
2045
1935
1848
1664
1422
1240
1100
926
680
437
289
179
-31
-307
-500
-598
-723
-914
-1092
-1188
-1287
-1435
-1552
-1584
-1599
-1690
-1806
-1828
-1764
-1723
-1776
-1828
-1754
-1637
-1613
-1646
-1573
-1396
-1288
-1320
-1301
-1125
-924
-863
-884
-778
-598
-493
-462
-368
-221
-147
-128
-70
59
151
165
177
246
316
316
316
372
418
393
337
343
402
414
345
274
272
279
222
144
134
128
23
-115
-139
-91
-139
-332
-471
-431
-418
-574
-745
-765
-730
-829
-1030
-1111
-1056
-1044
-1191
-1364
-1378
-1296
-1299
-1443
-1512
-1438
-1398
-1457
-1473
-1372
-1284
-1302
-1335
-1207
-1045
-986
-964
-838
-636
-547
-488
-319
-80
101
183
294
512
753
936
1058
1199
1399
1599
1760
1894
2048
2206
2317
2393
2510
2652
2728
2740
2789
2865
2865
2832
2835
2863
2814
2680
2567
2517
2473
2329
2138
1972
1831
1698
1517
1298
1104
932
740
510
312
156
-24
-234
-445
-615
-761
-917
-1064
-1188
-1327
-1487
-1592
-1635
-1693
-1794
-1877
-1909
-1914
-1913
-1911
-1904
-1878
-1839
-1805
-1757
-1687
-1596
-1500
-1450
-1378
-1271
-1150
-1030
-929
-838
-741
-634
-534
-415
-308
-210
-142
-81
5
108
201
250
279
333
414
446
453
503
547
537
509
538
574
541
490
477
486
424
330
300
322
269
131
24
12
25
-54
-224
-345
-351
-360
-480
-664
-724
-711
-776
-935
-1065
-1069
-1059
-1133
-1261
-1357
-1375
-1332
-1329
-1419
-1527
-1496
-1377
-1346
-1426
-1444
-1302
-1169
-1172
-1183
-1055
-872
-742
-693
-646
-493
-247
-42
35
81
290
595
765
805
952
1251
1457
1489
1563
1820
2071
2142
2163
2282
2464
2577
2609
2632
2678
2743
2761
2734
2696
2699
2690
2593
2468
2387
2330
2211
2052
1898
1766
1597
1429
1281
1108
899
694
547
370
165
-28
-177
-335
-534
-707
-826
-936
-1081
-1225
-1337
-1427
-1508
-1575
-1636
-1706
-1740
-1751
-1779
-1787
-1751
-1715
-1702
-1708
-1649
-1526
-1454
-1438
-1409
-1267
-1125
-1090
-1072
-929
-746
-692
-680
-592
-399
-274
-267
-240
-107
35
87
84
151
278
335
332
340
433
514
496
434
467
556
546
442
419
492
487
354
275
335
336
202
67
73
89
-6
-147
-231
-256
-322
-426
-530
-607
-649
-721
-855
-949
-970
-998
-1118
-1224
-1235
-1242
-1323
-1393
-1353
-1325
-1398
-1460
-1364
-1253
-1298
-1344
-1215
-1049
-1022
-1031
-887
-682
-582
-538
-416
-197
-25
89
214
392
591
777
923
1055
1234
1429
1574
1684
1836
2013
2134
2199
2308
2432
2504
2545
2593
2645
2658
2632
2617
2602
2551
2461
2381
2304
2201
2082
1948
1802
1646
1488
1329
1161
976
798
624
434
233
58
-104
-278
-467
-642
-788
-923
-1057
-1203
-1322
-1434
-1530
-1602
-1657
-1728
-1808
-1835
-1823
-1822
-1853
-1850
-1795
-1751
-1748
-1720
-1624
-1511
-1460
-1435
-1353
-1225
-1113
-1037
-969
-877
-762
-652
-581
-503
-378
-259
-187
-163
-82
61
152
160
184
281
376
394
408
462
513
526
530
542
560
580
567
547
519
502
499
486
433
356
303
269
232
164
70
0
-45
-101
-221
-335
-376
-406
-511
-692
-771
-739
-775
-976
-1115
-1078
-1058
-1185
-1337
-1317
-1239
-1314
-1451
-1436
-1308
-1272
-1361
-1354
-1217
-1128
-1107
-1046
-921
-777
-696
-622
-478
-299
-140
-25
89
270
497
657
773
923
1137
1306
1410
1552
1733
1888
1973
2056
2173
2291
2359
2419
2475
2504
2502
2523
2543
2503
2436
2392
2351
2259
2141
2048
1966
1834
1665
1508
1380
1241
1075
893
711
531
369
215
38
-132
-268
-416
-593
-743
-835
-926
-1080
-1218
-1271
-1321
-1426
-1519
-1542
-1532
-1586
-1655
-1637
-1564
-1569
-1609
-1572
-1490
-1438
-1418
-1361
-1283
-1205
-1152
-1073
-977
-902
-831
-735
-655
-596
-513
-393
-298
-265
-208
-113
-8
41
74
134
208
265
285
297
348
426
453
422
387
443
515
477
392
394
456
428
327
287
313
286
183
111
92
44
-42
-115
-183
-262
-346
-389
-451
-567
-651
-689
-757
-878
-933
-941
-1005
-1133
-1176
-1136
-1160
-1272
-1311
-1239
-1208
-1265
-1300
-1226
-1141
-1109
-1097
-1034
-926
-788
-692
-649
-562
-378
-168
-72
-32
130
395
541
600
727
949
1141
1238
1326
1473
1657
1786
1878
1957
2031
2146
2248
2287
2288
2310
2376
2394
2342
2295
2281
2240
2159
2066
1963
1838
1740
1653
1502
1294
1141
1063
923
694
490
376
247
46
-149
-270
-397
-560
-706
-823
-953
-1068
-1136
-1208
-1336
-1446
-1457
-1447
-1503
-1596
-1605
-1542
-1514
-1552
-1551
-1486
-1401
-1367
-1358
-1311
-1207
-1077
-1036
-1021
-936
-790
-684
-659
-606
-484
-382
-342
-288
-168
-87
-62
1
93
149
158
211
295
329
326
325
361
417
436
400
357
374
427
431
332
244
293
347
259
95
72
153
110
-57
-167
-158
-138
-221
-370
-468
-474
-471
-553
-718
-831
-806
-797
-920
-1065
-1088
-1041
-1062
-1187
-1255
-1230
-1190
-1186
-1227
-1245
-1220
-1128
-1055
-1052
-1049
-937
-774
-714
-708
-598
-391
-252
-188
-73
131
287
397
563
740
870
1002
1185
1352
1464
1579
1719
1870
1978
2067
2146
2212
2292
2366
2413
2386
2379
2434
2434
2346
2254
2258
2239
2112
1956
1855
1790
1668
1501
1330
1183
1039
901
741
542
363
232
85
-101
-280
-424
-527
-671
-826
-971
-1069
-1124
-1186
-1304
-1436
-1470
-1428
-1460
-1586
-1633
-1554
-1476
-1554
-1626
-1532
-1375
-1338
-1396
-1370
-1209
-1076
-1079
-1074
-972
-818
-721
-694
-651
-528
-397
-327
-298
-243
-129
-15
38
53
88
179
260
282
290
311
375
426
430
417
435
486
491
447
420
446
458
406
355
342
330
274
192
160
143
75
-29
-82
-82
-135
-274
-385
-397
-404
-503
-664
-741
-713
-730
-891
-1023
-1012
-955
-1015
-1179
-1236
-1151
-1095
-1178
-1278
-1249
-1128
-1081
-1122
-1128
-1024
-872
-810
-803
-734
-578
-417
-328
-256
-136
45
225
339
439
580
767
933
1046
1153
1296
1457
1585
1672
1758
1870
1991
2051
2082
2140
2188
2222
2219
2207
2215
2192
2130
2077
2033
1961
1848
1728
1640
1546
1410
1256
1122
1013
866
679
522
401
289
108
-71
-200
-290
-413
-588
-726
-812
-846
-961
-1112
-1192
-1188
-1204
-1317
-1403
-1389
-1331
-1367
-1438
-1435
-1357
-1303
-1309
-1316
-1266
-1157
-1087
-1073
-1046
-965
-854
-798
-766
-714
-625
-529
-478
-440
-384
-310
-241
-184
-150
-126
-75
1
56
54
37
88
169
197
159
132
175
232
232
175
149
168
196
171
95
51
60
76
41
-43
-104
-105
-103
-152
-266
-341
-348
-345
-407
-534
-603
-591
-584
-676
-806
-847
-813
-807
-899
-1002
-1006
-942
-926
-998
-1047
-992
-914
-879
-892
-879
-797
-695
-622
-579
-522
-419
-276
-149
-69
2
137
330
482
563
644
807
1011
1143
1212
1299
1453
1623
1700
1746
1814
1932
2042
2080
2081
2096
2151
2177
2160
2108
2070
2043
2004
1942
1836
1728
1634
1570
1456
1283
1136
1039
933
774
586
445
336
197
37
-125
-250
-367
-490
-611
-726
-821
-911
-994
-1069
-1129
-1189
-1227
-1254
-1285
-1308
-1317
-1306
-1281
-1268
-1268
-1230
-1183
-1130
-1100
-1052
-961
-891
-844
-802
-710
-616
-564
-523
-461
-361
-279
-256
-220
-148
-69
-25
-16
22
78
143
159
158
179
205
242
244
225
215
222
237
231
192
155
154
161
143
78
10
7
10
-59
-153
-206
-200
-218
-298
-389
-445
-446
-485
-562
-642
-697
-728
-767
-809
-854
-902
-934
-938
-956
-998
-1046
-1052
-1013
-988
-1008
-1039
-987
-882
-823
-825
-809
-689
-553
-483
-446
-377
-229
-71
20
93
199
363
529
646
733
847
1020
1168
1280
1348
1436
1578
1696
1782
1813
1863
1960
2041
2064
2044
2047
2086
2098
2055
1979
1924
1905
1852
1756
1637
1530
1442
1341
1210
1071
936
813
694
547
395
243
105
-2
-118
-267
-415
-531
-607
-688
-821
-952
-1021
-1046
-1105
-1205
-1286
-1299
-1277
-1304
-1365
-1391
-1335
-1281
-1287
-1308
-1285
-1205
-1137
-1122
-1106
-1028
-932
-876
-843
-785
-696
-620
-568
-512
-448
-362
-297
-249
-192
-136
-86
-47
6
50
88
115
142
155
179
199
207
220
207
211
205
217
194
150
138
147
129
60
24
12
12
-44
-130
-164
-170
-204
-297
-383
-397
-418
-488
-567
-610
-619
-674
-750
-776
-775
-808
-878
-921
-888
-879
-929
-963
-920
-856
-857
-891
-876
-762
-667
-654
-659
-581
-427
-329
-299
-250
-111
54
149
198
287
438
606
715
791
889
1025
1179
1273
1331
1393
1513
1650
1704
1717
1744
1833
1913
1923
1883
1866
1912
1921
1866
1785
1744
1730
1670
1552
1440
1367
1292
1189
1061
935
812
689
567
457
334
180
46
-60
-132
-258
-433
-547
-587
-624
-754
-901
-958
-932
-963
-1094
-1182
-1156
-1090
-1122
-1217
-1232
-1129
-1074
-1106
-1150
-1093
-969
-919
-928
-925
-810
-701
-673
-673
-617
-521
-445
-408
-393
-321
-239
-196
-174
-147
-94
-45
-17
6
28
63
84
102
112
101
111
117
116
105
89
92
95
74
25
3
15
-14
-56
-97
-104
-113
-174
-238
-276
-279
-322
-386
-433
-445
-473
-528
-581
-616
-625
-679
-730
-748
-748
-768
-837
-854
-809
-799
-843
-881
-838
-750
-740
-776
-759
-651
-556
-549
-544
-438
-286
-187
-167
-120
39
199
279
316
417
579
721
806
885
1002
1131
1248
1327
1387
1467
1561
1655
1719
1725
1752
1805
1853
1861
1812
1783
1789
1788
1721
1627
1570
1530
1459
1339
1208
1117
1042
922
775
647
537
415
265
135
25
-97
-226
-341
-427
-524
-649
-752
-809
-843
-926
-1047
-1078
-1060
-1080
-1153
-1211
-1170
-1109
-1131
-1183
-1153
-1056
-1000
-1020
-1014
-922
-825
-790
-793
-736
-609
-543
-536
-491
-388
-295
-287
-272
-192
-95
-58
-71
-33
50
103
95
86
119
174
204
177
158
178
209
223
186
151
160
177
153
121
82
56
56
54
11
-58
-107
-99
-95
-170
-247
-278
-250
-287
-388
-456
-458
-452
-496
-569
-628
-631
-636
-661
-717
-761
-769
-760
-769
-794
-799
-775
-758
-742
-720
-696
-678
-628
-537
-486
-487
-444
-291
-167
-144
-120
22
185
285
329
422
584
727
818
869
979
1121
1255
1315
1359
1469
1597
1659
1671
1735
1815
1845
1824
1835
1880
1882
1828
1795
1785
1738
1659
1582
1535
1454
1354
1252
1153
1054
938
820
690
572
454
335
201
83
-22
-151
-284
-373
-422
-529
-673
-764
-778
-815
-929
-1027
-1031
-1017
-1059
-1142
-1176
-1116
-1087
-1125
-1161
-1125
-1054
-1012
-1022
-1008
-931
-866
-840
-821
-759
-680
-645
-620
-553
-477
-444
-426
-367
-269
-225
-249
-225
-106
-25
-73
-100
-19
92
94
34
41
121
169
158
123
110
170
209
169
73
77
169
165
29
-15
70
84
-29
-113
-63
-52
-136
-217
-201
-230
-297
-327
-357
-422
-480
-459
-488
-600
-638
-572
-599
-723
-750
-660
-675
-777
-761
-656
-666
-743
-678
-581
-591
-602
-503
-394
-402
-361
-203
-128
-127
-52
135
235
222
331
522
584
609
732
878
934
965
1093
1192
1222
1277
1382
1412
1390
1467
1551
1506
1450
1506
1572
1485
1366
1389
1420
1314
1173
1128
1109
1027
895
788
711
626
538
416
253
158
141
32
-171
-294
-279
-321
-509
-673
-681
-650
-758
-918
-963
-929
-934
-1032
-1113
-1108
-1061
-1064
-1121
-1132
-1081
-1027
-1030
-1044
-1019
-948
-889
-882
-879
-798
-717
-705
-692
-615
-512
-492
-490
-418
-320
-300
-301
-227
-149
-149
-132
-53
-21
-45
-13
75
76
6
58
168
130
25
68
158
98
21
72
116
28
-27
42
27
-97
-111
-24
-91
-256
-211
-101
-224
-405
-332
-220
-384
-535
-438
-354
-509
-634
-528
-483
-616
-664
-577
-601
-673
-607
-545
-660
-696
-505
-423
-606
-640
-372
-246
-417
-451
-193
-56
-137
-109
77
147
161
288
427
404
441
676
803
726
765
997
1106
1044
1081
1255
1303
1274
1347
1438
1400
1376
1477
1509
1409
1361
1442
1429
1300
1253
1281
1206
1090
1048
1012
867
739
720
673
506
358
329
259
130
17
-64
-170
-255
-309
-407
-537
-620
-610
-652
-784
-850
-828
-837
-910
-962
-967
-951
-942
-971
-976
-959
-908
-879
-877
-844
-787
-747
-731
-671
-625
-591
-547
-490
-441
-414
-357
-304
-287
-243
-164
-126
-146
-95
15
22
-31
16
123
99
33
89
167
114
65
148
177
73
58
170
170
25
18
141
119
-31
-27
69
-19
-125
-59
-18
-167
-236
-119
-110
-303
-355
-209
-227
-417
-428
-306
-367
-511
-470
-381
-506
-579
-450
-411
-575
-609
-429
-395
-544
-531
-351
-337
-422
-348
-194
-205
-225
-66
40
-25
25
238
339
269
323
555
629
582
668
850
895
890
1005
1131
1134
1157
1289
1350
1298
1338
1454
1467
1396
1403
1482
1445
1378
1388
1374
1287
1228
1228
1169
1044
981
973
901
742
657
631
541
401
301
254
161
63
-26
-106
-203
-272
-320
-405
-503
-563
-580
-623
-690
-745
-778
-774
-775
-810
-836
-838
-802
-799
-800
-795
-783
-752
-710
-677
-691
-667
-596
-531
-537
-538
-472
-398
-385
-375
-337
-299
-267
-215
-187
-196
-178
-106
-56
-98
-109
-53
-7
-37
-58
-32
-26
-49
-36
-21
-71
-111
-63
-45
-118
-170
-141
-110
-167
-209
-209
-212
-246
-246
-249
-300
-351
-328
-296
-346
-411
-423
-391
-394
-415
-436
-459
-459
-401
-380
-444
-484
-396
-305
-341
-407
-346
-238
-215
-226
-212
-163
-104
-30
7
14
38
156
263
281
276
363
487
532
559
603
672
735
820
873
890
910
1008
1094
1091
1069
1112
1182
1198
1187
1170
1176
1184
1191
1176
1126
1061
1068
1089
1027
913
856
846
815
716
608
563
515
457
371
279
184
121
86
19
-104
-202
-226
-252
-341
-437
-483
-490
-531
-599
-630
-655
-673
-694
-706
-737
-760
-742
-706
-716
-739
-712
-664
-642
-636
-610
-583
-555
-521
-461
-420
-408
-369
-313
-272
-246
-228
-190
-155
-121
-97
-75
-52
-34
0
11
16
20
30
48
58
33
26
32
34
16
-13
-29
-32
-52
-85
-99
-122
-154
-176
-178
-217
-273
-293
-275
-303
-367
-390
-377
-380
-433
-456
-433
-436
-470
-458
-446
-460
-488
-459
-418
-432
-440
-421
-377
-346
-329
-294
-268
-234
-163
-114
-95
-72
11
96
131
149
221
301
351
398
447
496
554
629
686
711
726
786
851
891
888
909
957
981
986
992
999
993
1002
1002
986
958
930
913
890
840
799
753
711
682
628
541
465
415
361
294
207
120
56
13
-53
-137
-237
-291
-313
-383
-478
-543
-567
-601
-651
-708
-749
-778
-790
-809
-846
-873
-890
-879
-872
-888
-896
-885
-862
-838
-822
-814
-802
-756
-699
-687
-670
-636
-572
-536
-518
-469
-443
-415
-368
-314
-309
-309
-263
-202
-174
-195
-193
-152
-129
-128
-109
-108
-123
-108
-73
-86
-139
-140
-97
-102
-161
-186
-174
-174
-192
-199
-217
-271
-273
-236
-256
-327
-341
-281
-287
-342
-354
-318
-307
-335
-329
-305
-322
-341
-297
-255
-266
-287
-242
-174
-166
-171
-146
-95
-59
-38
-5
20
51
103
160
179
201
254
331
382
394
420
465
533
575
592
612
657
712
754
775
777
812
859
882
879
866
897
933
933
907
888
909
913
887
865
829
806
782
758
730
660
620
607
572
514
449
411
377
318
257
210
159
114
69
20
-50
-112
-122
-148
-208
-272
-301
-296
-316
-364
-399
-423
-429
-430
-458
-493
-497
-478
-467
-489
-511
-505
-487
-467
-455
-468
-467
-446
-406
-389
-416
-398
-353
-327
-334
-341
-320
-300
-277
-258
-266
-285
-270
-230
-221
-236
-242
-223
-206
-209
-211
-221
-230
-225
-205
-218
-258
-260
-221
-215
-244
-262
-253
-236
-245
-247
-262
-266
-257
-237
-223
-247
-254
-225
-196
-204
-211
-190
-154
-141
-136
-130
-106
-79
-57
-27
-19
-7
19
62
90
92
112
154
191
228
256
272
310
341
363
392
410
427
456
489
506
517
535
564
582
588
603
625
639
636
641
660
652
651
667
659
648
643
652
637
609
595
596
575
541
522
501
478
445
428
407
369
324
301
281
237
193
168
143
91
57
41
9
-28
-66
-97
-119
-151
-181
-211
-227
-261
-286
-296
-318
-337
-360
-367
-387
-397
-411
-432
-427
-434
-439
-446
-457
-452
-455
-449
-456
-455
-448
-455
-445
-433
-426
-433
-425
-405
-396
-388
-385
-379
-364
-355
-358
-351
-334
-325
-322
-316
-305
-298
-302
-289
-275
-268
-272
-270
-246
-238
-247
-250
-228
-208
-208
-201
-199
-183
-168
-160
-143
-138
-143
-116
-84
-79
-72
-66
-32
-11
-9
1
20
39
54
82
86
98
127
149
171
175
187
210
234
252
257
265
281
302
313
319
329
351
376
386
389
386
411
432
428
427
437
444
454
468
462
461
466
473
479
483
473
464
469
476
454
425
427
432
431
409
391
379
373
364
335
319
306
286
270
266
249
225
201
180
158
129
114
86
74
53
25
4
-21
-39
-64
-82
-116
-128
-140
-154
-174
-199
-210
-227
-235
-253
-262
-285
-290
-295
-319
-333
-342
-335
-347
-355
-362
-364
-367
-372
-375
-375
-373
-376
-362
-364
-370
-360
-357
-347
-350
-353
-338
-332
-327
-322
-313
-303
-289
-284
-278
-261
-256
-240
-223
-221
-208
-199
-182
-165
-164
-149
-135
-126
-110
-101
-98
-75
-60
-41
-38
-27
-3
5
27
28
41
53
66
70
73
90
100
107
130
133
136
148
149
164
163
171
177
190
187
196
206
205
216
211
213
221
229
223
225
242
238
230
233
227
228
227
225
221
221
217
212
212
212
200
193
188
181
175
162
167
155
141
133
134
130
120
109
95
91
87
84
82
78
68
57
55
56
48
33
19
14
5
9
0
0
1
-6
-10
-18
-23
-41
-41
-51
-60
-74
-71
-83
-91
-94
-102
-102
-111
-111
-119
-120
-132
-136
-137
-147
-164
-167
-174
-184
-188
-198
-199
-202
-217
-230
-233
-232
-223
-228
-235
-237
-232
-236
-227
-231
-239
-224
-233
-227
-222
-225
-224
-215
-210
-206
-195
-193
-189
-183
-174
-168
-163
-155
-143
-130
-122
-113
-93
-84
-73
-57
-52
-35
-23
-10
12
17
31
43
47
58
68
91
98
102
116
119
131
138
142
152
159
162
176
193
188
198
205
205
210
211
208
213
210
210
213
213
213
218
214
208
203
181
187
186
178
169
167
158
162
162
156
158
145
136
135
135
131
123
113
114
105
100
92
88
87
75
72
64
63
62
53
39
37
41
28
18
14
12
12
4
-8
-15
-10
-22
-23
-26
-37
-38
-41
-51
-60
-70
-71
-72
-86
-90
-91
-90
-104
-107
-114
-110
-112
-126
-129
-141
-144
-150
-145
-146
-147
-162
-159
-148
-153
-151
-157
-156
-158
-156
-153
-148
-160
-151
-145
-143
-136
-138
-131
-135
-126
-122
-115
-116
-106
-99
-98
-87
-82
-73
-73
-63
-59
-55
-51
-43
-31
-29
-26
-27
-26
-22
-17
-6
0
13
15
23
44
51
50
59
70
75
80
87
97
91
105
117
108
107
105
119
118
123
130
130
135
133
133
136
145
142
144
143
142
149
148
150
143
133
136
131
132
136
127
117
111
120
121
112
111
109
95
91
101
92
82
71
66
69
67
61
58
53
44
33
25
25
15
9
-3
-9
-13
-20
-26
-34
-38
-47
-49
-54
-59
-60
-61
-69
-75
-85
-92
-89
-104
-102
-94
-98
-99
-107
-107
-105
-114
-119
-123
-116
-117
-120
-122
-122
-121
-132
-133
-136
-138
-135
-140
-138
-136
-142
-136
-133
-136
-130
-132
-120
-111
-112
-100
-98
-92
-101
-95
-85
-94
-82
-72
-73
-62
-60
-56
-48
-43
-37
-37
-26
-21
-17
-13
-7
6
7
12
12
19
26
37
39
36
48
46
41
45
54
64
66
61
67
74
81
86
88
92
102
96
102
101
99
101
99
106
107
118
112
114
114
120
124
118
111
102
98
98
110
100
95
94
86
86
82
76
80
71
57
59
58
54
52
52
52
39
40
37
35
31
20
11
4
2
0
-3
-23
-24
-31
-30
-32
-32
-35
-51
-49
-53
-53
-53
-50
-57
-61
-63
-61
-63
-77
-78
-75
-86
-85
-82
-82
-73
-78
-80
-88
-97
-99
-104
-103
-110
-99
-92
-95
-92
-85
-88
-101
-87
-92
-90
-96
-104
-97
-89
-81
-87
-82
-74
-72
-70
-62
-62
-57
-64
-64
-62
-53
-44
-42
-38
-33
-25
-24
-10
-7
1
0
-4
0
2
9
12
16
18
28
35
37
42
53
53
57
60
60
61
64
70
78
76
76
83
83
91
91
96
99
96
103
105
113
112
114
120
113
120
123
111
118
127
120
122
120
126
133
133
129
126
127
124
123
127
119
116
117
105
104
94
89
86
82
81
83
73
63
63
51
47
43
32
28
22
9
13
6
0
-13
-22
-26
-29
-29
-40
-36
-41
-42
-60
-59
-57
-64
-60
-72
-76
-79
-88
-86
-86
-91
-93
-103
-101
-108
-112
-101
-108
-117
-123
-117
-115
-119
-116
-124
-111
-110
-107
-105
-111
-105
-104
-97
-104
-98
-91
-90
-89
-86
-81
-86
-87
-79
-81
-83
-76
-71
-70
-63
-56
-53
-49
-46
-44
-37
-37
-35
-16
-25
-22
-8
-6
-1
3
12
19
32
33
31
34
35
35
46
51
56
60
63
69
74
83
81
82
88
93
101
103
107
107
108
114
112
116
111
119
124
124
125
121
123
113
128
120
114
130
126
124
117
114
110
107
105
104
107
96
99
95
92
90
93
90
79
78
67
67
58
51
48
44
33
28
17
11
1
-2
-4
-18
-9
-9
-17
-33
-42
-43
-44
-44
-42
-51
-48
-46
-55
-53
-60
-69
-72
-70
-71
-75
-86
-91
-96
-96
-110
-108
-104
-113
-120
-114
-117
-117
-113
-123
-119
-122
-118
-122
-130
-132
-129
-130
-125
-121
-117
-113
-109
-103
-105
-107
-106
-102
-102
-87
-87
-81
-78
-68
-63
-63
-66
-64
-54
-55
-48
-41
-35
-34
-22
-20
-20
-9
-1
0
2
9
22
22
25
28
33
41
46
57
59
65
71
83
82
83
89
93
96
95
95
100
101
105
105
102
99
99
101
98
93
95
102
98
103
99
98
96
94
88
88
96
93
98
83
79
73
73
77
64
70
59
60
57
58
60
44
48
33
35
26
21
19
10
6
-6
-4
-4
-7
-17
-18
-23
-26
-26
-33
-35
-34
-48
-42
-38
-57
-63
-60
-60
-69
-64
-69
-63
-67
-67
-68
-78
-83
-93
-84
-83
-82
-82
-82
-83
-78
-83
-74
-75
-79
-80
-81
-82
-86
-90
-87
-75
-77
-74
-81
-79
-77
-85
-74
-67
-75
-65
-65
-63
-64
-55
-52
-57
-48
-49
-46
-40
-33
-30
-23
-16
-11
-13
-8
-12
-7
0
4
10
10
14
17
23
22
26
19
16
21
18
12
13
16
16
18
17
22
14
21
35
30
35
28
24
30
30
30
24
32
36
32
24
29
32
34
34
25
27
34
32
25
25
18
24
22
28
26
23
26
22
22
19
20
28
22
14
18
19
31
15
18
22
15
14
18
15
14
20
13
6
0
-1
-4
2
1
2
-7
-5
2
-3
-1
-1
8
-1
-3
-3
1
-3
-9
-10
-13
-6
-8
-12
-15
-5
-6
-4
-2
-17
-16
-17
-13
-6
-12
-12
-5
-1
-2
-12
-7
-7
-14
-2
-2
-7
-4
-10
-11
0
2
5
-3
-5
-7
-13
-11
-13
-2
-5
0
-5
-18
-12
-21
-7
1
-9
4
3
-6
-10
-6
-7
-4
-4
2
-6
-15
3
4
4
3
10
13
13
13
13
16
23
24
24
29
33
27
32
32
28
37
30
42
36
35
36
25
22
23
27
28
23
35
44
31
38
34
24
17
19
24
15
13
25
28
22
22
18
17
23
19
18
19
17
11
6
9
10
15
18
25
11
26
35
24
23
21
30
32
37
19
16
10
17
11
5
9
11
9
-4
2
0
-7
-9
-12
-19
-21
-15
-22
-16
-9
-13
-7
-7
2
0
-10
1
0
-6
1
0
1
3
3
7
4
11
12
18
13
13
19
15
17
15
10
2
9
6
4
2
10
19
6
9
7
13
11
3
9
1
11
0
-9
-5
-7
-6
-1
-5
-13
-6
-12
-11
-18
-13
-10
-10
-12
-6
-2
-10
0
-9
-7
-5
3
-8
-3
7
-4
-11
-6
-3
2
2
-1
8
3
4
-12
0
4
3
4
-3
9
7
8
13
16
15
8
6
4
0
-1
0
-1
1
3
-3
-6
4
-3
-2
-8
-4
12
8
10
-10
-13
-4
-3
-5
-5
-1
-9
-8
0
2
-3
8
-3
1
0
-3
-9
-2
13
9
20
15
12
9
10
9
9
1
12
8
11
0
-10
-2
-19
-4
-10
-7
-12
-6
-5
-18
-10
-15
-14
-10
-10
-10
-5
-5
-10
-6
-6
-14
-7
-8
-9
-11
-9
-7
-14
-10
-12
-1
-2
-6
-8
-10
-1
-6
-5
-9
-7
-4
4
4
-1
3
-1
0
-3
3
6
3
3
8
7
-1
5
-3
-1
3
-4
3
7
10
-2
-2
8
4
6
3
7
9
11
10
14
21
13
15
14
16
16
15
23
16
15
10
16
24
7
10
12
1
-1
3
4
-7
-4
-11
-19
-8
-14
-24
-23
-22
-13
-15
-23
-16
-12
-17
-17
-16
-12
-17
-19
-13
-19
-20
-13
-12
-13
-13
-24
-22
-18
-22
-22
-24
-24
-25
-20
-25
-25
-28
-18
-27
-28
-18
-22
-22
-32
-26
-38
-28
-25
-29
-12
-17
-10
-13
-11
-8
-9
-5
-22
-19
-5
-18
-22
-20
-22
-25
-33
-25
-19
-19
-22
-23
-17
-12
-16
-13
2
11
-3
-3
7
2
3
-6
-5
0
-3
-14
-6
-15
-13
0
-15
-14
-11
-10
-7
1
-9
-7
-7
-13
-4
-18
-21
-15
-6
-15
-14
7
7
-9
-17
-15
-4
-3
-13
-2
-3
-3
0
-9
-9
-14
-15
-6
0
-3
2
4
5
6
-3
1
10
-2
-8
3
-3
-5
1
-1
-2
4
-2
2
-2
-6
-2
1
6
3
8
9
3
0
-1
-2
4
1
3
-1
2
2
0
8
0
10
-2
3
13
16
23
16
18
15
22
25
19
18
17
20
12
16
27
21
18
11
10
2
-3
10
9
4
8
11
5
-3
0
1
-4
-3
-3
7
13
13
12
12
5
10
7
-1
-10
-3
6
-11
-1
-9
-12
-1
-9
-11
-5
-9
-15
-7
-7
-10
-6
-3
-5
6
10
-2
1
17
16
15
28
23
21
19
32
24
18
22
15
20
13
9
13
20
13
11
15
19
20
17
16
22
22
19
21
21
37
29
17
21
26
31
31
25
23
27
13
13
11
13
6
4
4
0
2
-2
-3
2
4
-4
3
1
0
2
12
6
9
12
14
4
4
12
6
14
3
12
14
9
-3
-4
-6
-4
5
-1
4
2
6
3
-10
-9
0
-3
3
1
2
3
10
16
7
11
12
6
5
10
12
12
6
18
13
16
16
14
6
-2
10
-5
0
1
2
11
2
3
17
15
15
16
13
13
15
17
12
10
11
12
7
8
11
5
-10
-3
-5
-17
-3
2
-7
-12
-6
-9
-9
-5
-11
-8
-11
-15
-19
-25
-17
-27
-34
-27
-8
-18
-5
-4
-16
-8
-15
0
-1
-3
-15
-13
-6
1
-3
-17
-3
3
9
3
-9
-8
-7
-10
-7
-11
-7
-9
-3
3
10
13
23
23
21
25
23
13
0
13
15
4
2
15
-10
5
10
-18
-4
4
3
13
19
-1
5
4
6
4
6
10
5
13
12
17
13
19
28
16
17
12
12
8
-3
5
3
4
-5
-9
-6
-13
-16
-14
-16
-23
-26
-28
-26
-24
-14
-13
-19
-19
-13
-14
-11
-12
-17
-10
-8
-6
-15
-14
-13
-7
0
-13
-13
-7
-21
-15
-19
-23
-25
-25
-23
-34
-34
-26
-20
-31
-18
-16
-17
-6
-5
-2
-9
-9
-7
-2
1
0
5
7
3
4
-3
-11
-2
-2
-10
-5
-10
-14
-14
-19
-16
-19
-12
-4
-13
7
9
0
7
7
16
8
9
6
5
15
15
13
22
19
13
10
8
8
9
13
0
1
-6
-6
-10
-10
-4
-3
-2
-8
-7
-9
-11
-13
-11
-13
-4
4
2
0
-3
7
13
6
-6
-8
-10
-9
-4
-16
-16
-15
-18
-7
-19
-18
-16
-19
-32
-28
-26
-26
-23
-30
-19
-19
-5
-3
2
0
-3
2
6
5
5
9
-7
1
-2
1
5
2
4
-6
0
-3
-8
-12
-12
-7
-2
-5
-10
-6
-4
-5
-9
-5
-12
-8
-11
-18
-3
-4
-7
-3
-7
-13
-22
-26
-27
-32
-25
-17
-16
-19
-11
-20
-17
-10
-15
-22
-24
-24
-28
-15
-17
-13
-9
-7
3
5
8
5
-1
-5
2
1
-5
-9
-8
-10
-11
-6
3
6
0
-2
1
0
-2
-12
-6
-4
-6
-5
-1
3
6
13
12
8
4
7
1
11
7
6
9
7
15
3
8
6
4
10
3
-4
0
-3
10
4
8
9
9
9
0
7
0
0
-11
-10
0
5
1
3
3
6
3
-6
4
0
8
7
3
7
5
13
9
7
3
-4
0
0
11
-4
1
-7
-8
3
-14
-7
-9
3
-3
-1
-2
-10
-13
-16
-17
-12
-11
-5
9
0
9
3
-4
-11
-10
-10
-2
-3
2
12
12
15
17
22
18
22
21
17
20
17
13
22
16
22
24
17
16
21
21
18
16
9
13
18
16
6
5
16
19
14
13
16
16
19
19
17
15
9
6
2
10
3
3
12
5
10
10
15
15
16
13
22
11
9
21
19
26
7
7
8
2
7
4
9
15
21
23
27
33
34
23
19
14
5
7
0
3
-1
8
16
21
16
4
13
9
10
9
19
17
25
22
13
20
19
22
25
21
23
21
12
28
22
21
12
8
10
3
11
11
10
10
13
22
17
19
20
20
26
23
34
29
35
32
27
25
21
28
15
11
7
15
9
8
13
13
9
-4
-10
-12
-15
-12
-16
-9
-9
-10
-2
-6
-10
-20
-13
-9
-3
-1
-5
-4
3
3
6
0
-6
0
-6
-5
-4
-9
-13
-14
-13
-4
-5
-7
-8
-1
-6
-6
-1
-6
-1
3
-6
-2
-4
-12
-6
6
13
0
5
-3
-3
5
-2
-13
-9
-6
-3
-10
-7
3
-3
9
1
3
-10
-14
-15
-22
-25
-29
-35
-22
-12
-13
-11
-11
-3
-8
5
-3
-1
3
6
11
12
-10
-3
13
3
2
-9
-16
-12
-16
-15
-4
-12
-19
-29
-22
-10
-7
-9
-1
5
12
8
3
0
3
0
-9
-2
-16
-10
-10
-2
-18
-23
-25
-26
-14
-21
-22
-21
-26
-22
-4
-14
-17
-23
-20
-23
-20
-24
-35
-36
-26
-19
-16
-13
-14
-4
-14
-4
0
1
8
15
11
-1
5
4
-4
9
5
-9
-12
-21
-14
0
-7
-11
-6
-6
-1
4
1
-5
-4
1
9
13
15
6
6
4
11
12
2
-2
-9
0
-13
-10
-13
-9
-16
-11
-13
-12
-12
-7
-3
-15
-10
-15
-10
-19
-10
-19
-15
-15
-13
-8
-12
-6
-5
1
4
8
7
15
5
6
10
5
-2
-12
-26
-6
-11
-9
-4
-21
-13
-11
-11
-21
-16
-13
-10
-10
-10
-6
6
4
11
9
16
14
3
16
20
