-10
0
-6
-4
-5
-9
-6
-2
-6
-9
-5
-2
0
-5
-8
-9
-13
-15
-11
-23
-18
-8
-10
-10
-10
-9
-5
-13
-12
-12
-10
-5
-10
-7
-16
-11
-8
-6
-12
-12
-16
-7
-3
-12
-6
-7
-7
-5
-7
-1
-4
-3
-2
-22
-9
-3
-8
-16
-24
-29
-25
-27
-22
-20
-28
-16
-21
-9
-13
-13
-10
-15
-21
-17
-4
-10
-4
-6
-4
0
-9
1
3
-13
-6
2
7
6
8
-1
4
11
-2
-1
-4
-11
-3
3
2
7
6
6
-3
2
-5
-2
7
7
13
10
13
10
8
6
18
16
15
10
7
13
14
15
10
13
5
3
7
2
-3
3
1
6
9
3
7
6
9
3
3
7
9
3
-4
-10
-6
7
-1
-10
-14
-9
-6
-7
-12
-12
-17
-8
-7
-19
-6
-10
-10
-9
-6
-2
-7
-12
-6
1
4
13
-2
0
-2
-3
3
4
6
9
5
0
-5
-10
-10
-6
-4
-5
7
0
4
4
8
8
6
5
3
4
1
6
3
3
0
-1
1
9
9
7
3
10
11
10
15
12
0
0
8
5
4
-7
3
5
0
4
9
15
9
15
16
16
15
11
7
9
8
6
9
11
10
6
8
4
10
7
-2
-7
-9
1
-1
10
10
6
5
2
3
8
9
6
6
9
17
14
23
23
14
16
26
17
12
19
12
15
10
25
21
17
17
17
30
28
31
21
23
23
21
17
9
3
10
6
7
7
3
12
13
13
3
5
6
10
2
-5
6
7
8
10
7
6
13
5
-1
3
7
4
7
7
1
8
0
4
4
6
9
4
15
1
11
10
5
14
10
9
3
7
2
3
-4
-3
-3
-11
-1
-1
-6
-6
-4
-2
-3
-1
-2
0
-9
-17
-11
-12
-2
-3
2
-3
-1
6
-2
6
4
10
10
7
12
11
9
8
-3
-1
9
7
10
14
15
8
8
4
6
10
9
15
15
8
6
5
12
11
7
0
-1
3
3
10
0
5
9
2
-6
-7
2
-4
0
0
-3
-7
-3
6
-7
-5
-8
-14
-7
-7
-10
0
-5
-4
-6
-12
-14
-23
-19
-18
-10
-6
-9
-17
-11
-16
-5
-7
-16
-13
-11
-6
-16
-10
-6
-6
-4
1
-6
-4
1
1
4
8
12
13
10
9
9
10
8
2
8
12
21
9
3
10
1
-1
0
4
-6
3
9
3
9
18
20
21
17
16
22
16
-3
-1
1
-4
1
0
3
-1
1
5
7
6
8
11
7
-3
4
3
8
11
0
0
0
-1
-7
-10
-13
-1
1
3
-2
-1
-2
-2
-6
-1
8
-6
-5
-4
1
-4
-11
-6
-2
-1
-5
6
-6
-9
-13
-17
-10
-17
-9
-13
1
-10
-11
0
-2
0
-6
-4
-7
3
-15
-12
-12
-9
-9
-14
-13
-12
-4
-18
-17
-15
-10
-2
3
-5
2
-5
-3
2
2
0
-4
-5
-6
-4
1
11
10
21
6
6
7
4
7
7
2
0
2
0
5
0
0
0
-1
-1
-7
-14
-7
-12
-10
-12
-17
-7
-6
-13
-15
-9
-7
-5
-6
-4
-2
-4
-5
-3
-6
7
4
3
10
5
3
7
0
5
0
-9
-3
-11
-9
-9
-6
-21
-5
-13
-20
-13
-20
-8
-14
-16
-15
-8
-9
-17
-21
-11
3
6
-4
-3
5
-3
5
18
15
17
16
14
25
22
10
13
18
20
22
15
21
10
8
11
11
9
2
-2
10
9
0
6
4
10
11
19
13
13
13
22
15
18
11
12
12
10
23
6
5
-1
6
1
8
7
7
6
5
7
2
3
-5
-6
-8
-9
-11
-16
-9
-4
-17
-18
-21
-16
-17
-17
-11
-9
-9
-5
2
-5
0
-7
0
1
1
5
9
10
12
5
15
10
6
9
-4
6
-2
-3
-3
-2
-7
-11
-9
-12
-13
-11
-9
-10
-3
-6
-10
-9
-11
-12
-1
4
0
4
6
1
-1
4
7
7
8
1
6
5
16
14
7
11
5
12
10
0
3
0
-6
-1
-10
-16
-10
-6
-12
-12
-6
-7
-1
-3
-13
-14
-12
-9
-14
-13
-10
-21
-10
-16
-13
-16
-20
-16
-12
0
-3
-4
-3
0
-5
-7
-3
0
-10
-5
3
4
1
1
12
14
18
20
15
6
8
8
11
16
9
4
12
7
6
20
13
15
18
12
18
16
9
8
8
0
3
4
1
2
-3
2
2
12
-2
7
13
12
8
7
17
5
13
4
7
9
10
6
11
15
6
6
-1
0
-1
-6
-13
-2
-4
-3
-3
0
-8
-10
-4
-10
-7
-8
-11
-15
-8
-6
-10
-7
-8
-4
13
3
6
12
10
17
16
13
9
14
15
10
8
13
16
21
20
9
6
6
4
13
6
5
12
13
4
0
2
1
9
9
10
10
13
10
2
8
18
16
12
13
13
12
8
7
9
10
7
5
0
4
14
9
7
9
3
5
0
6
1
1
1
-3
3
-2
4
3
5
0
7
8
-6
-2
4
0
0
3
3
-1
5
3
10
11
9
14
6
9
0
6
8
6
5
8
2
-1
6
-3
-5
-13
-16
-19
-21
-19
-18
-14
-13
-16
-10
-12
-16
-16
-13
-9
-15
-3
-2
-4
10
4
-3
3
-10
-6
2
9
6
2
3
4
7
1
6
-4
-1
-3
-6
2
3
2
6
8
1
5
7
4
3
7
10
6
3
-7
-9
-8
-15
-17
-18
-10
-2
-6
-16
-19
-24
-23
-22
-19
-22
-23
-14
-13
-11
-8
-7
-15
-15
-8
-6
-8
3
0
-10
-7
-11
-17
-13
-13
-16
-16
-14
-5
-9
-5
-4
-7
-5
1
0
-8
-12
-7
-10
-13
-17
-16
-4
-4
0
1
8
-4
0
-1
-6
-9
-13
-10
-15
-19
-16
-7
-12
-4
3
-5
0
4
-10
0
-3
-8
-9
-16
-13
-15
-6
-11
-12
-19
-17
-9
-6
0
0
7
2
0
3
1
0
0
-1
2
4
3
0
4
4
-1
0
1
1
-9
-3
-1
0
-6
-4
0
2
0
-6
1
-7
-10
-17
-16
-14
-26
-29
-33
-30
-19
-13
-16
0
1
4
15
4
7
9
5
-2
4
-5
-7
-4
-12
-14
-18
-13
-6
-10
-6
-9
-10
-3
-3
2
-8
-3
-8
-16
-15
-19
-14
-20
-14
-17
-16
-6
-8
-11
-2
-1
-3
3
-3
-3
-6
-7
-6
-1
2
-2
3
0
-3
-2
-9
3
-5
-5
-4
-2
4
5
4
4
11
9
14
1
-3
-1
-4
0
-5
-3
-3
2
5
2
8
7
3
8
16
19
14
19
22
21
21
24
20
17
23
22
31
20
16
20
20
17
15
13
17
20
17
19
8
4
2
-5
-15
-10
-3
-6
-5
-5
-14
-12
-7
7
14
9
11
13
13
16
13
15
19
22
32
26
18
18
17
15
22
28
16
18
22
24
25
20
23
14
16
22
17
6
-3
6
-9
-4
-10
-15
-9
-13
-11
-6
1
3
1
3
11
4
5
7
4
14
17
2
3
-1
-1
0
-8
-4
-1
-2
-5
3
3
2
-3
-2
-5
-2
-8
-10
-1
-9
-16
-22
-12
-14
-26
-31
-24
-25
-22
-19
-15
-3
-1
6
9
5
12
12
20
35
33
31
32
29
25
25
20
38
30
24
20
18
23
15
10
8
15
1
6
10
14
14
4
3
-2
-12
-11
-8
5
0
1
4
0
8
6
9
5
12
4
6
7
6
13
10
4
6
9
9
13
5
9
-4
0
-2
3
5
4
2
-3
-2
-13
-13
-25
-27
-25
-28
-23
-29
-31
-25
-25
-17
-9
-5
-2
3
-7
3
11
5
21
25
25
26
29
26
28
29
28
28
30
21
21
21
18
10
9
11
2
4
-2
0
-3
-4
-13
-14
-14
-10
-6
-6
-3
-1
4
8
6
9
15
5
15
19
19
18
24
20
16
18
11
7
-6
-10
1
-8
-2
3
2
0
-8
0
-12
-7
-19
-25
-24
-28
-26
-28
-35
-41
-36
-27
-36
-24
-13
-14
-5
-11
0
-6
3
5
11
7
8
20
10
12
11
12
6
9
6
6
0
8
7
2
2
2
-1
-16
-22
-25
-22
-21
-29
-29
-23
-35
-32
-35
-28
-28
-32
-27
-18
-12
-7
3
2
-2
4
12
10
12
5
13
16
16
16
21
21
19
17
18
25
25
13
3
2
-16
-20
-24
-26
-34
-25
-26
-27
-26
-32
-28
-24
-29
-25
-20
-18
-4
-3
0
7
18
20
24
17
28
29
26
22
22
29
25
24
18
11
6
19
6
6
0
-4
1
6
-2
-7
-16
-25
-23
-29
-33
-38
-42
-51
-32
-44
-32
-25
-27
-16
-13
-1
3
7
14
16
27
30
23
29
23
25
29
19
20
21
14
23
15
16
20
9
9
8
-2
-9
-21
-31
-26
-40
-42
-45
-48
-56
-51
-53
-51
-47
-35
-29
-25
-12
-16
-2
0
10
14
13
20
25
20
24
20
18
19
20
15
17
15
7
9
-3
3
-2
-7
-21
-17
-22
-30
-38
-41
-49
-53
-53
-57
-52
-56
-45
-38
-25
-18
0
6
8
12
21
28
33
43
38
45
48
47
40
42
43
37
44
42
32
28
24
21
10
6
-11
-19
-28
-43
-41
-53
-60
-60
-63
-73
-70
-72
-60
-44
-29
-31
-17
1
-8
3
7
25
23
26
41
46
48
49
53
54
54
56
54
52
46
42
31
27
20
10
8
-9
-29
-40
-47
-53
-58
-65
-72
-79
-83
-85
-80
-79
-66
-54
-46
-32
-21
-9
0
14
20
34
39
51
51
46
57
59
61
69
68
70
70
64
71
57
44
31
15
4
-14
-28
-40
-46
-56
-67
-70
-73
-78
-82
-88
-75
-68
-57
-43
-34
-13
-3
4
16
20
30
45
47
44
60
66
62
70
73
76
74
70
63
56
54
35
34
19
-8
-12
-22
-28
-47
-49
-51
-66
-70
-87
-85
-87
-86
-77
-68
-60
-43
-29
-18
-12
-6
10
15
29
36
44
45
54
57
60
73
78
76
78
83
79
73
76
70
50
35
21
1
-15
-22
-40
-51
-70
-73
-71
-77
-82
-72
-69
-62
-53
-54
-42
-28
-23
-7
9
11
32
34
37
47
56
70
73
78
86
87
91
95
88
89
81
79
73
63
52
25
13
3
-23
-25
-40
-54
-63
-77
-72
-73
-69
-68
-54
-51
-41
-32
-17
-11
-7
0
10
25
31
44
44
53
59
74
82
93
94
95
96
86
84
75
75
68
48
35
15
0
-17
-37
-53
-65
-70
-84
-89
-92
-99
-96
-96
-101
-95
-82
-78
-68
-52
-44
-28
-10
-4
7
27
45
49
58
72
89
85
83
89
86
87
92
80
73
60
38
32
10
-3
-18
-28
-46
-60
-71
-71
-75
-81
-81
-82
-73
-83
-62
-64
-64
-55
-54
-31
-21
-10
3
15
35
40
49
57
61
74
68
79
89
90
85
81
74
65
50
25
12
-2
-13
-24
-42
-51
-59
-70
-66
-77
-78
-79
-82
-86
-79
-61
-60
-53
-42
-31
-21
-6
4
22
30
43
57
63
70
76
85
89
82
77
81
71
63
62
51
36
19
4
-10
-30
-42
-58
-63
-67
-76
-84
-82
-76
-79
-73
-69
-69
-62
-49
-43
-29
-20
-13
-9
3
22
35
48
68
78
83
90
98
98
85
86
79
71
61
48
27
21
8
-8
-15
-24
-29
-40
-51
-61
-69
-76
-79
-91
-85
-88
-84
-76
-70
-57
-54
-43
-34
-16
-9
8
29
37
49
68
70
74
86
88
83
88
83
64
53
35
26
12
-6
-18
-23
-25
-41
-51
-58
-70
-67
-72
-69
-66
-69
-64
-73
-63
-53
-53
-31
-22
-14
1
7
28
32
47
54
63
80
89
92
82
82
77
73
66
61
56
42
29
18
4
-6
-23
-36
-42
-47
-57
-72
-79
-80
-80
-79
-76
-85
-80
-81
-80
-69
-57
-38
-30
-16
-10
-6
14
24
37
50
52
61
66
74
65
61
56
44
30
16
6
8
-7
-26
-22
-37
-42
-52
-64
-68
-69
-75
-75
-69
-74
-64
-61
-62
-47
-46
-40
-19
-5
-3
6
22
25
41
47
56
67
60
61
55
57
65
56
44
32
22
14
4
-4
-16
-27
-38
-42
-51
-64
-66
-68
-75
-75
-68
-66
-63
-56
-51
-48
-37
-29
-15
-2
12
15
23
38
39
54
67
79
76
70
67
62
64
60
55
48
38
29
19
10
3
-13
-22
-33
-43
-50
-58
-60
-68
-66
-72
-68
-66
-74
-64
-62
-49
-41
-39
-19
-9
7
18
26
31
38
43
43
55
55
59
57
60
63
56
55
49
49
40
37
24
16
13
-3
-9
-21
-24
-28
-35
-37
-43
-33
-29
-20
-22
-16
0
-2
9
16
17
25
29
29
37
50
53
47
67
64
51
57
47
44
43
44
43
41
31
31
18
0
-3
-16
-22
-23
-25
-38
-43
-34
-32
-36
-32
-28
-28
-29
-25
-17
-15
-11
-8
0
7
1
2
10
24
18
21
17
14
31
17
25
25
13
14
14
4
-4
-11
-16
-21
-23
-30
-21
-22
-43
-36
-37
-26
-20
-23
-19
-16
-15
-13
-21
-5
-1
-1
6
7
18
16
25
32
34
36
44
45
59
59
48
44
47
50
42
32
24
27
14
16
2
-3
-5
-19
-28
-32
-33
-35
-30
-28
-25
-25
-26
-19
-16
-16
-6
-3
0
-1
8
9
16
7
5
14
21
28
23
28
20
25
20
19
13
7
4
-5
-7
-7
-17
-19
-23
-23
-26
-31
-26
-34
-26
-31
-31
-29
-20
-12
-10
0
3
9
7
8
17
6
8
14
23
35
40
46
40
37
40
42
34
32
31
34
32
29
26
19
6
4
-3
-8
-2
-18
-17
-23
-14
-12
-8
-1
-4
2
1
0
10
6
4
4
-2
9
3
8
6
9
11
19
17
8
16
6
3
-6
-1
-1
-4
0
-1
-2
-4
-15
-18
-15
-19
-31
-28
-29
-29
-30
-34
-23
-16
-11
-6
0
-5
0
-4
-4
-5
-7
-3
4
-6
-5
0
7
17
16
28
25
19
17
21
22
13
4
7
-1
-3
-5
-6
-13
-12
-11
-12
-12
-17
-10
-14
-7
-12
-1
2
-4
-1
6
8
6
5
5
13
10
9
7
9
4
3
1
0
1
-2
-6
0
-2
1
-1
-13
-10
-22
-16
-25
-33
-29
-35
-40
-32
-34
-32
-31
-39
-35
-31
-26
-19
-22
-29
-22
-21
-13
-14
-17
-19
-18
-17
-12
-2
-19
-26
-20
-11
-6
-1
4
-6
0
1
-8
-13
-12
13
1
-6
-6
-13
-15
-6
10
2
10
0
-11
-3
0
0
-3
-2
-4
2
0
-9
-10
-14
-6
-6
-5
-7
-17
-16
-15
-7
-4
-6
-16
-19
-18
-7
-17
-27
-37
-39
-29
-29
-23
-38
-25
-15
-16
-16
-16
-19
-16
-11
-9
-14
-24
-24
-15
-6
-7
0
-7
-17
-21
-16
-12
-11
-9
-19
-23
-14
-10
7
15
10
-8
-21
-12
9
26
25
20
-6
0
12
32
37
27
32
23
17
19
17
19
33
41
27
7
6
12
25
26
28
7
-9
-15
-3
18
9
1
-9
1
-4
6
11
11
-1
-3
14
25
37
32
31
21
23
38
59
73
44
23
32
45
71
67
49
44
51
64
57
54
48
44
51
48
33
18
16
25
34
32
6
-4
-5
-3
4
3
0
-31
-55
-53
-24
-18
-45
-62
-50
-47
-60
-52
-35
-25
-58
-101
-79
-13
-7
-64
-91
-47
0
-23
-72
-83
-71
-64
-37
-11
7
-26
-79
-75
-31
22
47
51
12
-35
-25
29
64
37
29
77
106
63
16
51
135
146
86
72
112
122
95
63
92
113
83
67
94
149
115
35
-35
13
133
193
154
36
-34
-30
4
38
107
192
158
-56
-217
-119
133
225
87
-40
-35
-42
-142
-145
14
151
76
-89
-173
-183
-238
-249
-46
178
121
-225
-496
-420
-157
14
-16
-117
-192
-257
-288
-292
-268
-202
-84
-36
-108
-216
-278
-282
-284
-200
16
215
100
-256
-457
-342
-76
115
242
254
3
-405
-528
-139
305
335
52
-106
-51
-83
-243
-248
52
315
254
11
-196
-297
-364
-254
69
319
224
-151
-429
-438
-292
-114
79
187
37
-284
-478
-362
-90
41
6
-48
-57
-81
-137
-143
-61
81
223
332
313
138
-22
59
366
622
639
518
430
445
534
631
709
727
717
740
825
851
761
692
752
848
859
842
868
882
776
638
633
764
844
806
742
719
670
601
598
671
710
663
628
626
589
481
456
531
541
413
272
241
254
208
98
-6
-137
-292
-367
-341
-386
-665
-1013
-1125
-1024
-982
-1163
-1460
-1701
-1838
-1883
-1819
-1740
-1820
-2098
-2409
-2475
-2258
-2042
-2088
-2323
-2462
-2332
-2092
-2008
-2105
-2166
-2057
-1879
-1748
-1596
-1381
-1221
-1233
-1296
-1158
-802
-434
-197
-23
117
193
221
378
777
1258
1602
1714
1648
1536
1570
1869
2316
2645
2673
2418
2140
2017
2142
2407
2565
2407
1968
1595
1477
1526
1467
1265
1022
804
575
342
215
152
15
-230
-424
-398
-282
-313
-510
-672
-648
-503
-328
-176
-63
-82
-187
-167
120
506
660
541
418
522
768
948
983
959
977
1017
995
939
936
1055
1202
1180
940
737
808
1024
1131
1033
903
839
787
781
882
988
930
746
651
696
709
606
543
559
468
191
-31
-35
-13
-181
-474
-696
-887
-1134
-1355
-1454
-1586
-1935
-2355
-2610
-2686
-2787
-2995
-3224
-3511
-3845
-4046
-3954
-3806
-3925
-4265
-4484
-4385
-4197
-4061
-3969
-3901
-3877
-3792
-3464
-2946
-2534
-2385
-2321
-2097
-1604
-858
-47
487
594
511
740
1390
2219
2924
3319
3383
3212
3125
3387
3856
4189
4270
4171
3984
3651
3302
3101
3056
2997
2785
2487
2085
1571
1074
799
704
552
284
57
-102
-293
-536
-679
-644
-557
-477
-360
-214
-153
-153
-43
211
472
708
993
1238
1224
1036
1071
1495
1920
1990
1785
1584
1498
1476
1573
1750
1819
1632
1299
1076
1035
1126
1264
1314
1169
913
781
859
985
986
906
896
931
933
920
891
826
740
691
711
701
574
367
145
-77
-250
-317
-379
-601
-997
-1445
-1846
-2183
-2321
-2197
-2208
-2831
-3814
-4296
-4024
-3723
-4019
-4559
-4779
-4829
-5095
-5386
-5345
-5133
-5058
-5017
-4854
-4821
-5080
-5222
-4770
-4009
-3507
-3335
-3188
-2928
-2640
-2296
-1728
-907
-102
446
755
944
1146
1566
2278
3128
3802
4122
4141
3996
3855
3926
4372
5034
5431
5192
4412
3583
3202
3344
3696
3782
3349
2552
1754
1189
888
812
844
797
466
-122
-686
-973
-958
-801
-644
-579
-612
-689
-698
-592
-406
-159
97
424
869
1253
1262
973
958
1539
2294
2561
2319
2110
2209
2330
2297
2258
2365
2532
2547
2349
2047
1828
1799
1871
1856
1745
1676
1634
1459
1149
938
989
1155
1171
992
776
601
458
354
311
274
140
-64
-250
-399
-591
-872
-1152
-1352
-1511
-1697
-1887
-2080
-2358
-2736
-3065
-3246
-3449
-3656
-3803
-3976
-4298
-4617
-4640
-4619
-4931
-5367
-5404
-5106
-4995
-5120
-5164
-5219
-5526
-5764
-5343
-4550
-4272
-4596
-4789
-4450
-3945
-3581
-3227
-2725
-2249
-1913
-1424
-566
298
648
656
958
1804
2810
3589
4131
4432
4381
4174
4371
5178
6066
6425
6186
5702
5227
4875
4759
4932
5087
4819
4159
3411
2788
2271
1874
1679
1577
1316
762
93
-427
-727
-851
-889
-863
-863
-1019
-1277
-1359
-1113
-749
-527
-398
-58
490
899
942
886
1140
1725
2254
2492
2544
2585
2575
2428
2329
2532
2973
3219
2923
2296
1883
1929
2161
2161
1933
1684
1499
1233
912
772
860
925
756
503
417
426
272
44
-6
80
-16
-275
-414
-432
-644
-1049
-1264
-1201
-1206
-1495
-1893
-2177
-2333
-2396
-2446
-2708
-3151
-3497
-3570
-3580
-3738
-4093
-4526
-4799
-4761
-4570
-4655
-5024
-5264
-5183
-5202
-5472
-5514
-5133
-4875
-5224
-5738
-5728
-5251
-4811
-4602
-4372
-4118
-4030
-3985
-3583
-2754
-1985
-1452
-811
63
623
535
524
1432
2968
4163
4559
4562
4571
4661
5000
5769
6696
7160
7042
6722
6408
5950
5492
5467
5864
5984
5364
4365
3547
2986
2464
2045
1884
1776
1302
459
-387
-923
-1146
-1176
-1085
-1024
-1160
-1472
-1739
-1701
-1389
-956
-507
-13
484
729
643
548
959
1837
2632
2861
2672
2487
2482
2583
2738
2990
3234
3264
2991
2566
2208
2090
2163
2250
2169
1846
1423
1094
959
932
853
718
568
425
276
81
-104
-206
-211
-243
-427
-712
-876
-912
-974
-1140
-1349
-1636
-1977
-2126
-2003
-1931
-2260
-2736
-2919
-2900
-3053
-3347
-3470
-3490
-3735
-4172
-4478
-4514
-4522
-4699
-4936
-5032
-5033
-5169
-5474
-5734
-5724
-5526
-5379
-5405
-5614
-5934
-6110
-5943
-5460
-4882
-4340
-3976
-4073
-4586
-4770
-3917
-2318
-917
-195
66
98
-5
133
1114
2885
4676
5717
5818
5222
4520
4529
5711
7582
8950
9046
8088
6900
6116
6016
6539
7248
7457
6774
5481
4249
3421
2971
2810
2784
2592
1898
790
-311
-991
-1185
-1083
-976
-1099
-1486
-1912
-2102
-1983
-1666
-1316
-1039
-783
-455
3
525
857
929
995
1437
2252
2908
2969
2695
2634
2901
3108
3037
2944
3080
3298
3238
2812
2276
1926
1821
1849
1915
1850
1457
798
215
23
62
72
-28
-186
-471
-935
-1330
-1394
-1233
-1218
-1398
-1557
-1622
-1770
-1919
-1919
-1878
-2012
-2280
-2339
-2165
-2113
-2408
-2723
-2766
-2806
-3106
-3407
-3288
-2981
-3144
-3846
-4486
-4532
-4229
-4088
-4310
-4662
-4885
-5007
-5067
-5063
-5010
-5046
-5205
-5348
-5312
-5195
-5181
-5214
-5035
-4659
-4385
-4323
-4277
-4005
-3511
-2927
-2345
-1776
-1187
-472
292
816
1089
1504
2439
3703
4713
5179
5272
5414
5710
6208
6940
7781
8421
8429
7839
7092
6753
6921
7333
7591
7314
6440
5254
4293
3808
3656
3534
3152
2433
1416
361
-386
-707
-765
-868
-1161
-1632
-2111
-2477
-2605
-2411
-2007
-1644
-1494
-1419
-1271
-1012
-655
-89
681
1256
1273
965
1047
1819
2757
3112
2728
2262
2250
2611
2949
3018
2851
2533
2234
2079
2065
1995
1720
1368
1093
869
609
334
85
-146
-313
-389
-544
-958
-1503
-1779
-1636
-1391
-1367
-1615
-1964
-2245
-2317
-2166
-1947
-1872
-2027
-2274
-2458
-2482
-2370
-2270
-2386
-2678
-2900
-2937
-2905
-2968
-3082
-3211
-3442
-3831
-4110
-4008
-3662
-3543
-3924
-4567
-4982
-4912
-4541
-4255
-4346
-4806
-5345
-5600
-5369
-4841
-4470
-4495
-4744
-4850
-4703
-4410
-4008
-3450
-2851
-2402
-2059
-1547
-724
193
930
1482
2035
2700
3508
4413
5335
6085
6496
6644
6826
7323
8046
8674
8990
8932
8547
7984
7555
7556
7817
7847
7313
6342
5326
4580
4106
3733
3212
2456
1582
739
41
-528
-946
-1267
-1584
-2006
-2458
-2772
-2836
-2649
-2343
-2079
-2016
-2103
-2087
-1729
-1071
-370
177
542
710
700
685
972
1722
2542
2817
2337
1602
1296
1593
2108
2404
2373
2065
1524
882
506
560
822
862
515
41
-345
-623
-765
-695
-578
-695
-1123
-1545
-1717
-1661
-1495
-1323
-1242
-1435
-1840
-2078
-1837
-1337
-1140
-1399
-1822
-2052
-2019
-1847
-1637
-1588
-1912
-2526
-2923
-2778
-2376
-2304
-2717
-3203
-3472
-3663
-3851
-3737
-3321
-3157
-3730
-4542
-4735
-4254
-3794
-3860
-4205
-4433
-4496
-4522
-4431
-4176
-3978
-3980
-4021
-3853
-3536
-3385
-3417
-3274
-2717
-1984
-1442
-1052
-509
274
1061
1674
2139
2595
3199
4013
4971
5819
6315
6510
6689
7101
7669
8237
8670
8872
8778
8375
7862
7529
7510
7572
7397
6857
6072
5202
4339
3577
3029
2636
2133
1339
355
-548
-1232
-1669
-1941
-2165
-2450
-2859
-3290
-3549
-3492
-3218
-2977
-2891
-2851
-2674
-2345
-1938
-1452
-777
-108
124
-122
-221
382
1337
1820
1545
1071
972
1220
1472
1646
1836
1900
1572
962
524
550
759
766
503
156
-91
-306
-447
-449
-354
-403
-716
-1067
-1188
-1103
-1038
-1036
-995
-924
-1007
-1252
-1398
-1222
-904
-791
-987
-1293
-1480
-1455
-1261
-1035
-1015
-1362
-1951
-2348
-2294
-1951
-1713
-1891
-2406
-2959
-3222
-3202
-3100
-3056
-3031
-3033
-3246
-3705
-4085
-4043
-3789
-3756
-3967
-4054
-3919
-3942
-4252
-4448
-4158
-3603
-3315
-3393
-3552
-3547
-3329
-2882
-2247
-1600
-1185
-881
-254
687
1488
1789
1908
2423
3428
4476
5158
5573
5854
6041
6225
6663
7420
8110
8335
8047
7639
7367
7269
7279
7248
6999
6380
5638
5032
4641
4259
3706
2974
2132
1301
597
121
-272
-782
-1426
-2016
-2419
-2650
-2812
-2946
-3100
-3306
-3454
-3342
-3021
-2787
-2770
-2733
-2416
-1937
-1447
-967
-511
-380
-645
-822
-351
541
989
768
435
523
809
885
869
1068
1381
1355
980
693
695
743
636
597
747
842
585
124
-95
15
194
163
-39
-299
-519
-615
-517
-348
-373
-624
-911
-997
-901
-765
-693
-676
-734
-912
-1138
-1270
-1246
-1183
-1202
-1315
-1437
-1621
-1919
-2204
-2267
-2049
-1885
-2140
-2753
-3203
-3140
-2814
-2731
-2993
-3268
-3410
-3621
-3950
-4084
-3796
-3406
-3350
-3623
-3929
-4052
-4055
-3859
-3465
-3024
-2860
-3028
-3111
-2792
-2108
-1443
-906
-382
280
900
1279
1608
2153
2933
3683
4301
4848
5315
5544
5590
5822
6427
7118
7478
7460
7240
6896
6531
6328
6352
6372
6079
5460
4793
4289
3832
3241
2555
1948
1442
873
164
-548
-1046
-1377
-1734
-2167
-2624
-3032
-3396
-3638
-3660
-3481
-3287
-3238
-3269
-3229
-3038
-2717
-2242
-1767
-1470
-1341
-1082
-544
-73
-6
-125
81
628
1093
1184
1108
1050
982
1011
1328
1847
2068
1764
1254
961
1045
1306
1542
1609
1442
1113
831
816
974
1125
1115
890
515
229
268
544
728
550
162
-108
-70
144
306
264
-10
-338
-566
-586
-494
-484
-623
-973
-1394
-1706
-1771
-1709
-1751
-1913
-2149
-2449
-2816
-3073
-3138
-3156
-3236
-3284
-3245
-3417
-3926
-4310
-4047
-3414
-3207
-3576
-4003
-4074
-3962
-3876
-3742
-3508
-3339
-3451
-3578
-3398
-2871
-2368
-2200
-2237
-2100
-1551
-754
87
754
1119
1153
1181
1639
2520
3424
4023
4444
4759
4833
4728
4931
5703
6627
7072
6833
6299
5817
5591
5689
5965
6066
5671
4853
4009
3440
3086
2819
2538
2122
1444
495
-408
-925
-1105
-1264
-1673
-2264
-2835
-3175
-3220
-3091
-3000
-3080
-3209
-3292
-3264
-3133
-2838
-2439
-2072
-1724
-1347
-993
-883
-927
-698
-43
664
952
873
795
932
1203
1515
1881
2176
2275
2156
2017
2012
2098
2162
2171
2205
2213
2077
1783
1618
1657
1718
1632
1451
1288
1030
726
662
925
1087
784
305
187
417
498
261
-5
-117
-214
-455
-718
-860
-881
-887
-1011
-1290
-1666
-1905
-1878
-1752
-1779
-2007
-2390
-2807
-3060
-3012
-2803
-2706
-2788
-2992
-3265
-3579
-3664
-3354
-3050
-3231
-3834
-4258
-4174
-3894
-3779
-3825
-3916
-4080
-4240
-4162
-3836
-3589
-3587
-3605
-3382
-2994
-2671
-2368
-1884
-1237
-674
-265
69
385
745
1274
2022
2842
3427
3681
3751
3884
4291
4987
5771
6278
6283
5917
5593
5566
5755
5884
5793
5494
5074
4593
4064
3530
3059
2684
2330
1866
1167
330
-407
-828
-963
-1122
-1523
-2065
-2485
-2652
-2697
-2702
-2652
-2597
-2609
-2690
-2628
-2371
-1947
-1432
-887
-494
-519
-723
-564
220
1128
1485
1284
1034
1089
1379
1810
2268
2606
2661
2480
2317
2216
2251
2479
2797
2832
2397
1827
1567
1680
1821
1846
1728
1462
1080
746
674
779
875
841
661
399
117
-18
59
228
268
71
-274
-579
-689
-645
-560
-578
-765
-1107
-1518
-1773
-1721
-1544
-1595
-1981
-2465
-2803
-2930
-2912
-2876
-2919
-3100
-3313
-3408
-3400
-3460
-3708
-4049
-4214
-4052
-3739
-3712
-4140
-4653
-4791
-4552
-4331
-4262
-4203
-4159
-4274
-4535
-4612
-4332
-3862
-3380
-2997
-2709
-2509
-2293
-1864
-1181
-432
148
572
956
1387
1781
2173
2752
3498
4099
4349
4502
4931
5607
6109
6231
6117
5975
5887
5878
5960
6026
5870
5408
4844
4362
3999
3737
3519
3230
2669
1841
1006
494
319
168
-176
-700
-1198
-1525
-1684
-1733
-1738
-1838
-1981
-1904
-1549
-1181
-1201
-1441
-1328
-665
98
397
274
161
364
816
1280
1593
1672
1593
1578
1760
2080
2353
2398
2251
2094
2077
2177
2160
1978
1774
1654
1613
1574
1489
1337
1166
1046
1034
1036
880
591
361
305
358
414
416
277
35
-129
-154
-104
-132
-303
-539
-808
-1064
-1195
-1190
-1232
-1526
-1978
-2298
-2333
-2257
-2379
-2730
-3160
-3467
-3584
-3569
-3518
-3581
-3831
-4184
-4438
-4443
-4283
-4221
-4308
-4425
-4499
-4595
-4747
-4807
-4667
-4433
-4384
-4523
-4646
-4624
-4465
-4273
-4110
-4026
-3966
-3786
-3405
-2935
-2551
-2259
-1917
-1428
-864
-336
54
361
748
1328
1991
2538
2935
3291
3760
4350
4968
5483
5807
5909
5914
6031
6278
6505
6554
6419
6211
5970
5664
5365
5140
4925
4574
4081
3536
3026
2494
1941
1537
1274
990
522
17
-351
-568
-654
-658
-650
-771
-1019
-1188
-1091
-739
-359
-149
-220
-366
-181
358
857
964
828
792
913
1020
1170
1487
1773
1733
1427
1285
1452
1709
1777
1627
1433
1282
1218
1201
1188
1126
993
837
721
717
742
632
434
351
426
463
357
270
294
285
92
-114
-121
-65
-190
-473
-695
-877
-1163
-1486
-1629
-1630
-1828
-2332
-2800
-2927
-2864
-3028
-3473
-3842
-3922
-3920
-4101
-4314
-4335
-4263
-4359
-4529
-4486
-4200
-4010
-4177
-4460
-4501
-4267
-4049
-3995
-4008
-3982
-3959
-4041
-4084
-3885
-3552
-3399
-3469
-3496
-3407
-3309
-3165
-2725
-2093
-1808
-1975
-2030
-1446
-478
188
377
400
551
956
1629
2522
3296
3614
3553
3595
4122
5013
5866
6344
6460
6354
6242
6271
6533
6932
7156
6958
6395
5826
5496
5375
5241
4928
4403
3755
3123
2592
2171
1802
1394
1005
613
168
-321
-727
-893
-848
-822
-1008
-1277
-1386
-1205
-1004
-951
-899
-718
-453
-316
-296
-238
-62
140
246
380
593
816
926
865
809
938
1307
1663
1723
1515
1274
1188
1226
1315
1433
1444
1188
790
620
797
970
863
598
457
404
286
143
134
186
60
-206
-418
-515
-635
-815
-952
-1014
-1140
-1458
-1832
-2066
-2139
-2210
-2420
-2722
-3018
-3217
-3325
-3413
-3559
-3765
-3945
-4039
-4011
-3976
-4014
-4093
-4147
-4112
-3963
-3825
-3849
-4067
-4215
-4002
-3572
-3381
-3672
-4082
-4169
-3878
-3494
-3266
-3239
-3369
-3599
-3729
-3594
-3220
-2785
-2505
-2353
-2281
-2270
-2177
-1749
-917
-29
423
360
236
529
1315
2276
3069
3504
3576
3582
3923
4743
5708
6340
6545
6531
6473
6479
6673
7058
7408
7367
6904
6333
5979
5875
5803
5602
5219
4676
4054
3432
2913
2538
2227
1871
1350
779
256
-155
-440
-633
-770
-976
-1251
-1492
-1553
-1451
-1359
-1368
-1342
-1205
-1069
-1053
-1036
-858
-539
-336
-360
-369
-193
80
229
274
382
604
832
931
904
849
858
960
1079
1082
945
750
659
765
909
873
624
389
382
528
575
394
112
-112
-227
-307
-353
-430
-638
-945
-1207
-1306
-1334
-1447
-1678
-1910
-2079
-2199
-2309
-2395
-2508
-2703
-2929
-3045
-3008
-2990
-3156
-3406
-3462
-3270
-3075
-3123
-3338
-3436
-3277
-3008
-2840
-2886
-3050
-3133
-3072
-2982
-2996
-3084
-3103
-3050
-3021
-3063
-3151
-3255
-3344
-3298
-3094
-2916
-2983
-3223
-3349
-3183
-2854
-2529
-2245
-1967
-1724
-1553
-1262
-749
-98
425
745
1099
1652
2283
2763
3137
3596
4210
4831
5310
5671
5968
6223
6483
6788
7056
7123
7013
6877
6840
6824
6641
6269
5873
5560
5231
4776
4251
3758
3314
2836
2305
1748
1195
701
317
39
-264
-692
-1165
-1495
-1623
-1615
-1600
-1596
-1644
-1751
-1816
-1716
-1411
-1109
-953
-961
-948
-815
-588
-335
-165
-29
154
366
541
632
690
829
999
1103
1093
1008
945
936
911
867
824
767
684
584
501
452
402
344
277
130
-108
-350
-450
-414
-426
-650
-983
-1186
-1203
-1170
-1235
-1400
-1542
-1646
-1777
-1938
-2075
-2146
-2218
-2328
-2497
-2692
-2882
-2992
-2959
-2889
-2920
-3055
-3150
-3145
-3076
-3003
-2924
-2816
-2815
-2980
-3158
-3157
-2943
-2754
-2755
-2928
-3095
-3128
-3030
-2868
-2769
-2791
-2917
-2992
-3019
-3113
-3190
-3109
-2825
-2630
-2756
-2953
-2864
-2406
-1849
-1450
-1207
-980
-666
-248
234
696
1180
1742
2397
3001
3391
3646
4009
4659
5492
6205
6581
6681
6745
6903
7135
7393
7626
7756
7628
7191
6668
6311
6163
6048
5727
5145
4406
3692
3123
2671
2231
1715
1154
566
-38
-641
-1144
-1434
-1532
-1610
-1851
-2263
-2620
-2662
-2346
-1940
-1738
-1783
-1892
-1837
-1590
-1240
-882
-559
-344
-263
-238
-108
190
573
891
1030
1052
1002
987
1076
1190
1231
1174
1072
981
861
704
594
590
641
602
393
128
-44
-73
-35
-49
-171
-389
-623
-824
-911
-857
-757
-792
-1030
-1339
-1489
-1445
-1321
-1299
-1440
-1675
-1943
-2130
-2145
-2074
-2139
-2358
-2614
-2693
-2665
-2704
-2820
-2856
-2719
-2622
-2744
-3008
-3097
-2894
-2664
-2714
-2971
-3139
-3091
-3025
-3049
-3073
-3035
-3041
-3176
-3255
-3227
-3232
-3398
-3509
-3375
-3228
-3383
-3701
-3708
-3323
-2949
-2869
-2864
-2625
-2192
-1777
-1394
-898
-313
169
460
813
1428
2192
2888
3446
3961
4384
4742
5205
5900
6645
7095
7240
7296
7430
7582
7636
7636
7654
7583
7260
6748
6262
5900
5592
5211
4749
4220
3578
2824
2147
1691
1350
905
292
-325
-841
-1237
-1508
-1601
-1619
-1766
-2058
-2258
-2165
-1906
-1733
-1672
-1574
-1390
-1223
-1140
-1005
-752
-423
-172
-31
106
237
375
512
698
884
983
979
897
857
856
868
822
733
680
609
494
368
330
361
295
92
-82
-111
-89
-195
-414
-582
-622
-652
-768
-926
-1022
-1070
-1115
-1177
-1259
-1378
-1581
-1757
-1811
-1747
-1788
-2062
-2388
-2538
-2492
-2484
-2581
-2717
-2807
-2892
-3006
-3036
-2991
-2962
-3031
-3103
-3085
-3066
-3128
-3199
-3150
-3022
-2983
-3106
-3234
-3230
-3148
-3103
-3116
-3119
-3194
-3362
-3481
-3409
-3206
-3109
-3189
-3277
-3254
-3174
-3023
-2723
-2336
-2061
-1957
-1756
-1334
-784
-298
127
654
1210
1718
2149
2645
3268
3933
4556
5086
5508
5850
6202
6651
7180
7561
7656
7567
7528
7594
7625
7526
7328
7065
6666
6116
5588
5215
4855
4347
3706
3052
2447
1849
1259
785
396
-59
-609
-1115
-1422
-1608
-1795
-1997
-2113
-2134
-2156
-2193
-2165
-1984
-1730
-1540
-1435
-1302
-1081
-831
-604
-422
-209
28
227
351
449
609
785
889
899
907
974
986
898
788
740
755
672
506
355
285
246
136
-3
-126
-219
-352
-509
-603
-637
-731
-941
-1156
-1222
-1167
-1193
-1391
-1596
-1647
-1607
-1643
-1798
-1954
-2050
-2136
-2268
-2372
-2395
-2451
-2631
-2820
-2867
-2800
-2816
-2952
-3006
-2907
-2877
-3076
-3268
-3123
-2773
-2677
-2980
-3307
-3279
-2999
-2809
-2821
-2893
-2971
-3116
-3255
-3172
-2902
-2753
-2917
-3155
-3143
-3049
-3111
-3182
-2914
-2415
-2225
-2466
-2646
-2314
-1650
-1090
-685
-279
102
313
507
1039
1947
2834
3349
3634
3963
4389
4830
5392
6179
6942
7302
7245
7168
7354
7639
7841
7968
8010
7817
7295
6698
6368
6293
6113
5639
4982
4332
3660
2939
2318
1946
1660
1154
392
-370
-898
-1241
-1457
-1587
-1660
-1873
-2267
-2580
-2553
-2287
-2101
-2029
-1902
-1683
-1561
-1593
-1562
-1215
-680
-301
-208
-269
-264
-83
224
566
803
817
682
575
633
748
753
653
525
432
328
146
-41
-139
-144
-196
-351
-600
-843
-993
-1081
-1147
-1260
-1436
-1619
-1761
-1849
-1895
-1952
-2027
-2090
-2087
-2063
-2084
-2187
-2310
-2339
-2287
-2252
-2323
-2453
-2519
-2508
-2493
-2488
-2459
-2418
-2459
-2550
-2569
-2438
-2298
-2272
-2332
-2388
-2430
-2516
-2525
-2345
-2124
-2211
-2592
-2883
-2772
-2430
-2269
-2399
-2622
-2787
-2898
-2909
-2766
-2545
-2479
-2606
-2736
-2684
-2493
-2240
-1893
-1441
-1003
-775
-652
-355
250
1008
1646
2087
2424
2815
3303
3918
4595
5206
5695
6044
6371
6715
7080
7438
7741
7891
7839
7662
7501
7444
7372
7138
6738
6245
5738
5256
4799
4356
3845
3219
2502
1806
1254
816
380
-139
-733
-1260
-1624
-1855
-2030
-2225
-2394
-2510
-2532
-2483
-2418
-2367
-2283
-2056
-1719
-1419
-1302
-1303
-1203
-907
-507
-181
-1
100
170
262
398
561
740
881
920
798
574
389
377
534
623
445
47
-263
-311
-218
-174
-291
-496
-760
-1054
-1249
-1281
-1210
-1205
-1385
-1675
-1912
-1995
-1937
-1812
-1770
-1883
-2082
-2240
-2279
-2240
-2162
-2151
-2237
-2394
-2511
-2483
-2377
-2326
-2396
-2470
-2469
-2458
-2465
-2421
-2292
-2247
-2434
-2627
-2505
-2109
-1931
-2185
-2517
-2520
-2317
-2267
-2311
-2213
-2064
-2230
-2642
-2779
-2444
-2069
-2094
-2327
-2437
-2471
-2505
-2403
-1992
-1552
-1488
-1688
-1644
-1118
-454
21
369
764
1114
1334
1632
2317
3259
3990
4315
4462
4740
5175
5756
6485
7175
7477
7270
6971
7029
7402
7659
7624
7436
7132
6667
6066
5624
5487
5340
4852
4066
3269
2621
2036
1498
1074
708
219
-480
-1157
-1603
-1827
-2017
-2222
-2387
-2547
-2788
-3036
-3069
-2816
-2510
-2371
-2358
-2335
-2209
-2013
-1702
-1350
-1093
-1017
-1030
-861
-497
-161
17
89
144
158
127
208
436
586
453
165
16
66
120
92
58
75
-16
-281
-515
-532
-389
-373
-566
-801
-949
-1030
-1077
-1033
-963
-1023
-1241
-1441
-1477
-1418
-1393
-1468
-1581
-1707
-1846
-1929
-1926
-1899
-1936
-2013
-2089
-2151
-2231
-2272
-2187
-2061
-2112
-2308
-2412
-2255
-2004
-1943
-2084
-2252
-2270
-2195
-2093
-2019
-2020
-2148
-2326
-2400
-2298
-2110
-2035
-2122
-2314
-2465
-2468
-2368
-2229
-2125
-2108
-2140
-2206
-2144
-1834
-1350
-927
-692
-519
-222
190
559
924
1426
2126
2794
3200
3413
3669
4189
4917
5654
6223
6497
6531
6520
6704
7087
7413
7477
7261
6956
6665
6428
6229
5980
5614
5083
4479
3910
3374
2811
2241
1726
1256
741
118
-510
-1014
-1357
-1612
-1841
-2100
-2415
-2713
-2900
-2875
-2723
-2576
-2528
-2535
-2469
-2308
-2089
-1874
-1669
-1403
-1138
-995
-944
-818
-465
-28
212
210
183
319
531
619
595
571
578
539
454
423
424
362
234
183
186
110
-91
-291
-347
-337
-437
-655
-836
-920
-972
-1060
-1126
-1155
-1251
-1457
-1612
-1596
-1509
-1549
-1741
-1883
-1919
-1978
-2055
-2042
-1937
-1943
-2180
-2400
-2348
-2114
-2016
-2149
-2265
-2249
-2225
-2243
-2191
-1998
-1902
-2125
-2443
-2450
-2153
-2014
-2243
-2532
-2477
-2216
-2152
-2380
-2607
-2613
-2498
-2390
-2320
-2302
-2444
-2678
-2719
-2373
-1872
-1612
-1611
-1568
-1256
-762
-294
93
470
877
1284
1760
2332
2908
3392
3765
4200
4728
5275
5769
6183
6473
6618
6733
6905
7141
7248
7134
6919
6719
6524
6229
5842
5418
4959
4463
3928
3402
2855
2251
1620
1038
557
95
-410
-941
-1463
-1890
-2191
-2383
-2541
-2778
-3025
-3134
-3045
-2872
-2760
-2726
-2620
-2396
-2144
-1944
-1780
-1549
-1298
-1052
-778
-449
-163
-27
57
268
589
836
923
920
939
933
881
865
913
959
889
690
513
439
448
455
385
199
-57
-279
-363
-336
-388
-580
-834
-1017
-1089
-1125
-1169
-1207
-1302
-1495
-1676
-1694
-1579
-1571
-1762
-1991
-2051
-1981
-1988
-2093
-2161
-2160
-2191
-2278
-2315
-2270
-2242
-2299
-2324
-2199
-2068
-2155
-2420
-2561
-2408
-2156
-2098
-2289
-2518
-2610
-2547
-2385
-2223
-2209
-2400
-2598
-2552
-2289
-2131
-2230
-2439
-2481
-2270
-1988
-1774
-1637
-1539
-1410
-1151
-692
-112
336
527
616
914
1522
2272
2848
3171
3390
3678
4138
4734
5367
5821
6061
6153
6276
6451
6606
6724
6806
6827
6650
6281
5832
5527
5383
5196
4814
4206
3503
2897
2441
2048
1632
1136
557
-65
-657
-1122
-1399
-1590
-1821
-2151
-2518
-2795
-2886
-2799
-2652
-2563
-2582
-2629
-2536
-2238
-1854
-1630
-1604
-1555
-1276
-842
-497
-333
-208
12
265
458
605
804
981
1030
945
885
938
1036
1040
923
818
752
702
606
501
411
348
244
76
-125
-298
-387
-436
-512
-668
-828
-960
-1043
-1121
-1219
-1300
-1327
-1346
-1449
-1614
-1777
-1852
-1832
-1781
-1768
-1873
-2096
-2298
-2288
-2080
-1914
-2032
-2375
-2607
-2476
-2131
-1947
-2118
-2458
-2636
-2535
-2340
-2301
-2388
-2466
-2484
-2546
-2651
-2654
-2486
-2312
-2373
-2574
-2658
-2510
-2334
-2339
-2449
-2449
-2264
-2017
-1829
-1704
-1584
-1403
-1076
-603
-106
213
313
440
889
1630
2339
2731
2878
3082
3529
4134
4747
5224
5551
5763
5899
6042
6207
6400
6544
6620
6561
6330
5979
5645
5449
5295
5022
4555
3988
3388
2813
2316
1938
1604
1105
408
-303
-802
-1042
-1278
-1662
-2095
-2416
-2590
-2730
-2849
-2862
-2766
-2687
-2659
-2588
-2396
-2164
-1986
-1793
-1501
-1169
-957
-815
-573
-181
168
350
516
771
1057
1204
1209
1258
1394
1494
1472
1412
1362
1295
1173
1068
1055
1049
916
683
455
332
251
119
-43
-256
-487
-740
-917
-964
-980
-1123
-1425
-1658
-1682
-1585
-1593
-1778
-1983
-2110
-2130
-2093
-2091
-2158
-2279
-2399
-2454
-2433
-2389
-2367
-2382
-2405
-2407
-2364
-2320
-2311
-2340
-2358
-2318
-2285
-2303
-2376
-2508
-2632
-2578
-2317
-2084
-2227
-2653
-2867
-2622
-2184
-2049
-2282
-2564
-2661
-2610
-2491
-2281
-2034
-1912
-1964
-1936
-1587
-1065
-690
-541
-298
185
706
1008
1214
1659
2294
2888
3305
3672
4134
4600
4993
5391
5828
6218
6447
6561
6630
6648
6633
6630
6664
6590
6268
5786
5362
5083
4794
4362
3847
3313
2747
2107
1495
1028
615
122
-455
-992
-1409
-1775
-2146
-2418
-2518
-2567
-2771
-3078
-3186
-2919
-2519
-2376
-2557
-2670
-2365
-1807
-1425
-1366
-1340
-1088
-683
-366
-132
162
506
717
738
757
964
1254
1392
1320
1182
1144
1145
1106
1069
1086
1070
889
623
442
399
380
247
53
-156
-385
-594
-739
-781
-830
-998
-1230
-1400
-1470
-1495
-1529
-1622
-1782
-1924
-1981
-1963
-1922
-1968
-2133
-2284
-2282
-2171
-2098
-2173
-2302
-2327
-2257
-2195
-2178
-2124
-2067
-2107
-2212
-2222
-2084
-2041
-2202
-2383
-2355
-2181
-2155
-2346
-2482
-2404
-2281
-2308
-2438
-2438
-2380
-2447
-2618
-2640
-2409
-2229
-2327
-2476
-2291
-1810
-1454
-1413
-1370
-1012
-446
35
345
589
881
1280
1859
2558
3165
3493
3704
4124
4782
5398
5765
5991
6235
6516
6695
6767
6807
6859
6848
6715
6524
6287
5954
5511
5066
4719
4385
3923
3313
2624
1987
1439
1002
623
186
-400
-1078
-1616
-1879
-1979
-2132
-2427
-2724
-2852
-2860
-2876
-2880
-2718
-2396
-2155
-2183
-2293
-2129
-1645
-1178
-979
-913
-714
-402
-174
-3
284
690
932
887
769
813
991
1092
1126
1181
1160
926
613
582
838
983
724
273
34
50
41
-115
-281
-391
-549
-832
-1096
-1191
-1150
-1108
-1156
-1296
-1518
-1757
-1827
-1665
-1454
-1486
-1786
-2057
-2093
-1919
-1764
-1736
-1798
-1945
-2120
-2133
-1906
-1672
-1714
-1973
-2102
-1937
-1696
-1682
-1861
-2026
-2073
-2081
-2099
-2081
-2026
-2086
-2330
-2557
-2514
-2232
-2069
-2264
-2658
-2827
-2644
-2410
-2415
-2590
-2651
-2511
-2332
-2231
-2120
-1879
-1566
-1265
-937
-503
-38
256
401
704
1367
2192
2788
3009
3147
3534
4201
4974
5595
5943
6061
6096
6279
6609
6887
6994
6959
6871
6691
6362
5962
5665
5529
5346
4895
4195
3458
2842
2402
2076
1704
1166
420
-334
-857
-1123
-1355
-1699
-2032
-2272
-2458
-2724
-2981
-2983
-2709
-2455
-2435
-2569
-2549
-2289
-1951
-1658
-1437
-1244
-1093
-930
-682
-301
42
210
281
457
752
956
973
907
962
1085
1113
1046
1004
992
893
707
601
652
690
495
153
-63
-75
-75
-233
-492
-727
-877
-975
-1055
-1131
-1241
-1420
-1576
-1607
-1559
-1583
-1719
-1846
-1897
-1932
-1937
-1882
-1814
-1838
-2006
-2130
-2065
-1928
-1885
-1919
-1909
-1873
-1899
-1976
-1982
-1852
-1725
-1744
-1875
-2020
-2146
-2215
-2162
-1997
-1923
-2119
-2455
-2645
-2551
-2368
-2312
-2425
-2592
-2727
-2779
-2712
-2618
-2561
-2560
-2491
-2306
-2141
-2046
-1870
-1450
-917
-532
-313
-39
389
869
1362
1912
2506
3009
3356
3752
4362
5019
5478
5730
6003
6378
6683
6815
6890
6998
7020
6864
6657
6559
6427
5999
5358
4840
4563
4271
3742
3069
2421
1817
1231
702
299
-94
-656
-1314
-1836
-2101
-2221
-2355
-2567
-2842
-3108
-3225
-3054
-2740
-2583
-2685
-2743
-2453
-1968
-1646
-1597
-1539
-1262
-889
-579
-336
-67
185
328
449
678
985
1128
1038
938
999
1163
1201
1075
957
935
935
853
686
524
398
297
187
30
-183
-397
-535
-603
-673
-839
-1055
-1232
-1318
-1337
-1382
-1478
-1601
-1695
-1720
-1715
-1740
-1800
-1883
-1902
-1849
-1828
-1877
-1963
-1975
-1876
-1802
-1833
-1925
-1940
-1836
-1738
-1790
-1937
-2021
-1948
-1827
-1789
-1858
-2023
-2211
-2387
-2387
-2196
-2012
-2081
-2405
-2720
-2797
-2620
-2392
-2291
-2419
-2705
-2962
-2976
-2695
-2252
-1925
-1857
-1926
-1893
-1581
-1043
-461
-44
182
384
762
1371
2030
2572
3017
3491
4014
4509
4952
5334
5703
6073
6447
6765
6931
6898
6781
6791
6926
6964
6679
6150
5687
5413
5168
4797
4283
3702
3054
2386
1801
1335
918
406
-168
-721
-1194
-1579
-1887
-2112
-2362
-2670
-2910
-2958
-2874
-2856
-2938
-2895
-2613
-2285
-2130
-2096
-1984
-1747
-1443
-1091
-693
-331
-189
-172
8
445
916
1103
1033
928
959
1096
1251
1391
1416
1259
1005
862
891
923
785
535
318
138
-54
-224
-323
-408
-595
-890
-1141
-1242
-1282
-1374
-1475
-1545
-1649
-1799
-1879
-1829
-1758
-1843
-2039
-2131
-2067
-1965
-1938
-1911
-1852
-1855
-1973
-2063
-1995
-1820
-1727
-1805
-1927
-1966
-1887
-1808
-1788
-1836
-1916
-1978
-1985
-2010
-2134
-2280
-2301
-2166
-2061
-2135
-2357
-2534
-2570
-2504
-2446
-2466
-2557
-2643
-2670
-2580
-2369
-2110
-1910
-1865
-1815
-1633
-1240
-728
-260
57
262
565
1065
1749
2377
2809
3122
3492
4016
4602
5136
5530
5853
6169
6457
6669
6719
6698
6713
6793
6823
6659
6330
5908
5538
5221
4870
4442
3863
3184
2516
1974
1550
1094
550
-47
-594
-1093
-1526
-1890
-2237
-2545
-2811
-2989
-3087
-3102
-3081
-3024
-2943
-2884
-2810
-2644
-2352
-2021
-1745
-1552
-1331
-1007
-632
-320
-58
189
437
651
805
957
1130
1313
1463
1544
1527
1417
1276
1207
1223
1246
1174
975
741
547
430
351
241
52
-212
-480
-693
-800
-838
-902
-1000
-1131
-1304
-1475
-1580
-1587
-1594
-1685
-1792
-1845
-1815
-1786
-1806
-1821
-1847
-1886
-1928
-1948
-1938
-1954
-1979
-1953
-1858
-1809
-1860
-1909
-1916
-1918
-1995
-2110
-2119
-2039
-2010
-2099
-2190
-2196
-2168
-2214
-2331
-2386
-2405
-2421
-2455
-2475
-2473
-2543
-2580
-2504
-2307
-2113
-2083
-2127
-2081
-1808
-1336
-784
-324
-111
-70
56
580
1450
2243
2619
2688
2906
3506
4299
4996
5497
5810
5996
6130
6296
6548
6813
6998
7052
6981
6789
6474
6154
5914
5731
5438
4894
4204
3557
3059
2646
2207
1695
1136
495
-173
-767
-1207
-1486
-1740
-2077
-2494
-2863
-3077
-3095
-3017
-2946
-2981
-3098
-3110
-2937
-2614
-2268
-1970
-1694
-1445
-1306
-1214
-975
-470
83
375
372
374
637
1024
1324
1466
1511
1496
1395
1263
1235
1321
1377
1297
1119
942
772
553
337
227
150
-45
-380
-685
-806
-829
-902
-1052
-1242
-1448
-1646
-1782
-1786
-1726
-1754
-1937
-2119
-2137
-2044
-1961
-1969
-2030
-2136
-2273
-2340
-2250
-2067
-1991
-2052
-2136
-2159
-2149
-2143
-2134
-2111
-2095
-2145
-2225
-2222
-2133
-2108
-2242
-2393
-2363
-2179
-2123
-2344
-2637
-2703
-2497
-2256
-2213
-2388
-2596
-2685
-2596
-2420
-2250
-2118
-2013
-1872
-1666
-1357
-968
-573
-243
43
307
611
1067
1670
2278
2749
3075
3401
3872
4491
5108
5511
5661
5730
5903
6202
6507
6665
6648
6526
6368
6169
5895
5567
5285
5050
4751
4259
3618
3015
2536
2162
1755
1259
676
36
-577
-1052
-1346
-1548
-1790
-2158
-2557
-2858
-2993
-3023
-3027
-3024
-3005
-2931
-2775
-2566
-2345
-2154
-1964
-1721
-1409
-1083
-816
-611
-408
-85
322
712
993
1144
1233
1332
1480
1626
1710
1729
1714
1682
1627
1543
1430
1322
1205
1027
803
581
409
266
115
-67
-261
-470
-686
-911
-1128
-1290
-1428
-1572
-1723
-1835
-1902
-1955
-2023
-2108
-2157
-2199
-2254
-2325
-2386
-2377
-2341
-2286
-2233
-2232
-2284
-2349
-2324
-2186
-2028
-2011
-2125
-2207
-2178
-2052
-1927
-1913
-2014
-2185
-2339
-2357
-2249
-2166
-2243
-2393
-2445
-2378
-2318
-2395
-2534
-2632
-2646
-2575
-2434
-2263
-2184
-2183
-2045
-1655
-1149
-776
-614
-442
-89
398
908
1403
1917
2424
2841
3240
3722
4266
4734
5082
5460
5913
6309
6505
6599
6713
6842
6875
6798
6699
6552
6305
5911
5537
5274
5041
4683
4142
3548
2959
2406
1910
1474
1035
496
-116
-651
-1014
-1274
-1573
-1967
-2353
-2613
-2716
-2740
-2774
-2820
-2850
-2798
-2674
-2499
-2351
-2270
-2156
-1952
-1645
-1376
-1217
-1065
-795
-399
-63
84
133
247
461
655
791
908
996
1011
919
833
864
973
985
884
761
684
642
584
571
563
458
212
-73
-253
-326
-401
-556
-746
-907
-1008
-1085
-1188
-1310
-1446
-1593
-1728
-1826
-1906
-1997
-2102
-2224
-2337
-2361
-2325
-2290
-2321
-2396
-2393
-2326
-2222
-2111
-1976
-1880
-1925
-2076
-2140
-1997
-1817
-1811
-1953
-1998
-1910
-1835
-1838
-1830
-1808
-1929
-2151
-2230
-2119
-2091
-2336
-2614
-2599
-2386
-2298
-2390
-2357
-2089
-1882
-1877
-1854
-1495
-907
-481
-280
-108
213
584
1010
1649
2392
2954
3188
3431
3996
4729
5318
5670
5978
6274
6394
6360
6416
6669
6891
6855
6584
6308
6044
5717
5383
5121
4850
4303
3531
2828
2372
1993
1470
848
264
-271
-842
-1375
-1691
-1846
-2058
-2415
-2760
-2899
-2883
-2881
-2937
-2894
-2779
-2712
-2691
-2568
-2209
-1770
-1446
-1270
-1113
-900
-614
-300
31
326
486
545
620
821
1075
1223
1211
1166
1159
1158
1106
1040
1022
1015
952
801
624
438
272
152
66
-20
-185
-439
-634
-673
-658
-738
-921
-1114
-1223
-1278
-1340
-1423
-1497
-1559
-1648
-1720
-1782
-1821
-1871
-1945
-1952
-1949
-1994
-2099
-2162
-2064
-1898
-1842
-1987
-2213
-2303
-2202
-2041
-1963
-2008
-2086
-2134
-2178
-2192
-2146
-2034
-1937
-1975
-2153
-2364
-2503
-2491
-2329
-2143
-2094
-2290
-2598
-2723
-2541
-2195
-1966
-1944
-1964
-1869
-1678
-1502
-1283
-960
-513
-98
175
381
616
1033
1624
2317
2916
3290
3490
3712
4133
4681
5192
5556
5793
5968
6049
6071
6160
6372
6577
6575
6310
5882
5520
5289
5139
4935
4528
3918
3226
2645
2219
1856
1433
885
330
-156
-605
-1035
-1429
-1689
-1883
-2126
-2489
-2840
-2975
-2897
-2759
-2693
-2653
-2592
-2493
-2380
-2173
-1808
-1415
-1165
-1103
-1050
-772
-355
-19
163
292
451
575
675
829
1113
1322
1279
1086
1005
1096
1146
1046
845
708
603
465
315
208
141
-1
-250
-455
-543
-635
-821
-1047
-1188
-1262
-1375
-1549
-1719
-1791
-1805
-1834
-1883
-1920
-1945
-1971
-1969
-1937
-1918
-1934
-1951
-1925
-1897
-1956
-2034
-1969
-1724
-1524
-1559
-1782
-1915
-1798
-1607
-1484
-1501
-1646
-1884
-2123
-2162
-1970
-1783
-1877
-2243
-2537
-2528
-2370
-2323
-2426
-2532
-2552
-2618
-2741
-2744
-2580
-2406
-2332
-2273
-2128
-1887
-1681
-1442
-1025
-471
2
265
494
895
1484
2100
2617
3019
3376
3734
4161
4689
5257
5695
5930
6063
6198
6352
6523
6696
6780
6687
6430
6115
5838
5594
5280
4908
4501
4034
3474
2883
2409
2064
1666
1110
477
-88
-518
-871
-1189
-1520
-1826
-2085
-2274
-2399
-2519
-2646
-2685
-2591
-2470
-2387
-2330
-2220
-2012
-1801
-1621
-1443
-1267
-1105
-945
-681
-352
-82
46
158
356
565
667
657
736
904
991
901
768
774
872
870
738
601
537
493
425
354
285
155
-56
-292
-449
-543
-654
-806
-967
-1086
-1178
-1282
-1425
-1536
-1599
-1636
-1696
-1777
-1856
-1912
-1980
-2029
-2034
-2047
-2088
-2146
-2136
-2046
-1902
-1814
-1780
-1743
-1701
-1716
-1777
-1762
-1668
-1612
-1662
-1697
-1637
-1606
-1713
-1831
-1796
-1663
-1711
-1963
-2161
-2130
-2006
-2008
-2168
-2336
-2479
-2662
-2716
-2521
-2169
-1994
-2108
-2175
-1940
-1504
-1159
-937
-679
-379
-77
259
806
1486
2044
2419
2762
3255
3821
4339
4812
5334
5834
6162
6302
6417
6565
6698
6798
6859
6812
6583
6237
5987
5856
5628
5140
4457
3836
3345
2898
2374
1804
1223
623
47
-466
-916
-1327
-1684
-1991
-2205
-2358
-2516
-2678
-2753
-2781
-2791
-2764
-2721
-2592
-2327
-2061
-1817
-1571
-1355
-1110
-888
-691
-488
-243
-5
195
377
532
655
676
644
645
743
854
862
815
794
788
695
540
389
236
94
-33
-133
-199
-297
-440
-551
-625
-696
-840
-1020
-1154
-1178
-1144
-1118
-1112
-1204
-1399
-1603
-1637
-1522
-1432
-1478
-1558
-1574
-1568
-1575
-1555
-1498
-1501
-1647
-1829
-1825
-1688
-1615
-1640
-1648
-1584
-1617
-1857
-2034
-1902
-1581
-1451
-1607
-1774
-1795
-1808
-1910
-1926
-1775
-1694
-1902
-2235
-2343
-2160
-1940
-1853
-1951
-2175
-2458
-2628
-2481
-2055
-1629
-1511
-1654
-1795
-1672
-1311
-806
-267
163
420
546
847
1482
2271
2924
3309
3540
3798
4187
4744
5401
5963
6265
6355
6372
6453
6558
6622
6654
6650
6569
6250
5759
5302
5014
4763
4289
3617
2956
2394
1884
1409
958
523
-18
-661
-1232
-1601
-1858
-2154
-2448
-2617
-2668
-2767
-2933
-3056
-3005
-2861
-2760
-2632
-2393
-2062
-1835
-1748
-1625
-1340
-957
-668
-494
-351
-186
37
339
634
831
887
815
761
829
1002
1151
1153
1044
930
829
742
650
559
444
271
101
-20
-78
-143
-291
-515
-748
-920
-995
-1043
-1148
-1292
-1394
-1417
-1445
-1513
-1611
-1682
-1734
-1780
-1803
-1783
-1659
-1536
-1517
-1647
-1766
-1760
-1680
-1585
-1529
-1489
-1462
-1511
-1594
-1577
-1482
-1424
-1517
-1679
-1757
-1738
-1725
-1775
-1776
-1727
-1801
-2116
-2451
-2495
-2283
-2164
-2311
-2544
-2665
-2682
-2730
-2712
-2596
-2501
-2533
-2614
-2485
-2131
-1777
-1575
-1389
-1094
-741
-401
-1
532
1118
1588
1978
2450
3029
3571
3961
4313
4745
5239
5672
6033
6312
6484
6532
6555
6627
6663
6579
6352
6100
5858
5581
5198
4741
4291
3847
3336
2766
2219
1763
1331
843
336
-128
-548
-1003
-1426
-1721
-1898
-2088
-2311
-2462
-2458
-2417
-2515
-2661
-2651
-2430
-2179
-2072
-2031
-1886
-1663
-1476
-1332
-1110
-844
-665
-591
-476
-218
18
158
243
382
493
457
354
352
537
736
761
632
495
394
341
363
428
427
222
-111
-310
-249
-146
-244
-521
-776
-900
-969
-1035
-1050
-1039
-1113
-1279
-1438
-1491
-1504
-1561
-1631
-1635
-1595
-1631
-1716
-1721
-1631
-1590
-1650
-1701
-1612
-1457
-1425
-1518
-1599
-1582
-1464
-1348
-1311
-1420
-1633
-1757
-1644
-1390
-1294
-1459
-1721
-1909
-1966
-1931
-1929
-1991
-2121
-2301
-2490
-2622
-2642
-2602
-2590
-2649
-2700
-2698
-2634
-2531
-2346
-2052
-1695
-1398
-1206
-1043
-753
-216
451
1076
1556
1956
2384
2875
3452
4091
4678
5118
5393
5659
5993
6353
6597
6657
6687
6713
6691
6505
6223
5974
5758
5452
4978
4467
3970
3420
2818
2247
1790
1365
828
234
-296
-705
-1075
-1417
-1659
-1874
-2175
-2477
-2598
-2540
-2505
-2602
-2656
-2514
-2297
-2191
-2138
-1938
-1595
-1340
-1244
-1115
-840
-541
-399
-284
-72
117
190
208
405
703
806
664
537
636
812
814
698
635
610
540
375
277
287
241
64
-128
-174
-163
-263
-446
-565
-577
-605
-754
-916
-999
-1048
-1118
-1181
-1193
-1227
-1365
-1483
-1482
-1405
-1376
-1476
-1558
-1565
-1511
-1512
-1600
-1669
-1632
-1536
-1473
-1485
-1549
-1596
-1571
-1448
-1334
-1287
-1327
-1366
-1362
-1378
-1425
-1490
-1477
-1382
-1350
-1483
-1721
-1869
-1817
-1664
-1624
-1823
-2136
-2315
-2279
-2135
-2029
-2092
-2273
-2367
-2226
-1934
-1659
-1487
-1309
-990
-601
-235
47
403
951
1586
2126
2497
2859
3346
3926
4484
4977
5396
5713
5951
6148
6384
6606
6700
6657
6542
6410
6183
5876
5539
5235
4941
4508
3933
3336
2822
2371
1881
1366
853
312
-262
-787
-1137
-1352
-1596
-1936
-2276
-2516
-2649
-2713
-2706
-2639
-2553
-2539
-2583
-2521
-2299
-2012
-1801
-1685
-1596
-1424
-1142
-839
-554
-338
-216
-130
4
228
449
553
594
628
686
723
703
640
591
581
580
535
412
252
119
67
18
-112
-336
-537
-655
-704
-755
-857
-942
-1010
-1094
-1202
-1257
-1233
-1195
-1220
-1295
-1349
-1336
-1285
-1270
-1303
-1339
-1359
-1340
-1287
-1268
-1282
-1314
-1337
-1323
-1279
-1252
-1301
-1430
-1545
-1546
-1437
-1330
-1363
-1502
-1645
-1725
-1725
-1712
-1699
-1735
-1877
-2052
-2144
-2105
-2082
-2227
-2463
-2584
-2513
-2430
-2475
-2593
-2634
-2538
-2377
-2207
-2076
-1993
-1882
-1615
-1166
-651
-247
-4
269
718
1303
1856
2336
2865
3432
3919
4292
4647
5089
5528
5844
6068
6255
6413
6489
6460
6425
6394
6274
6045
5719
5345
4926
4488
4088
3752
3341
2785
2126
1518
1072
652
230
-173
-535
-920
-1322
-1678
-1906
-2036
-2162
-2275
-2420
-2554
-2651
-2620
-2423
-2164
-2019
-2004
-1988
-1858
-1629
-1397
-1168
-882
-617
-505
-464
-367
-130
110
265
341
388
443
467
535
658
731
642
466
322
256
249
252
260
199
-19
-342
-568
-547
-424
-455
-691
-983
-1135
-1143
-1116
-1098
-1153
-1310
-1521
-1621
-1549
-1408
-1356
-1408
-1453
-1470
-1498
-1520
-1446
-1302
-1213
-1280
-1382
-1362
-1239
-1122
-1078
-1049
-1071
-1144
-1215
-1179
-1033
-937
-983
-1100
-1167
-1228
-1389
-1585
-1627
-1502
-1406
-1552
-1869
-2127
-2218
-2194
-2126
-2070
-2197
-2550
-2889
-2856
-2409
-1997
-1997
-2303
-2496
-2304
-1836
-1314
-827
-452
-226
-65
211
723
1384
2018
2551
2977
3303
3585
3937
4520
5214
5701
5815
5764
5819
6023
6227
6326
6348
6236
5946
5529
5149
4893
4657
4326
3914
3465
2969
2409
1871
1474
1156
738
161
-370
-735
-1015
-1347
-1679
-1839
-1871
-2014
-2336
-2596
-2587
-2394
-2266
-2235
-2169
-2070
-2015
-2026
-1969
-1760
-1495
-1262
-1120
-977
-815
-685
-556
-366
-131
-6
-22
-74
22
240
377
344
225
135
91
93
152
230
231
103
-82
-193
-174
-150
-236
-428
-626
-718
-734
-739
-796
-905
-1040
-1143
-1161
-1144
-1191
-1318
-1396
-1394
-1363
-1400
-1507
-1549
-1513
-1493
-1568
-1677
-1633
-1428
-1250
-1236
-1326
-1372
-1301
-1187
-1085
-1016
-1020
-1097
-1160
-1065
-850
-780
-977
-1232
-1302
-1168
-1084
-1191
-1340
-1371
-1442
-1702
-2016
-2098
-1970
-1978
-2201
-2463
-2519
-2402
-2261
-2168
-2099
-2058
-2077
-1974
-1562
-913
-382
-189
-209
-36
525
1275
1997
2534
2884
3126
3409
3910
4611
5247
5617
5718
5751
5850
5998
6210
6404
6496
6319
5905
5486
5196
5023
4828
4540
4096
3499
2836
2287
1940
1704
1321
697
34
-426
-670
-900
-1179
-1425
-1589
-1827
-2171
-2377
-2285
-2078
-2060
-2233
-2299
-2099
-1846
-1783
-1834
-1770
-1545
-1315
-1170
-1031
-873
-764
-727
-623
-373
-158
-189
-373
-343
-25
259
241
22
-94
-81
-66
-56
34
161
115
-130
-338
-320
-212
-198
-314
-443
-510
-611
-708
-729
-693
-724
-875
-1002
-1031
-1028
-1087
-1141
-1093
-1009
-1037
-1202
-1294
-1229
-1123
-1134
-1208
-1205
-1150
-1120
-1131
-1086
-973
-919
-971
-1032
-998
-872
-780
-759
-798
-859
-900
-949
-960
-960
-977
-1065
-1205
-1274
-1244
-1259
-1501
-1812
-1906
-1748
-1650
-1856
-2220
-2419
-2327
-2117
-1996
-2014
-2070
-2097
-2037
-1828
-1405
-897
-534
-385
-274
25
495
1053
1648
2259
2743
2997
3188
3583
4208
4804
5198
5417
5565
5673
5790
5958
6133
6182
6014
5746
5525
5333
5055
4692
4358
4070
3696
3150
2564
2128
1765
1348
895
515
161
-321
-819
-1096
-1104
-1205
-1624
-2045
-2111
-1881
-1788
-1979
-2140
-2044
-1844
-1789
-1803
-1721
-1529
-1363
-1305
-1195
-1014
-853
-817
-823
-670
-425
-294
-328
-329
-219
-140
-184
-216
-128
-27
-117
-349
-443
-332
-174
-177
-310
-455
-577
-646
-643
-571
-540
-619
-759
-859
-907
-949
-1007
-1043
-1021
-1001
-1039
-1124
-1138
-1088
-1083
-1171
-1234
-1150
-1054
-1076
-1190
-1228
-1115
-993
-1000
-1076
-1109
-1024
-940
-923
-910
-878
-825
-841
-886
-869
-834
-900
-1035
-1089
-989
-915
-1062
-1300
-1405
-1360
-1372
-1533
-1716
-1804
-1862
-1964
-2056
-2061
-2080
-2207
-2414
-2494
-2327
-2026
-1796
-1786
-1850
-1786
-1503
-1016
-479
-111
6
65
419
1087
1779
2224
2514
2885
3288
3626
3932
4348
4883
5331
5546
5575
5551
5572
5621
5734
5844
5787
5483
5027
4674
4491
4290
3970
3621
3243
2754
2112
1559
1319
1250
984
361
-310
-750
-921
-1007
-1135
-1287
-1510
-1807
-2034
-2041
-1883
-1776
-1868
-1994
-1948
-1771
-1636
-1595
-1520
-1343
-1158
-1097
-1075
-985
-845
-710
-565
-359
-205
-233
-420
-497
-312
-19
116
-5
-225
-345
-316
-203
-111
-122
-250
-448
-611
-657
-584
-507
-522
-652
-840
-1022
-1138
-1133
-1002
-884
-944
-1167
-1367
-1331
-1138
-1007
-1071
-1235
-1305
-1243
-1127
-1012
-926
-948
-1060
-1145
-1056
-850
-730
-743
-784
-737
-715
-802
-856
-740
-532
-544
-826
-1103
-1115
-955
-888
-971
-1111
-1261
-1516
-1807
-1897
-1714
-1522
-1649
-2076
-2440
-2530
-2411
-2306
-2270
-2275
-2374
-2478
-2456
-2172
-1807
-1587
-1467
-1280
-962
-625
-283
136
661
1145
1484
1817
2289
2829
3235
3523
3889
4357
4796
5081
5250
5393
5510
5594
5672
5749
5696
5506
5287
5142
5026
4721
4247
3812
3522
3269
2853
2328
1858
1490
1141
750
363
19
-324
-705
-1053
-1256
-1315
-1384
-1563
-1790
-1969
-2013
-1945
-1885
-1856
-1900
-1929
-1855
-1672
-1473
-1423
-1445
-1385
-1182
-983
-935
-932
-813
-567
-357
-318
-403
-469
-440
-339
-187
-52
-14
-98
-264
-366
-316
-188
-99
-123
-285
-490
-633
-591
-435
-349
-438
-702
-953
-1056
-975
-820
-747
-821
-982
-1125
-1176
-1129
-1057
-1007
-980
-1011
-1058
-1059
-1004
-913
-853
-860
-890
-884
-841
-750
-698
-667
-635
-604
-586
-598
-663
-774
-784
-684
-581
-657
-923
-1162
-1177
-1068
-1113
-1372
-1662
-1774
-1792
-1889
-2054
-2165
-2199
-2294
-2458
-2605
-2678
-2681
-2611
-2362
-2064
-1946
-2122
-2281
-1979
-1268
-626
-406
-357
-111
408
988
1484
1958
2415
2784
3066
3432
3960
4469
4826
5053
5282
5461
5513
5538
5608
5731
5732
5544
5297
5098
4886
4584
4203
3849
3532
3169
2778
2397
2014
1584
1121
746
475
160
-257
-656
-878
-943
-1030
-1299
-1581
-1699
-1689
-1655
-1692
-1715
-1723
-1722
-1676
-1540
-1366
-1298
-1357
-1403
-1285
-1069
-865
-781
-780
-769
-712
-583
-464
-416
-468
-517
-454
-307
-201
-244
-368
-448
-433
-409
-407
-445
-474
-497
-547
-577
-603
-646
-733
-822
-840
-832
-891
-965
-960
-880
-900
-1062
-1198
-1143
-967
-922
-1042
-1158
-1108
-971
-887
-867
-857
-881
-959
-971
-797
-566
-494
-611
-712
-641
-545
-547
-589
-542
-452
-543
-759
-867
-777
-673
-789
-1047
-1252
-1349
-1391
-1404
-1427
-1548
-1823
-2096
-2174
-2076
-2033
-2185
-2367
-2404
-2301
-2207
-2157
-2032
-1808
-1599
-1498
-1413
-1136
-636
-70
359
597
765
1047
1570
2226
2815
3145
3337
3620
4050
4498
4814
5043
5269
5456
5546
5529
5481
5527
5603
5582
5379
5033
4653
4338
4100
3910
3668
3307
2829
2301
1845
1524
1293
1015
649
213
-164
-470
-705
-829
-854
-954
-1260
-1600
-1736
-1613
-1459
-1416
-1484
-1558
-1594
-1600
-1527
-1347
-1160
-1144
-1246
-1240
-1046
-838
-790
-859
-836
-695
-612
-633
-686
-676
-610
-542
-515
-547
-647
-780
-809
-692
-562
-615
-820
-960
-905
-809
-834
-951
-1025
-1027
-1059
-1089
-1079
-1027
-1055
-1158
-1170
-1087
-1025
-1084
-1141
-1075
-935
-880
-958
-1001
-927
-810
-788
-831
-819
-725
-632
-610
-619
-619
-606
-614
-579
-525
-534
-611
-698
-711
-692
-738
-863
-998
-1069
-1084
-1147
-1280
-1437
-1533
-1603
-1688
-1811
-1968
-2105
-2151
-2125
-2142
-2257
-2386
-2343
-2125
-1906
-1821
-1835
-1777
-1505
-1080
-651
-341
-110
156
505
937
1395
1868
2328
2762
3150
3454
3726
4077
4535
4991
5269
5326
5275
5300
5454
5626
5680
5501
5172
4881
4688
4461
4159
3841
3556
3237
2760
2195
1689
1370
1140
854
445
-47
-515
-878
-1056
-1081
-1158
-1432
-1780
-1957
-1918
-1828
-1798
-1784
-1751
-1766
-1818
-1762
-1543
-1287
-1188
-1216
-1182
-1008
-835
-784
-745
-576
-382
-387
-513
-534
-376
-246
-307
-409
-428
-423
-474
-545
-552
-549
-630
-738
-759
-709
-766
-945
-1059
-964
-822
-891
-1111
-1233
-1163
-1054
-1028
-1075
-1110
-1110
-1081
-1041
-983
-965
-990
-961
-875
-815
-840
-904
-907
-808
-702
-674
-756
-809
-774
-714
-674
-666
-674
-721
-786
-869
-912
-908
-921
-1006
-1154
-1257
-1271
-1302
-1425
-1566
-1614
-1609
-1713
-1930
-2044
-1985
-1923
-2006
-2149
-2209
-2190
-2152
-2108
-1957
-1727
-1605
-1598
-1502
-1158
-697
-403
-249
15
462
889
1154
1438
1912
2468
2879
3126
3355
3685
4098
4494
4829
5047
5119
5112
5180
5354
5494
5411
5171
4974
4856
4679
4372
4042
3764
3482
3097
2654
2248
1855
1432
1044
724
409
-3
-498
-885
-1065
-1148
-1328
-1624
-1861
-1918
-1922
-1984
-2031
-1950
-1800
-1754
-1814
-1800
-1593
-1322
-1171
-1119
-1052
-913
-755
-629
-469
-280
-159
-172
-219
-153
-15
18
-82
-129
-81
-77
-218
-402
-431
-350
-367
-537
-726
-789
-771
-787
-878
-981
-1037
-1068
-1113
-1130
-1134
-1185
-1236
-1228
-1106
-1004
-1034
-1101
-1082
-960
-831
-771
-762
-739
-705
-712
-730
-680
-545
-434
-480
-625
-708
-672
-592
-556
-565
-622
-772
-964
-1075
-1055
-975
-1016
-1219
-1446
-1578
-1605
-1646
-1738
-1788
-1810
-1877
-2019
-2129
-2149
-2149
-2132
-2050
-1915
-1900
-2064
-2163
-1932
-1451
-1101
-1107
-1240
-1070
-541
-19
274
405
602
963
1382
1808
2190
2477
2689
2984
3429
3812
4034
4169
4414
4752
4949
4946
4883
4961
5119
5142
4972
4760
4611
4453
4240
4008
3783
3504
3151
2785
2439
2074
1701
1382
1138
830
336
-158
-445
-536
-675
-1007
-1360
-1534
-1565
-1672
-1859
-1916
-1807
-1726
-1817
-1925
-1875
-1699
-1539
-1423
-1300
-1217
-1225
-1215
-1012
-670
-456
-486
-586
-512
-288
-159
-187
-199
-85
0
-119
-327
-383
-265
-176
-234
-380
-516
-631
-723
-727
-661
-658
-831
-1089
-1223
-1141
-1022
-1061
-1220
-1318
-1293
-1247
-1233
-1205
-1151
-1104
-1082
-1026
-935
-861
-857
-859
-749
-600
-537
-626
-702
-611
-445
-410
-523
-572
-488
-455
-581
-715
-735
-685
-756
-934
-1068
-1115
-1217
-1468
-1646
-1573
-1429
-1573
-1975
-2224
-2124
-1954
-2024
-2223
-2245
-2124
-2096
-2185
-2178
-1980
-1730
-1571
-1449
-1192
-841
-585
-444
-184
350
932
1277
1442
1660
2047
2509
2963
3364
3668
3853
3999
4257
4586
4848
4958
5010
5108
5188
5129
4957
4815
4783
4753
4541
4170
3779
3462
3211
3009
2798
2473
1971
1422
1049
899
802
525
41
-438
-730
-841
-917
-1072
-1271
-1422
-1514
-1622
-1712
-1679
-1549
-1465
-1495
-1549
-1536
-1430
-1284
-1199
-1170
-1135
-1071
-1011
-935
-837
-753
-692
-661
-611
-534
-505
-522
-489
-410
-372
-456
-576
-586
-490
-408
-465
-584
-671
-688
-661
-639
-639
-700
-817
-930
-948
-895
-898
-1007
-1140
-1183
-1132
-1074
-1073
-1123
-1189
-1176
-1059
-932
-904
-1011
-1078
-1002
-863
-781
-777
-787
-856
-967
-1000
-794
-470
-430
-809
-1197
-1104
-642
-404
-652
-1037
-1143
-1050
-1109
-1275
-1299
-1203
-1258
-1550
-1818
-1850
-1767
-1814
-1925
-1937
-1879
-1970
-2231
-2307
-2028
-1644
-1543
-1693
-1714
-1416
-961
-570
-297
-95
142
499
1031
1607
2017
2244
2468
2834
3320
3739
4017
4262
4510
4699
4770
4851
5034
5225
5255
5082
4886
4740
4571
4381
4214
4027
3719
3219
2704
2386
2241
2047
1639
1113
643
316
87
-69
-193
-417
-847
-1308
-1472
-1317
-1157
-1272
-1556
-1696
-1598
-1485
-1461
-1415
-1248
-1061
-1047
-1151
-1151
-962
-765
-711
-744
-719
-654
-661
-703
-662
-521
-439
-495
-570
-573
-523
-487
-500
-510
-503
-541
-604
-637
-615
-556
-535
-585
-672
-743
-754
-693
-619
-633
-743
-843
-862
-820
-808
-829
-819
-797
-844
-947
-971
-866
-740
-768
-899
-912
-768
-687
-817
-980
-935
-727
-661
-831
-1018
-1039
-897
-792
-819
-892
-968
-1006
-1010
-962
-911
-954
-1062
-1159
-1230
-1300
-1376
-1390
-1358
-1409
-1610
-1855
-1944
-1870
-1811
-1858
-1938
-1968
-1982
-2030
-2035
-1887
-1620
-1407
-1266
-1113
-904
-679
-438
-20
552
1068
1323
1443
1717
2223
2804
3253
3565
3811
4012
4182
4411
4728
5026
5161
5162
5120
5071
4999
4908
4857
4818
4619
4197
3728
3394
3230
3020
2657
2206
1739
1342
998
689
386
96
-180
-429
-702
-1023
-1273
-1372
-1331
-1341
-1491
-1664
-1725
-1659
-1595
-1537
-1448
-1359
-1344
-1363
-1294
-1139
-1046
-1078
-1078
-929
-776
-786
-910
-910
-726
-594
-645
-761
-738
-586
-512
-601
-695
-690
-624
-592
-610
-642
-676
-713
-746
-737
-731
-761
-791
-786
-768
-775
-815
-833
-831
-825
-801
-765
-739
-770
-815
-797
-726
-693
-717
-734
-690
-648
-693
-741
-693
-629
-671
-807
-856
-746
-653
-699
-835
-900
-883
-869
-865
-849
-864
-958
-1084
-1128
-1096
-1106
-1220
-1334
-1382
-1426
-1520
-1633
-1678
-1735
-1847
-1944
-1902
-1769
-1779
-1918
-1970
-1796
-1565
-1474
-1403
-1171
-832
-613
-523
-329
106
619
962
1198
1483
1855
2195
2512
2907
3322
3612
3746
3924
4248
4554
4645
4645
4746
4921
4947
4761
4601
4582
4556
4362
4025
3696
3442
3200
2921
2616
2271
1852
1456
1161
926
622
261
-31
-201
-366
-656
-928
-1035
-1018
-1080
-1232
-1324
-1316
-1290
-1331
-1355
-1278
-1165
-1122
-1144
-1135
-1082
-1043
-1040
-989
-866
-790
-811
-870
-856
-770
-695
-671
-642
-602
-589
-618
-642
-609
-532
-483
-503
-569
-643
-654
-610
-563
-600
-705
-785
-788
-770
-777
-801
-818
-844
-900
-951
-942
-872
-844
-869
-905
-904
-894
-907
-914
-878
-821
-802
-851
-905
-911
-910
-898
-872
-817
-814
-907
-1026
-1018
-878
-752
-804
-994
-1109
-1056
-917
-860
-958
-1147
-1282
-1296
-1244
-1227
-1288
-1434
-1575
-1678
-1751
-1774
-1725
-1641
-1646
-1727
-1851
-1884
-1728
-1436
-1151
-1021
-1019
-970
-742
-362
53
427
725
951
1147
1381
1770
2295
2788
3092
3199
3281
3489
3857
4292
4602
4680
4548
4418
4467
4658
4805
4746
4522
4238
3969
3721
3507
3373
3229
2931
2445
1911
1548
1363
1230
987
623
206
-154
-353
-433
-503
-669
-886
-1043
-1114
-1153
-1176
-1171
-1130
-1144
-1247
-1317
-1233
-1040
-943
-1001
-1109
-1109
-1000
-901
-847
-787
-747
-777
-840
-822
-706
-592
-566
-595
-605
-581
-563
-558
-528
-492
-488
-537
-569
-562
-565
-611
-667
-689
-679
-702
-760
-800
-805
-809
-846
-883
-895
-885
-898
-893
-875
-875
-902
-917
-875
-827
-828
-884
-899
-825
-733
-730
-835
-903
-848
-733
-697
-772
-828
-779
-708
-757
-900
-952
-833
-702
-758
-963
-1131
-1183
-1179
-1192
-1213
-1276
-1432
-1639
-1778
-1747
-1713
-1844
-2016
-2000
-1838
-1798
-1982
-2123
-1956
-1573
-1308
-1265
-1213
-1009
-696
-433
-142
243
648
939
1149
1451
1843
2227
2542
2887
3227
3449
3556
3724
4048
4344
4435
4371
4356
4416
4391
4282
4215
4218
4107
3765
3384
3170
3097
2899
2551
2213
1966
1694
1324
986
787
641
404
137
-44
-194
-461
-747
-826
-677
-608
-816
-1106
-1188
-1092
-1037
-1094
-1109
-1001
-944
-1041
-1166
-1160
-1058
-955
-908
-891
-898
-958
-1015
-964
-810
-697
-697
-766
-775
-746
-716
-657
-572
-522
-584
-682
-696
-601
-529
-553
-605
-648
-697
-771
-800
-733
-661
-725
-872
-968
-958
-906
-897
-912
-904
-911
-978
-1015
-967
-855
-803
-851
-914
-894
-790
-711
-693
-723
-761
-771
-733
-636
-560
-563
-667
-793
-809
-724
-644
-683
-816
-958
-998
-989
-1073
-1235
-1359
-1330
-1264
-1377
-1638
-1847
-1854
-1731
-1691
-1744
-1824
-1859
-1866
-1840
-1687
-1438
-1255
-1175
-1106
-897
-539
-219
47
325
664
979
1267
1597
2009
2378
2634
2855
3154
3511
3756
3882
4010
4214
4387
4428
4371
4345
4335
4274
4148
4012
3846
3607
3331
3094
2889
2609
2276
1973
1776
1540
1161
772
562
481
295
-43
-312
-378
-379
-531
-799
-953
-899
-789
-797
-896
-989
-1018
-1012
-964
-859
-756
-750
-831
-879
-824
-734
-715
-715
-673
-628
-663
-758
-794
-729
-635
-606
-666
-749
-781
-758
-708
-687
-695
-719
-730
-711
-709
-712
-714
-674
-625
-625
-664
-683
-662
-657
-673
-685
-644
-635
-705
-815
-864
-799
-726
-735
-840
-951
-974
-940
-927
-952
-983
-976
-964
-959
-992
-1027
-1037
-991
-890
-827
-851
-949
-1028
-1010
-926
-856
-854
-919
-1029
-1154
-1234
-1232
-1177
-1177
-1285
-1474
-1613
-1652
-1646
-1638
-1668
-1717
-1764
-1776
-1757
-1686
-1593
-1486
-1338
-1134
-936
-768
-600
-340
25
406
730
1016
1355
1709
2058
2367
2712
3082
3443
3729
3914
4055
4200
4392
4572
4678
4672
4564
4419
4301
4185
4048
3866
3626
3328
2984
2636
2325
2052
1792
1491
1148
817
512
274
56
-148
-300
-404
-502
-677
-900
-1027
-970
-808
-766
-894
-1066
-1093
-936
-786
-738
-769
-790
-777
-759
-752
-720
-666
-642
-661
-688
-705
-714
-745
-756
-706
-651
-648
-716
-753
-724
-674
-630
-609
-578
-530
-537
-553
-510
-431
-370
-367
-397
-395
-350
-316
-323
-366
-396
-410
-439
-482
-517
-552
-589
-652
-756
-865
-927
-915
-895
-923
-1031
-1167
-1217
-1159
-1073
-1065
-1150
-1208
-1169
-1111
-1127
-1156
-1114
-984
-907
-993
-1139
-1172
-1037
-927
-958
-1077
-1185
-1255
-1316
-1349
-1299
-1237
-1296
-1495
-1692
-1720
-1608
-1475
-1416
-1441
-1499
-1535
-1492
-1322
-1069
-800
-569
-425
-316
-193
29
435
923
1322
1532
1631
1782
2064
2453
2881
3224
3412
3461
3485
3631
3882
4080
4126
4112
4081
4014
3864
3711
3643
3607
3492
3199
2852
2559
2353
2154
1934
1740
1495
1179
818
530
371
283
169
-22
-272
-510
-655
-676
-648
-663
-746
-859
-895
-898
-917
-909
-824
-721
-712
-811
-895
-841
-721
-667
-715
-761
-736
-694
-723
-792
-767
-676
-644
-715
-798
-790
-718
-696
-721
-720
-687
-687
-747
-758
-662
-528
-522
-645
-735
-682
-551
-483
-525
-610
-652
-665
-684
-678
-661
-677
-750
-853
-928
-945
-912
-921
-999
-1109
-1199
-1203
-1153
-1138
-1175
-1239
-1280
-1268
-1235
-1179
-1120
-1096
-1134
-1164
-1112
-1021
-986
-1028
-1039
-974
-933
-989
-1098
-1107
-1001
-970
-1059
-1168
-1174
-1128
-1122
-1172
-1228
-1235
-1234
-1226
-1186
-1114
-1062
-1029
-985
-911
-777
-525
-182
96
168
127
276
739
1302
1638
1710
1764
1947
2232
2527
2829
3157
3384
3411
3337
3365
3556
3786
3903
3872
3742
3539
3388
3322
3311
3255
3068
2813
2545
2314
2093
1890
1751
1626
1445
1173
869
597
415
350
338
250
-6
-313
-484
-435
-356
-396
-512
-614
-654
-717
-762
-768
-724
-723
-794
-860
-872
-858
-922
-985
-973
-894
-826
-876
-974
-1017
-1006
-950
-874
-834
-847
-931
-1043
-1024
-888
-762
-762
-868
-906
-829
-718
-656
-666
-673
-638
-603
-585
-603
-603
-595
-606
-636
-674
-690
-694
-701
-724
-767
-819
-853
-842
-812
-849
-966
-1075
-1094
-1014
-973
-1049
-1179
-1265
-1253
-1160
-1044
-1026
-1128
-1240
-1222
-1073
-971
-1017
-1110
-1094
-998
-989
-1086
-1131
-1029
-900
-905
-1022
-1073
-1002
-918
-908
-904
-873
-860
-908
-967
-911
-742
-589
-556
-649
-747
-611
-142
342
477
278
137
424
954
1374
1556
1674
1800
1831
1839
2059
2592
3087
3182
2958
2845
3002
3263
3444
3557
3617
3512
3224
2948
2928
3074
3086
2876
2583
2313
2093
1894
1803
1809
1742
1513
1202
936
726
588
587
687
641
295
-153
-339
-167
49
8
-228
-443
-572
-666
-670
-563
-505
-650
-915
-1081
-1081
-1069
-1147
-1235
-1222
-1173
-1239
-1369
-1447
-1420
-1346
-1290
-1240
-1226
-1314
-1453
-1467
-1291
-1099
-1057
-1132
-1197
-1147
-1060
-971
-857
-770
-756
-800
-830
-776
-683
-644
-658
-673
-696
-740
-749
-696
-593
-547
-589
-641
-644
-600
-559
-555
-569
-594
-604
-600
-577
-582
-639
-701
-697
-588
-487
-478
-575
-649
-626
-547
-470
-465
-496
-526
-569
-622
-617
-530
-419
-404
-496
-542
-448
-297
-261
-339
-373
-292
-201
-180
-192
-175
-90
-21
5
35
106
205
297
407
556
695
740
739
815
1045
1296
1397
1346
1292
1381
1600
1815
1933
1956
1949
1967
2019
2126
2241
2304
2232
2100
2066
2118
2158
2090
1977
1926
1887
1811
1718
1668
1635
1532
1368
1252
1241
1185
1009
794
682
665
572
386
259
256
234
109
-44
-104
-126
-213
-347
-424
-439
-505
-644
-743
-765
-788
-889
-977
-969
-979
-1077
-1186
-1170
-1093
-1129
-1289
-1378
-1322
-1266
-1347
-1497
-1539
-1494
-1482
-1525
-1535
-1474
-1439
-1488
-1520
-1454
-1356
-1330
-1361
-1361
-1331
-1296
-1248
-1147
-1036
-1015
-1094
-1139
-1032
-857
-732
-700
-721
-746
-736
-635
-469
-358
-418
-550
-560
-408
-230
-196
-235
-206
-100
-16
-6
10
88
158
149
121
183
278
307
268
254
323
402
390
311
262
292
354
373
362
317
265
224
230
264
294
279
198
167
243
349
399
399
389
380
377
397
461
509
494
439
420
497
610
665
632
588
605
684
745
794
822
841
848
836
875
955
1018
991
935
929
992
1056
1073
1098
1133
1156
1146
1095
1065
1062
1057
1006
911
847
823
807
746
655
591
571
539
459
355
302
297
304
272
201
107
3
-49
-82
-119
-228
-344
-394
-396
-405
-486
-604
-675
-696
-733
-831
-958
-1038
-1096
-1111
-1113
-1122
-1164
-1267
-1345
-1324
-1258
-1236
-1292
-1360
-1348
-1269
-1192
-1173
-1182
-1184
-1175
-1138
-1081
-1055
-1018
-954
-856
-751
-707
-680
-626
-533
-454
-425
-407
-345
-251
-152
-86
-16
57
114
179
264
341
367
377
408
493
576
591
559
527
516
502
483
465
436
412
381
376
382
386
374
347
328
280
198
126
136
194
211
142
47
12
57
80
57
16
-6
16
40
56
47
52
76
87
69
28
4
12
34
68
105
150
175
177
180
209
281
310
278
253
287
360
406
411
419
441
446
415
389
420
465
461
433
418
440
480
455
412
365
304
271
284
339
376
334
246
232
301
361
331
237
179
157
147
147
166
174
107
-17
-82
-51
-17
-75
-196
-251
-244
-254
-312
-370
-370
-383
-467
-584
-647
-623
-594
-610
-649
-672
-670
-666
-645
-613
-625
-682
-721
-700
-665
-654
-674
-683
-620
-581
-607
-645
-620
-546
-484
-448
-427
-364
-298
-250
-191
-113
-63
-57
-62
-10
96
183
229
258
317
380
415
421
458
500
509
502
502
515
528
540
538
537
511
443
386
390
438
464
429
378
361
374
371
345
314
273
227
164
145
174
191
155
92
54
49
34
-29
-71
-69
-57
-91
-155
-168
-124
-92
-133
-198
-228
-202
-189
-196
-177
-135
-119
-146
-156
-124
-76
-94
-139
-145
-86
-44
-69
-70
-24
27
18
-25
-18
29
35
-14
-21
56
124
116
73
79
129
145
120
124
174
192
167
158
219
282
257
178
152
196
214
171
127
128
150
133
89
95
112
75
-16
-63
-38
-3
-34
-105
-111
-78
-76
-130
-173
-169
-177
-218
-260
-248
-215
-238
-275
-272
-250
-265
-330
-395
-384
-351
-365
-416
-433
-388
-370
-392
-410
-371
-334
-353
-361
-313
-230
-185
-189
-161
-91
-40
-33
-51
-7
45
64
67
79
140
176
170
177
216
240
209
167
197
270
315
313
283
285
306
328
347
362
372
344
311
328
392
445
412
353
316
307
309
301
297
277
243
198
186
195
199
172
109
73
59
60
66
53
51
54
46
23
-1
-11
-9
-10
-26
-44
-64
-64
-51
-51
-47
-64
-95
-107
-122
-123
-111
-106
-110
-106
-100
-101
-90
-79
-73
-62
-59
-60
-55
-29
11
25
34
35
41
34
34
46
63
67
51
38
35
47
47
44
28
10
-17
-39
-46
-38
-13
-10
-23
-56
-65
-61
-54
-55
-69
-88
-112
-117
-109
-94
-98
-129
-166
-190
-199
-208
-218
-237
-252
-250
-271
-297
-314
-314
-309
-314
-326
-335
-339
-317
-290
-259
-231
-225
-233
-253
-222
-172
-130
-120
-104
-89
-65
-33
-14
9
23
34
30
41
67
115
136
144
152
155
162
165
177
220
246
235
214
208
257
312
326
315
316
304
292
300
328
351
334
295
272
284
301
283
245
227
208
180
146
151
167
165
140
105
105
116
100
87
89
110
100
63
53
66
93
79
46
24
16
-7
-23
-27
-6
0
-55
-99
-105
-80
-73
-98
-111
-111
-117
-113
-107
-79
-54
-64
-93
-110
-98
-86
-86
-85
-79
-76
-95
-115
-110
-91
-94
-120
-146
-164
-162
-173
-161
-150
-152
-168
-206
-219
-204
-181
-174
-191
-213
-210
-203
-183
-166
-162
-166
-195
-211
-203
-189
-176
-182
-204
-218
-217
-213
-205
-201
-212
-222
-243
-258
-262
-227
-203
-196
-199
-199
-194
-188
-165
-137
-102
-96
-90
-89
-66
-12
24
29
32
37
44
64
95
139
165
161
145
152
184
217
221
214
223
236
238
258
297
341
345
321
322
339
361
369
371
381
388
373
359
349
380
395
361
323
303
309
303
284
278
288
269
234
196
206
222
215
188
155
152
149
139
148
170
158
123
85
82
108
87
56
24
10
-3
-46
-62
-65
-70
-95
-152
-181
-174
-177
-187
-202
-208
-203
-218
-252
-254
-222
-210
-222
-258
-250
-237
-221
-217
-214
-207
-232
-271
-296
-265
-238
-247
-280
-301
-311
-305
-307
-307
-300
-312
-336
-350
-326
-283
-261
-273
-273
-258
-248
-240
-219
-190
-165
-170
-187
-177
-149
-134
-133
-148
-139
-123
-139
-148
-144
-107
-88
-104
-121
-115
-89
-73
-67
-47
-19
-26
-35
-14
38
72
75
65
72
101
120
138
149
167
165
164
170
195
230
230
222
226
237
235
233
240
265
298
286
271
293
321
332
332
329
345
352
341
348
370
399
399
370
358
357
361
353
347
347
334
306
271
285
291
284
246
214
217
208
203
186
187
177
163
148
129
140
149
132
106
102
95
68
51
42
45
25
-15
-42
-52
-52
-70
-88
-109
-136
-160
-187
-204
-195
-202
-230
-257
-262
-256
-258
-262
-259
-256
-268
-279
-287
-278
-275
-282
-301
-307
-305
-300
-303
-300
-286
-296
-300
-306
-308
-297
-281
-281
-278
-272
-266
-259
-258
-237
-220
-221
-215
-209
-186
-172
-155
-150
-134
-124
-132
-113
-98
-76
-75
-74
-75
-57
-37
-23
-16
-17
-3
-7
10
30
41
57
66
64
89
104
108
112
126
142
138
136
147
157
167
185
197
200
199
198
198
206
216
218
198
195
193
206
215
211
217
221
223
213
222
223
221
215
207
204
199
200
197
186
181
177
171
169
165
155
151
146
137
127
108
101
102
105
86
79
66
64
60
47
55
41
32
13
10
-3
4
3
-28
-43
-52
-56
-62
-54
-69
-82
-84
-95
-96
-92
-95
-106
-118
-133
-139
-144
-145
-140
-142
-143
-148
-150
-148
-151
-162
-163
-160
-164
-170
-170
-167
-163
-173
-174
-171
-184
-173
-164
-155
-153
-132
-138
-151
-136
-124
-108
-117
-107
-98
-96
-89
-83
-78
-76
-79
-81
-75
-66
-54
-53
-43
-26
-21
-16
-7
-1
19
27
26
44
41
44
61
61
70
74
83
85
88
103
111
112
119
120
118
118
127
128
127
131
127
128
123
127
130
129
126
132
125
121
121
116
129
124
126
111
110
103
105
102
89
82
74
75
70
69
58
56
50
54
45
41
39
32
29
20
19
17
5
3
-3
-16
-24
-36
-32
-43
-54
-64
-68
-74
-74
-80
-88
-95
-110
-113
-117
-117
-128
-128
-132
-141
-136
-132
-138
-146
-156
-155
-147
-153
-148
-148
-153
-145
-148
-148
-149
-145
-143
-141
-143
-142
-124
-129
-123
-123
-121
-121
-121
-121
-113
-102
-97
-99
-89
-83
-75
-57
-63
-51
-54
-37
-34
-22
-19
-13
1
6
21
28
46
44
54
61
73
70
83
95
91
95
94
98
96
100
98
103
107
112
114
117
125
119
118
120
114
116
115
105
107
113
115
121
116
114
108
110
113
105
103
100
101
88
86
84
88
84
74
68
66
62
57
46
48
50
39
34
13
12
9
4
-1
-4
-15
-24
-27
-28
-32
-35
-33
-41
-48
-45
-47
-54
-57
-68
-70
-76
-71
-82
-83
-77
-77
-71
-62
-69
-75
-72
-81
-74
-81
-79
-85
-79
-81
-80
-80
-74
-63
-77
-75
-76
-74
-75
-78
-82
-72
-68
-61
-59
-54
-53
-39
-42
-34
-28
-29
-23
-32
-17
-21
-14
-7
-2
0
5
4
10
19
22
24
22
33
32
35
37
41
35
37
42
44
46
48
44
46
47
50
49
49
51
47
50
60
64
65
70
73
76
77
76
78
86
72
85
81
78
86
88
92
83
90
81
85
79
79
78
78
72
65
67
69
63
53
54
51
44
39
43
36
41
38
34
26
17
16
6
12
12
6
9
13
17
5
1
6
-5
-15
-14
-16
-14
-18
-28
-29
-29
-25
-35
-37
-35
-39
-48
-47
-48
-66
-57
-59
-58
-58
-64
-64
-60
-64
-62
-70
-69
-64
-67
-73
-78
-74
-80
-73
-75
-74
-70
-67
-68
-60
-59
-63
-59
-54
-51
-59
-54
-45
-39
-41
-35
-24
-23
-25
-22
-24
-26
-22
-24
-18
-11
-13
3
5
5
6
16
28
20
24
25
31
26
21
24
32
34
30
34
46
51
51
53
48
57
59
58
57
59
63
70
73
71
68
62
64
66
68
60
52
48
41
45
44
35
38
38
41
40
42
32
28
32
33
34
29
33
28
36
31
22
19
19
26
18
25
28
31
26
24
29
22
12
7
3
5
6
4
6
-1
4
3
0
3
-7
-4
-6
-14
-16
-18
-10
-6
-11
-19
-24
-25
-25
-20
-35
-44
-35
-42
-37
-35
-34
-35
-41
-39
-24
-19
-26
-24
-22
-21
-13
-9
-3
-3
-16
-15
-19
-22
-20
-19
-19
-23
-30
-21
-17
-19
-21
-31
-32
-34
-26
-32
-32
-39
-35
-31
-35
-24
-25
-29
-22
-13
-16
-8
-20
-20
-22
-25
-17
-19
-15
-14
-7
-12
-21
-17
-9
-15
-13
-11
-10
-1
-5
-3
6
5
2
3
3
2
-2
-7
-4
-1
1
-8
-6
-2
-7
7
-7
-4
4
0
1
3
11
9
14
20
26
23
24
27
25
31
31
35
31
32
36
24
34
32
33
31
22
25
24
20
19
15
13
15
11
19
14
15
15
13
16
17
17
10
4
6
10
-2
-1
1
10
8
5
10
9
6
6
-1
0
3
3
13
14
6
6
12
4
-1
-3
-2
-12
-8
-16
-8
-18
-28
-22
-35
-31
-28
-30
-29
-23
-34
-31
-24
-22
-31
-22
-31
-27
-22
-25
-23
-23
-18
-27
-16
-19
-19
-24
-26
-26
-23
-25
-24
-25
-20
-22
-28
-23
-21
-20
-23
-22
-25
-17
-20
-17
-18
-14
-16
-22
-16
-16
-16
-19
-16
-15
-11
-13
-8
-6
-10
-3
3
-6
-4
-3
-4
-7
-3
1
10
11
10
10
1
5
2
0
7
13
6
8
-3
-5
-1
3
0
-7
-7
-9
-5
-10
-15
-16
-8
-10
-4
-9
-6
3
3
-1
-6
-3
-5
-5
-6
-4
-7
-6
-3
-2
-10
-11
-9
-3
-1
-7
1
14
10
15
16
12
16
20
22
17
17
26
21
19
15
10
15
3
13
4
10
5
3
7
1
3
-8
3
-3
2
6
17
17
15
5
16
19
14
22
16
14
3
7
1
-3
-2
4
-3
0
4
3
-7
-7
-8
-3
-5
-12
-4
-4
1
-5
-9
-24
-18
-13
-22
-21
-19
-24
-23
-21
-16
-13
-19
-13
-16
-15
-8
-7
-13
-7
-5
3
4
-2
0
-1
-6
10
10
8
12
11
11
7
9
3
15
11
9
8
13
13
6
14
11
12
13
13
19
25
27
31
22
17
15
22
27
23
19
21
19
16
18
22
15
19
13
16
14
-2
9
8
8
2
15
10
4
6
-4
-11
-10
-11
-11
-12
-10
-5
-15
-9
-17
-13
-17
-16
-15
-20
-17
-7
-15
-15
-8
-17
-6
-6
-1
-3
4
3
9
16
15
18
11
9
12
8
8
7
-3
-4
-3
-5
-11
-12
-9
-10
-15
-11
-11
-7
4
13
4
4
2
12
8
5
11
0
6
3
8
11
18
4
12
22
16
12
12
19
11
16
11
9
9
4
8
18
11
19
11
4
6
9
6
3
1
-1
1
-3
-4
-6
0
-1
11
5
9
10
8
10
2
0
0
8
14
13
4
9
16
23
22
25
13
11
15
15
12
2
2
9
11
0
8
15
20
25
28
32
34
32
34
33
39
31
30
24
16
17
7
14
5
-5
6
12
5
12
12
14
6
7
12
17
26
19
8
10
15
7
12
15
6
10
17
22
29
28
29
28
32
22
19
22
16
19
7
5
7
6
5
0
3
1
-2
1
0
2
7
6
11
12
6
3
4
0
-1
0
3
0
-9
-9
-15
-20
-15
-19
-18
-26
-22
-19
-26
-31
-28
-26
-27
-25
-27
-23
-20
-19
-24
-23
-12
-10
-15
1
1
-3
-6
-3
3
2
6
-1
3
-7
4
7
1
2
-3
-3
-3
-3
1
-5
-2
1
-3
-4
-12
-4
-12
-6
-6
-9
-3
-6
3
5
-2
-9
-9
-9
-5
-3
-3
-2
2
-3
-6
-12
0
0
-10
0
-4
-12
-12
-9
-9
-8
-13
-14
-18
-9
-12
-7
-3
-6
-3
-9
-14
-15
-15
-25
-14
-21
-24
-18
-23
-20
-19
-19
-12
-12
-16
-13
-13
-14
-14
-13
-23
-23
-13
-17
-12
-10
-3
-2
-12
-10
-7
7
1
-3
1
1
3
0
1
-3
0
3
10
4
12
16
9
13
11
9
5
10
12
7
3
-7
-8
-6
-7
-4
-6
-4
-5
0
0
1
7
11
4
6
12
6
8
7
4
3
9
6
10
12
8
7
7
1
-4
1
3
3
0
0
-3
2
-9
-7
0
-2
-3
-13
-9
-4
-5
-3
-5
-7
-13
-18
-11
-13
-12
-14
-12
-6
-7
-10
-8
-4
-3
-7
3
3
4
8
-4
-8
-18
-8
-9
-6
-6
-12
-6
0
1
-1
0
-11
-8
0
-2
-5
-1
-2
1
6
10
6
6
13
9
9
6
8
8
9
12
9
10
8
5
10
6
3
-2
3
2
4
18
7
6
-6
-13
-12
-11
-6
-3
0
-6
-3
0
-5
-2
-1
-6
-10
-4
-3
-10
-4
-10
-22
-22
-23
-35
-39
-35
-38
-34
-32
-26
-24
-31
-27
-28
-34
-22
-16
-7
-8
-15
-20
-15
-14
-6
-15
-16
-5
-6
-1
-7
-2
0
0
0
7
6
2
-2
1
3
5
6
8
9
6
0
-6
10
6
7
14
12
11
13
26
14
12
14
7
9
11
18
16
9
7
9
16
12
12
6
5
4
0
2
-4
0
3
-9
-3
-2
-7
-3
-7
-8
-10
-13
-10
-3
-18
-13
-13
-12
-5
-17
-7
-13
-13
-5
-1
-2
-12
-22
-16
-17
-15
-16
-17
-9
-23
-28
-27
-19
-14
-10
-14
-12
-5
-8
-10
-13
-9
-12
-15
-10
-13
-9
-6
-15
-10
-7
-13
-7
3
0
5
5
10
18
19
18
23
19
9
9
6
9
10
16
5
-1
11
6
11
9
5
3
9
18
16
16
25
26
15
16
23
23
17
13
13
9
13
19
9
3
6
6
6
7
1
3
11
6
7
4
10
11
4
0
-3
5
6
4
-2
-3
0
-3
-12
-3
-5
-15
-14
-20
-16
-13
-23
-18
-9
-23
-22
-19
-22
-10
0
-7
5
8
1
9
9
3
-11
0
3
3
9
2
6
3
0
4
1
4
2
3
5
5
4
-6
-2
-3
8
4
3
6
3
10
7
3
4
11
12
9
10
6
7
6
6
17
20
15
9
17
9
6
12
6
7
3
9
4
-4
-3
-9
-4
0
1
3
-1
-1
6
6
8
2
-8
-6
-4
-13
-17
-15
-29
-16
-16
-15
-11
-17
-3
-11
-2
-10
-16
-5
-16
-1
-6
-8
-1
-6
-9
-18
-3
3
7
9
6
13
4
9
3
15
10
3
15
3
8
6
10
11
22
16
11
12
7
13
8
5
4
0
-9
-9
-12
-18
-22
-17
-16
-10
-7
-6
2
4
8
11
10
-2
0
-5
0
-5
-6
6
4
10
0
-2
2
12
10
6
13
12
10
2
-5
-2
-10
-16
-19
-23
-13
-10
2
-11
-12
-7
-8
-9
-24
-11
-22
-19
-10
-17
-11
-14
-3
-3
-6
-10
-13
-15
-13
-13
-12
-7
-15
-10
-12
-22
-19
-13
-15
-10
0
-4
1
7
8
7
-2
4
13
3
6
15
12
19
24
30
32
29
25
20
15
30
26
22
29
20
20
13
14
10
9
3
-3
3
9
11
4
7
8
4
9
3
3
-2
-2
7
4
-6
-12
-4
-5
-2
0
3
2
-6
-7
-9
-6
-7
-11
-13
-12
-8
-12
-27
-29
-32
-23
-16
-27
-25
-22
-27
-24
-18
-14
-10
-3
2
-6
-6
-11
-5
1
0
-1
-9
-12
-18
-13
0
-3
0
6
0
6
7
20
13
4
15
8
19
22
27
26
21
15
16
22
22
23
8
13
16
18
20
11
25
24
13
23
22
15
18
20
18
9
3
4
12
0
0
3
-3
3
-3
12
6
13
6
9
17
3
12
-3
-4
-5
-7
-4
-4
-2
3
-6
-11
3
-5
-4
-10
-14
-12
-11
-7
-10
-6
-13
-10
-2
-9
-4
-3
-2
2
6
2
7
12
11
17
13
15
16
18
4
12
12
10
13
12
12
19
25
26
28
24
28
23
18
0
1
3
-1
10
-6
-3
-2
0
4
-6
6
7
-1
-1
-4
-3
-9
-8
-6
-9
-4
3
-3
2
13
6
9
3
2
5
9
15
14
15
8
16
15
4
-3
-6
5
9
10
5
0
4
10
1
-2
6
1
-10
-6
-4
-10
-6
-8
-12
-12
-6
-16
-7
-6
-9
3
-4
-4
-10
-13
-19
-6
-2
-15
-13
-13
-10
-6
-9
-4
-8
13
13
10
19
9
17
13
23
11
20
15
9
21
6
9
-1
9
-6
-2
5
3
9
6
15
5
3
-4
-4
7
0
-6
-3
5
17
18
13
8
0
-4
-7
-7
-7
-16
-15
-9
-15
-15
-10
-11
-19
-19
-22
-19
-21
-13
-13
-17
-17
-18
-13
-19
-18
-9
-9
-16
0
-5
-4
1
-1
8
3
1
-9
-4
-4
-3
-6
-3
4
-3
-14
-4
-6
-2
7
-7
-9
-15
-12
-15
-23
-21
-17
-18
-18
-13
-18
-15
-11
-8
-6
-4
7
7
-1
6
-2
-6
6
1
-1
6
3
-3
0
-6
-5
-10
-12
-4
-5
-6
3
0
-3
3
8
10
-2
-1
-11
-11
-13
-6
0
-7
6
-3
-7
-6
-6
-6
-6
-7
-1
-1
9
9
8
15
9
14
4
-5
-20
-13
-9
-13
6
-2
-4
14
9
7
9
3
1
-6
9
8
9
7
-1
9
9
7
7
8
0
7
6
3
0
2
17
13
10
7
9
17
14
8
12
9
9
12
7
9
14
16
12
15
13
6
6
3
9
8
7
5
3
7
10
8
6
11
19
13
2
9
10
2
0
2
9
3
-5
2
-4
3
3
-8
2
9
-4
1
7
-3
3
4
8
-11
-7
-11
-6
1
-4
13
-1
5
9
1
-6
-13
-12
-18
-16
-10
-21
-24
-22
-14
-19
-19
-17
-25
-19
-25
-6
-10
-9
-11
-14
-3
2
-3
-8
7
12
17
13
7
11
12
12
25
16
22
20
16
16
19
21
19
22
17
10
5
8
5
12
16
3
5
34
14
20
35
-2
8
25
17
29
28
15
10
19
14
3
6
-3
1
5
5
2
19
9
17
19
4
16
7
9
8
0
4
6
1
16
-1
2
-4
-3
9
-5
6
-6
-10
-16
-12
-13
-3
-7
-14
-10
-16
-5
-6
-8
3
-3
-3
3
-5
-5
-19
-15
-14
-13
-2
-3
-10
-19
0
-10
-17
-6
-12
-1
1
-3
-3
2
10
4
10
15
9
13
12
7
12
6
1
4
7
6
9
8
11
12
15
13
15
12
4
19
16
22
16
13
13
8
9
5
8
2
9
8
6
7
0
6
0
-10
0
-12
11
6
-7
8
-4
12
-7
-7
11
5
10
7
2
-2
3
-10
-1
10
0
1
0
-1
-4
3
-1
8
-2
-13
4
1
3
-6
-7
-13
-5
-4
1
4
-3
2
1
3
7
23
11
12
10
9
14
7
7
8
3
4
7
6
16
15
9
10
0
9
10
-3
-2
-4
3
7
10
-7
