-2
0
-3
-4
-13
-16
-24
-33
-33
-32
-2
21
31
38
29
10
0
-13
-14
-6
-24
-36
-35
-41
-40
-29
6
41
50
51
43
22
6
-24
-25
-16
-11
7
3
3
-11
-20
-19
-20
-11
0
10
22
19
13
3
-12
-13
-16
-4
-15
-31
-32
-44
-35
-11
9
29
41
36
17
-11
-28
-36
-24
-10
3
9
3
-12
-30
-32
-25
-7
17
31
22
15
6
-6
-16
-16
-6
-7
0
5
2
2
11
11
19
33
44
39
29
15
-6
-23
-20
-3
3
26
19
18
9
-10
2
13
19
10
0
-12
-31
-34
-34
-26
5
19
28
14
0
-9
-28
-29
-25
-1
13
26
24
28
16
7
13
0
-7
-2
-2
-4
-10
-23
-22
-13
0
7
4
4
3
-11
-11
-13
-18
-18
-9
-14
-27
-34
-45
-24
6
21
37
48
39
16
-8
-16
-31
-36
-21
-8
5
17
23
29
35
46
56
45
38
33
14
-11
-20
-28
-21
-8
-5
17
26
21
15
7
8
19
21
12
-6
-25
-39
-39
-25
-12
2
22
24
25
16
-4
-16
-29
-17
-6
-5
2
2
0
-3
-6
-10
-3
-7
-12
-3
-22
-24
-29
-23
-1
10
22
37
30
13
13
7
9
-3
2
5
-1
-3
-13
-24
-17
-1
19
47
40
40
25
15
1
-20
-22
-23
-9
-6
-9
-5
0
5
12
29
49
49
45
33
18
-1
-10
-16
-12
3
13
18
13
6
3
10
20
36
47
45
29
14
0
-7
-17
-16
-13
-13
5
7
14
12
11
11
21
28
29
34
17
-6
-19
-23
-16
-1
12
18
27
19
16
7
1
10
16
19
9
-2
-21
-28
-35
-36
-24
-9
13
14
12
1
-20
-34
-31
-11
7
15
26
21
12
7
6
3
7
9
7
10
4
-12
-22
-12
-8
3
14
19
23
20
5
6
9
4
16
11
4
1
-12
-21
-17
-4
6
17
26
26
9
-16
-22
-31
-40
-18
6
23
47
46
37
35
28
34
23
10
4
-1
-13
-16
-19
-9
9
25
36
32
26
8
0
-18
-12
-5
2
-6
-16
-18
-28
-29
-20
-6
6
23
25
13
-15
-25
-42
-43
-28
-23
-8
1
-3
-6
-10
-26
-20
-4
3
0
-3
-14
-24
-25
-9
6
16
28
18
10
-1
-13
-16
-12
-3
3
-7
-9
-9
-13
-10
-10
-3
9
7
6
-4
-20
-29
-32
-17
4
13
10
17
10
5
0
2
0
6
14
11
2
-6
-9
-11
-9
7
38
35
36
30
13
-3
-14
-9
-6
-6
-8
-6
-17
-6
2
0
3
-4
-7
-4
-19
-40
-35
-31
-23
-9
0
8
4
-2
-15
-23
-20
-16
-9
-6
-8
-2
0
-1
4
-1
1
0
4
1
-9
-12
-25
-22
-30
-35
-27
-23
-12
-4
-6
-13
-11
-9
-4
8
3
-9
-14
-16
-6
1
13
16
21
26
18
12
13
7
-4
-6
-7
-2
4
3
4
9
5
1
6
1
6
10
7
0
-6
-7
-13
-1
3
13
21
-2
-9
-9
-5
-9
-15
-13
-12
-3
-3
1
12
2
6
7
10
8
-9
-4
-15
-19
-26
-32
-25
-10
-3
2
5
-10
-10
-17
-10
-2
-4
-6
-20
-21
-20
-16
-10
-5
-1
-4
1
0
-6
-5
2
11
10
7
19
21
19
25
23
20
10
-5
1
12
14
15
7
3
4
12
16
16
13
13
6
1
-6
-9
-5
-6
9
12
13
14
14
14
9
3
0
-3
-12
-7
-5
-1
-6
-18
-23
-9
7
13
7
-5
-8
-10
-6
4
-4
-10
-12
-25
-19
-15
-15
-6
9
11
5
-5
-13
-16
-23
-13
-13
-9
-3
6
3
0
-4
-15
-14
-15
-13
-10
0
4
4
-11
-9
-2
-4
1
0
-5
-12
-4
-4
3
12
18
11
1
-1
-6
3
4
14
21
25
19
12
15
6
13
15
13
20
21
16
20
25
26
20
16
13
8
9
1
0
1
6
7
14
11
13
6
4
8
4
14
21
27
16
2
-4
-4
3
13
14
10
13
7
5
7
-2
-7
-9
-13
-9
-15
-16
-10
-8
-4
1
4
-9
-16
-21
-13
-3
6
3
7
13
1
1
-6
-9
-9
-9
0
12
9
6
4
-7
-3
0
1
-3
-9
-10
-13
-7
-9
-6
-6
0
-8
-15
-6
-7
-1
10
20
13
16
16
-3
-10
-12
-5
-1
-7
-1
12
13
15
12
4
8
9
9
0
-3
-6
-7
2
-1
5
10
5
-4
0
-7
-7
2
9
12
8
9
5
4
-6
0
-3
-6
3
0
-3
-9
-13
-16
-23
-12
-5
-1
2
10
9
4
10
4
-6
-8
-2
-7
-3
4
3
6
0
-7
2
10
9
9
7
13
9
11
0
-12
-16
-18
-11
-7
4
8
14
13
7
6
-3
-9
-12
-14
-10
-6
13
19
20
21
7
-3
-13
-23
-20
0
12
17
19
15
9
6
-2
-6
3
2
9
15
17
14
6
12
12
4
-5
-6
-6
3
19
13
9
7
-9
-23
-26
-28
-25
-23
-3
15
21
30
16
0
-10
-15
-9
-8
0
5
11
1
-6
-15
-22
-13
-21
-12
-15
-10
-10
-10
-3
0
5
-7
-13
-25
-17
-9
-4
2
3
1
-3
-14
-21
-20
-22
-7
12
26
34
32
16
2
-13
-15
-19
-9
1
1
3
-14
-18
-20
-22
-10
5
8
10
7
-2
1
10
0
6
-3
-10
-4
-6
12
19
30
37
28
20
6
-11
-19
-10
5
9
15
16
-3
-12
-29
-28
-23
-25
-9
-3
7
5
2
-9
-20
-9
-12
-14
-19
-16
-19
-26
-15
-13
-8
-5
-13
-20
-19
-17
-10
2
6
20
14
2
-6
-12
-6
-17
-9
-7
4
13
10
10
7
8
2
9
3
6
11
1
-10
-11
-10
-13
-2
2
0
-3
-5
-3
4
1
0
1
0
0
-6
-9
2
12
15
15
7
-1
-13
-19
-11
4
9
6
3
-1
4
4
-8
-9
0
5
1
-1
-8
-12
-17
-19
-7
-3
-4
-3
-2
10
14
24
27
3
-25
-41
-42
-45
-34
-25
-16
-2
-1
7
8
6
2
5
0
-5
2
4
4
-8
-13
-11
-8
-15
-16
-22
-24
-16
-23
-7
13
37
35
18
3
-13
-16
-20
-6
14
19
11
-5
-12
-17
-16
-5
8
28
31
23
23
26
25
20
25
27
33
10
-28
-29
-16
14
47
61
55
43
14
-12
-17
-19
-14
9
45
58
33
-17
-55
-43
11
48
54
50
25
12
-12
-37
-35
-10
58
125
114
1
-141
-182
-37
164
238
136
-44
-162
-166
-72
35
103
110
67
10
-72
-149
-184
-123
10
111
95
-22
-148
-188
-105
37
146
154
78
-45
-134
-136
-58
51
126
130
52
-73
-162
-155
-56
78
162
165
82
-22
-89
-85
-38
29
82
86
40
-34
-87
-73
25
120
144
64
-58
-102
-23
112
191
151
56
0
53
148
146
43
-62
-44
63
146
127
0
-104
-107
-12
73
47
-32
-87
-38
75
98
16
-108
-168
-101
2
47
17
-46
-91
-87
-30
-12
-42
-72
-82
-71
-60
-69
-88
-78
-35
2
-13
-65
-133
-164
-126
-46
4
-18
-87
-150
-144
-104
-76
-83
-79
-44
13
54
41
17
-7
9
48
76
88
84
84
83
63
37
37
70
120
136
75
-4
-32
35
156
253
253
171
73
26
67
141
202
218
181
116
61
31
47
82
97
112
117
127
127
97
57
42
60
87
88
43
-52
-149
-167
-127
-83
-87
-152
-220
-262
-266
-245
-217
-200
-174
-151
-140
-148
-186
-221
-225
-202
-169
-144
-153
-187
-219
-240
-234
-203
-172
-163
-162
-145
-124
-95
-103
-107
-82
-28
35
41
7
-60
-75
2
99
176
187
126
67
85
165
272
345
360
334
320
344
377
397
394
376
366
368
351
307
261
243
265
291
288
221
151
133
168
244
279
237
173
126
121
136
130
94
60
41
8
-48
-124
-191
-212
-177
-155
-208
-317
-409
-418
-336
-251
-253
-356
-470
-535
-537
-480
-452
-469
-534
-585
-594
-580
-540
-481
-423
-384
-355
-339
-316
-260
-181
-116
-73
-69
-88
-94
-81
-40
12
41
53
33
10
19
68
174
275
330
319
304
328
407
496
540
556
519
487
484
480
483
500
517
543
541
507
460
414
419
487
569
576
493
367
275
271
332
365
321
206
79
6
-17
-23
-32
-70
-110
-118
-129
-152
-192
-213
-176
-107
-66
-137
-275
-390
-427
-404
-388
-424
-522
-615
-660
-679
-714
-747
-734
-671
-604
-593
-640
-688
-658
-553
-437
-388
-412
-467
-492
-458
-396
-327
-268
-241
-224
-212
-194
-157
-98
7
126
237
292
255
183
152
209
326
418
425
343
260
236
281
370
437
472
498
515
535
548
552
596
685
794
841
780
626
489
463
528
624
626
521
353
235
183
199
229
225
232
228
220
171
104
34
32
97
159
158
48
-106
-196
-184
-95
-27
-34
-91
-166
-210
-214
-201
-187
-172
-161
-167
-212
-316
-447
-533
-540
-485
-461
-514
-626
-736
-766
-736
-684
-632
-600
-571
-536
-498
-436
-369
-307
-262
-247
-240
-255
-266
-240
-179
-122
-138
-208
-256
-241
-158
-86
-69
-91
-116
-119
-97
-53
7
89
161
158
49
-82
-74
121
405
561
488
300
181
265
477
676
777
771
740
706
662
610
584
626
686
700
595
382
182
116
190
323
370
271
85
-83
-114
-19
156
272
272
187
105
106
159
221
234
271
324
345
297
191
132
174
265
290
238
100
-29
-80
-41
25
28
-89
-287
-458
-546
-541
-497
-480
-535
-629
-745
-796
-754
-664
-586
-554
-552
-559
-545
-512
-427
-305
-199
-199
-257
-285
-246
-195
-197
-200
-160
-119
-163
-279
-395
-367
-260
-208
-274
-407
-450
-379
-240
-164
-192
-304
-385
-343
-208
-44
72
113
80
22
0
107
360
610
708
617
466
420
517
693
816
828
772
671
544
418
338
360
462
527
438
238
34
-54
-33
29
92
121
173
178
95
-33
-89
82
374
550
466
235
121
249
498
636
600
518
515
569
582
493
383
353
406
448
383
199
-5
-135
-198
-218
-264
-364
-507
-660
-759
-750
-683
-650
-733
-851
-845
-711
-566
-544
-602
-638
-535
-343
-191
-177
-315
-471
-474
-266
-21
69
-85
-350
-506
-422
-228
-116
-204
-417
-558
-565
-512
-521
-589
-650
-619
-548
-512
-573
-737
-833
-724
-370
56
274
155
-165
-361
-174
319
821
1041
901
615
412
401
556
774
979
1070
962
673
330
168
285
558
766
730
465
96
-165
-194
8
296
459
404
196
-11
-117
-78
73
293
518
634
559
357
202
243
504
766
798
600
414
446
600
636
477
333
364
471
457
258
74
35
104
162
145
56
-65
-122
-129
-130
-195
-285
-288
-186
-109
-130
-210
-291
-343
-395
-388
-286
-160
-177
-307
-402
-404
-396
-426
-453
-461
-468
-528
-593
-642
-646
-635
-607
-597
-689
-818
-859
-755
-686
-749
-820
-769
-670
-705
-889
-1046
-1048
-948
-813
-714
-748
-976
-1261
-1268
-829
-241
-38
-358
-810
-858
-366
278
650
612
371
286
422
603
673
695
879
1189
1331
1094
665
451
652
1034
1217
1062
739
522
458
496
535
557
547
504
435
299
159
71
130
326
520
590
518
410
431
603
808
928
964
1062
1244
1327
1194
1024
1052
1211
1249
1140
1034
1000
914
721
603
642
681
535
294
177
212
230
157
32
-69
-54
54
109
-24
-257
-341
-177
18
22
-144
-322
-436
-455
-331
-189
-286
-641
-903
-808
-659
-849
-1215
-1273
-1071
-1132
-1631
-2082
-2076
-1862
-1857
-2045
-2189
-2253
-2264
-2258
-2269
-2428
-2589
-2361
-1805
-1507
-1797
-2207
-2171
-1726
-1337
-1120
-778
-273
-34
-361
-870
-852
-82
1027
1716
1568
796
50
-31
635
1587
2174
2119
1603
1032
660
600
901
1441
1852
1787
1251
638
317
351
657
1076
1382
1323
926
478
235
264
565
1104
1612
1633
1065
436
318
678
1074
1303
1439
1442
1144
704
496
682
997
1153
1186
1097
763
271
77
399
884
993
621
175
3
152
432
633
629
491
426
464
548
622
719
798
771
708
737
871
933
815
643
533
542
610
568
281
-152
-305
-60
201
-2
-594
-1125
-1335
-1308
-1154
-971
-1086
-1653
-2303
-2400
-2021
-1842
-2135
-2445
-2481
-2589
-2920
-3056
-2728
-2380
-2541
-2993
-3221
-3154
-3063
-2952
-2691
-2509
-2650
-2920
-2811
-2362
-1982
-1786
-1488
-1037
-859
-1073
-1154
-563
393
974
933
674
641
821
1109
1557
2075
2414
2338
1993
1676
1564
1696
1973
2261
2294
1969
1467
1213
1320
1498
1505
1418
1443
1465
1290
1004
913
1104
1388
1621
1704
1556
1215
982
1133
1497
1700
1618
1480
1413
1346
1235
1176
1195
1197
1132
1022
911
774
601
446
345
279
241
240
247
180
66
7
111
322
470
437
306
300
514
812
950
897
803
797
867
917
908
843
735
589
417
285
150
17
-60
-33
-29
-335
-926
-1355
-1230
-898
-927
-1405
-1853
-2007
-2079
-2209
-2260
-2196
-2247
-2487
-2717
-2793
-2854
-2955
-2953
-2812
-2749
-2920
-3218
-3410
-3389
-3254
-3153
-3102
-3094
-3136
-3250
-3269
-2984
-2512
-2182
-2099
-1869
-1372
-1026
-1107
-1177
-658
246
860
926
767
752
966
1406
1991
2443
2524
2328
2173
2136
2068
2023
2266
2702
2778
2228
1514
1312
1700
2143
2231
1985
1643
1385
1360
1565
1732
1675
1543
1645
1896
1878
1489
1162
1272
1644
1870
1804
1577
1330
1182
1266
1526
1652
1417
1040
878
969
1051
928
721
569
501
429
376
373
424
495
514
525
502
436
373
493
842
1107
1021
666
415
514
860
1153
1116
741
296
107
175
317
391
332
128
-191
-379
-383
-423
-669
-910
-917
-892
-1132
-1548
-1786
-1846
-1945
-2150
-2274
-2265
-2374
-2681
-2942
-2946
-2804
-2877
-3172
-3372
-3338
-3324
-3556
-3803
-3801
-3655
-3746
-3988
-4008
-3851
-3720
-3645
-3403
-3152
-3155
-3179
-2884
-2370
-1978
-1549
-934
-609
-980
-1347
-697
744
1765
1752
1375
1297
1472
1774
2298
2990
3328
3094
2672
2459
2483
2598
2878
3223
3327
2945
2338
2056
2197
2455
2528
2539
2549
2366
1901
1481
1487
1797
2008
1988
1834
1558
1208
1059
1288
1617
1641
1398
1267
1336
1395
1268
1141
1193
1322
1340
1175
967
834
832
886
907
846
686
539
486
520
543
526
547
529
409
310
427
652
709
547
360
349
438
575
709
701
529
385
462
618
638
499
331
177
3
-142
-254
-372
-596
-819
-926
-1024
-1225
-1498
-1573
-1557
-1775
-2281
-2602
-2355
-2052
-2401
-3319
-3809
-3475
-3085
-3253
-3659
-3782
-3897
-4314
-4530
-4134
-3646
-3824
-4369
-4526
-4329
-4303
-4428
-4219
-3803
-3689
-3898
-3900
-3547
-3276
-3107
-2515
-1378
-457
-481
-1081
-1195
-306
1064
2137
2625
2522
2051
1700
2126
3350
4507
4839
4443
3944
3571
3356
3514
4112
4610
4367
3584
2967
2850
2927
2891
2822
2846
2831
2574
2137
1686
1349
1322
1725
2309
2392
1659
711
502
1141
1845
2035
1775
1450
1178
1121
1444
1827
1799
1402
1283
1567
1652
1212
706
710
1021
1100
821
408
78
-61
88
390
513
229
-281
-533
-319
176
529
434
9
-332
-253
155
576
699
488
132
-103
-59
114
256
162
-88
-331
-490
-567
-663
-742
-808
-900
-1090
-1313
-1448
-1582
-1842
-2206
-2372
-2215
-2047
-2265
-2847
-3263
-3240
-3078
-3184
-3420
-3390
-3294
-3679
-4415
-4607
-4019
-3570
-3907
-4510
-4609
-4472
-4583
-4707
-4457
-4037
-4071
-4319
-4318
-4100
-3919
-3646
-2949
-2239
-1874
-1604
-1019
-431
-373
-405
307
1776
2964
3162
2766
2534
2808
3431
4364
5343
5807
5368
4463
4060
4313
4785
5098
5354
5407
4786
3672
2970
3313
3765
3568
3124
2757
2543
1999
1407
1273
1528
1879
1867
1603
991
352
152
666
1483
1723
1281
667
628
1075
1501
1593
1487
1452
1410
1277
1118
1038
1045
1034
1082
1064
827
397
26
46
263
441
266
-181
-632
-773
-399
108
317
-7
-554
-884
-783
-269
287
460
110
-444
-699
-491
-48
225
197
-108
-528
-825
-847
-642
-582
-793
-1099
-1259
-1396
-1701
-1981
-2043
-1955
-2072
-2309
-2419
-2529
-2875
-3358
-3427
-3170
-3062
-3334
-3708
-3919
-4143
-4273
-4146
-3823
-3758
-4033
-4258
-4328
-4366
-4452
-4288
-3866
-3593
-3730
-4077
-4105
-3821
-3496
-3272
-2976
-2503
-2241
-2213
-2042
-1094
212
857
593
218
748
1804
2790
3419
3779
3830
3500
3445
4038
5106
5867
5962
5627
4987
4415
4307
4996
5834
5907
5084
4036
3559
3486
3590
3583
3424
3059
2441
1941
1621
1526
1447
1483
1673
1604
1144
458
154
333
785
1193
1328
1222
877
720
976
1458
1708
1579
1435
1407
1329
1119
952
996
1100
1000
695
414
239
92
30
117
231
27
-483
-828
-656
-220
-84
-392
-892
-1177
-1046
-617
-241
-297
-743
-1198
-1250
-897
-509
-363
-597
-959
-1120
-1015
-822
-820
-926
-1048
-1243
-1467
-1650
-1680
-1632
-1678
-1825
-2067
-2232
-2279
-2278
-2434
-2835
-3190
-3312
-3178
-3006
-3037
-3477
-4043
-4083
-3465
-2972
-3361
-4110
-4253
-3760
-3555
-3825
-3981
-3795
-3648
-3794
-3721
-3372
-3157
-3243
-3285
-2953
-2674
-2647
-2520
-1963
-1246
-885
-736
-230
584
1039
976
1063
1905
3055
3783
3967
3992
4114
4256
4643
5385
6101
6276
5979
5754
5711
5661
5605
5706
5798
5513
4916
4433
4246
4057
3664
3245
2990
2781
2422
1900
1394
1066
936
989
1001
721
209
-179
-81
314
446
199
-85
-26
321
632
697
431
135
186
666
1082
927
361
-85
-96
136
306
256
-37
-460
-733
-698
-508
-456
-672
-1001
-1296
-1412
-1325
-1112
-962
-1078
-1312
-1387
-1163
-829
-716
-890
-1101
-1095
-826
-537
-443
-560
-746
-727
-486
-269
-350
-650
-832
-805
-750
-849
-1024
-1153
-1284
-1534
-1825
-2017
-2068
-2111
-2240
-2407
-2651
-2949
-3136
-3003
-2722
-2778
-3276
-3667
-3524
-3172
-3129
-3401
-3580
-3544
-3502
-3523
-3461
-3315
-3275
-3275
-3152
-2969
-2979
-3157
-3065
-2607
-2178
-2150
-2270
-2073
-1568
-981
-352
523
1283
1356
923
938
2044
3571
4592
4763
4409
3898
3716
4430
5793
6931
6973
6195
5405
5082
5321
5887
6457
6388
5548
4472
3882
3907
4012
3831
3363
2903
2428
1847
1202
736
691
874
1030
873
317
-527
-1145
-1000
-256
392
293
-344
-963
-1043
-433
426
867
451
-221
-334
137
465
231
-146
-260
-152
-158
-325
-613
-912
-958
-730
-474
-670
-1274
-1748
-1666
-1123
-658
-633
-1104
-1604
-1651
-1163
-551
-310
-521
-985
-1286
-1212
-813
-376
-148
-205
-496
-729
-703
-439
-233
-277
-430
-522
-583
-784
-1016
-1136
-1177
-1271
-1411
-1495
-1640
-1877
-2111
-2136
-2110
-2255
-2431
-2446
-2418
-2696
-3029
-2966
-2545
-2427
-2889
-3386
-3423
-3104
-2861
-2774
-2846
-3123
-3477
-3440
-2865
-2282
-2269
-2756
-3035
-2877
-2513
-2159
-1796
-1344
-964
-538
108
862
1173
1024
1180
2086
3345
4050
4089
3861
3744
3857
4327
5269
6138
6334
5791
5143
4943
5181
5610
5888
5724
5022
4201
3809
3853
3824
3339
2709
2267
2008
1574
933
443
286
353
266
3
-439
-945
-1320
-1317
-903
-618
-817
-1311
-1529
-1296
-908
-607
-360
-196
-379
-724
-757
-337
77
-6
-333
-513
-491
-530
-624
-578
-429
-310
-317
-398
-641
-926
-958
-515
46
95
-407
-926
-933
-446
162
401
123
-380
-616
-389
-16
221
275
302
272
134
46
113
263
328
341
265
44
-285
-449
-333
-267
-436
-713
-843
-944
-1128
-1327
-1489
-1691
-1984
-2089
-1986
-2041
-2525
-3036
-3018
-2651
-2473
-2691
-3019
-3319
-3571
-3595
-3271
-2899
-3031
-3548
-3805
-3422
-2939
-2943
-3214
-3172
-2734
-2464
-2478
-2331
-1710
-1014
-589
-152
525
1028
947
865
1548
2785
3637
3756
3625
3584
3629
3896
4665
5593
5868
5366
4773
4715
4940
5073
5121
5116
4808
4081
3446
3258
3306
3040
2487
2063
1842
1443
718
107
-104
-94
-262
-577
-880
-1278
-1778
-2024
-1635
-1091
-1056
-1505
-1814
-1628
-1297
-962
-564
-203
-320
-793
-851
-249
332
209
-149
-141
109
41
-279
-199
284
597
439
147
-25
-191
-276
2
531
622
84
-475
-421
130
572
689
502
198
-85
-128
119
433
624
613
487
279
178
222
320
401
423
413
255
12
-119
-9
95
-63
-348
-600
-756
-900
-958
-1003
-1281
-1802
-2144
-1947
-1636
-1834
-2598
-3159
-3023
-2553
-2451
-2895
-3375
-3591
-3538
-3383
-3182
-3137
-3447
-3828
-3824
-3316
-2889
-2936
-3212
-3319
-3124
-2800
-2273
-1717
-1483
-1544
-1288
-351
588
784
449
648
1668
2796
3324
3329
3300
3325
3468
3928
4728
5354
5324
4878
4602
4667
4697
4635
4614
4560
4191
3492
2999
2884
2818
2418
1909
1559
1233
654
-72
-490
-578
-605
-826
-1094
-1382
-1773
-2162
-2162
-1712
-1385
-1561
-1952
-1943
-1549
-1124
-786
-481
-380
-642
-814
-395
312
515
108
-132
198
614
611
440
496
728
870
911
930
754
464
416
817
1230
1118
627
337
599
1063
1274
1125
799
550
470
624
914
1104
1010
721
522
513
598
610
581
541
491
405
278
159
58
12
-37
-168
-458
-776
-957
-1015
-1092
-1292
-1514
-1675
-1777
-1871
-2095
-2443
-2749
-2765
-2559
-2473
-2735
-3201
-3530
-3645
-3582
-3489
-3384
-3449
-3725
-3970
-3874
-3469
-3236
-3309
-3468
-3398
-3151
-2888
-2631
-2394
-2159
-1804
-1068
-111
351
54
-270
350
1760
2906
3161
2861
2657
2743
3138
3831
4655
5122
4985
4520
4164
4073
4178
4416
4609
4403
3675
2902
2614
2755
2775
2376
1805
1334
858
296
-132
-199
-193
-425
-820
-1126
-1331
-1627
-1858
-1797
-1510
-1394
-1515
-1599
-1472
-1293
-1131
-764
-190
163
-63
-471
-416
186
766
957
877
772
691
610
738
1091
1410
1452
1301
1150
1004
915
1013
1355
1603
1442
1047
810
917
1157
1305
1240
991
700
543
623
774
819
740
625
526
429
373
379
393
385
391
420
347
154
-22
-80
-131
-334
-586
-706
-759
-922
-1186
-1356
-1416
-1580
-1833
-2003
-2114
-2368
-2715
-2791
-2591
-2622
-3102
-3578
-3630
-3457
-3518
-3765
-3955
-4077
-4206
-4224
-3955
-3641
-3635
-3879
-4046
-3984
-3776
-3438
-2936
-2470
-2301
-2243
-1755
-765
22
38
-233
179
1376
2463
2751
2507
2424
2740
3256
3813
4326
4657
4710
4672
4650
4502
4248
4198
4498
4629
4103
3276
2858
2910
2829
2323
1752
1442
1157
639
97
-217
-380
-599
-814
-914
-1083
-1531
-1983
-2030
-1731
-1465
-1417
-1385
-1298
-1302
-1354
-1108
-427
263
420
70
-215
23
675
1232
1391
1249
1066
985
1045
1251
1523
1728
1820
1793
1592
1300
1164
1396
1811
1958
1640
1173
976
1107
1358
1504
1401
1089
762
608
661
747
755
665
547
481
432
312
126
42
194
377
313
41
-172
-251
-354
-504
-582
-595
-762
-1096
-1343
-1423
-1519
-1701
-1853
-1940
-2165
-2535
-2714
-2605
-2560
-2852
-3243
-3378
-3386
-3607
-3898
-3938
-3825
-3932
-4207
-4273
-4087
-4035
-4213
-4266
-4059
-3868
-3883
-3837
-3516
-3130
-2925
-2697
-2143
-1314
-587
-306
-353
-333
178
1216
2291
2851
2733
2405
2413
2906
3628
4270
4722
4928
4810
4417
4058
4067
4451
4773
4657
4164
3562
3076
2775
2591
2465
2281
1955
1436
784
190
-138
-143
-47
-61
-373
-885
-1391
-1634
-1513
-1182
-892
-835
-965
-1166
-1230
-1027
-574
-58
346
532
487
240
79
382
1162
1853
1844
1320
889
960
1331
1689
1982
2167
2062
1624
1210
1163
1542
1967
2038
1745
1286
962
957
1244
1557
1561
1197
705
441
496
695
819
772
614
417
179
-39
-127
15
259
364
209
-125
-400
-518
-528
-546
-613
-758
-952
-1190
-1457
-1692
-1850
-1857
-1811
-1912
-2275
-2758
-3000
-2914
-2813
-3009
-3365
-3527
-3598
-3912
-4421
-4555
-4150
-3763
-3913
-4446
-4818
-4774
-4426
-4045
-3859
-4010
-4346
-4423
-4020
-3426
-2995
-2702
-2267
-1691
-1138
-742
-537
-310
208
1131
2105
2602
2506
2300
2499
3136
3822
4270
4528
4700
4768
4726
4636
4624
4699
4777
4723
4452
4090
3724
3408
3078
2769
2450
2099
1704
1226
766
413
203
73
-76
-315
-664
-1011
-1195
-1204
-1126
-1087
-1050
-1033
-1051
-1082
-991
-719
-363
-12
272
433
364
195
274
805
1415
1593
1289
990
1021
1236
1407
1573
1890
2115
1923
1419
1161
1431
1892
2043
1817
1465
1225
1177
1283
1467
1513
1244
847
686
803
929
869
737
693
643
477
273
201
278
328
299
151
-71
-302
-442
-435
-461
-673
-981
-1130
-1130
-1244
-1592
-1921
-2018
-1982
-2139
-2498
-2828
-2964
-2991
-3167
-3544
-3957
-4122
-4028
-3985
-4250
-4647
-4792
-4563
-4359
-4503
-4779
-4811
-4563
-4353
-4342
-4419
-4374
-4164
-3832
-3420
-3013
-2622
-2051
-1236
-565
-477
-697
-406
772
2193
2940
2822
2361
2240
2730
3661
4577
5073
5072
4834
4633
4539
4589
4805
5070
5071
4660
4064
3637
3468
3307
3012
2653
2311
1979
1506
904
427
256
333
334
57
-442
-941
-1227
-1238
-1033
-836
-817
-967
-1115
-1116
-1004
-801
-470
-58
291
441
429
379
404
619
1026
1416
1454
1119
818
914
1296
1609
1720
1713
1591
1332
1131
1275
1691
1877
1586
1112
938
1116
1337
1341
1122
805
541
503
693
881
763
427
222
288
410
345
116
-38
-10
51
0
-187
-374
-476
-515
-540
-623
-842
-1121
-1280
-1256
-1248
-1479
-1846
-2064
-2147
-2367
-2732
-2959
-2962
-3030
-3344
-3692
-3834
-3950
-4227
-4478
-4467
-4317
-4381
-4614
-4770
-4724
-4624
-4546
-4413
-4317
-4311
-4302
-4122
-3754
-3347
-2923
-2396
-1781
-1163
-718
-547
-497
-130
878
2181
3024
2992
2531
2394
2927
3874
4758
5222
5153
4808
4554
4593
4802
4992
5026
4801
4296
3730
3488
3570
3578
3146
2439
1902
1623
1390
1038
627
285
49
-105
-266
-568
-999
-1294
-1240
-999
-921
-1091
-1262
-1245
-1081
-850
-596
-425
-392
-310
103
685
899
581
291
614
1343
1773
1603
1241
1135
1306
1600
1908
2084
1986
1614
1342
1504
1865
1961
1630
1265
1200
1362
1493
1475
1329
1018
646
495
694
909
772
342
78
187
349
260
-32
-231
-211
-83
-7
-80
-294
-524
-619
-558
-502
-651
-1005
-1280
-1291
-1191
-1307
-1699
-2013
-2101
-2193
-2541
-2917
-2912
-2725
-2892
-3451
-3875
-3911
-3921
-4152
-4356
-4341
-4341
-4567
-4787
-4748
-4556
-4461
-4446
-4412
-4388
-4331
-4107
-3689
-3314
-3131
-2890
-2306
-1487
-809
-516
-503
-385
227
1333
2453
2985
2828
2505
2619
3327
4238
4857
5007
4868
4744
4737
4755
4735
4760
4781
4596
4185
3821
3677
3524
3152
2675
2338
2111
1751
1214
715
381
133
-43
-157
-398
-901
-1395
-1499
-1241
-1081
-1225
-1407
-1369
-1211
-1138
-1071
-854
-578
-378
-160
164
411
346
141
299
920
1479
1478
1053
818
1037
1450
1748
1873
1855
1653
1352
1263
1586
1969
1912
1416
1037
1110
1376
1494
1413
1245
968
640
516
689
876
761
465
321
354
312
120
-6
34
104
115
77
-16
-209
-401
-421
-313
-344
-663
-1011
-1138
-1127
-1246
-1539
-1783
-1852
-1957
-2314
-2720
-2847
-2751
-2811
-3152
-3486
-3611
-3723
-4041
-4375
-4390
-4179
-4135
-4375
-4583
-4588
-4542
-4472
-4279
-3961
-3819
-3931
-4006
-3765
-3298
-2791
-2208
-1522
-911
-670
-739
-696
-137
918
2070
2836
2923
2532
2250
2588
3511
4491
5053
5043
4722
4395
4249
4409
4754
5000
4826
4283
3704
3388
3331
3248
2987
2604
2150
1623
1097
685
409
221
50
-129
-407
-899
-1409
-1624
-1460
-1216
-1198
-1381
-1539
-1538
-1419
-1174
-806
-490
-433
-472
-266
196
543
544
480
711
1100
1270
1173
1153
1378
1603
1667
1692
1794
1828
1671
1507
1586
1809
1856
1618
1329
1223
1251
1319
1406
1434
1229
808
509
596
894
993
769
499
433
467
388
237
217
318
345
214
66
20
-33
-161
-238
-245
-363
-683
-1011
-1095
-1046
-1184
-1522
-1829
-1999
-2183
-2447
-2654
-2717
-2821
-3081
-3394
-3622
-3756
-3882
-4028
-4222
-4440
-4549
-4467
-4361
-4403
-4548
-4539
-4384
-4333
-4387
-4286
-3909
-3555
-3467
-3409
-3007
-2310
-1635
-1141
-750
-473
-348
-120
587
1702
2620
2861
2582
2425
2756
3432
4138
4656
4888
4824
4600
4434
4448
4571
4632
4563
4381
4114
3756
3351
3022
2791
2567
2259
1842
1322
791
364
146
101
35
-248
-726
-1197
-1454
-1422
-1242
-1119
-1150
-1289
-1400
-1345
-1092
-743
-471
-307
-160
39
218
272
304
584
1060
1356
1246
969
958
1245
1538
1691
1767
1760
1593
1345
1294
1520
1762
1766
1538
1252
1037
1002
1222
1507
1469
1024
523
413
680
951
960
799
641
499
373
325
389
462
474
436
379
254
76
-28
18
96
-29
-337
-627
-751
-777
-870
-1050
-1267
-1483
-1703
-1907
-2086
-2298
-2540
-2745
-2851
-2958
-3201
-3511
-3743
-3872
-3992
-4121
-4187
-4188
-4182
-4270
-4393
-4448
-4415
-4315
-4175
-3983
-3814
-3726
-3689
-3532
-3109
-2531
-1939
-1404
-964
-734
-719
-529
188
1297
2163
2372
2194
2117
2399
2938
3557
4086
4387
4426
4322
4251
4210
4169
4177
4270
4288
4050
3611
3177
2866
2636
2387
2127
1851
1443
879
350
92
63
44
-176
-588
-1004
-1266
-1324
-1229
-1108
-1069
-1106
-1170
-1158
-1053
-867
-592
-255
34
171
198
240
408
702
996
1224
1329
1280
1177
1212
1458
1732
1839
1745
1625
1577
1587
1645
1741
1775
1631
1343
1124
1150
1354
1523
1385
1019
696
596
689
823
888
842
708
497
362
363
376
354
387
468
437
198
-45
-66
8
-74
-323
-502
-533
-607
-814
-1057
-1221
-1336
-1442
-1531
-1724
-2089
-2482
-2612
-2529
-2607
-2944
-3245
-3325
-3451
-3767
-4020
-3980
-3865
-3986
-4203
-4230
-4166
-4277
-4434
-4292
-3946
-3783
-3927
-4003
-3721
-3316
-3019
-2773
-2424
-2054
-1724
-1264
-610
-43
110
92
502
1385
2194
2486
2466
2512
2681
2962
3445
4153
4667
4630
4198
3850
3864
4053
4248
4355
4249
3802
3147
2648
2481
2487
2386
2106
1662
1097
523
156
101
116
-40
-360
-683
-976
-1263
-1406
-1259
-962
-857
-1022
-1211
-1224
-1060
-769
-399
-77
49
44
152
415
613
673
818
1154
1414
1355
1132
1135
1456
1790
1907
1817
1639
1486
1450
1625
1908
2008
1727
1266
1046
1205
1521
1658
1461
1069
749
666
838
1093
1177
985
663
476
504
623
671
651
626
550
375
168
64
96
136
62
-131
-381
-597
-758
-836
-864
-938
-1144
-1480
-1839
-2076
-2131
-2132
-2248
-2566
-2951
-3213
-3260
-3199
-3234
-3476
-3799
-3919
-3796
-3692
-3832
-4083
-4164
-4022
-3916
-3980
-4031
-3963
-3858
-3735
-3493
-3177
-3017
-3025
-2947
-2569
-2044
-1598
-1175
-689
-316
-285
-283
123
988
1824
2226
2286
2233
2276
2516
3061
3768
4299
4344
4005
3682
3613
3807
4127
4386
4333
3859
3150
2641
2597
2793
2776
2416
1875
1363
949
627
488
458
381
159
-193
-595
-946
-1085
-904
-596
-497
-689
-969
-1069
-893
-519
-80
211
213
92
167
505
826
954
1012
1156
1284
1281
1275
1448
1683
1717
1594
1560
1640
1641
1545
1533
1678
1751
1555
1216
1009
1009
1116
1243
1274
1119
775
469
449
659
826
753
557
440
383
302
241
266
313
282
145
8
-50
-86
-167
-306
-433
-495
-556
-750
-1077
-1321
-1352
-1339
-1526
-1860
-2098
-2234
-2442
-2683
-2713
-2628
-2796
-3225
-3447
-3321
-3293
-3611
-3860
-3620
-3306
-3546
-4139
-4297
-3884
-3550
-3657
-3864
-3812
-3682
-3722
-3749
-3531
-3208
-3018
-2941
-2763
-2513
-2338
-2136
-1579
-765
-243
-275
-439
-103
705
1520
1997
2234
2352
2342
2424
2884
3668
4303
4474
4338
4144
3938
3893
4194
4676
4783
4277
3602
3257
3236
3177
2986
2752
2428
1941
1443
1103
875
633
417
347
250
-122
-655
-977
-897
-638
-489
-511
-648
-813
-895
-718
-282
139
256
148
205
562
916
949
796
858
1242
1606
1653
1489
1383
1445
1620
1862
2047
1945
1576
1317
1454
1782
1845
1559
1219
1070
1138
1250
1265
1095
821
618
612
727
776
679
463
285
239
317
372
299
167
68
-12
-126
-209
-217
-216
-334
-565
-786
-987
-1152
-1198
-1172
-1244
-1594
-2039
-2252
-2198
-2136
-2289
-2530
-2717
-2839
-2959
-3050
-3055
-3029
-3116
-3318
-3483
-3556
-3588
-3607
-3586
-3517
-3556
-3726
-3862
-3862
-3813
-3818
-3748
-3515
-3282
-3301
-3448
-3445
-3228
-2982
-2747
-2344
-1827
-1421
-1196
-959
-686
-459
-146
501
1376
2010
2121
1991
2071
2507
3166
3865
4424
4553
4267
3961
4055
4525
4943
5002
4711
4278
3903
3720
3710
3661
3401
2930
2448
2134
1889
1548
1157
909
818
661
304
-119
-411
-518
-490
-402
-395
-581
-883
-977
-683
-246
-88
-211
-292
-155
164
487
686
657
477
441
803
1333
1550
1362
1111
1137
1378
1586
1616
1552
1485
1491
1565
1606
1471
1227
1052
1027
1125
1224
1218
1011
711
523
594
762
771
580
382
308
268
194
133
106
51
-78
-236
-363
-467
-575
-668
-724
-811
-991
-1242
-1428
-1515
-1589
-1745
-1941
-2079
-2159
-2212
-2291
-2392
-2519
-2689
-2831
-2860
-2797
-2727
-2745
-2874
-3097
-3300
-3336
-3191
-3031
-3072
-3316
-3558
-3610
-3506
-3407
-3399
-3424
-3436
-3427
-3402
-3356
-3313
-3223
-3041
-2794
-2595
-2501
-2390
-2029
-1379
-765
-489
-519
-458
3
862
1710
2181
2234
2146
2289
2803
3552
4227
4635
4707
4550
4368
4375
4644
5008
5163
4987
4647
4337
4086
3847
3631
3487
3307
2994
2542
2023
1570
1236
1141
1145
966
456
-190
-607
-651
-440
-283
-380
-711
-1046
-1130
-930
-656
-484
-379
-294
-235
-200
-96
148
394
522
638
825
945
886
815
1019
1413
1631
1551
1392
1352
1388
1442
1565
1738
1681
1310
919
903
1214
1444
1311
932
652
548
566
614
614
508
265
-4
-143
-155
-194
-333
-449
-493
-591
-843
-1086
-1150
-1134
-1208
-1393
-1537
-1623
-1723
-1834
-1902
-1987
-2148
-2301
-2323
-2287
-2346
-2508
-2560
-2475
-2479
-2623
-2753
-2700
-2614
-2706
-2929
-3055
-3062
-3042
-3075
-3135
-3189
-3303
-3477
-3635
-3626
-3461
-3288
-3280
-3440
-3593
-3551
-3363
-3156
-3006
-2854
-2639
-2390
-2030
-1529
-1007
-712
-656
-513
29
903
1674
2051
2108
2133
2407
2983
3765
4486
4858
4814
4643
4630
4861
5235
5523
5594
5365
4987
4672
4557
4546
4425
4157
3791
3361
2871
2393
2049
1837
1613
1299
930
555
150
-224
-442
-458
-448
-574
-828
-1016
-1039
-986
-886
-758
-599
-499
-481
-409
-224
-3
135
211
385
629
811
842
830
943
1139
1291
1379
1434
1464
1460
1464
1532
1550
1435
1220
1069
1062
1156
1259
1205
904
502
297
446
661
583
221
-138
-273
-301
-307
-362
-496
-746
-996
-1096
-1087
-1107
-1238
-1356
-1445
-1580
-1775
-1906
-1886
-1846
-1910
-2071
-2223
-2327
-2410
-2428
-2402
-2359
-2393
-2501
-2631
-2747
-2749
-2667
-2582
-2655
-2905
-3170
-3288
-3240
-3140
-3114
-3226
-3422
-3578
-3597
-3507
-3457
-3479
-3468
-3411
-3366
-3364
-3304
-3177
-2965
-2746
-2533
-2257
-1907
-1417
-910
-541
-395
-263
164
905
1707
2215
2400
2464
2657
3109
3740
4443
4984
5208
5118
4927
4958
5262
5630
5728
5551
5263
5001
4820
4644
4487
4255
3903
3458
3032
2681
2268
1856
1520
1316
1091
652
130
-278
-445
-474
-484
-581
-815
-1072
-1196
-1070
-853
-756
-760
-725
-578
-387
-155
82
199
144
132
435
883
1113
989
862
1011
1277
1428
1449
1497
1526
1472
1402
1400
1409
1246
1021
940
1008
1022
829
578
406
360
326
259
118
-124
-326
-455
-475
-516
-689
-921
-1084
-1122
-1134
-1192
-1320
-1466
-1544
-1588
-1634
-1713
-1743
-1780
-1864
-1964
-2054
-2089
-2172
-2212
-2210
-2219
-2310
-2471
-2528
-2467
-2395
-2427
-2519
-2621
-2702
-2734
-2803
-2939
-3092
-3158
-3080
-3031
-3145
-3357
-3466
-3494
-3471
-3331
-3100
-2987
-3207
-3422
-3311
-2961
-2714
-2643
-2428
-2011
-1617
-1353
-990
-495
-157
7
310
999
1789
2301
2559
2746
2959
3223
3723
4500
5214
5452
5223
4968
4994
5294
5629
5824
5749
5372
4958
4724
4702
4645
4341
3869
3370
2961
2526
2055
1663
1401
1214
898
459
-38
-435
-666
-729
-653
-700
-998
-1409
-1555
-1346
-1090
-964
-953
-914
-877
-788
-494
-57
170
-7
-143
134
645
836
668
615
868
1123
1105
1051
1126
1246
1251
1220
1252
1174
921
692
726
930
996
818
529
300
165
136
209
222
77
-172
-357
-452
-497
-555
-651
-721
-806
-915
-1081
-1247
-1324
-1293
-1254
-1350
-1551
-1734
-1807
-1837
-1851
-1846
-1929
-2132
-2361
-2440
-2389
-2408
-2497
-2536
-2519
-2599
-2735
-2753
-2677
-2677
-2837
-2966
-3019
-3097
-3183
-3142
-2972
-2945
-3157
-3432
-3471
-3276
-3035
-2880
-2898
-3031
-3142
-3069
-2842
-2570
-2325
-2057
-1763
-1474
-1115
-679
-299
-89
107
560
1276
1963
2373
2551
2715
2990
3460
4069
4675
5101
5273
5297
5229
5212
5407
5747
5946
5784
5373
5074
4988
4929
4725
4331
3857
3392
3014
2691
2298
1805
1354
1063
812
421
-65
-491
-751
-882
-943
-1008
-1195
-1492
-1694
-1597
-1338
-1167
-1156
-1171
-1049
-817
-541
-326
-258
-248
-120
215
554
644
578
625
869
1132
1243
1242
1224
1215
1252
1321
1335
1200
970
829
850
939
937
787
543
304
206
237
251
102
-145
-359
-469
-518
-606
-710
-852
-964
-1043
-1130
-1241
-1378
-1416
-1372
-1360
-1498
-1710
-1855
-1874
-1841
-1870
-1983
-2152
-2302
-2340
-2298
-2276
-2342
-2474
-2554
-2575
-2495
-2377
-2364
-2524
-2780
-2952
-2975
-2921
-2886
-2854
-2874
-3034
-3256
-3342
-3238
-3072
-2984
-2986
-3020
-3135
-3261
-3234
-2981
-2675
-2526
-2435
-2220
-1905
-1587
-1217
-663
-98
145
151
331
991
1852
2475
2787
2965
3179
3432
3849
4514
5227
5635
5585
5320
5218
5369
5651
5891
5924
5706
5321
4956
4732
4589
4330
3972
3616
3242
2718
2042
1485
1244
1178
962
497
-75
-588
-941
-1051
-957
-872
-1059
-1485
-1791
-1723
-1407
-1167
-1098
-1062
-941
-756
-556
-379
-253
-159
6
283
544
603
500
516
791
1122
1243
1168
1088
1106
1185
1249
1291
1273
1100
865
759
853
977
885
617
364
290
300
252
156
57
-22
-163
-319
-408
-452
-571
-817
-998
-1031
-1041
-1165
-1302
-1301
-1293
-1456
-1710
-1818
-1764
-1779
-1969
-2195
-2339
-2456
-2572
-2572
-2465
-2486
-2754
-2996
-2932
-2655
-2488
-2592
-2808
-2981
-3064
-3060
-2994
-2920
-2949
-3053
-3116
-3114
-3108
-3127
-3098
-2971
-2880
-2933
-3043
-3030
-2892
-2772
-2708
-2601
-2309
-1980
-1737
-1486
-1059
-509
-124
12
127
520
1234
2022
2603
2876
2908
2979
3374
4141
4968
5491
5622
5509
5362
5362
5594
5951
6208
6097
5708
5326
5104
4962
4766
4511
4180
3740
3171
2541
2012
1623
1342
1088
727
208
-435
-948
-1163
-1120
-1042
-1168
-1508
-1906
-2086
-1946
-1636
-1396
-1364
-1416
-1363
-1168
-853
-538
-306
-171
-47
134
325
453
546
740
1003
1169
1160
1091
1109
1254
1401
1489
1474
1307
1023
813
860
1025
1088
925
605
258
33
15
141
230
70
-275
-553
-628
-624
-701
-824
-938
-1052
-1194
-1327
-1387
-1359
-1333
-1371
-1480
-1630
-1786
-1896
-1890
-1795
-1798
-2017
-2292
-2403
-2300
-2202
-2219
-2295
-2365
-2469
-2561
-2519
-2401
-2391
-2568
-2708
-2755
-2867
-3095
-3140
-2858
-2605
-2787
-3196
-3317
-3116
-2928
-2927
-2903
-2801
-2864
-3066
-3029
-2626
-2174
-1993
-1944
-1758
-1411
-943
-329
244
430
268
356
1132
2222
2913
2996
2918
3062
3453
4046
4777
5427
5672
5440
5145
5139
5361
5556
5649
5672
5529
5162
4686
4381
4268
4116
3770
3329
2903
2400
1767
1183
888
819
645
193
-399
-930
-1261
-1353
-1256
-1171
-1324
-1685
-1956
-1943
-1792
-1640
-1435
-1179
-996
-1002
-1039
-838
-433
-61
143
243
332
388
433
595
899
1209
1338
1254
1098
1070
1233
1468
1589
1480
1207
924
809
926
1137
1209
951
452
93
117
370
478
309
-31
-313
-449
-500
-525
-619
-780
-971
-1100
-1200
-1312
-1395
-1373
-1316
-1409
-1679
-1913
-1918
-1827
-1827
-1959
-2134
-2279
-2391
-2428
-2325
-2200
-2268
-2511
-2660
-2540
-2345
-2357
-2563
-2715
-2714
-2709
-2788
-2877
-2876
-2829
-2817
-2838
-2885
-2961
-3019
-2951
-2782
-2682
-2753
-2857
-2864
-2732
-2504
-2204
-1925
-1833
-1852
-1632
-952
-120
306
178
2
345
1217
2165
2782
2975
2971
3040
3392
4058
4805
5350
5564
5518
5340
5198
5241
5527
5854
5891
5560
5077
4712
4528
4340
4082
3785
3417
2937
2334
1767
1335
1036
780
510
156
-324
-867
-1262
-1365
-1287
-1272
-1439
-1701
-1922
-1992
-1897
-1666
-1460
-1333
-1237
-1113
-940
-758
-548
-286
-35
130
267
422
534
542
610
897
1222
1316
1123
955
1059
1309
1464
1391
1149
848
693
792
1032
1110
829
404
162
196
323
333
200
-33
-251
-377
-443
-531
-678
-801
-850
-911
-1081
-1291
-1397
-1383
-1374
-1431
-1547
-1687
-1825
-1899
-1895
-1903
-1977
-2126
-2212
-2228
-2259
-2350
-2416
-2364
-2265
-2238
-2328
-2472
-2614
-2689
-2642
-2485
-2412
-2605
-2965
-3148
-2992
-2710
-2646
-2845
-3079
-3152
-3043
-2857
-2717
-2681
-2741
-2816
-2726
-2487
-2225
-2010
-1812
-1524
-1066
-502
-55
79
48
283
1034
2003
2664
2841
2820
2948
3309
3911
4666
5333
5589
5413
5146
5122
5396
5740
5950
5908
5588
5102
4725
4617
4598
4369
3919
3412
2944
2431
1891
1479
1222
1002
621
79
-465
-868
-1078
-1164
-1208
-1337
-1586
-1876
-2049
-1993
-1792
-1606
-1562
-1581
-1533
-1331
-1024
-744
-553
-410
-272
-127
76
310
518
638
708
824
1026
1225
1271
1197
1181
1330
1521
1475
1194
917
850
988
1123
1080
842
527
286
228
280
298
150
-92
-279
-391
-493
-593
-663
-715
-789
-957
-1181
-1339
-1382
-1333
-1280
-1356
-1551
-1741
-1799
-1738
-1705
-1779
-1929
-2096
-2178
-2160
-2104
-2105
-2175
-2256
-2274
-2218
-2217
-2280
-2355
-2389
-2424
-2434
-2462
-2549
-2674
-2753
-2718
-2648
-2662
-2788
-2915
-2945
-2829
-2617
-2457
-2505
-2702
-2832
-2653
-2261
-1918
-1707
-1608
-1546
-1421
-1019
-289
422
676
521
485
974
1827
2578
2995
3164
3208
3341
3735
4375
4970
5244
5244
5200
5206
5174
5139
5188
5335
5372
5143
4703
4284
3952
3672
3428
3203
2917
2394
1723
1123
813
682
467
71
-394
-809
-1120
-1308
-1363
-1380
-1513
-1738
-1889
-1884
-1846
-1824
-1719
-1476
-1235
-1133
-1102
-965
-700
-440
-222
-12
150
230
266
392
602
831
1033
1189
1234
1104
989
1075
1353
1495
1336
1025
822
785
843
907
882
707
413
191
142
187
151
11
-142
-275
-433
-597
-703
-729
-796
-955
-1133
-1260
-1301
-1303
-1327
-1411
-1558
-1686
-1688
-1645
-1677
-1833
-1988
-2032
-2000
-1993
-2032
-2055
-2036
-2024
-2043
-2050
-2064
-2074
-2061
-2007
-2007
-2147
-2345
-2406
-2309
-2245
-2346
-2478
-2517
-2488
-2497
-2526
-2473
-2448
-2559
-2696
-2636
-2453
-2314
-2275
-2210
-2084
-1965
-1811
-1482
-965
-537
-316
-146
142
485
837
1285
1869
2378
2664
2895
3277
3725
4059
4305
4661
5095
5348
5294
5137
5136
5254
5338
5316
5224
5010
4682
4319
4010
3721
3335
2943
2645
2342
1841
1198
664
416
285
60
-294
-713
-1109
-1435
-1577
-1512
-1450
-1590
-1856
-1979
-1862
-1680
-1539
-1410
-1242
-1070
-926
-708
-442
-312
-338
-264
136
622
761
544
398
647
1094
1356
1325
1173
1069
1067
1151
1252
1237
1029
736
584
641
720
645
456
283
156
38
-98
-180
-232
-345
-537
-713
-796
-865
-1020
-1211
-1284
-1232
-1217
-1359
-1548
-1625
-1577
-1558
-1629
-1714
-1771
-1808
-1829
-1823
-1841
-1924
-2032
-1981
-1751
-1590
-1715
-1982
-2018
-1817
-1687
-1765
-1894
-1916
-1940
-2090
-2261
-2270
-2169
-2153
-2199
-2261
-2376
-2612
-2789
-2666
-2386
-2327
-2586
-2798
-2748
-2552
-2430
-2342
-2160
-1974
-1858
-1702
-1335
-812
-363
-96
87
322
669
1213
1910
2513
2830
2936
3156
3593
4101
4544
4923
5244
5390
5325
5216
5268
5432
5516
5447
5301
5088
4726
4243
3825
3586
3436
3190
2753
2156
1486
903
573
508
428
47
-610
-1198
-1481
-1512
-1470
-1506
-1620
-1790
-1937
-1974
-1862
-1661
-1452
-1241
-1065
-929
-807
-648
-426
-210
10
303
591
707
653
662
926
1308
1484
1392
1237
1225
1346
1451
1454
1328
1123
917
800
791
816
770
611
391
168
28
-48
-103
-192
-342
-517
-714
-876
-980
-1021
-1071
-1189
-1330
-1445
-1490
-1522
-1555
-1605
-1687
-1751
-1821
-1846
-1846
-1859
-1909
-1998
-2026
-1998
-1924
-1891
-1926
-1969
-1966
-1935
-1934
-1946
-1972
-2016
-2078
-2124
-2131
-2175
-2291
-2405
-2394
-2304
-2317
-2471
-2652
-2708
-2676
-2652
-2634
-2646
-2728
-2809
-2757
-2518
-2245
-2110
-2082
-2020
-1826
-1455
-898
-273
148
210
153
388
1104
2021
2730
3028
3053
3161
3504
4033
4594
5093
5476
5608
5469
5215
5120
5329
5643
5788
5611
5149
4580
4119
3888
3798
3622
3219
2700
2122
1504
943
569
419
301
2
-509
-1079
-1542
-1769
-1729
-1538
-1470
-1693
-2019
-2175
-2081
-1812
-1480
-1185
-1061
-1149
-1173
-903
-433
-83
17
75
274
528
636
663
783
1065
1325
1404
1306
1144
1100
1227
1439
1521
1315
920
637
677
916
1018
809
401
98
41
117
162
59
-184
-479
-704
-805
-777
-752
-844
-1035
-1206
-1302
-1379
-1450
-1495
-1461
-1439
-1532
-1707
-1837
-1865
-1872
-1905
-1899
-1853
-1838
-1928
-2071
-2121
-2036
-1927
-1920
-1975
-2058
-2141
-2242
-2299
-2295
-2267
-2268
-2376
-2524
-2622
-2593
-2503
-2495
-2642
-2807
-2819
-2716
-2645
-2679
-2663
-2563
-2425
-2241
-2041
-1890
-1821
-1588
-971
-241
66
-139
-253
283
1281
2099
2450
2531
2626
2838
3263
3957
4704
5164
5168
4972
4906
5034
5262
5524
5714
5657
5283
4770
4415
4286
4232
4057
3730
3234
2641
2037
1522
1209
1011
774
376
-142
-629
-1005
-1257
-1374
-1418
-1453
-1594
-1846
-2054
-2068
-1879
-1634
-1401
-1235
-1163
-1201
-1183
-914
-363
165
306
143
34
248
680
1038
1208
1275
1303
1238
1104
1122
1381
1681
1701
1381
997
781
769
892
1014
965
630
169
-71
16
145
64
-179
-410
-585
-780
-932
-974
-965
-1029
-1134
-1219
-1334
-1512
-1626
-1527
-1365
-1395
-1623
-1781
-1784
-1764
-1818
-1875
-1848
-1835
-1930
-1993
-1954
-1946
-2052
-2180
-2150
-2036
-2056
-2244
-2430
-2512
-2558
-2618
-2626
-2586
-2615
-2780
-2946
-2949
-2814
-2737
-2823
-2931
-2925
-2776
-2613
-2521
-2472
-2354
-2143
-1885
-1575
-1161
-685
-301
-132
-48
211
763
1520
2184
2535
2575
2572
2841
3467
4198
4706
4905
4873
4748
4683
4744
4990
5294
5379
5129
4664
4262
4029
3923
3816
3619
3257
2751
2236
1768
1348
955
670
526
329
-110
-693
-1135
-1271
-1249
-1246
-1298
-1459
-1722
-1946
-1900
-1565
-1281
-1244
-1291
-1161
-938
-844
-730
-348
132
294
136
92
420
834
992
1027
1210
1404
1346
1122
1159
1545
1903
1891
1579
1283
1159
1223
1353
1479
1402
1043
599
390
482
624
563
279
-7
-192
-330
-509
-660
-707
-753
-881
-1096
-1293
-1403
-1494
-1546
-1542
-1520
-1584
-1766
-1978
-2064
-2016
-1960
-1995
-2137
-2278
-2328
-2257
-2203
-2261
-2417
-2538
-2542
-2433
-2319
-2389
-2694
-3008
-3010
-2740
-2567
-2764
-3088
-3144
-2978
-2914
-2982
-3010
-2950
-2934
-2962
-2844
-2543
-2332
-2326
-2285
-2038
-1651
-1220
-668
-78
218
94
23
544
1564
2476
2836
2784
2712
2872
3372
4130
4850
5207
5109
4827
4653
4702
4928
5223
5395
5240
4760
4258
3974
3854
3732
3547
3313
2946
2351
1656
1150
897
758
534
232
-122
-588
-1075
-1337
-1294
-1176
-1236
-1471
-1668
-1739
-1726
-1630
-1431
-1189
-1023
-963
-905
-817
-654
-350
72
372
322
120
195
629
1005
1055
973
1033
1144
1110
1034
1169
1442
1538
1313
1026
869
853
926
1041
1093
854
404
76
133
364
410
187
-118
-336
-474
-555
-548
-518
-572
-753
-958
-1074
-1138
-1192
-1240
-1223
-1208
-1302
-1516
-1705
-1765
-1725
-1696
-1739
-1858
-2039
-2241
-2364
-2280
-2136
-2182
-2430
-2627
-2549
-2355
-2430
-2739
-2951
-2893
-2754
-2735
-2819
-2935
-3089
-3252
-3178
-2831
-2569
-2732
-3089
-3185
-2915
-2569
-2363
-2234
-2086
-1992
-1894
-1526
-818
-117
185
148
152
488
1140
1955
2623
2890
2778
2676
3003
3761
4535
4975
5064
4940
4665
4423
4535
5032
5479
5386
4817
4226
3922
3800
3726
3696
3610
3205
2480
1764
1332
1111
865
620
461
201
-387
-1065
-1368
-1234
-1050
-1088
-1292
-1522
-1765
-1950
-1822
-1411
-1087
-1077
-1128
-969
-774
-756
-655
-183
391
537
257
108
386
799
1040
1206
1406
1417
1142
953
1219
1733
1954
1687
1272
1040
1008
1102
1276
1411
1248
765
279
161
373
535
422
95
-221
-435
-543
-559
-523
-554
-714
-922
-1077
-1192
-1313
-1396
-1371
-1340
-1457
-1681
-1843
-1858
-1848
-1893
-1952
-2026
-2166
-2342
-2417
-2356
-2330
-2437
-2559
-2543
-2455
-2469
-2571
-2668
-2721
-2734
-2715
-2687
-2724
-2860
-2983
-2964
-2826
-2715
-2696
-2742
-2797
-2818
-2719
-2510
-2299
-2163
-2078
-1964
-1780
-1466
-926
-250
218
267
151
329
951
1776
2463
2813
2806
2680
2791
3354
4165
4815
5075
4975
4690
4396
4391
4792
5288
5396
4984
4379
3969
3805
3722
3644
3545
3290
2754
2054
1458
1097
860
692
556
325
-142
-791
-1292
-1398
-1209
-1040
-1082
-1384
-1783
-2053
-1990
-1584
-1177
-1054
-1142
-1170
-1039
-881
-683
-307
86
193
44
27
355
721
817
821
1027
1308
1315
1112
1099
1413
1719
1704
1445
1177
1038
1066
1242
1396
1296
904
487
352
451
551
475
265
18
-187
-301
-350
-371
-427
-507
-629
-789
-947
-1035
-1070
-1102
-1177
-1278
-1365
-1470
-1551
-1596
-1632
-1716
-1860
-1994
-2045
-2060
-2092
-2171
-2285
-2399
-2431
-2339
-2241
-2288
-2528
-2761
-2833
-2713
-2545
-2510
-2734
-3098
-3296
-3152
-2788
-2583
-2712
-3025
-3268
-3272
-3038
-2697
-2407
-2310
-2389
-2428
-2245
-1831
-1236
-572
-70
73
-69
-52
465
1380
2224
2648
2725
2706
2806
3157
3793
4575
5148
5195
4821
4482
4537
4932
5291
5354
5147
4806
4412
4046
3811
3719
3618
3347
2943
2463
1890
1266
785
635
689
565
83
-578
-1099
-1329
-1284
-1088
-962
-1154
-1616
-1961
-1915
-1586
-1309
-1179
-1089
-969
-903
-886
-751
-416
-54
130
196
304
470
558
616
790
1132
1388
1372
1211
1199
1428
1651
1690
1521
1318
1194
1195
1291
1369
1283
991
673
556
653
705
540
276
110
51
-29
-179
-345
-468
-523
-572
-680
-871
-1086
-1214
-1243
-1270
-1364
-1507
-1659
-1774
-1824
-1843
-1900
-2039
-2220
-2315
-2269
-2198
-2263
-2406
-2485
-2467
-2387
-2345
-2329
-2382
-2525
-2643
-2624
-2506
-2490
-2645
-2832
-2849
-2702
-2574
-2597
-2740
-2914
-2968
-2822
-2572
-2436
-2566
-2750
-2694
-2356
-1969
-1773
-1676
-1404
-883
-356
-143
-180
-74
460
1302
2011
2348
2352
2363
2654
3270
4047
4625
4849
4799
4710
4745
4896
5117
5320
5375
5178
4814
4492
4330
4252
4068
3735
3347
2961
2533
2033
1539
1154
901
689
379
-59
-553
-917
-1035
-1031
-1090
-1349
-1678
-1858
-1837
-1710
-1636
-1625
-1557
-1391
-1187
-988
-813
-656
-537
-424
-187
162
440
518
485
556
801
1146
1412
1497
1399
1252
1255
1459
1704
1702
1444
1128
1012
1130
1273
1261
1037
735
533
497
485
380
220
99
34
-87
-323
-533
-620
-612
-619
-755
-987
-1222
-1335
-1326
-1290
-1330
-1469
-1619
-1727
-1759
-1786
-1845
-1937
-2034
-2076
-2092
-2156
-2276
-2352
-2329
-2217
-2101
-2120
-2310
-2569
-2697
-2584
-2383
-2361
-2610
-2941
-3107
-3026
-2797
-2632
-2683
-2977
-3269
-3278
-3018
-2765
-2791
-2993
-3101
-2934
-2607
-2328
-2163
-1995
-1631
-1073
-537
-317
-360
-272
270
1183
1997
2390
2436
2441
2708
3315
4105
4773
5098
5106
4953
4854
4927
5184
5512
5645
5437
5013
4627
4394
4264
4087
3833
3526
3139
2609
1952
1368
1015
917
808
454
-153
-800
-1198
-1299
-1224
-1207
-1410
-1760
-2045
-2141
-2053
-1865
-1643
-1423
-1322
-1343
-1324
-1125
-765
-415
-162
25
195
326
428
617
909
1223
1423
1493
1498
1443
1378
1457
1710
1911
1836
1504
1157
1034
1157
1328
1312
1037
648
369
288
333
341
216
11
-188
-333
-454
-616
-756
-802
-826
-938
-1170
-1363
-1386
-1317
-1321
-1460
-1606
-1664
-1652
-1688
-1811
-1944
-2047
-2035
-1935
-1877
-2001
-2243
-2357
-2216
-1928
-1787
-1885
-2133
-2360
-2462
-2386
-2198
-2131
-2263
-2509
-2687
-2683
-2546
-2439
-2491
-2685
-2818
-2802
-2688
-2643
-2725
-2812
-2802
-2610
-2338
-2096
-1976
-1916
-1635
-1078
-499
-216
-200
-105
306
1032
1775
2294
2493
2522
2661
3114
3805
4438
4818
4889
4791
4685
4724
4937
5234
5361
5184
4837
4520
4301
4113
3897
3661
3385
3030
2573
2027
1509
1122
929
750
430
-71
-592
-977
-1209
-1257
-1246
-1317
-1557
-1891
-2063
-2033
-1874
-1580
-1324
-1193
-1298
-1399
-1194
-734
-248
-17
60
140
291
461
666
977
1326
1568
1581
1499
1424
1482
1699
1938
2090
1964
1590
1193
1109
1328
1564
1520
1166
742
471
449
504
537
418
175
-156
-407
-484
-506
-550
-647
-773
-965
-1236
-1412
-1300
-1094
-1149
-1570
-1825
-1811
-1849
-1848
-2007
-2155
-2157
-2187
-2114
-2197
-2278
-2394
-2426
-2282
-2145
-2002
-2120
-2299
-2496
-2520
-2408
-2282
-2286
-2425
-2634
-2812
-2747
-2607
-2496
-2648
-2922
-3071
-2930
-2665
-2608
-2789
-2931
-2855
-2618
-2378
-2171
-1964
-1816
-1641
-1294
-731
-213
37
78
264
739
1394
2022
2497
2733
2846
2988
3354
3957
4589
5014
5051
4968
4867
4957
5106
5278
5381
5254
5020
4634
4354
4132
3852
3547
3271
2995
2550
1967
1420
1056
821
587
246
-154
-557
-966
-1236
-1351
-1323
-1387
-1598
-1829
-1972
-1925
-1722
-1422
-1218
-1239
-1391
-1320
-914
-425
-224
-211
-124
76
317
497
713
941
1166
1307
1384
1426
1387
1389
1475
1665
1763
1642
1371
1066
971
1028
1174
1168
987
682
329
189
220
324
248
9
-304
-569
-685
-679
-645
-704
-866
-1111
-1297
-1349
-1310
-1307
-1436
-1586
-1708
-1786
-1845
-1981
-2045
-2067
-2050
-2018
-2058
-2171
-2325
-2341
-2200
-2052
-1993
-2071
-2251
-2381
-2392
-2213
-2057
-2136
-2455
-2711
-2651
-2449
-2339
-2437
-2626
-2800
-2833
-2732
-2563
-2505
-2658
-2811
-2776
-2483
-2212
-2139
-2084
-1931
-1670
-1378
-949
-395
25
157
106
312
932
1766
2424
2730
2798
2834
3091
3637
4378
5008
5290
5169
4954
4945
5147
5457
5643
5646
5393
4952
4568
4359
4248
4032
3630
3161
2743
2329
1845
1303
874
558
304
54
-304
-774
-1260
-1520
-1486
-1380
-1498
-1829
-2085
-2077
-1818
-1466
-1257
-1376
-1593
-1507
-997
-421
-237
-325
-358
-104
225
462
724
986
1169
1163
1197
1315
1405
1411
1432
1565
1653
1545
1227
994
938
1017
1087
1044
844
443
76
-60
65
221
115
-251
-653
-854
-854
-794
-791
-917
-1156
-1376
-1520
-1559
-1554
-1572
-1619
-1729
-1827
-1938
-2003
-2012
-2016
-2046
-2102
-2118
-2159
-2204
-2261
-2256
-2194
-2120
-2098
-2149
-2149
-2203
-2243
-2259
-2234
-2231
-2354
-2457
-2503
-2463
-2481
-2525
-2553
-2548
-2545
-2594
-2593
-2588
-2601
-2615
-2524
-2328
-2188
-2146
-2084
-1862
-1509
-1154
-746
-306
53
158
209
603
1349
2170
2703
2897
2908
2982
3349
4051
4838
5335
5357
5098
4895
4976
5287
5662
5846
5664
5205
4679
4399
4309
4249
3976
3513
3015
2505
2033
1561
1162
838
549
236
-161
-628
-1130
-1497
-1588
-1469
-1415
-1683
-2100
-2343
-2221
-1853
-1473
-1240
-1228
-1376
-1462
-1178
-609
-114
2
-105
-63
172
433
651
875
1134
1316
1306
1221
1184
1252
1395
1570
1681
1580
1283
948
836
1023
1283
1305
966
487
152
124
247
322
192
-107
-420
-636
-690
-698
-730
-849
-989
-1133
-1297
-1451
-1549
-1522
-1458
-1476
-1605
-1787
-1921
-2010
-2035
-2007
-2004
-2046
-2162
-2306
-2492
-2597
-2490
-2214
-2042
-2195
-2514
-2677
-2607
-2531
-2537
-2507
-2460
-2606
-2944
-3127
-2912
-2607
-2586
-2813
-2933
-2873
-2835
-2856
-2798
-2608
-2498
-2497
-2386
-2088
-1811
-1696
-1462
-871
-154
221
163
128
481
1245
2070
2711
3032
3011
2920
3135
3849
4715
5249
5285
5058
4868
4840
4985
5283
5570
5616
5284
4751
4301
4036
3935
3851
3655
3227
2572
1856
1332
1075
941
753
423
-29
-543
-1011
-1284
-1345
-1314
-1357
-1529
-1771
-1995
-2068
-1952
-1620
-1213
-933
-929
-1119
-1226
-999
-466
57
314
270
126
94
286
670
1108
1403
1445
1248
1009
948
1161
1498
1701
1615
1316
1001
828
866
1053
1231
1184
828
348
78
90
198
210
99
-77
-328
-652
-885
-904
-787
-762
-929
-1178
-1419
-1590
-1628
-1537
-1443
-1477
-1653
-1834
-1934
-1967
-2017
-2054
-2058
-2073
-2144
-2276
-2402
-2469
-2397
-2231
-2106
-2175
-2409
-2637
-2709
-2646
-2524
-2438
-2483
-2732
-3041
-3123
-2889
-2555
-2508
-2724
-2943
-2975
-2874
-2738
-2589
-2431
-2308
-2222
-2046
-1785
-1527
-1243
-754
-100
371
432
320
544
1296
2225
2888
3131
3103
3067
3311
3992
4846
5389
5358
5021
4823
4937
5189
5382
5463
5400
5147
4758
4377
4103
3859
3622
3411
3138
2665
1952
1251
844
737
686
471
38
-515
-1027
-1316
-1312
-1158
-1141
-1353
-1658
-1844
-1842
-1706
-1448
-1080
-767
-741
-952
-1084
-843
-330
119
306
307
247
192
242
508
984
1381
1425
1140
815
735
957
1328
1578
1489
1089
661
528
731
1017
1113
949
579
202
2
63
248
287
101
-177
-360
-509
-661
-726
-640
-585
-755
-1076
-1322
-1370
-1367
-1416
-1467
-1517
-1662
-1929
-2133
-2139
-2092
-2186
-2350
-2398
-2414
-2546
-2770
-2829
-2656
-2489
-2526
-2692
-2843
-2981
-3104
-3092
-2864
-2657
-2751
-3107
-3365
-3304
-3037
-2778
-2641
-2695
-2935
-3163
-3095
-2706
-2339
-2257
-2313
-2198
-1904
-1646
-1435
-1025
-393
165
344
259
300
729
1486
2299
2867
3015
2858
2801
3232
4078
4897
5250
5129
4845
4710
4807
5060
5310
5436
5335
5014
4631
4286
4030
3851
3742
3613
3296
2683
1916
1276
996
978
930
670
172
-434
-941
-1132
-994
-784
-798
-1109
-1483
-1674
-1654
-1477
-1179
-825
-615
-676
-947
-1057
-756
-187
275
377
245
98
135
341
642
969
1220
1294
1142
916
852
1053
1356
1507
1417
1165
906
754
750
887
1050
1028
711
281
35
59
207
241
84
-145
-378
-591
-717
-703
-597
-588
-809
-1119
-1285
-1280
-1264
-1357
-1480
-1554
-1611
-1748
-1939
-2071
-2113
-2156
-2215
-2206
-2187
-2278
-2518
-2717
-2667
-2406
-2187
-2222
-2483
-2825
-3051
-2997
-2716
-2446
-2474
-2819
-3195
-3292
-3067
-2756
-2595
-2702
-2942
-3075
-2959
-2669
-2477
-2490
-2491
-2213
-1736
-1403
-1261
-1038
-538
31
320
397
593
1111
1767
2273
2567
2710
2832
3118
3672
4347
4808
4886
4730
4636
4746
4959
5117
5142
5039
4817
4561
4352
4169
3951
3670
3411
3176
2826
2270
1637
1170
946
847
664
321
-160
-661
-991
-1035
-835
-723
-915
-1324
-1615
-1584
-1381
-1204
-1085
-906
-698
-648
-818
-943
-702
-143
334
427
206
18
85
363
696
982
1147
1150
986
819
855
1073
1321
1397
1260
1041
870
815
862
935
968
882
687
458
285
231
235
239
199
58
-164
-392
-549
-570
-500
-486
-635
-926
-1219
-1334
-1277
-1201
-1273
-1521
-1784
-1924
-1927
-1942
-2054
-2238
-2396
-2438
-2425
-2433
-2528
-2705
-2813
-2780
-2625
-2517
-2661
-3011
-3295
-3245
-2932
-2700
-2812
-3155
-3421
-3373
-3065
-2762
-2673
-2847
-3092
-3135
-2849
-2420
-2205
-2275
-2351
-2153
-1663
-1160
-819
-569
-256
78
304
509
928
1583
2213
2556
2615
2654
2900
3421
4080
4637
4886
4791
4548
4466
4680
5001
5173
5087
4793
4446
4149
3947
3825
3688
3477
3139
2725
2286
1818
1371
1020
814
690
506
102
-448
-886
-1026
-901
-754
-814
-1128
-1483
-1632
-1477
-1185
-1005
-1028
-1108
-993
-651
-389
-455
-624
-460
99
548
540
274
192
421
686
851
1003
1176
1165
945
822
990
1255
1280
1065
910
936
980
880
738
679
667
613
519
477
412
259
83
51
126
79
-161
-450
-596
-586
-534
-564
-718
-981
-1230
-1309
-1226
-1175
-1321
-1590
-1768
-1835
-1917
-2064
-2193
-2223
-2222
-2272
-2383
-2496
-2616
-2715
-2715
-2598
-2512
-2626
-2909
-3158
-3198
-3027
-2830
-2778
-2911
-3157
-3323
-3217
-2902
-2645
-2665
-2897
-3005
-2828
-2458
-2154
-2024
-1966
-1862
-1575
-1072
-500
-96
35
70
282
784
1429
1989
2390
2611
2680
2749
3049
3647
4332
4798
4882
4678
4412
4309
4522
4978
5331
5212
4627
4024
3753
3824
3908
3756
3382
2892
2421
2012
1677
1335
974
711
607
490
88
-533
-993
-1027
-748
-542
-672
-1078
-1498
-1632
-1373
-894
-638
-823
-1124
-1056
-565
-196
-320
-592
-466
79
501
474
246
195
352
538
774
1074
1228
1067
784
740
1005
1265
1217
1005
886
898
889
774
659
576
504
437
418
398
256
26
-142
-161
-126
-207
-391
-573
-722
-859
-942
-915
-929
-1125
-1442
-1616
-1550
-1461
-1550
-1779
-1984
-2137
-2279
-2351
-2304
-2244
-2310
-2503
-2664
-2702
-2662
-2642
-2619
-2592
-2606
-2714
-2918
-3083
-3084
-2899
-2652
-2576
-2825
-3201
-3347
-3075
-2615
-2406
-2566
-2838
-2890
-2639
-2224
-1852
-1662
-1641
-1549
-1139
-462
50
111
9
237
922
1663
2099
2238
2332
2522
2805
3235
3774
4274
4519
4489
4374
4317
4348
4468
4706
4945
4897
4453
3863
3521
3528
3619
3562
3272
2761
2099
1527
1273
1263
1176
820
355
8
-248
-545
-775
-796
-705
-762
-1000
-1196
-1248
-1248
-1226
-1072
-805
-644
-716
-794
-630
-351
-259
-326
-203
172
436
341
163
288
625
787
745
774
978
1148
1115
1018
988
990
972
1022
1175
1219
1030
714
563
654
771
762
681
567
363
135
23
99
197
120
-138
-382
-517
-596
-667
-702
-699
-806
-1082
-1366
-1450
-1364
-1339
-1481
-1706
-1918
-2101
-2219
-2220
-2177
-2209
-2391
-2624
-2744
-2725
-2677
-2680
-2735
-2822
-2883
-2933
-3014
-3107
-3096
-2949
-2776
-2801
-3028
-3227
-3178
-2874
-2607
-2543
-2641
-2699
-2572
-2256
-1899
-1644
-1523
-1401
-1042
-440
60
161
49
196
836
1661
2196
2302
2240
2325
2621
3135
3713
4172
4352
4247
4109
4052
4139
4305
4525
4700
4624
4217
3669
3349
3354
3529
3511
3191
2671
2127
1694
1432
1322
1235
1040
662
212
-172
-390
-482
-536
-584
-673
-819
-1002
-1167
-1223
-1126
-939
-811
-813
-829
-706
-512
-442
-522
-482
-168
193
328
226
133
179
315
487
752
987
998
812
660
808
1073
1153
1002
856
895
983
926
723
565
540
571
576
508
366
174
-4
-54
3
9
-164
-446
-657
-705
-673
-687
-777
-947
-1125
-1269
-1344
-1327
-1303
-1319
-1437
-1640
-1842
-1959
-1961
-1908
-1879
-1940
-2096
-2302
-2450
-2434
-2273
-2174
-2292
-2530
-2680
-2674
-2637
-2651
-2664
-2629
-2634
-2779
-2946
-2897
-2663
-2517
-2590
-2731
-2732
-2552
-2307
-2090
-1926
-1842
-1798
-1584
-1077
-431
-37
-82
-234
-47
591
1362
1868
2036
2018
2020
2208
2652
3282
3812
4023
3970
3849
3782
3773
3896
4171
4448
4446
4030
3462
3096
3089
3279
3378
3178
2689
2087
1599
1366
1324
1319
1160
798
329
-81
-305
-347
-310
-322
-414
-585
-812
-998
-1020
-848
-601
-474
-515
-584
-571
-496
-428
-317
-84
173
238
104
32
208
485
634
659
726
844
861
802
831
995
1104
1017
876
865
942
940
864
820
796
697
519
436
487
485
349
148
81
113
56
-124
-320
-398
-436
-508
-604
-681
-825
-1058
-1268
-1334
-1248
-1220
-1340
-1558
-1757
-1918
-2036
-2062
-2017
-1991
-2108
-2342
-2545
-2620
-2539
-2394
-2339
-2436
-2638
-2794
-2851
-2810
-2734
-2657
-2635
-2742
-2915
-2985
-2845
-2630
-2538
-2607
-2702
-2658
-2463
-2226
-2044
-1950
-1904
-1813
-1486
-922
-335
-44
-139
-266
-34
637
1400
1910
2055
1992
1938
2107
2607
3293
3850
4045
3923
3733
3662
3747
4003
4322
4523
4400
3975
3506
3252
3252
3359
3376
3191
2775
2181
1615
1337
1363
1432
1305
891
351
-95
-335
-336
-202
-165
-342
-686
-947
-971
-856
-713
-593
-488
-436
-470
-522
-516
-429
-247
-12
172
192
45
-64
80
414
705
800
751
647
549
581
776
1014
1088
910
663
576
652
780
839
834
720
507
303
233
328
409
334
145
7
-63
-134
-218
-251
-231
-269
-442
-643
-750
-784
-830
-906
-978
-1045
-1157
-1306
-1403
-1451
-1509
-1625
-1708
-1739
-1793
-1971
-2168
-2230
-2159
-2070
-2097
-2199
-2326
-2440
-2547
-2555
-2438
-2341
-2408
-2620
-2794
-2813
-2722
-2625
-2532
-2462
-2511
-2710
-2818
-2589
-2169
-1899
-1908
-2011
-1933
-1657
-1283
-830
-377
-107
-126
-213
3
624
1321
1747
1853
1814
1838
2072
2542
3105
3512
3612
3499
3404
3422
3533
3710
3934
4049
3903
3564
3236
3113
3105
3085
2996
2820
2482
2017
1602
1421
1398
1321
1110
829
522
191
-41
-111
-42
-47
-201
-390
-511
-585
-639
-574
-369
-198
-241
-369
-369
-260
-236
-257
-102
185
313
119
-110
-48
262
506
547
530
503
433
342
404
627
778
687
478
378
447
532
508
447
406
370
294
209
124
57
7
0
11
-46
-171
-334
-420
-459
-495
-543
-630
-724
-863
-1021
-1121
-1145
-1112
-1133
-1242
-1389
-1528
-1606
-1628
-1609
-1609
-1695
-1862
-2028
-2080
-2017
-1949
-1959
-2059
-2194
-2296
-2326
-2293
-2256
-2284
-2343
-2409
-2471
-2548
-2572
-2478
-2325
-2272
-2414
-2522
-2417
-2146
-1940
-1877
-1815
-1694
-1527
-1304
-924
-423
-135
-215
-320
-9
707
1322
1537
1520
1598
1815
2094
2459
2921
3300
3401
3289
3205
3258
3378
3568
3801
3895
3673
3228
2893
2880
2999
2992
2804
2528
2179
1767
1434
1334
1345
1237
994
690
419
115
-100
-118
-17
3
-191
-456
-607
-619
-553
-434
-325
-281
-348
-371
-279
-235
-300
-287
-34
275
287
41
-65
152
407
457
455
574
707
614
406
421
667
835
724
540
547
642
635
494
413
464
508
450
336
234
147
95
114
180
150
-25
-248
-352
-319
-270
-315
-458
-645
-792
-888
-922
-913
-941
-1016
-1138
-1260
-1383
-1504
-1550
-1511
-1486
-1570
-1770
-1932
-2002
-1975
-1906
-1909
-1997
-2145
-2279
-2371
-2387
-2364
-2302
-2229
-2278
-2499
-2757
-2784
-2500
-2168
-2067
-2243
-2445
-2444
-2227
-1902
-1607
-1380
-1220
-1063
-876
-677
-507
-304
40
560
1004
1148
1061
1059
1378
1859
2307
2561
2694
2750
2745
2756
2870
3096
3292
3325
3236
3131
3000
2860
2717
2632
2630
2619
2461
2144
1751
1416
1315
1401
1470
1334
918
466
237
290
446
468
309
79
-71
-136
-113
-35
64
117
87
21
24
89
94
34
47
207
383
372
167
55
179
405
500
418
349
369
394
402
423
480
475
350
245
290
458
519
369
127
15
86
201
233
117
-56
-164
-161
-101
-94
-172
-263
-340
-386
-449
-531
-593
-644
-696
-788
-885
-943
-992
-1060
-1128
-1150
-1193
-1301
-1438
-1517
-1497
-1473
-1521
-1643
-1766
-1830
-1801
-1724
-1690
-1791
-1988
-2132
-2116
-1965
-1817
-1782
-1918
-2163
-2335
-2283
-2046
-1829
-1782
-1854
-1936
-1973
-2001
-1938
-1644
-1158
-746
-659
-862
-1075
-991
-512
163
688
809
581
372
481
938
1451
1845
2058
2110
2045
1928
1972
2220
2571
2779
2758
2618
2449
2298
2200
2210
2332
2424
2328
2012
1630
1362
1301
1428
1581
1520
1164
712
457
492
643
723
651
489
303
159
90
93
202
433
683
681
284
-200
-216
310
888
951
546
92
-81
15
268
620
843
698
185
-238
-206
200
569
629
401
55
-227
-283
-54
276
393
193
-95
-262
-273
-227
-158
-35
91
78
-123
-366
-447
-325
-110
45
10
-224
-494
-614
-551
-400
-370
-461
-591
-728
-843
-935
-967
-963
-973
-1043
-1154
-1318
-1482
-1568
-1550
-1493
-1517
-1650
-1798
-1904
-1996
-2029
-1928
-1758
-1754
-1978
-2185
-2168
-1995
-1859
-1839
-1840
-1809
-1800
-1783
-1725
-1635
-1533
-1370
-1062
-751
-667
-794
-837
-541
-35
362
496
485
518
627
822
1094
1381
1571
1628
1671
1769
1903
1971
1987
2043
2159
2259
2234
2137
2014
1918
1870
1896
1944
1885
1661
1378
1246
1286
1346
1284
1110
924
799
758
746
753
719
625
558
536
508
431
395
495
672
706
532
318
283
474
697
764
627
420
284
300
392
475
474
375
247
120
31
-16
4
86
159
87
-132
-342
-367
-197
-42
-43
-168
-312
-401
-428
-367
-215
-104
-141
-300
-421
-395
-266
-166
-164
-243
-348
-387
-361
-345
-366
-426
-515
-579
-599
-601
-654
-772
-912
-943
-881
-856
-959
-1144
-1243
-1264
-1266
-1277
-1295
-1335
-1440
-1562
-1600
-1542
-1489
-1510
-1551
-1574
-1556
-1517
-1476
-1446
-1459
-1481
-1418
-1268
-1140
-1148
-1246
-1217
-998
-752
-670
-688
-626
-400
-162
-87
-98
-35
199
494
695
775
752
713
780
1015
1340
1534
1484
1313
1238
1342
1534
1683
1710
1617
1486
1391
1351
1372
1403
1390
1318
1230
1135
1046
962
920
964
1032
1056
959
775
667
708
851
970
974
851
661
579
705
923
992
882
721
688
748
760
726
709
728
687
588
463
356
262
222
266
292
190
-76
-316
-354
-238
-121
-130
-300
-529
-689
-655
-471
-323
-353
-527
-681
-676
-552
-423
-361
-379
-424
-461
-442
-372
-307
-295
-291
-269
-249
-285
-357
-409
-395
-331
-294
-341
-493
-668
-737
-682
-618
-654
-803
-938
-1003
-1028
-1097
-1184
-1228
-1257
-1286
-1365
-1430
-1496
-1568
-1599
-1539
-1415
-1383
-1476
-1604
-1587
-1444
-1273
-1170
-1154
-1163
-1185
-1093
-854
-590
-468
-465
-450
-305
-74
111
260
389
536
648
721
784
876
1020
1198
1342
1357
1271
1164
1177
1329
1491
1523
1369
1155
1041
1087
1173
1179
1089
945
840
743
682
675
692
684
604
531
476
470
468
470
502
543
563
531
502
507
568
654
722
748
702
626
605
676
794
843
760
633
553
545
567
562
535
462
342
209
133
118
105
64
-4
-96
-193
-267
-309
-286
-256
-275
-346
-417
-433
-407
-371
-359
-361
-349
-343
-348
-359
-353
-297
-225
-200
-234
-273
-271
-227
-184
-173
-178
-192
-222
-268
-306
-315
-320
-323
-345
-401
-495
-598
-634
-612
-591
-645
-733
-811
-848
-877
-911
-914
-886
-877
-935
-999
-1024
-981
-936
-898
-874
-847
-847
-881
-850
-755
-639
-571
-556
-523
-470
-417
-367
-274
-123
-21
-10
-22
22
130
254
339
396
420
407
426
496
595
654
641
614
635
674
676
674
700
733
743
716
684
689
718
708
709
732
754
746
701
690
720
761
764
756
735
741
739
749
784
814
817
790
784
787
797
768
746
737
734
677
606
553
531
502
439
376
266
180
102
76
67
-4
-136
-266
-315
-326
-323
-377
-465
-528
-563
-578
-594
-616
-629
-630
-621
-606
-622
-642
-648
-596
-524
-490
-503
-535
-539
-498
-406
-329
-305
-345
-387
-388
-322
-237
-222
-258
-329
-378
-389
-367
-338
-349
-423
-492
-526
-535
-548
-567
-569
-591
-638
-707
-731
-713
-676
-649
-646
-664
-703
-722
-679
-598
-508
-490
-521
-522
-473
-356
-280
-225
-177
-127
-87
-35
42
128
207
260
321
378
411
443
491
556
621
642
644
640
672
705
723
728
728
724
718
723
730
718
677
657
665
689
673
624
558
528
529
529
526
502
464
421
395
399
410
401
389
381
372
341
322
321
345
376
373
336
296
268
271
306
328
302
228
149
122
146
164
144
66
-5
-42
-40
-41
-54
-107
-178
-221
-231
-223
-256
-310
-351
-360
-367
-389
-433
-439
-424
-408
-402
-429
-457
-466
-429
-375
-344
-371
-407
-409
-367
-301
-251
-249
-285
-301
-281
-244
-193
-186
-213
-251
-273
-245
-210
-206
-228
-257
-272
-259
-255
-247
-259
-267
-252
-232
-227
-256
-284
-273
-230
-193
-210
-263
-284
-258
-184
-141
-133
-153
-162
-141
-82
-19
3
-7
-20
12
66
119
139
141
141
166
209
246
264
257
243
247
286
315
326
294
276
280
296
322
313
294
275
265
271
270
241
208
199
201
202
168
117
85
81
119
137
111
54
9
16
76
141
155
110
56
38
80
159
200
181
137
110
117
177
212
215
181
146
133
136
139
117
105
95
98
77
35
-15
-42
-22
-3
-15
-72
-151
-195
-190
-157
-160
-217
-286
-335
-323
-284
-259
-276
-312
-338
-322
-268
-211
-215
-246
-256
-243
-187
-136
-121
-142
-159
-145
-101
-57
-45
-53
-60
-44
-30
-17
-23
-26
-9
1
-7
-29
-57
-58
-29
-1
4
-39
-95
-125
-112
-64
-57
-93
-175
-218
-200
-158
-113
-110
-136
-173
-178
-142
-80
-37
-30
-47
-51
-41
-20
19
46
69
77
79
82
88
95
131
172
189
168
139
130
158
196
222
218
181
159
165
193
207
193
152
118
98
101
105
83
47
14
3
0
2
0
-20
-34
-33
-25
-4
10
19
7
-8
-6
-3
10
20
28
28
16
-2
2
13
46
83
78
58
28
32
72
124
145
123
92
63
81
122
159
161
132
90
62
76
94
111
100
77
44
28
34
42
69
79
78
65
43
44
70
105
112
104
75
41
39
51
83
94
67
26
-2
12
57
84
76
40
6
6
37
69
64
42
9
-4
4
22
22
-1
-19
-44
-60
-73
-90
-106
-111
-124
-151
-169
-188
-184
-167
-143
-145
-181
-215
-222
-191
-164
-158
-195
-247
-278
-279
-231
-210
-221
-266
-317
-310
-277
-229
-206
-225
-256
-272
-255
-223
-194
-183
-193
-201
-205
-195
-189
-183
-161
-151
-140
-158
-180
-189
-147
-101
-88
-91
-117
-117
-98
-38
9
24
9
-7
4
54
107
126
106
75
69
96
156
182
183
171
171
197
240
281
296
278
268
285
312
336
343
342
332
320
317
330
327
330
333
326
305
295
290
289
310
311
298
269
249
251
287
313
305
280
251
228
233
272
298
285
242
183
155
175
201
218
188
144
105
98
124
146
158
139
93
43
24
31
41
33
-6
-53
-99
-121
-126
-123
-127
-155
-199
-239
-253
-259
-247
-243
-271
-303
-329
-342
-338
-307
-285
-294
-319
-345
-358
-338
-306
-298
-312
-346
-365
-364
-332
-292
-280
-290
-311
-309
-288
-237
-205
-221
-235
-248
-242
-215
-193
-192
-211
-228
-224
-209
-180
-181
-185
-178
-164
-153
-142
-128
-122
-108
-113
-104
-97
-80
-60
-42
-15
0
-9
-9
14
50
91
102
91
64
72
117
177
208
206
186
186
215
276
322
326
311
283
285
303
344
352
340
311
291
308
325
335
344
338
332
326
307
316
322
325
322
298
268
249
247
259
275
262
228
200
184
205
229
231
206
162
130
119
141
150
142
112
66
53
62
76
77
50
18
-26
-56
-57
-55
-72
-103
-130
-162
-181
-191
-172
-171
-178
-205
-236
-262
-275
-248
-244
-262
-307
-344
-372
-367
-339
-329
-348
-385
-411
-405
-370
-338
-331
-350
-375
-391
-373
-342
-325
-326
-339
-344
-345
-331
-306
-288
-277
-278
-271
-275
-265
-233
-212
-209
-217
-228
-223
-195
-158
-117
-106
-101
-95
-76
-35
0
26
29
10
-1
25
67
101
123
117
107
129
168
224
260
273
273
262
272
311
342
370
373
356
350
347
366
397
425
429
411
386
372
381
420
436
418
386
348
339
352
389
395
369
330
294
282
293
313
313
278
222
180
160
173
187
174
149
113
86
94
124
136
129
118
86
55
32
40
49
43
15
-28
-59
-79
-54
-54
-56
-81
-122
-154
-171
-148
-145
-162
-198
-246
-284
-278
-264
-263
-281
-314
-343
-364
-352
-351
-353
-372
-389
-412
-427
-411
-397
-386
-394
-401
-406
-396
-374
-347
-319
-312
-309
-325
-325
-303
-272
-253
-267
-285
-281
-262
-231
-186
-172
-180
-186
-187
-158
-121
-92
-79
-84
-102
-110
-86
-58
-31
-12
-18
-37
-33
-12
18
53
64
55
46
42
59
105
130
156
156
150
161
184
231
262
287
293
288
289
310
337
359
366
355
345
344
360
379
408
418
410
395
395
417
421
433
429
391
361
342
340
346
341
330
303
268
249
251
257
252
242
208
180
167
163
162
146
139
114
92
73
59
75
75
57
40
12
-9
-18
-27
-31
-51
-82
-114
-131
-147
-148
-138
-149
-177
-215
-223
-228
-226
-228
-253
-288
-328
-347
-347
-349
-353
-368
-396
-422
-427
-420
-404
-398
-399
-407
-420
-420
-420
-403
-385
-379
-386
-393
-387
-367
-329
-301
-288
-293
-294
-283
-252
-210
-183
-174
-182
-181
-177
-145
-105
-73
-60
-61
-47
-41
-10
30
50
64
54
40
53
70
92
128
135
128
129
136
167
203
236
248
241
238
240
263
295
310
306
306
296
298
327
364
386
383
370
365
377
398
430
429
408
396
377
378
386
396
399
383
359
336
329
336
341
330
302
261
219
197
197
190
174
141
102
74
58
66
73
64
28
-8
-39
-52
-47
-51
-64
-94
-130
-159
-159
-151
-135
-139
-154
-186
-208
-201
-194
-182
-190
-212
-241
-260
-261
-254
-244
-239
-261
-286
-293
-285
-275
-260
-259
-280
-306
-331
-325
-322
-308
-311
-325
-335
-349
-331
-306
-279
-267
-277
-293
-295
-277
-255
-228
-224
-241
-244
-247
-221
-184
-155
-138
-125
-123
-121
-90
-57
-19
-16
-23
-27
-24
4
34
63
76
76
75
82
108
139
153
161
164
145
147
169
184
203
202
197
193
192
219
237
257
264
234
226
227
225
238
253
250
231
223
220
244
268
278
278
260
256
248
250
262
274
272
243
229
213
222
235
244
238
211
193
183
195
193
193
163
135
112
82
82
69
68
56
32
8
-9
-8
-4
-8
-37
-63
-94
-110
-111
-114
-124
-141
-164
-177
-181
-177
-168
-175
-184
-193
-203
-216
-215
-203
-199
-204
-227
-229
-230
-227
-204
-197
-206
-215
-223
-220
-214
-206
-200
-215
-231
-239
-229
-215
-199
-194
-196
-201
-196
-187
-186
-166
-168
-163
-168
-174
-166
-158
-139
-125
-116
-117
-107
-91
-72
-53
-40
-30
-29
-24
-15
1
21
42
54
50
61
86
99
114
135
137
137
140
144
155
165
183
181
180
180
185
197
199
202
218
210
201
211
197
206
212
208
194
186
182
177
176
168
160
164
161
158
166
158
154
148
135
126
121
115
117
113
100
98
101
89
87
92
86
69
57
56
50
49
28
7
-5
-11
-12
-10
-23
-25
-33
-44
-47
-54
-56
-66
-69
-87
-96
-106
-111
-110
-111
-119
-129
-133
-136
-136
-132
-126
-138
-145
-153
-154
-154
-136
-133
-142
-145
-158
-155
-142
-129
-117
-114
-122
-124
-124
-114
-105
-98
-92
-99
-100
-95
-89
-71
-56
-48
-61
-60
-66
-57
-45
-45
-29
-41
-42
-51
-41
-28
-27
-12
-16
-25
-30
-20
-12
-4
-2
-9
-21
-24
-19
-3
9
14
11
0
1
9
24
38
43
40
22
19
31
40
51
57
57
42
37
40
50
59
66
75
60
48
56
56
66
76
75
78
53
50
61
70
84
91
83
62
63
67
82
96
89
81
71
63
66
73
83
83
69
63
52
42
46
62
61
52
48
38
38
38
44
47
47
36
25
15
12
22
20
18
7
3
-5
-5
0
2
3
-3
-7
-21
-23
-15
0
-9
-14
-19
-33
-33
-27
-31
-35
-39
-44
-56
-53
-54
-51
-39
-60
-56
-65
-63
-63
-60
-56
-64
-69
-76
-65
-63
-58
-55
-60
-64
-66
-64
-50
-51
-60
-61
-67
-65
-62
-53
-46
-50
-45
-32
-25
-20
-21
-16
-18
-23
-19
-19
-12
-10
-15
-16
-16
-15
-15
-9
-1
4
1
1
-2
-4
10
16
19
26
34
21
25
33
41
48
51
56
43
31
23
39
51
54
38
28
23
22
41
51
54
51
51
45
47
57
61
55
44
36
36
38
32
35
45
35
21
19
20
29
36
33
30
13
1
9
15
26
28
21
3
5
13
11
13
21
18
12
0
-11
-9
-8
5
0
-17
-22
-23
-27
-18
-3
3
2
-6
-8
1
6
23
24
3
-8
-13
-6
-1
-3
2
-7
-15
-20
-23
-6
0
4
-5
-15
-22
-16
0
1
6
-4
-7
-19
-7
0
0
-3
-10
-16
-18
-15
-12
-5
-1
2
3
-9
-17
-7
-13
-1
-3
-7
-12
-10
-8
-2
7
-1
-6
-14
-13
-10
-1
-9
-12
-17
-20
-16
-6
-8
-4
0
-9
-12
-11
-3
7
13
6
10
3
6
8
-1
6
17
13
4
4
9
5
1
3
-15
-8
2
-5
-3
6
9
2
3
11
3
12
19
20
25
16
9
12
11
7
14
10
2
8
10
9
9
7
15
12
11
11
7
6
11
12
16
13
6
18
18
34
21
14
8
0
-2
0
4
-6
-1
-2
0
6
9
4
3
-8
-6
-6
-11
-10
-6
-2
-4
-2
-9
-8
-1
5
4
-11
-19
-19
-19
-9
-16
-17
-24
-26
-16
-13
-5
-11
-13
-15
-7
-11
-11
-10
-3
3
3
3
4
-3
-4
4
1
5
6
3
2
8
2
-1
-1
-1
-9
-9
-4
1
-7
-3
-2
-5
-3
-9
2
3
3
-1
0
-13
-19
-12
-9
1
1
-5
-9
-9
-4
-6
-12
-9
-10
-9
-13
-5
-5
-4
-6
3
7
-10
-4
-9
-1
8
7
0
-4
-9
-16
-10
2
-4
-6
-9
-9
-10
-9
6
3
3
-1
-3
-6
-12
-2
5
7
10
-5
-11
-17
-7
10
6
0
-10
-3
-6
4
18
5
0
2
0
-4
1
1
-4
12
7
-4
-7
-13
0
3
0
-4
-1
-8
-11
1
4
7
3
-3
-5
2
-1
0
14
13
13
10
8
3
7
10
8
-3
-22
-28
-29
-12
-6
-17
-27
-30
-35
-36
-31
-26
-20
-19
-10
-15
-16
-11
-1
6
5
-2
-14
-23
-24
-16
-10
-16
-23
-29
-26
-10
-13
0
-2
0
2
3
0
0
5
5
15
6
3
-6
-1
10
18
15
14
10
-1
6
16
13
2
-6
-10
-13
-18
-9
-8
8
2
9
10
8
18
23
41
25
20
3
-2
5
3
5
-2
-9
-18
-16
-3
12
8
6
6
6
11
14
16
8
4
-11
-17
-4
-14
-3
5
0
-3
-7
3
10
16
8
-3
-7
-13
-6
-4
-11
-13
-16
-19
-14
1
2
12
13
6
7
-4
-1
0
-3
-9
-16
-25
-29
-28
-29
-22
-9
-6
-6
-4
1
9
18
12
6
-9
-13
-6
-8
-5
-8
-2
0
1
3
7
6
12
23
16
12
10
4
6
13
4
4
-7
-6
-4
7
24
19
26
12
4
12
21
13
0
-1
-14
-21
-22
-19
-15
-19
-9
-8
0
2
9
20
8
12
3
-6
-9
-7
-3
-14
-19
-19
-17
-11
-9
0
4
6
16
15
10
-7
-7
-1
-4
-5
-19
-6
-3
-6
6
12
17
10
18
27
23
22
24
25
16
8
2
-3
-12
-18
-11
7
3
8
9
8
14
17
8
10
16
6
-2
-12
-3
-5
0
-16
-16
-21
-20
-10
-9
9
4
11
7
4
-2
12
6
-3
-1
-9
-6
-5
2
10
14
-2
0
2
2
8
12
10
2
0
-8
-11
-17
-12
-12
-23
-19
-17
-20
-14
-8
2
10
-1
-3
-6
-11
-5
-5
2
-10
-18
-16
-18
-12
-4
4
1
3
8
9
5
13
17
16
13
4
3
0
-1
14
13
3
-7
5
12
9
16
13
15
6
5
6
3
4
13
13
12
7
1
7
12
28
26
30
20
9
22
31
28
19
8
4
1
-8
-9
1
2
9
22
17
17
23
30
31
38
34
25
23
16
17
17
9
12
21
10
3
8
6
9
12
4
0
-5
1
-4
4
1
-4
-11
-28
-29
-21
-5
-2
-3
-12
-11
-19
-13
-9
-4
-11
-21
-29
-36
-38
-43
-36
-42
-32
-36
-36
-32
-22
-12
-5
7
-3
-14
-19
-10
3
-7
-14
-20
-28
-20
-24
-20
-15
-20
-13
-6
-9
-6
5
9
5
-11
-10
-4
-19
-15
-12
-13
-12
-17
-13
-16
-1
-1
9
9
9
9
5
9
3
12
6
1
-3
0
3
11
13
19
13
16
18
13
28
22
21
22
0
