108
128
137
138
146
136
120
148
152
136
114
102
96
80
70
103
78
73
73
77
100
90
102
77
79
69
68
91
102
82
81
86
95
109
135
97
77
70
52
66
96
89
108
122
130
158
157
140
156
164
137
145
143
116
124
122
68
84
106
59
90
108
94
112
104
102
106
135
149
158
164
155
142
120
117
124
116
110
131
118
103
100
147
105
137
132
102
131
170
159
141
134
126
131
140
152
136
138
131
125
137
156
145
120
108
95
88
101
96
97
129
182
176
171
143
108
104
107
109
108
125
105
83
102
135
123
136
136
122
118
118
110
100
133
128
142
175
198
186
183
171
149
157
152
153
164
162
195
168
174
146
157
155
149
159
123
135
127
131
102
136
135
126
164
151
131
124
134
116
122
116
138
123
130
124
98
148
169
198
179
149
152
145
145
158
188
171
179
209
213
209
174
159
121
102
69
64
54
70
110
115
106
139
144
162
144
125
118
100
86
114
115
115
128
122
152
140
134
117
146
98
83
93
60
85
104
104
107
100
103
126
148
127
108
87
73
103
72
90
77
69
99
119
124
105
142
111
92
82
67
75
74
63
48
21
27
30
24
48
71
74
85
94
103
115
81
74
68
64
71
78
101
83
54
47
102
90
113
81
70
73
57
57
14
60
68
84
95
106
79
97
90
64
68
60
38
33
42
52
79
40
44
62
51
34
10
13
-2
23
29
45
19
26
37
27
37
36
75
58
71
72
69
72
53
55
39
68
72
84
61
36
43
66
51
71
73
28
3
1
2
-11
11
-8
-3
-13
-25
3
26
49
44
44
20
4
14
26
12
22
6
6
20
22
61
62
38
37
29
35
49
76
86
74
53
41
70
64
57
48
39
10
12
9
7
13
36
74
57
64
57
72
56
57
52
-6
-1
17
19
38
56
56
50
82
103
93
76
80
64
29
59
80
96
84
55
45
75
111
120
91
86
50
12
3
15
38
32
60
47
38
35
46
60
31
50
29
49
61
38
57
35
30
54
82
76
77
69
67
51
61
42
24
63
68
74
98
132
104
78
58
24
32
61
60
69
87
62
47
65
43
41
41
37
28
59
80
96
101
86
79
52
40
53
59
53
25
16
22
0
28
27
47
54
7
33
66
56
63
71
76
75
79
110
95
56
41
66
87
86
82
95
88
71
58
33
8
27
35
32
42
73
53
43
62
44
61
42
30
33
35
39
30
28
37
47
46
82
108
76
62
57
52
44
55
42
39
67
99
106
74
60
37
49
56
62
80
77
75
74
86
67
90
105
70
69
51
55
72
71
57
29
52
57
59
36
31
11
4
27
54
85
70
65
74
70
97
90
90
82
65
97
94
92
71
71
67
53
84
49
69
50
51
66
62
95
101
116
116
92
70
50
34
37
53
70
60
56
59
58
25
14
38
58
68
42
53
38
52
38
44
41
52
91
87
108
126
111
111
87
50
27
20
40
56
58
74
114
111
129
133
107
58
45
64
38
26
46
68
89
94
108
112
90
72
66
47
36
23
30
21
12
10
9
26
72
92
87
92
51
44
40
48
89
81
68
50
55
70
81
78
85
84
93
106
105
111
88
70
63
27
29
57
73
87
85
82
111
90
67
58
48
61
36
43
67
54
76
79
113
132
135
164
108
96
91
63
86
66
62
32
23
47
73
106
91
70
84
85
72
61
54
48
42
24
43
83
80
98
91
63
70
53
47
58
49
27
46
65
64
81
55
27
50
85
83
82
95
86
69
110
98
93
91
67
48
49
103
113
85
106
98
117
131
123
136
136
135
103
110
94
97
91
84
68
48
42
57
78
88
102
106
102
99
78
65
70
45
23
27
26
11
20
53
54
86
130
110
120
93
81
108
89
88
65
63
95
104
111
71
80
57
59
62
62
47
35
37
36
62
60
42
51
39
52
71
84
82
68
59
41
15
10
12
12
58
51
43
41
62
79
74
26
60
49
54
80
95
125
109
102
92
82
52
39
58
75
102
113
84
72
72
75
79
69
43
64
69
80
97
82
105
105
68
64
70
84
89
102
112
77
63
82
62
79
86
82
109
65
81
70
72
88
59
96
86
83
90
122
111
130
124
134
109
94
98
79
113
90
82
110
101
90
107
62
40
58
66
79
81
88
89
99
128
134
94
100
112
91
135
106
114
120
99
148
169
141
145
130
127
133
109
110
104
97
109
131
137
143
177
154
81
105
105
119
103
77
105
99
100
126
159
152
121
91
104
88
92
79
63
88
110
123
152
154
182
207
205
195
141
127
120
144
144
139
142
157
176
171
169
149
122
107
134
100
85
88
97
98
118
148
160
150
137
160
176
200
147
129
125
134
139
136
141
144
133
138
132
117
130
129
140
137
128
135
133
121
121
113
110
98
135
154
175
205
176
162
176
167
162
165
173
174
138
121
120
100
101
129
135
102
87
71
102
113
126
128
122
116
117
132
110
107
101
101
121
116
118
132
117
91
80
70
62
58
88
125
124
154
156
186
215
183
196
178
159
126
114
87
77
111
120
160
142
157
116
140
136
92
138
123
114
121
136
125
105
113
107
113
115
114
116
87
103
99
96
107
85
64
114
128
118
107
115
87
96
143
104
132
138
134
107
126
123
98
129
101
69
87
101
121
133
156
152
135
137
126
131
89
82
67
44
65
89
128
103
124
126
108
156
159
136
129
148
114
123
102
80
94
109
136
118
124
123
116
103
100
91
67
69
69
54
45
68
89
116
118
97
45
25
38
39
73
80
83
91
70
39
50
64
71
85
93
121
118
139
120
103
120
127
139
141
138
134
111
122
154
145
150
142
104
121
125
107
106
104
108
80
84
89
100
116
102
66
51
72
93
111
99
77
68
63
69
76
81
96
93
101
103
104
95
61
86
73
40
25
5
44
57
101
127
126
130
118
105
117
117
133
137
124
140
124
113
107
84
49
54
57
64
64
53
69
105
76
86
53
41
50
58
64
65
62
64
32
56
58
56
82
59
33
28
62
61
55
46
69
36
19
13
34
27
39
65
65
50
56
33
6
10
10
18
11
-13
-15
3
22
35
26
13
22
40
22
5
4
16
24
51
60
80
95
66
87
108
103
80
66
73
73
90
42
65
65
45
80
110
87
67
81
58
43
4
19
21
15
0
-2
-5
-20
-15
-31
-15
21
16
36
49
28
11
24
-13
-29
-73
-54
-31
-39
-25
-42
-44
-60
-48
-83
-81
-56
-29
11
-10
-17
-30
-13
27
26
47
34
-12
16
7
1
25
20
19
-1
9
-8
-16
-12
-4
25
6
-7
-38
-32
-25
11
-7
-39
-35
-28
-14
-18
-3
18
15
25
7
8
19
43
13
-21
-15
-32
-24
-38
-23
-9
6
9
7
1
-2
4
-8
-23
-23
-13
-11
-15
-24
-51
-81
-58
-61
-43
-34
-49
-30
-31
-15
-10
-15
-23
-45
-62
-24
-1
-25
-25
3
13
1
-10
5
28
10
17
8
-21
-9
-14
-2
10
-2
-11
-36
-13
-20
-16
-26
-49
-52
-38
-14
-31
-8
-3
-17
6
-15
-33
-85
-66
-43
-27
-33
-43
-28
-63
-53
-50
-46
-33
-6
-58
-104
-71
-74
-67
-78
-60
-49
-69
-37
-32
-46
-40
-24
11
23
21
29
22
4
27
9
-12
-8
-12
-9
-16
-15
-3
13
-24
-32
-48
-40
-24
-43
-47
-57
-60
-58
-50
-26
-31
-56
-75
-62
-53
-76
-84
-48
-53
-43
-52
-26
2
9
24
22
-1
-23
-11
-16
-5
-49
-87
-53
-34
-66
-40
-23
-42
-32
-26
-14
-46
-34
-36
-38
-29
-30
-41
-64
-62
-52
-25
-32
-29
-9
44
72
64
61
62
67
37
0
-21
-23
-5
9
-7
-40
-20
-37
-39
-39
-44
-25
-33
4
-13
3
-27
-50
-60
-71
-58
-82
-66
-70
-46
-59
-96
-54
-61
-54
-57
-45
-48
-43
-64
-80
-73
-57
-47
-12
-7
-14
-5
47
47
22
18
21
29
-7
6
-1
3
16
15
46
16
12
17
4
-30
-48
-39
-76
-34
-6
-20
-26
-42
-26
-21
-2
-17
-33
-26
-45
-60
-78
-60
-53
-55
-86
-84
-60
-57
-24
-26
-13
-8
-1
-2
2
9
-22
-27
-44
-36
-45
-50
-23
-27
-26
-11
-8
-1
-7
-38
-20
-17
-37
-38
-51
-43
-44
-32
8
-2
12
39
45
53
35
32
6
0
-27
-35
-35
-46
-9
-5
-6
5
46
44
25
24
8
0
-7
-13
-12
-6
-16
-23
-11
-1
-4
7
0
2
-7
-21
-43
-83
-65
-65
-57
-38
-56
-68
-66
-46
-22
-44
-46
-53
-41
-38
-8
-33
-16
-20
-25
-38
-47
-39
-44
2
-2
-1
18
5
17
27
5
16
-25
-21
20
23
30
21
24
13
-11
0
32
7
21
8
10
16
9
24
25
-16
-17
-24
-46
-44
-50
-13
-30
-40
-52
-60
-69
-49
-60
-64
-44
-57
-24
-23
-20
-1
1
-37
-34
-33
-53
0
-1
-19
-59
-39
-48
-44
-12
-8
10
24
-8
-22
-24
-40
-7
-24
-39
-55
-49
-48
-25
-23
-18
-36
-56
-42
-89
-76
-53
-58
-48
-53
-60
-71
-79
-78
-51
-78
-79
-36
-36
-11
-33
-5
-31
-51
-59
-64
-75
-73
-36
-37
-23
-47
-46
-31
-67
-73
-95
-124
-94
-101
-75
-58
-73
-83
-83
-51
-52
-17
-25
-28
-47
-63
-75
-71
-44
-47
-46
-34
-39
-29
-13
-24
-47
-70
-69
-90
-62
-33
-34
-13
-19
-37
-41
-36
-38
-28
-30
-62
-87
-60
-59
-64
-52
-45
-53
-54
-29
-44
-67
-51
-74
-88
-82
-103
-114
-106
-90
-94
-115
-114
-117
-101
-118
-101
-42
-67
-36
-61
-84
-69
-92
-73
-108
-91
-81
-119
-103
-69
-23
-12
-22
-29
-38
-22
-33
-24
-38
-76
-78
-63
-76
-67
-61
-62
-70
-24
-49
-43
-19
-39
-16
-52
-70
-99
-106
-109
-110
-96
-82
-76
-90
-76
-53
-46
-54
-49
-69
-58
-86
-90
-97
-107
-75
-67
-55
-58
-88
-92
-99
-108
-91
-108
-89
-99
-96
-78
-66
-35
-62
-84
-74
-61
-38
-55
-88
-111
-99
-90
-91
-70
-99
-93
-87
-64
-54
-82
-81
-85
-66
-75
-93
-91
-108
-83
-103
-106
-103
-105
-98
-65
-66
-63
-62
-56
-69
-113
-107
-112
-144
-150
-158
-156
-148
-161
-133
-140
-119
-117
-94
-117
-140
-138
-161
-146
-181
-215
-188
-160
-172
-158
-144
-165
-148
-129
-132
-141
-148
-144
-142
-145
-124
-127
-114
-99
-90
-85
-88
-99
-98
-78
-109
-104
-88
-77
-102
-108
-108
-95
-67
-51
-71
-89
-121
-168
-127
-137
-132
-132
-137
-123
-139
-101
-75
-96
-109
-102
-141
-93
-88
-97
-75
-103
-117
-136
-119
-89
-117
-117
-124
-122
-111
-110
-90
-60
-81
-87
-108
-87
-73
-94
-90
-101
-121
-120
-102
-74
-68
-68
-44
-72
-68
-95
-89
-55
-71
-88
-112
-118
-100
-103
-94
-90
-101
-109
-109
-84
-77
-61
-73
-64
-56
-67
-86
-101
-68
-71
-91
-90
-132
-128
-153
-150
-122
-164
-139
-135
-137
-112
-104
-55
-69
-80
-64
-94
-103
-117
-96
-76
-92
-115
-135
-154
-180
-146
-140
-87
-120
-132
-82
-88
-82
-98
-70
-81
-90
-111
-112
-87
-82
-82
-63
-65
-78
-75
-43
-42
-42
-23
-32
-64
-69
-86
-89
-95
-109
-113
-136
-102
-102
-80
-81
-103
-106
-119
-143
-137
-135
-160
-180
-166
-182
-168
-130
-115
-118
-118
-129
-147
-114
-121
-143
-155
-128
-123
-113
-90
-89
-56
-43
-30
-43
-71
-74
-75
-95
-116
-127
-123
-83
-85
-61
-84
-83
-105
-132
-110
-118
-69
-113
-135
-102
-127
-125
-103
-133
-130
-112
-129
-121
-123
-107
-101
-88
-76
-108
-111
-122
-113
-125
-136
-96
-91
-99
-98
-79
-71
-87
-71
-85
-79
-109
-134
-132
-130
-119
-138
-126
-123
-119
-101
-64
-66
-91
-76
-128
-94
-97
-117
-128
-96
-92
-90
-85
-111
-79
-96
-75
-60
-30
-42
-25
-34
-47
-39
-62
-66
-73
-29
-46
-23
-44
-40
-63
-97
-125
-121
-113
-88
-76
-49
-56
-75
-73
-105
-87
-113
-103
-99
-125
-98
-89
-66
-70
-87
-80
-100
-122
-94
-57
-68
-39
-20
-43
-31
-18
-8
-26
-52
-65
-50
-43
-70
-35
-4
0
-1
-34
-39
-61
-94
-88
-114
-122
-102
-113
-69
-40
-54
-36
-72
-44
-72
-82
-94
-86
-79
-60
-26
-50
-59
-65
-80
-49
-89
-94
-43
-57
-49
-35
-28
-55
-46
-45
-45
-37
-32
-24
-54
-67
-65
-47
-68
-72
-62
-70
-73
-97
-81
-72
-50
-63
-40
-11
-19
-14
-1
-23
-60
-92
-103
-121
-130
-96
-83
-83
-85
-69
-53
-56
-73
-93
-65
-55
-70
-61
-70
-41
-19
-15
-31
-42
-54
-85
-91
-69
-50
-36
-44
-83
-77
-79
-77
-73
-77
-58
-81
-91
-84
-100
-87
-83
-105
-92
-92
-101
-109
-104
-93
-78
-83
-99
-104
-121
-115
-109
-93
-44
-79
-91
-112
-102
-90
-84
-56
-79
-85
-84
-87
-71
-57
-43
-56
-86
-81
-102
-88
-101
-101
-92
-113
-106
-85
-81
-46
-75
-109
-137
-138
-98
-99
-107
-112
-76
-51
-77
-107
-121
-128
-139
-120
-135
-139
-152
-170
-166
-155
-123
-130
-128
-138
-93
-105
-134
-148
-137
-120
-106
-74
-69
-74
-59
-74
-101
-88
-86
-122
-104
-120
-143
-133
-105
-78
-73
-94
-84
-103
-115
-89
-138
-155
-165
-168
-186
-170
-179
-163
-143
-108
-120
-130
-105
-133
-131
-141
-143
-139
-156
-143
-127
-137
-82
-75
-56
-36
-63
-48
-72
-65
-30
-61
-61
-87
-82
-107
-112
-103
-114
-110
-125
-147
-158
-135
-125
-104
-113
-106
-107
-85
-72
-87
-79
-135
-109
-109
-114
-102
-105
-82
-118
-108
-110
-115
-85
-77
-79
-67
-40
-35
-27
-35
-52
-50
-52
-31
-35
-42
-58
-67
-89
-80
-112
-105
-88
-68
-45
-45
-25
-8
-17
-72
-83
-123
-149
-169
-157
-104
-98
-71
-42
-72
-74
-69
-81
-55
-65
-84
-53
-51
-64
-64
-62
-81
-85
-83
-65
-53
-55
-48
-55
-77
-66
-65
-61
-57
-55
-32
-43
-16
-16
-42
-37
-58
-84
-61
-59
-101
-118
-107
-83
-100
-78
-72
-77
-62
-94
-69
-74
-76
-65
-81
-82
-89
-98
-84
-95
-91
-86
-78
-63
-46
-8
-33
-62
-40
-55
-34
-85
-60
-47
-88
-60
-50
-60
-98
-94
-85
-92
-74
-62
-56
-46
-49
-27
-77
-90
-50
-54
-72
-70
-66
-56
-9
2
-34
-39
-49
-41
-51
-41
-23
-27
-21
0
38
12
10
39
42
20
10
20
7
-5
12
-20
-14
-21
-72
-66
-53
-27
-25
-26
-37
-56
-63
-56
-99
-104
-77
-69
-51
-68
-59
-41
-36
-5
-13
-21
-30
-45
-36
-22
-35
-7
25
-29
-29
-32
-2
17
39
38
43
12
-34
-23
-19
-33
-38
1
-4
9
16
30
29
28
10
-13
-47
-44
-24
-47
-42
-70
-93
-110
-80
-76
-39
-19
-17
0
25
40
40
30
51
5
-3
4
-30
-26
-35
-8
-1
-2
7
1
4
22
-13
-26
-42
-28
-50
-38
-35
-43
-15
-20
7
19
3
-10
-21
-24
-33
-12
-39
-50
-19
-29
-11
12
13
4
-6
6
0
-6
-8
-12
7
-9
3
9
30
37
22
15
30
44
54
59
45
17
19
-9
-13
0
14
40
17
20
15
16
0
24
-6
5
18
-7
-2
-11
-16
-37
-3
-9
26
65
25
20
5
10
7
7
17
-13
-13
-19
-1
12
-11
-35
-22
-21
14
38
36
60
47
26
26
34
44
44
47
27
34
28
49
64
65
31
11
3
1
1
-18
1
-25
-46
-37
-38
-30
4
47
58
60
61
57
51
46
19
10
35
57
81
72
69
40
73
73
47
27
4
11
-21
-18
-5
17
35
17
25
28
22
26
35
17
5
-21
-25
-38
14
2
-28
-5
-23
-16
-26
-34
-57
-49
-44
-8
-11
7
27
52
26
-6
21
7
20
-6
-19
21
-1
19
52
45
49
25
-4
-9
-12
9
19
40
52
10
7
17
42
38
26
19
9
29
14
1
-37
-50
-51
-40
-28
26
30
27
56
34
17
17
23
4
-22
-15
-5
-15
4
-19
-3
-7
-5
4
3
9
48
51
43
37
40
44
19
38
13
18
47
45
27
22
26
16
8
4
-16
-28
-22
-35
11
26
25
33
30
41
20
19
30
7
-13
-9
-19
3
-17
-15
-1
-17
-15
-38
-2
-16
-27
-36
-6
-7
-28
-35
-37
-31
-34
7
0
10
12
27
20
9
-7
-13
-20
-30
-32
-45
-40
-22
-30
-52
-66
-32
-33
-24
-4
2
19
32
23
9
0
3
15
-12
28
18
27
5
-9
3
-13
-21
-32
-29
-35
-59
-67
-69
-77
-49
-13
-17
-19
-21
-49
-73
-50
-58
-75
-73
-63
-84
-76
-76
-105
-76
-66
-56
-52
-39
-38
-45
-38
-38
-69
-101
-96
-88
-51
-35
-27
0
41
29
41
47
43
29
10
19
0
-1
-33
-34
-65
-78
-102
-65
-97
-92
-42
-62
-56
-67
-72
-44
-49
-90
-88
-118
-102
-98
-62
-39
-12
-32
-63
-74
-85
-64
-62
-54
-39
-39
-23
21
13
25
29
14
-43
-14
-39
-64
-92
-104
-107
-86
-91
-58
-78
-77
-24
-75
-56
-99
-114
-126
-106
-98
-102
-88
-83
-86
-78
-60
-65
-31
-29
-55
-31
-29
-47
-49
-55
-36
-33
-33
-34
-45
-38
-32
-69
-71
-64
-79
-77
-101
-80
-86
-100
-114
-132
-126
-122
-88
-87
-84
-80
-85
-84
-95
-102
-92
-114
-139
-170
-181
-167
-118
-106
-92
-93
-73
-67
-52
-37
-75
-124
-129
-132
-96
-87
-110
-75
-121
-102
-83
-93
-55
-70
-93
-122
-135
-86
-104
-126
-104
-74
-54
-94
-66
-53
-61
-77
-86
-99
-84
-55
-50
-50
-69
-50
-65
-93
-70
-68
-45
-71
-90
-59
-48
-46
-62
-58
-45
-15
-5
-7
-7
-37
-57
-52
-17
-4
-4
-18
-37
-26
-49
-21
-58
-74
-70
-58
-59
-36
-34
-14
-15
-45
-15
-21
11
18
7
-48
-81
-75
-47
-48
-49
-32
-25
-11
-26
0
14
-19
-4
-14
-46
-10
-22
-32
-8
-28
-19
-17
-34
-34
-51
-53
-57
-49
-29
-41
-43
-44
-74
-51
-26
-22
-18
-12
-54
-73
-66
-68
-55
-26
-31
-43
-25
-33
-17
-15
-27
-32
-37
-16
12
-9
19
54
26
14
26
29
-5
-1
-30
-52
-48
-46
-25
-14
3
18
28
18
-3
-8
-23
-7
8
-29
-60
-80
-60
-51
-35
-47
-25
-31
-29
-37
-61
-43
-84
-92
-112
-59
-39
-36
-71
-30
-24
-39
10
17
28
-1
-23
19
2
18
35
4
37
41
61
20
14
22
12
6
9
2
25
39
27
16
30
25
20
15
-2
37
40
33
63
57
55
30
17
8
24
46
41
63
45
54
68
67
84
62
66
39
25
51
52
61
48
47
42
45
49
43
56
50
36
52
27
38
64
38
-3
1
49
60
71
87
68
67
54
65
41
43
57
37
25
23
22
51
58
49
56
53
23
28
52
31
3
-3
14
8
-21
-11
14
34
44
28
77
47
41
34
33
5
-10
4
6
41
45
43
68
66
63
61
44
37
23
23
21
33
24
33
11
31
46
31
28
46
57
43
64
60
60
43
26
8
10
22
10
6
14
24
3
-6
7
2
35
77
94
97
77
64
52
45
57
59
15
14
27
53
66
49
61
38
44
29
17
-10
-50
-25
26
52
43
57
80
108
73
64
49
52
65
79
80
63
76
70
59
47
90
96
118
99
86
100
65
54
50
55
87
89
110
116
119
136
109
91
102
76
25
25
53
35
43
68
57
57
54
56
49
31
35
36
48
70
81
90
84
66
30
49
9
23
46
84
74
30
55
62
76
64
53
80
86
54
43
23
47
35
62
45
32
12
29
39
41
36
42
58
27
35
32
8
14
42
62
41
23
51
68
82
43
64
60
37
55
32
56
67
76
105
96
102
92
103
81
60
36
29
66
52
34
13
15
50
63
93
92
57
32
8
10
20
47
47
65
73
86
109
108
118
155
125
101
97
94
85
93
84
64
115
103
91
92
104
122
122
138
129
135
148
159
145
134
87
65
67
116
114
82
97
67
107
88
108
132
106
102
108
106
105
105
137
138
136
129
137
124
132
204
184
145
153
143
136
118
115
125
119
109
126
164
205
188
200
197
190
197
178
212
170
177
179
183
226
218
203
207
176
167
164
153
147
167
186
166
131
159
174
187
160
154
151
180
211
203
199
192
204
213
247
252
205
219
201
217
240
268
235
219
221
245
229
235
223
214
215
226
238
218
201
199
183
164
170
195
244
248
235
193
160
199
215
217
223
230
241
233
247
238
241
223
252
248
239
239
212
249
218
175
175
181
190
186
219
204
236
230
216
205
197
227
223
251
270
272
268
254
234
224
223
224
224
235
211
196
177
183
185
211
231
244
232
222
259
257
240
213
213
200
219
241
237
248
266
282
252
255
246
208
243
231
206
247
242
255
256
278
267
269
262
268
265
240
266
269
268
263
246
247
231
216
213
213
200
194
196
195
212
221
227
257
244
253
260
249
245
228
234
235
257
249
231
216
245
223
213
193
162
145
113
142
171
181
209
230
235
236
236
231
206
194
192
185
208
211
199
217
200
208
207
219
210
225
225
220
200
183
199
192
182
164
211
238
227
218
246
235
252
277
280
261
232
225
223
205
203
214
184
157
140
150
193
183
170
208
177
194
184
195
207
206
191
168
154
196
189
180
223
214
211
209
202
185
186
171
177
138
144
126
100
147
150
177
196
184
210
174
194
167
146
173
184
198
171
134
131
127
86
126
151
174
171
138
108
110
129
146
145
119
92
87
70
100
129
103
107
93
64
90
102
105
119
100
118
105
112
86
80
101
105
114
84
94
84
93
122
100
74
57
34
55
74
71
59
54
37
46
54
39
80
40
33
20
-13
-13
-41
-34
-12
53
71
55
83
84
103
91
63
57
20
9
22
61
77
99
129
140
138
71
66
39
26
31
13
2
-8
-6
34
32
38
63
15
43
57
8
11
30
28
25
10
22
18
25
-1
13
40
59
63
33
9
-7
-11
15
14
14
5
1
12
-3
-26
-32
20
38
36
37
53
52
57
48
54
35
28
7
11
11
-15
-2
18
24
8
30
12
-5
-25
19
32
2
14
41
44
12
15
40
37
33
46
47
52
56
49
26
31
25
6
-4
7
-6
-6
-34
-35
-37
3
8
-12
12
-19
7
-21
-18
3
17
10
-8
19
38
40
20
-17
-31
-42
-15
-28
-79
-87
-75
-50
-32
-21
-14
0
8
42
29
15
18
11
-15
-26
-2
-19
-26
-6
-3
1
-13
-24
-37
-67
-51
-70
-58
-48
-50
-15
5
0
28
4
-39
-21
-32
-16
-60
-52
-59
-55
-42
-51
-34
-25
-47
-78
-72
-74
-55
-21
-8
12
-2
-29
-34
-32
-38
-8
-5
-27
-20
9
26
50
38
43
52
74
99
54
30
18
-26
-36
9
-3
-15
-18
-29
-40
-10
40
45
30
8
-8
-15
-33
-19
-8
-36
4
3
-22
-41
-38
-22
-16
7
-40
-10
-30
-39
-1
-18
1
3
-23
-9
26
4
8
4
-29
-27
-36
-57
-55
-72
-66
-74
-94
-68
-76
-71
-99
-101
-123
-150
-106
-88
-66
-69
-84
-78
-54
-73
-73
-85
-87
-48
-42
-16
-38
-73
-68
-89
-132
-105
-78
-84
-84
-89
-93
-86
-84
-83
-82
-70
-66
-63
-36
-33
-35
-34
-26
-41
-56
-70
-76
-92
-85
-105
-97
-92
-74
-42
-50
-23
-61
-84
-62
-38
-7
-15
-23
-21
-14
-11
11
-19
-44
-57
-23
-24
-30
-46
-37
-18
-56
-51
-64
-54
-69
-92
-78
-63
-67
-56
-55
-38
-49
-61
-30
-41
-32
-22
5
6
-31
-57
-59
-38
-38
-53
-35
-71
-77
-82
-86
-84
-90
-87
-87
-108
-87
-53
-48
-29
-24
-1
-22
-79
-76
-89
-108
-94
-99
-102
-107
-64
-53
-48
-62
-61
-34
-55
-52
-92
-132
-133
-118
-127
-101
-115
-118
-96
-127
-119
-129
-130
-103
-98
-99
-114
-85
-113
-90
-62
-70
-58
-63
-50
-68
-76
-64
-44
-39
-49
-27
-17
0
3
-16
-14
-25
-55
-66
-50
-69
-73
-77
-96
-105
-122
-117
-102
-92
-76
-77
-84
-40
-27
-23
-50
-87
-82
-79
-41
-6
-28
-35
-42
-58
-66
-47
-63
-77
-114
-117
-95
-80
-52
-31
-15
-3
-33
-19
-9
3
-15
-5
-22
-38
-50
-54
-22
-50
-33
-48
-66
-18
-6
2
-9
-8
-19
-46
-47
-66
-32
-51
-64
-67
-56
-60
-99
-108
-120
-109
-121
-100
-75
-74
-64
-92
-85
-115
-111
-83
-56
-57
-67
-54
-35
-31
-16
-10
-36
-73
-86
-98
-125
-105
-84
-97
-74
-75
-97
-83
-106
-99
-106
-114
-115
-127
-118
-102
-98
-93
-53
-92
-123
-110
-88
-85
-65
-56
-63
-65
-76
-91
-88
-79
-111
-147
-115
-106
-110
-84
-98
-100
-118
-103
-119
-155
-118
-120
-109
-85
-102
-140
-125
-104
-94
-64
-75
-108
-118
-82
-54
-25
-63
-113
-84
-101
-119
-112
-78
-30
-55
-75
-63
-63
-58
-77
-60
-86
-123
-95
-99
-67
-71
-65
-38
-18
13
-6
12
-43
-66
-93
-108
-102
-97
-100
-111
-127
-134
-101
-99
-111
-131
-106
-101
-111
-136
-146
-148
-174
-170
-144
-158
-128
-127
-121
-75
-107
-104
-56
-74
-81
-79
-32
-34
-30
-55
-49
-46
-52
-45
-98
-71
-77
-97
-89
-93
-57
-55
-80
-75
-49
-34
-55
-79
-77
-83
-134
-128
-122
-130
-172
-158
-140
-115
-106
-102
-74
-52
-79
-105
-99
-101
-84
-118
-113
-108
-78
-125
-132
-131
-114
-78
-76
-78
-83
-105
-117
-96
-126
-129
-119
-124
-117
-109
-107
-80
-83
-83
-97
-104
-106
-116
-94
-118
-107
-91
-107
-86
-110
-98
-96
-117
-108
-142
-145
-130
-94
-82
-38
-46
-43
-44
-55
-28
-44
-23
-23
-35
-33
-35
-42
-54
-64
-50
-52
-90
-104
-101
-106
-82
-57
-14
-9
-11
17
25
65
41
37
34
16
17
-2
9
-11
7
13
26
30
27
1
14
54
22
41
43
63
62
34
67
83
58
79
44
47
72
67
74
45
40
33
32
27
39
32
33
16
31
43
44
44
30
50
53
62
55
83
76
65
56
19
13
4
-15
13
28
15
44
50
75
89
78
83
69
52
49
3
-3
29
48
43
73
93
102
61
52
41
23
21
-13
-7
35
10
53
73
71
56
36
31
36
13
-15
-6
-44
-35
-60
-50
-15
-5
2
-15
19
-9
18
32
59
67
45
81
79
72
46
61
31
44
70
50
50
45
21
20
36
21
3
9
25
32
25
19
33
23
44
54
13
42
53
41
68
112
109
99
62
53
74
66
94
97
127
117
171
164
142
140
130
130
144
159
181
199
219
231
227
225
209
205
219
230
205
199
223
215
212
216
262
269
231
245
187
205
205
198
187
185
183
178
183
192
205
213
242
259
246
239
219
275
275
253
248
248
257
273
261
245
247
235
252
259
261
266
260
261
238
232
232
191
184
176
177
169
184
187
214
216
166
175
141
156
157
134
155
149
161
150
152
156
175
161
173
182
146
111
94
88
86
84
92
85
76
54
47
87
71
89
72
63
66
61
68
58
54
86
87
75
75
74
92
98
94
87
111
75
72
80
96
90
67
33
35
34
31
26
6
33
32
68
83
95
111
93
95
108
114
133
169
193
199
205
241
212
236
242
248
286
273
332
335
377
416
435
494
500
510
571
598
625
678
733
771
796
812
871
893
925
1024
1065
1115
1169
1170
1200
1241
1230
1216
1196
1188
1186
1153
1125
1121
1116
1105
1075
1068
1056
1024
983
968
945
873
839
777
734
684
627
549
513
472
408
362
295
220
173
113
12
-94
-122
-180
-273
-369
-434
-513
-613
-673
-779
-860
-894
-958
-1035
-1102
-1186
-1237
-1248
-1271
-1275
-1309
-1329
-1331
-1345
-1328
-1280
-1242
-1288
-1285
-1282
-1253
-1245
-1203
-1202
-1191
-1150
-1143
-1127
-1142
-1087
-1064
-1078
-1049
-1006
-957
-917
-894
-856
-803
-780
-746
-695
-650
-601
-502
-427
-313
-183
-46
97
250
422
546
715
900
1075
1262
1393
1527
1637
1747
1859
1999
2059
2133
2217
2303
2400
2445
2565
2624
2682
2752
2795
2837
2908
2970
2962
2960
2950
2890
2762
2650
2550
2379
2226
2082
1944
1726
1534
1341
1113
893
644
415
181
-40
-261
-476
-664
-861
-1014
-1165
-1295
-1411
-1497
-1544
-1577
-1591
-1583
-1520
-1470
-1398
-1338
-1222
-1105
-1005
-920
-836
-737
-650
-514
-401
-260
-154
-50
19
100
224
273
310
335
337
346
313
220
136
17
-141
-316
-526
-723
-927
-1175
-1395
-1574
-1744
-1905
-2015
-2096
-2173
-2189
-2194
-2129
-2132
-2152
-2118
-2062
-1991
-1960
-1907
-1860
-1790
-1768
-1697
-1634
-1561
-1478
-1403
-1251
-1149
-998
-863
-706
-534
-415
-315
-208
-99
-3
69
120
127
100
157
232
298
376
449
537
665
769
896
1046
1188
1334
1509
1701
1852
1999
2156
2310
2446
2595
2725
2855
2986
3068
3151
3242
3326
3360
3431
3423
3440
3483
3474
3434
3331
3178
2982
2733
2435
2083
1727
1381
1030
696
360
8
-313
-585
-852
-1047
-1213
-1365
-1498
-1621
-1694
-1730
-1806
-1817
-1816
-1807
-1793
-1812
-1801
-1772
-1717
-1675
-1589
-1485
-1311
-1107
-923
-708
-532
-341
-133
69
214
356
449
510
553
532
459
379
253
116
-65
-229
-409
-609
-831
-1086
-1251
-1462
-1600
-1745
-1897
-2037
-2140
-2203
-2276
-2310
-2356
-2365
-2371
-2417
-2436
-2477
-2488
-2464
-2416
-2340
-2249
-2182
-2078
-1892
-1726
-1535
-1311
-1111
-902
-690
-495
-323
-178
-54
71
152
202
275
314
361
401
488
581
635
721
812
912
1014
1144
1252
1412
1585
1709
1850
2009
2206
2352
2454
2588
2727
2837
2975
3138
3279
3409
3514
3600
3682
3781
3927
4003
4023
4039
3979
3868
3662
3436
3082
2709
2295
1888
1474
1049
642
268
-53
-380
-677
-902
-1100
-1297
-1431
-1566
-1681
-1801
-1924
-2035
-2096
-2142
-2196
-2198
-2181
-2155
-2139
-2069
-1961
-1818
-1633
-1422
-1178
-971
-696
-429
-169
45
259
427
553
689
782
827
806
776
689
614
480
296
114
-70
-282
-500
-699
-864
-1063
-1258
-1426
-1616
-1804
-1979
-2123
-2239
-2366
-2491
-2591
-2697
-2790
-2846
-2868
-2885
-2850
-2790
-2730
-2639
-2516
-2353
-2183
-2010
-1798
-1574
-1353
-1143
-932
-703
-520
-367
-199
-7
116
248
364
455
560
659
768
838
914
1051
1160
1270
1397
1525
1694
1795
1929
2089
2227
2337
2472
2600
2748
2916
3099
3216
3349
3536
3674
3854
3998
4116
4246
4366
4454
4546
4554
4531
4444
4287
4076
3775
3465
3078
2645
2180
1704
1238
774
364
-74
-453
-796
-1078
-1308
-1497
-1681
-1836
-2009
-2120
-2199
-2284
-2351
-2439
-2491
-2561
-2563
-2559
-2484
-2395
-2263
-2102
-1929
-1670
-1420
-1089
-782
-479
-203
60
330
537
708
861
993
1059
1043
1005
931
834
704
546
369
154
-63
-274
-466
-662
-863
-1096
-1335
-1568
-1706
-1880
-2061
-2211
-2384
-2535
-2715
-2852
-2954
-3062
-3169
-3186
-3218
-3208
-3158
-3050
-2916
-2741
-2576
-2360
-2094
-1860
-1621
-1333
-1079
-860
-629
-453
-231
-22
170
279
433
561
677
813
919
1053
1156
1254
1310
1431
1584
1673
1797
1885
2013
2128
2260
2388
2504
2660
2835
2979
3106
3296
3476
3671
3850
4033
4174
4310
4447
4584
4692
4799
4794
4791
4689
4458
4217
3902
3513
3068
2640
2151
1638
1132
688
256
-159
-591
-951
-1236
-1514
-1715
-1917
-2106
-2242
-2399
-2480
-2568
-2712
-2766
-2820
-2863
-2874
-2901
-2882
-2796
-2664
-2477
-2256
-1961
-1663
-1348
-1012
-666
-309
-10
260
493
674
823
874
916
898
888
789
664
549
368
203
1
-220
-413
-608
-784
-992
-1178
-1330
-1548
-1716
-1949
-2174
-2348
-2516
-2685
-2909
-3062
-3218
-3343
-3451
-3503
-3509
-3479
-3425
-3330
-3204
-3044
-2802
-2520
-2236
-1957
-1665
-1405
-1137
-918
-693
-500
-313
-112
21
178
343
473
634
777
934
1097
1281
1436
1555
1657
1806
1988
2086
2224
2334
2440
2556
2679
2822
2976
3129
3257
3439
3547
3701
3865
3992
4167
4308
4483
4628
4772
4897
4980
5022
4945
4741
4499
4160
3772
3329
2836
2336
1753
1203
715
235
-201
-582
-915
-1211
-1491
-1760
-1987
-2139
-2288
-2425
-2556
-2698
-2860
-2969
-3037
-3122
-3169
-3190
-3153
-3074
-2928
-2756
-2513
-2216
-1920
-1580
-1261
-957
-614
-263
28
297
544
685
784
854
889
833
711
577
386
245
66
-108
-304
-475
-633
-843
-1023
-1232
-1406
-1541
-1733
-1868
-2049
-2241
-2438
-2632
-2834
-3069
-3221
-3416
-3523
-3557
-3601
-3582
-3496
-3362
-3197
-3036
-2788
-2489
-2210
-1909
-1598
-1299
-1016
-783
-550
-358
-172
-32
104
273
402
540
669
797
996
1163
1343
1556
1761
1935
2161
2364
2523
2712
2852
2976
3093
3235
3354
3474
3571
3703
3831
3977
4114
4258
4407
4575
4753
4943
5085
5203
5300
5233
5114
4861
4522
4162
3697
3181
2618
2052
1458
857
328
-147
-599
-986
-1302
-1593
-1786
-1978
-2084
-2192
-2302
-2422
-2534
-2623
-2747
-2865
-2946
-3079
-3203
-3209
-3204
-3112
-2957
-2715
-2453
-2173
-1840
-1477
-1094
-702
-297
32
335
583
754
907
977
972
914
799
645
487
317
99
-100
-300
-495
-647
-772
-915
-1047
-1158
-1299
-1448
-1582
-1790
-2007
-2224
-2450
-2701
-2899
-3107
-3281
-3432
-3542
-3624
-3628
-3565
-3497
-3337
-3149
-2891
-2572
-2233
-1908
-1621
-1302
-1010
-742
-518
-328
-141
8
168
285
419
611
799
954
1136
1275
1440
1638
1852
2104
2289
2478
2633
2848
3022
3174
3325
3474
3576
3689
3823
3968
4107
4226
4396
4531
4685
4862
5073
5235
5368
5493
5534
5416
5195
4905
4578
4159
3640
3033
2440
1812
1220
651
119
-375
-814
-1139
-1391
-1615
-1844
-1972
-2124
-2241
-2371
-2521
-2667
-2792
-2896
-3052
-3139
-3256
-3332
-3325
-3288
-3198
-3068
-2848
-2578
-2234
-1840
-1490
-1101
-705
-310
23
303
537
706
822
859
844
753
659
478
274
86
-166
-377
-631
-841
-1026
-1234
-1305
-1438
-1518
-1628
-1726
-1813
-1939
-2060
-2263
-2423
-2617
-2839
-3043
-3214
-3388
-3555
-3667
-3680
-3630
-3545
-3355
-3141
-2869
-2570
-2252
-1855
-1486
-1099
-754
-452
-180
40
247
373
495
579
643
719
814
928
1062
1219
1381
1606
1837
2111
2333
2618
2843
3033
3251
3404
3536
3679
3818
3922
4020
4159
4270
4382
4555
4679
4772
4862
4948
5050
5118
5106
5012
4814
4559
4242
3868
3459
2967
2414
1886
1331
758
219
-266
-682
-1064
-1412
-1733
-1985
-2112
-2234
-2317
-2400
-2547
-2660
-2755
-2831
-2881
-2957
-3039
-3072
-3061
-3061
-2983
-2843
-2634
-2405
-2171
-1897
-1583
-1197
-838
-518
-184
71
277
447
577
658
685
657
561
380
165
-56
-290
-528
-774
-967
-1214
-1395
-1546
-1697
-1797
-1848
-1924
-2001
-2084
-2180
-2288
-2417
-2529
-2712
-2884
-3089
-3242
-3353
-3431
-3487
-3494
-3419
-3279
-3067
-2813
-2462
-2100
-1705
-1336
-986
-647
-329
-52
164
356
481
557
633
690
759
868
959
1051
1180
1327
1528
1790
2031
2301
2596
2838
3085
3329
3531
3688
3856
3973
4092
4200
4323
4465
4582
4714
4881
5029
5182
5298
5351
5335
5247
5015
4746
4471
4063
3585
3046
2444
1819
1217
635
69
-434
-924
-1327
-1675
-1981
-2167
-2298
-2429
-2543
-2633
-2743
-2811
-2854
-2934
-2974
-3066
-3165
-3225
-3256
-3254
-3218
-3075
-2896
-2687
-2431
-2114
-1780
-1367
-994
-690
-332
-31
244
445
598
689
681
625
516
337
141
-115
-412
-692
-982
-1211
-1434
-1640
-1784
-1876
-1950
-2012
-2048
-2055
-2105
-2180
-2288
-2425
-2570
-2739
-2918
-3101
-3264
-3414
-3467
-3515
-3493
-3404
-3261
-3052
-2751
-2396
-2050
-1677
-1290
-904
-523
-197
92
320
464
582
633
730
811
828
888
930
1009
1132
1280
1443
1667
1916
2173
2422
2657
2906
3148
3375
3561
3753
3944
4094
4277
4425
4546
4654
4745
4914
4988
5055
5132
5162
5073
4930
4773
4532
4213
3739
3248
2716
2171
1608
1046
487
-49
-543
-947
-1343
-1719
-1987
-2174
-2318
-2496
-2643
-2768
-2892
-2988
-3038
-3081
-3116
-3197
-3234
-3231
-3268
-3228
-3120
-3001
-2838
-2634
-2388
-2088
-1737
-1392
-1017
-675
-363
-95
126
288
390
477
431
331
216
61
-126
-320
-583
-836
-1059
-1284
-1506
-1697
-1829
-1922
-2017
-2103
-2173
-2205
-2229
-2318
-2406
-2522
-2665
-2815
-2965
-3078
-3211
-3276
-3315
-3365
-3295
-3153
-2988
-2745
-2466
-2155
-1804
-1433
-1104
-779
-405
-68
207
385
536
631
719
807
845
874
928
1029
1139
1228
1359
1547
1752
2005
2268
2503
2758
3011
3240
3487
3691
3828
4003
4194
4359
4518
4673
4793
4922
5059
5131
5191
5141
5028
4900
4685
4440
4105
3678
3193
2684
2121
1600
1044
484
-41
-512
-886
-1284
-1620
-1880
-2113
-2313
-2479
-2622
-2778
-2876
-2968
-3032
-3108
-3184
-3244
-3290
-3337
-3334
-3271
-3222
-3078
-2918
-2665
-2389
-2082
-1732
-1354
-1036
-708
-437
-234
16
168
296
372
347
245
102
-32
-184
-403
-646
-878
-1095
-1338
-1547
-1693
-1813
-1931
-2028
-2135
-2197
-2270
-2355
-2427
-2535
-2635
-2755
-2875
-2988
-3099
-3197
-3325
-3378
-3365
-3324
-3187
-3038
-2796
-2471
-2108
-1754
-1398
-998
-652
-337
-63
134
287
434
538
604
647
724
759
870
990
1086
1244
1398
1617
1840
1998
2178
2387
2579
2818
3044
3277
3485
3697
3908
4069
4279
4425
4568
4758
4916
5033
5122
5113
5069
4909
4709
4446
4107
3720
3244
2755
2220
1704
1135
604
115
-328
-713
-1078
-1419
-1736
-1936
-2103
-2288
-2438
-2620
-2793
-2927
-3051
-3186
-3284
-3368
-3462
-3512
-3541
-3504
-3415
-3257
-3053
-2840
-2585
-2268
-1933
-1568
-1218
-875
-585
-309
-72
112
241
319
335
301
184
34
-159
-311
-477
-682
-861
-1070
-1243
-1394
-1513
-1648
-1746
-1870
-1980
-2065
-2178
-2288
-2411
-2561
-2715
-2872
-3051
-3193
-3390
-3501
-3542
-3557
-3472
-3357
-3191
-2963
-2685
-2371
-2020
-1657
-1285
-916
-578
-305
-79
138
281
390
500
607
687
761
865
968
1126
1277
1454
1670
1894
2121
2368
2619
2812
3002
3227
3426
3577
3750
3930
4052
4244
4428
4593
4765
4948
5086
5202
5218
5114
4983
4781
4521
4193
3829
3398
2881
2313
1734
1187
605
124
-317
-745
-1105
-1504
-1806
-2003
-2176
-2350
-2489
-2660
-2773
-2920
-3027
-3093
-3228
-3344
-3436
-3486
-3512
-3471
-3376
-3209
-3034
-2826
-2575
-2222
-1921
-1545
-1174
-828
-471
-186
99
284
429
500
526
491
420
259
89
-78
-219
-443
-664
-853
-1067
-1194
-1340
-1460
-1563
-1680
-1766
-1878
-1969
-2124
-2277
-2410
-2618
-2810
-2999
-3164
-3312
-3407
-3485
-3511
-3517
-3406
-3192
-3006
-2713
-2394
-2074
-1690
-1299
-960
-601
-276
-23
198
365
504
578
649
725
844
978
1127
1312
1546
1767
1951
2158
2394
2587
2805
3027
3197
3426
3606
3761
3921
4027
4179
4358
4523
4695
4838
4966
5114
5244
5280
5204
5075
4898
4569
4256
3857
3397
2910
2337
1759
1198
644
154
-312
-722
-1106
-1439
-1707
-1937
-2088
-2254
-2427
-2581
-2723
-2826
-2910
-3026
-3141
-3251
-3325
-3393
-3439
-3437
-3351
-3153
-2942
-2697
-2415
-2113
-1720
-1354
-964
-586
-265
41
324
555
712
790
787
745
629
478
318
167
-26
-256
-463
-680
-802
-951
-1095
-1220
-1349
-1451
-1543
-1658
-1793
-1927
-2085
-2227
-2426
-2627
-2801
-2967
-3116
-3240
-3302
-3309
-3315
-3238
-3089
-2832
-2546
-2227
-1842
-1477
-1064
-690
-309
39
302
506
665
793
879
967
1047
1109
1228
1371
1520
1740
1957
2172
2420
2611
2821
3009
3177
3347
3495
3692
3857
4003
4147
4258
4412
4572
4739
4900
5020
5201
5300
5305
5200
5051
4854
4591
4274
3877
3381
2853
2294
1712
1188
657
162
-260
-672
-1062
-1416
-1674
-1895
-2096
-2236
-2405
-2564
-2682
-2773
-2894
-3065
-3176
-3276
-3384
-3420
-3441
-3418
-3294
-3161
-2998
-2759
-2492
-2137
-1752
-1377
-989
-648
-316
-34
250
431
574
625
638
582
453
334
163
5
-207
-410
-588
-816
-965
-1126
-1274
-1382
-1494
-1603
-1731
-1875
-1991
-2128
-2290
-2431
-2621
-2822
-3013
-3160
-3292
-3431
-3520
-3545
-3543
-3432
-3238
-3017
-2707
-2366
-1975
-1603
-1171
-782
-433
-149
117
338
388
510
635
741
812
887
1003
1148
1303
1504
1739
1994
2261
2508
2725
2911
3112
3280
3440
3548
3669
3810
3962
4102
4249
4437
4616
4786
4950
5052
5109
5159
5098
4964
4738
4447
4110
3681
3175
2630
2070
1476
959
414
-103
-569
-976
-1342
-1677
-1940
-2150
-2332
-2491
-2636
-2732
-2857
-2992
-3076
-3212
-3365
-3500
-3586
-3650
-3685
-3610
-3513
-3344
-3149
-2940
-2606
-2247
-1866
-1430
-1051
-721
-400
-142
114
301
413
488
483
461
370
281
126
-47
-204
-406
-586
-762
-940
-1084
-1187
-1294
-1406
-1526
-1652
-1804
-1935
-2118
-2322
-2544
-2791
-3038
-3256
-3466
-3626
-3733
-3803
-3824
-3768
-3629
-3418
-3119
-2835
-2471
-2084
-1734
-1332
-951
-605
-316
-85
61
168
269
354
396
479
619
784
931
1173
1466
1777
2045
2291
2538
2740
2948
3112
3213
3306
3401
3494
3623
3787
3915
4029
4200
4353
4547
4723
4892
5058
5113
5054
4949
4761
4508
4184
3727
3207
2653
2050
1462
915
356
-141
-607
-1018
-1383
-1712
-1933
-2090
-2220
-2394
-2564
-2741
-2947
-3090
-3209
-3354
-3530
-3661
-3770
-3887
-3888
-3875
-3813
-3634
-3454
-3146
-2817
-2460
-2061
-1628
-1244
-909
-555
-248
5
183
310
341
332
286
210
91
-46
-205
-376
-522
-693
-843
-990
-1059
-1149
-1273
-1356
-1467
-1595
-1760
-1927
-2112
-2311
-2537
-2779
-3043
-3278
-3481
-3674
-3793
-3857
-3846
-3772
-3649
-3443
-3173
-2830
-2487
-2143
-1753
-1407
-1047
-702
-419
-207
-24
119
167
281
340
431
565
723
921
1154
1421
1708
1978
2268
2561
2813
3033
3230
3374
3491
3540
3573
3604
3652
3727
3818
3994
4175
4401
4616
4867
5069
5186
5226
5176
5021
4785
4507
4115
3625
3063
2445
1860
1288
667
146
-337
-748
-1135
-1450
-1685
-1870
-2008
-2133
-2242
-2370
-2487
-2614
-2769
-2946
-3133
-3336
-3552
-3681
-3795
-3831
-3781
-3663
-3409
-3152
-2825
-2476
-2030
-1574
-1134
-647
-264
45
340
542
695
794
784
722
592
407
235
50
-119
-319
-473
-570
-696
-742
-793
-838
-910
-995
-1105
-1228
-1351
-1557
-1804
-2071
-2335
-2576
-2805
-3040
-3264
-3420
-3522
-3585
-3545
-3396
-3202
-2932
-2618
-2242
-1852
-1463
-1025
-689
-360
-72
172
299
418
483
504
552
571
680
838
1035
1295
1597
1913
2221
2560
2864
3133
3350
3476
3588
3660
3744
3816
3896
3932
4014
4112
4250
4460
4640
4883
5088
5267
5408
5407
5350
5238
5025
4788
4362
3910
3359
2728
2132
1498
900
351
-149
-597
-977
-1283
-1527
-1719
-1855
-2028
-2149
-2262
-2406
-2561
-2705
-2879
-3031
-3210
-3372
-3495
-3586
-3623
-3635
-3516
-3364
-3168
-2852
-2506
-2103
-1664
-1211
-785
-375
7
298
547
713
772
798
759
690
557
412
234
63
-84
-211
-324
-430
-502
-556
-603
-677
-758
-885
-1011
-1202
-1398
-1633
-1912
-2193
-2475
-2728
-3010
-3247
-3425
-3544
-3601
-3601
-3495
-3348
-3141
-2818
-2457
-2075
-1729
-1356
-1015
-669
-364
-146
63
169
239
315
387
438
499
673
926
1176
1456
1790
2157
2518
2818
3090
3308
3442
3530
3587
3610
3608
3671
3714
3775
3912
4065
4260
4478
4696
4960
5147
5307
5390
5368
5214
4977
4707
4322
3813
3279
2697
2095
1522
912
364
-113
-533
-938
-1234
-1492
-1697
-1805
-1891
-2002
-2177
-2325
-2457
-2629
-2819
-3038
-3268
-3524
-3700
-3840
-3926
-3919
-3820
-3644
-3428
-3141
-2816
-2385
-1935
-1526
-1131
-767
-461
-192
25
179
299
328
318
240
111
-70
-167
-256
-380
-500
-588
-670
-732
-772
-833
-874
-930
-1058
-1202
-1354
-1552
-1731
-1969
-2252
-2540
-2850
-3096
-3294
-3491
-3631
-3678
-3676
-3600
-3407
-3165
-2850
-2556
-2216
-1853
-1486
-1149
-838
-559
-375
-269
-161
-63
18
64
130
263
404
594
858
1181
1456
1777
2109
2414
2715
2980
3197
3343
3408
3481
3502
3525
3565
3589
3643
3753
3901
4082
4282
4504
4720
4891
5028
5064
4984
4843
4616
4284
3863
3358
2850
2241
1642
1060
513
36
-426
-809
-1159
-1486
-1694
-1841
-1958
-2076
-2198
-2299
-2447
-2610
-2796
-2991
-3190
-3395
-3618
-3816
-3937
-3995
-3984
-3891
-3730
-3490
-3247
-2899
-2522
-2114
-1665
-1293
-946
-629
-367
-165
-46
22
58
-7
-70
-149
-263
-361
-493
-592
-707
-814
-873
-921
-908
-927
-977
-1078
-1159
-1280
-1445
-1605
-1801
-2057
-2336
-2604
-2850
-3085
-3290
-3473
-3538
-3564
-3497
-3383
-3206
-2973
-2714
-2402
-2033
-1678
-1337
-1039
-746
-463
-256
-65
16
93
155
225
308
400
567
777
1006
1292
1647
2000
2307
2578
2804
3032
3218
3319
3394
3465
3500
3545
3610
3706
3804
3897
4071
4244
4421
4626
4795
4906
4953
4910
4796
4611
4344
3990
3549
3069
2537
1958
1395
848
363
-45
-455
-801
-1100
-1352
-1532
-1724
-1837
-1980
-2138
-2283
-2452
-2623
-2761
-2942
-3136
-3289
-3464
-3564
-3618
-3602
-3504
-3365
-3158
-2920
-2626
-2286
-1895
-1512
-1130
-757
-470
-150
107
324
435
479
472
423
356
273
154
62
-25
-130
-215
-276
-372
-432
-489
-555
-666
-791
-929
-1064
-1280
-1539
-1777
-2047
-2292
-2536
-2765
-2992
-3158
-3313
-3378
-3364
-3323
-3199
-3029
-2794
-2529
-2247
-1902
-1562
-1250
-973
-697
-437
-258
-106
-16
86
131
200
269
369
555
748
1038
1344
1643
1940
2257
2491
2728
2851
2952
3060
3079
3088
3088
3134
3199
3301
3418
3600
3772
3981
4217
4460
4698
4853
4942
4908
4843
4702
4451
4192
3796
3323
2820
2311
1786
1278
762
310
-93
-443
-740
-991
-1164
-1317
-1419
-1561
-1695
-1846
-1991
-2152
-2338
-2562
-2767
-2940
-3117
-3216
-3313
-3354
-3344
-3244
-3063
-2842
-2573
-2259
-1863
-1473
-1103
-762
-453
-167
38
219
347
432
434
411
352
242
167
98
-15
-77
-155
-259
-340
-415
-481
-525
-593
-662
-783
-932
-1090
-1275
-1493
-1727
-1981
-2266
-2510
-2729
-2892
-3009
-3119
-3159
-3163
-3110
-2951
-2739
-2491
-2195
-1928
-1642
-1357
-1068
-786
-530
-300
-99
-20
94
172
193
316
398
495
646
828
1057
1369
1663
1942
2214
2431
2613
2711
2791
2845
2884
2914
2939
2955
3001
3068
3182
3363
3545
3794
4035
4270
4492
4672
4796
4844
4825
4718
4545
4318
3987
3596
3142
2636
2158
1647
1189
741
345
36
-261
-512
-745
-948
-1084
-1197
-1343
-1473
-1648
-1853
-2037
-2271
-2514
-2738
-2952
-3141
-3243
-3337
-3336
-3327
-3227
-3062
-2807
-2530
-2211
-1863
-1544
-1172
-895
-600
-393
-214
-70
39
122
132
155
118
88
33
-20
-82
-165
-214
-235
-282
-294
-349
-412
-495
-643
-747
-931
-1082
-1302
-1556
-1778
-2030
-2286
-2533
-2732
-2886
-2977
-3072
-3076
-3010
-2914
-2784
-2612
-2414
-2196
-1915
-1647
-1369
-1148
-914
-676
-507
-360
-236
-166
-83
16
85
175
326
518
737
1011
1272
1554
1811
2025
2167
2320
2415
2468
2504
2510
2543
2590
2635
2719
2791
2909
3119
3357
3589
3826
4056
4281
4531
4716
4815
4818
4771
4616
4397
4116
3755
3354
2889
2402
1887
1423
991
607
280
-18
-283
-524
-689
-845
-918
-1059
-1231
-1425
-1652
-1905
-2121
-2351
-2567
-2784
-2991
-3135
-3254
-3345
-3363
-3292
-3174
-3029
-2806
-2517
-2184
-1817
-1489
-1198
-894
-623
-409
-242
-127
-36
-17
-27
-69
-107
-116
-146
-182
-157
-155
-184
-187
-180
-198
-258
-315
-435
-542
-660
-849
-1058
-1276
-1511
-1732
-1979
-2234
-2461
-2647
-2822
-2982
-3026
-3027
-3000
-2927
-2778
-2598
-2378
-2160
-1936
-1705
-1487
-1274
-1083
-889
-758
-659
-564
-480
-382
-294
-190
-65
114
375
589
816
1048
1265
1526
1700
1931
2080
2165
2185
2175
2143
2087
2073
2106
2215
2335
2535
2784
3050
3332
3631
3919
4193
4450
4666
4786
4880
4889
4814
4644
4408
4123
3772
3398
2976
2549
2128
1725
1356
1019
719
445
221
-9
-208
-365
-547
-743
-949
-1187
-1438
-1687
-1914
-2205
-2450
-2657
-2893
-3052
-3192
-3239
-3216
-3129
-2996
-2783
-2569
-2298
-2030
-1763
-1461
-1211
-970
-801
-618
-474
-348
-251
-182
-124
-87
-46
-34
-13
33
63
102
126
121
78
34
9
-75
-158
-261
-449
-633
-836
-1085
-1323
-1560
-1796
-2010
-2188
-2335
-2440
-2544
-2568
-2572
-2553
-2485
-2413
-2286
-2156
-1990
-1841
-1649
-1473
-1332
-1174
-1055
-915
-779
-600
-436
-314
-205
-78
2
104
229
371
536
734
958
1155
1353
1550
1718
1798
1899
1940
1981
1988
1979
2049
2116
2155
2249
2364
2537
2748
2986
3285
3548
3824
4116
4321
4517
4646
4684
4678
4499
4347
4121
3837
3507
3148
2794
2400
2054
1729
1391
1075
795
525
325
132
-71
-283
-446
-631
-795
-1028
-1317
-1536
-1769
-2026
-2281
-2513
-2695
-2853
-2944
-2965
-2946
-2876
-2725
-2517
-2285
-2007
-1701
-1412
-1177
-936
-727
-576
-440
-324
-212
-147
-60
-13
20
63
98
124
137
220
248
276
310
275
292
234
156
8
-178
-358
-564
-763
-1005
-1250
-1499
-1713
-1921
-2135
-2274
-2347
-2440
-2497
-2526
-2467
-2425
-2338
-2243
-2125
-1984
-1839
-1719
-1618
-1501
-1349
-1181
-1076
-917
-793
-662
-499
-395
-303
-162
-37
120
276
435
577
731
883
1012
1165
1332
1458
1590
1690
1732
1788
1839
1873
1909
1962
2055
2171
2310
2499
2710
2917
3191
3449
3684
3932
4127
4280
4352
4388
4378
4328
4173
3992
3774
3508
3216
2901
2570
2221
1892
1581
1298
1016
730
514
284
37
-198
-418
-612
-825
-1059
-1317
-1584
-1844
-2098
-2330
-2538
-2673
-2811
-2915
-2937
-2965
-2941
-2817
-2694
-2541
-2345
-2145
-1877
-1645
-1404
-1171
-980
-806
-639
-511
-410
-282
-204
-136
-74
-11
62
156
232
316
366
359
329
271
225
109
-29
-211
-421
-638
-837
-1052
-1259
-1453
-1657
-1847
-2010
-2117
-2186
-2269
-2367
-2430
-2447
-2443
-2394
-2358
-2286
-2219
-2140
-2004
-1867
-1726
-1596
-1455
-1315
-1166
-1025
-910
-718
-521
-358
-218
-117
-10
101
223
381
537
609
685
837
968
1092
1235
1350
1452
1537
1638
1732
1775
1815
1856
1904
1977
2050
2197
2358
2492
2705
2921
3136
3337
3523
3690
3862
3967
3999
4004
3956
3852
3727
3545
3317
3060
2783
2501
2193
1899
1608
1309
1060
788
565
327
129
-75
-272
-418
-619
-809
-1050
-1301
-1538
-1720
-1931
-2143
-2304
-2453
-2565
-2624
-2618
-2611
-2547
-2441
-2322
-2150
-1943
-1768
-1566
-1365
-1173
-983
-791
-651
-524
-428
-330
-277
-245
-169
-146
-93
3
87
105
170
158
150
145
27
-84
-203
-354
-549
-726
-932
-1131
-1352
-1542
-1701
-1846
-1976
-2153
-2218
-2333
-2409
-2478
-2501
-2521
-2551
-2529
-2499
-2398
-2319
-2227
-2110
-2005
-1855
-1715
-1576
-1391
-1210
-1066
-910
-760
-594
-416
-300
-183
-51
23
145
269
384
550
686
788
874
963
1056
1136
1217
1249
1300
1335
1378
1422
1474
1590
1692
1829
1959
2066
2195
2321
2472
2657
2842
3015
3169
3332
3435
3551
3623
3655
3662
3602
3486
3349
3175
2918
2714
2452
2196
1933
1659
1433
1213
978
760
552
351
132
-78
-255
-416
-611
-862
-1066
-1262
-1439
-1605
-1798
-1951
-2069
-2170
-2234
-2270
-2255
-2225
-2194
-2126
-2006
-1833
-1631
-1459
-1287
-1122
-948
-800
-659
-526
-442
-347
-267
-155
-79
0
48
102
152
178
178
114
64
32
-76
-147
-233
-404
-532
-659
-838
-1001
-1152
-1314
-1428
-1566
-1725
-1826
-1907
-1971
-2045
-2133
-2180
-2211
-2238
-2204
-2221
-2166
-2106
-2096
-1971
-1863
-1717
-1563
-1372
-1200
-1043
-876
-696
-556
-386
-261
-128
-20
68
123
185
252
338
418
458
554
682
774
872
981
1053
1132
1192
1289
1332
1345
1388
1405
1404
1454
1504
1576
1678
1804
1941
2046
2203
2373
2563
2753
2955
3118
3225
3352
3443
3488
3466
3460
3424
3341
3256
3103
2969
2788
2564
2389
2191
2007
1807
1599
1415
1181
989
786
587
361
161
-43
-236
-448
-652
-867
-1069
-1243
-1445
-1596
-1721
-1867
-1967
-1981
-2026
-1998
-1972
-1855
-1755
-1667
-1543
-1419
-1295
-1177
-1065
-958
-851
-767
-650
-572
-491
-374
-288
-235
-160
-121
-66
-32
2
-35
-63
-100
-177
-258
-364
-474
-612
-731
-843
-972
-1095
-1176
-1309
-1399
-1499
-1598
-1643
-1679
-1724
-1791
-1835
-1859
-1892
-1900
-1881
-1856
-1790
-1720
-1642
-1550
-1480
-1363
-1239
-1129
-986
-806
-608
-407
-233
-97
23
123
191
218
235
246
303
343
387
445
512
562
611
704
770
814
873
912
938
951
997
1016
1025
1047
1016
1038
1073
1184
1297
1418
1566
1721
1905
2062
2244
2346
2509
2634
2732
2836
2933
3039
3095
3125
3110
3149
3073
3003
2888
2771
2653
2519
2380
2206
2067
1865
1693
1446
1265
1083
867
673
503
312
114
-67
-319
-549
-757
-964
-1109
-1284
-1433
-1525
-1609
-1657
-1734
-1742
-1728
-1723
-1682
-1639
-1595
-1550
-1470
-1358
-1278
-1155
-1045
-968
-886
-781
-705
-610
-546
-516
-444
-384
-344
-332
-303
-287
-318
-337
-363
-405
-442
-486
-546
-617
-708
-795
-872
-971
-1056
-1125
-1196
-1269
-1300
-1373
-1425
-1442
-1463
-1476
-1475
-1479
-1479
-1449
-1405
-1298
-1265
-1172
-1071
-993
-903
-773
-634
-531
-410
-323
-214
-134
-29
44
109
148
185
184
210
259
279
290
297
276
265
329
340
399
438
450
496
528
580
575
555
594
610
651
687
761
795
848
959
1076
1188
1280
1397
1542
1657
1829
1951
2046
2173
2253
2365
2454
2556
2604
2644
2659
2649
2627
2580
2523
2452
2355
2263
2167
2027
1887
1711
1541
1326
1147
956
766
578
377
189
7
-205
-376
-553
-711
-880
-1027
-1152
-1265
-1369
-1483
-1553
-1625
-1682
-1707
-1730
-1728
-1707
-1691
-1647
-1580
-1505
-1429
-1334
-1246
-1151
-1087
-1026
-976
-907
-870
-837
-805
-767
-728
-726
-715
-684
-692
-718
-731
-726
-725
-715
-716
-726
-723
-763
-801
-849
-900
-910
-974
-1039
-1067
-1080
-1103
-1111
-1091
-1120
-1093
-1080
-1018
-939
-871
-812
-746
-652
-607
-511
-441
-409
-351
-320
-266
-236
-216
-179
-135
-95
-40
-20
8
-2
18
39
46
44
49
52
47
39
17
49
62
84
97
108
128
124
146
152
156
165
177
250
270
342
414
510
602
707
826
932
1033
1096
1166
1242
1326
1404
1461
1524
1591
1644
1706
1727
1771
1820
1848
1879
1885
1875
1860
1855
1801
1766
1648
1536
1456
1341
1237
1109
1018
863
717
584
429
267
125
-6
-139
-221
-367
-466
-572
-675
-728
-860
-947
-1022
-1086
-1146
-1201
-1246
-1285
-1324
-1375
-1389
-1396
-1363
-1304
-1268
-1206
-1180
-1141
-1108
-1086
-1046
-1020
-1011
-989
-949
-919
-898
-882
-866
-890
-897
-870
-878
-869
-849
-822
-799
-804
-791
-763
-733
-737
-753
-743
-751
-749
-765
-740
-733
-706
-723
-739
-737
-723
-689
-666
-593
-555
-495
-443
-352
-306
-255
-234
-221
-229
-240
-242
-230
-237
-257
-227
-237
-238
-222
-212
-166
-172
-168
-169
-144
-130
-140
-140
-154
-99
-81
-107
-133
-143
-175
-153
-168
-166
-148
-117
-66
-27
30
88
158
234
308
334
374
434
460
510
564
648
713
760
823
832
868
926
976
1060
1121
1159
1202
1217
1254
1305
1330
1344
1377
1359
1344
1309
1261
1262
1207
1167
1095
1013
941
894
854
792
730
627
536
462
383
332
240
137
81
2
-90
-167
-236
-342
-406
-480
-545
-638
-678
-722
-746
-733
-789
-797
-840
-795
-817
-806
-775
-796
-788
-781
-749
-728
-725
-721
-722
-704
-670
-625
-601
-607
-557
-559
-536
-511
-473
-447
-427
-433
-449
-416
-424
-384
-359
-368
-361
-392
-410
-400
-387
-394
-397
-403
-411
-397
-384
-412
-410
-431
-404
-390
-363
-340
-366
-336
-355
-344
-323
-313
-317
-323
-327
-325
-314
-306
-302
-285
-266
-235
-212
-207
-193
-220
-234
-237
-232
-247
-269
-275
-273
-268
-241
-211
-185
-147
-136
-97
-60
-33
1
-26
-8
-10
16
63
103
150
201
245
264
329
338
375
423
484
554
617
644
679
786
831
901
970
985
989
992
1024
1014
1009
991
981
931
887
912
888
918
890
873
889
884
892
863
842
827
790
723
630
588
505
436
412
337
282
243
202
140
81
23
-5
-65
-110
-116
-147
-163
-201
-228
-253
-276
-281
-296
-288
-308
-332
-361
-369
-390
-395
-390
-377
-399
-403
-375
-385
-403
-401
-387
-361
-360
-366
-392
-396
-423
-434
-438
-464
-478
-506
-485
-517
-534
-525
-537
-541
-543
-551
-508
-517
-515
-486
-504
-488
-489
-476
-497
-506
-497
-512
-486
-468
-488
-492
-471
-483
-466
-431
-400
-374
-358
-372
-347
-323
-287
-277
-315
-314
-319
-305
-288
-272
-292
-292
-297
-310
-292
-270
-275
-290
-298
-305
-299
-283
-259
-241
-208
-187
-165
-145
-138
-111
-124
-113
-52
-31
13
91
106
120
137
149
165
192
214
246
283
297
342
403
449
473
498
536
531
549
595
623
653
644
620
653
623
612
617
600
621
617
608
597
547
520
567
577
548
512
512
486
462
459
455
385
359
364
321
309
304
275
227
229
214
179
148
144
113
66
54
1
-30
-72
-123
-152
-178
-223
-225
-239
-278
-302
-298
-317
-371
-384
-439
-455
-442
-443
-468
-468
-487
-507
-529
-555
-522
-512
-506
-512
-513
-526
-541
-532
-544
-527
-520
-499
-499
-487
-456
-450
-434
-420
-385
-372
-366
-374
-388
-387
-385
-392
-361
-323
-334
-352
-379
-370
-357
-328
-335
-344
-346
-342
-327
-317
-314
-342
-312
-326
-337
-355
-352
-315
-334
-338
-327
-290
-259
-236
-215
-215
-198
-199
-185
-174
-146
-119
-66
-11
23
29
34
39
43
74
43
54
70
69
103
132
169
183
225
239
259
230
252
269
256
254
252
250
262
275
253
257
268
238
235
254
297
252
264
284
275
298
296
321
309
296
274
279
253
255
243
224
248
230
207
194
180
186
190
201
184
147
179
159
139
161
142
128
110
53
32
26
3
-28
-40
-55
-65
-62
-45
-62
-81
-75
-127
-124
-125
-133
-198
-234
-245
-273
-285
-276
-255
-249
-248
-283
-262
-268
-244
-244
-272
-257
-268
-255
-252
-241
-212
-203
-218
-231
-233
-244
-232
-193
-197
-245
-209
-208
-222
-195
-180
-182
-187
-165
-169
-161
-118
-107
-101
-70
-77
-101
-114
-103
-82
-67
-85
-67
-33
-5
36
61
64
62
53
75
66
75
100
97
74
62
60
53
85
92
92
58
62
94
74
98
88
105
87
101
91
86
116
104
107
61
47
38
46
78
68
59
60
87
120
105
147
137
102
84
70
88
97
88
97
94
81
98
121
68
85
105
99
145
132
137
159
174
173
175
187
148
107
96
80
90
84
80
82
63
98
105
147
175
111
93
50
49
62
57
34
21
0
4
10
-6
10
-4
-7
-3
7
-2
-10
-16
-10
-30
-62
-79
-92
-83
-103
-107
-104
-110
-68
-76
-75
-76
-67
-44
-53
-37
-45
-60
-28
-44
-41
17
6
17
-13
-57
-67
-88
-79
-46
-42
-49
-32
-30
-26
-9
-12
-6
1
-10
37
44
29
15
22
37
54
10
33
-17
-33
-26
-46
13
39
26
31
22
12
28
32
55
35
10
31
58
56
80
35
36
15
5
16
24
38
11
1
34
44
56
71
63
62
39
14
7
5
-33
-55
-74
-84
-42
-22
4
21
27
9
28
28
-4
1
9
12
-16
-17
-23
-25
-51
-50
-46
-48
-35
-55
-71
-54
-64
-90
-91
-99
-99
-96
-89
-99
-86
-89
-98
-70
-52
-36
-67
-86
-76
-95
-90
-81
-76
-63
-63
-62
-69
-77
-68
-73
-64
-25
-42
-8
-6
-5
-15
-17
-13
-80
-67
-46
-66
-46
-25
-40
-30
-25
-13
15
29
32
-33
-23
-43
-38
-33
-61
-81
-89
-70
-58
-43
-64
-57
-60
-65
-61
-42
-62
-62
-68
-80
-81
-94
-101
-101
-98
-99
-101
-101
-98
-111
-134
-128
-109
-103
-96
-125
-114
-111
-98
-92
-104
-90
-74
-74
-85
-94
-125
-136
-85
-77
-35
-10
-39
-38
-59
-68
-74
-78
-76
-52
-78
-71
-46
-9
17
31
24
3
-10
-46
-17
-42
-49
-25
-28
-47
-46
-37
-56
-71
-66
-54
-78
-84
-101
-112
-94
-94
-78
-58
-81
-100
-69
-55
-100
-117
-83
-98
-106
-136
-130
-116
-115
-104
-101
-86
-89
-127
-118
-66
-44
-30
-2
6
3
24
-11
-16
-10
-34
3
-11
-8
17
5
24
-22
-37
-35
-42
-39
-46
-27
-27
-7
-21
-16
16
11
23
47
21
7
17
-16
-27
5
-9
-9
23
17
-8
-18
-14
-26
-10
1
10
1
12
-2
-4
15
3
-11
-24
-43
-34
-20
-22
-45
-51
-40
-35
-32
-32
-62
-75
-59
-67
-86
-79
-58
-25
-2
22
43
36
21
33
26
15
13
43
37
-5
-15
-16
-11
11
39
40
53
51
48
29
31
53
55
47
32
15
19
15
15
2
-9
-10
-49
-10
-27
-21
7
11
17
20
29
19
-11
-9
-33
-55
-32
-25
-15
-17
-14
-17
13
45
44
10
8
-11
-14
-9
-13
-7
12
1
4
-16
1
-20
-58
-59
-70
-77
-77
-62
-51
-55
-50
-46
-26
9
-8
-9
-42
-49
-90
-79
-67
-76
-64
-69
-68
-72
-46
-36
-23
-45
-49
-42
-65
-48
-48
-69
-37
-62
-77
-81
-82
-74
-62
-78
-64
-54
-63
-40
-38
-52
-86
-94
-40
-19
-40
-32
-44
-28
-24
-5
-50
-48
-58
-66
-73
-91
-68
-50
-50
-50
-35
-23
-29
-24
-18
-25
-7
-21
-32
-32
-25
11
-6
-30
-3
-11
-28
-31
-35
-23
11
7
-2
13
13
-6
-2
3
-20
-29
-47
-40
-35
-28
-31
-23
-34
-39
-42
-66
-30
2
-1
7
20
52
90
61
81
58
33
13
-9
-6
5
25
44
39
19
52
66
58
41
47
15
22
12
-1
16
13
7
-8
-11
-38
-24
-38
-44
-64
-82
-97
-89
-62
-56
-36
-59
-73
-55
-66
-89
-97
-95
-115
-86
-32
-81
-77
-51
-57
-71
-52
-92
-92
-66
-119
-107
-95
-71
-47
-52
-63
-35
-54
-37
-66
-129
-114
-89
-74
-93
-66
-72
-85
-85
-100
-95
-80
-47
-49
-44
-36
-70
-69
-76
-80
-41
-3
-20
-28
-33
-34
-30
-23
-14
-42
8
17
-2
-15
-26
-50
-42
-14
-4
8
1
39
9
13
-15
-20
-45
-49
-49
-30
-39
-20
-1
-8
0
12
41
20
17
10
32
13
25
18
22
11
23
53
63
71
54
69
87
92
56
65
53
45
51
58
27
29
51
41
68
66
54
31
33
39
46
53
58
57
62
83
77
71
60
18
17
8
-10
-4
-15
1
-24
-19
-16
-23
-46
-35
-28
-26
-41
-24
-30
-39
0
-35
-32
-50
-57
-78
-80
-62
-51
-46
-50
-32
-48
-35
-45
-59
-60
-33
-38
-49
-56
-30
-27
-42
-23
-30
-24
-25
-23
-55
-48
-88
-93
-103
-112
-80
-91
-98
-47
-55
-65
-40
-48
-46
-78
-71
-62
-43
-21
3
14
7
11
-42
-41
-41
-22
7
5
11
6
4
-4
-9
-10
-19
-41
-42
13
8
5
26
27
32
35
24
22
-12
12
49
38
48
21
35
66
82
81
118
126
88
81
62
84
98
125
121
124
104
98
131
95
96
76
95
68
53
70
77
85
68
84
58
41
39
45
36
-2
17
28
8
11
38
39
7
-10
5
-30
-24
0
-30
-9
-28
-38
-16
11
36
62
67
42
9
-34
-31
-4
-25
3
-26
23
31
14
40
54
32
23
46
21
20
17
34
27
46
85
84
72
42
28
35
34
70
72
60
72
19
53
64
49
40
33
45
26
19
33
51
57
82
118
130
118
121
101
99
120
117
68
85
82
111
136
138
121
106
103
91
84
66
82
79
94
101
103
107
131
149
147
125
142
116
118
115
119
157
137
166
178
180
208
217
192
194
185
186
177
159
146
141
145
177
172
198
226
185
202
215
212
203
186
187
180
178
161
130
125
131
117
119
144
150
181
186
199
205
190
141
139
116
110
104
89
164
149
155
155
122
161
189
147
123
107
105
117
126
163
140
121
155
179
183
164
176
178
177
166
185
184
175
134
126
139
120
153
148
146
164
165
184
177
185
184
191
194
186
174
181
144
143
150
157
204
204
241
226
240
243
219
203
198
200
193
197
206
239
248
243
250
254
267
265
261
246
228
222
251
248
252
223
207
243
218
202
165
168
168
180
217
181
160
163
171
198
218
223
230
212
210
240
251
233
211
193
147
149
193
192
224
234
200
224
197
227
252
264
280
281
247
239
265
204
227
212
202
186
201
191
179
185
184
176
158
156
131
151
118
148
128
135
158
154
168
147
171
197
194
164
169
155
130
140
129
163
168
151
155
156
174
181
177
177
171
139
112
130
136
128
155
119
110
119
128
146
153
168
123
113
110
122
136
139
140
142
129
147
143
134
126
144
154
164
180
162
162
128
138
130
93
106
91
97
83
71
98
106
103
83
90
105
87
54
84
63
47
63
70
80
95
105
109
106
97
81
84
54
25
57
50
91
80
86
71
50
72
86
51
71
61
63
101
82
90
91
98
85
74
87
65
74
103
87
78
56
39
64
55
61
48
31
50
65
41
50
60
66
59
18
16
-12
-9
2
17
30
-8
4
4
-14
-25
-24
-34
-36
-13
-12
9
29
-1
-1
22
12
11
38
8
-1
3
-7
23
20
1
-24
-39
-35
-42
-50
-38
-51
-45
-49
-36
-45
-7
-22
-55
-41
-36
-23
-27
-10
-32
-76
-76
-61
-32
-30
-32
-32
-51
-5
-1
-5
2
-30
-43
-54
-51
-31
4
9
2
28
-2
-16
-13
-46
-97
-82
-80
-93
-79
-62
-47
-48
-48
-50
-62
-27
-15
-18
9
-26
-35
-28
-13
-30
-22
0
-45
-37
-41
-58
-60
-43
-37
7
12
-24
-26
-23
-40
-40
-17
-29
-10
-14
1
15
39
66
73
50
43
46
44
61
49
33
-9
-14
0
33
15
-12
1
-15
7
2
5
-4
-35
-51
-68
-48
-42
-30
-38
-30
-22
-21
-18
-8
18
-29
-43
-58
-66
-61
-42
-45
-6
-17
-4
9
-4
-14
-48
-16
-46
-22
6
23
-1
-42
-69
-89
-84
-63
-56
-41
-50
-73
-50
-53
-33
-25
16
-9
-9
-19
2
7
-18
34
-11
7
-6
-5
16
3
-12
-33
-9
-22
-20
-5
-8
10
7
-2
34
13
40
36
46
46
38
36
2
8
16
8
-45
-53
-31
-18
-9
6
17
44
40
12
10
-4
-33
-44
-61
-26
-14
2
34
33
42
34
63
46
47
33
28
42
20
29
18
46
83
105
105
61
42
43
62
89
73
93
108
92
64
67
82
79
78
81
100
113
120
112
108
128
118
126
138
135
136
120
129
139
109
127
136
149
154
154
129
93
87
85
76
99
108
95
121
105
122
138
142
133
111
99
109
84
47
56
84
120
124
143
124
84
103
110
136
130
123
137
170
176
176
187
210
216
189
204
182
158
150
159
145
162
148
141
136
160
149
122
152
174
198
167
148
169
152
162
141
118
122
117
132
150
125
162
171
165
214
193
193
174
180
140
131
133
123
98
91
119
139
150
156
186
179
184
185
207
198
183
143
164
179
172
205
233
264
239
244
224
227
219
215
223
212
220
243
241
235
235
207
185
134
148
135
140
151
145
164
148
136
137
161
157
153
135
148
167
176
200
238
217
195
180
156
141
152
145
145
161
146
178
181
173
135
169
175
148
155
129
118
95
95
110
146
160
173
190
197
181
152
150
139
141
142
125
103
79
79
108
80
112
148
124
107
111
121
126
146
109
99
81
81
88
83
119
104
131
124
118
97
71
94
108
122
150
143
124
139
131
119
90
114
122
127
105
91
112
112
130
99
70
45
60
71
95
134
119
87
111
98
69
118
135
126
96
92
96
91
103
96
79
104
101
86
92
70
82
83
65
62
99
83
58
47
58
29
38
46
67
82
61
88
113
81
43
36
37
37
27
4
10
7
-1
50
81
93
82
91
98
101
97
87
75
61
68
67
82
70
72
85
85
71
65
46
-1
-7
-11
6
4
47
70
86
88
58
41
4
-8
-5
3
7
-25
1
-6
-16
-33
-16
-29
-33
7
-12
-25
-43
-45
-56
-48
-49
-20
-19
-29
-60
-72
-82
-79
-46
-12
-33
-34
-34
-47
-47
-49
-25
-40
-84
-102
-101
-85
-57
-71
-79
-97
-104
-96
-102
-72
-81
-103
-99
-101
-90
-78
-67
-76
-113
-122
-124
-116
-117
-115
-112
-138
-100
-77
-76
-67
-58
-53
-62
-76
-85
-80
-72
-97
-88
-90
-112
-102
-94
-132
-162
-172
-169
-185
-158
-139
-121
-129
-143
-157
-151
-145
-156
-139
-143
-153
-184
-194
-187
-164
-189
-189
-169
-161
-163
-158
-150
-169
-186
-200
-232
-216
-209
-196
-166
-138
-136
-164
-169
-175
-158
-162
-184
-198
-204
-226
-212
-215
-238
-178
-213
-194
-189
-191
-166
-197
-200
-212
-196
-205
-203
-213
-231
-211
-218
-185
-167
-192
-208
-182
-185
-173
-168
-206
-220
-242
-236
-221
-218
-203
-183
-202
-201
-151
-194
-152
-173
-218
-196
-210
-215
-202
-217
-225
-201
-183
-165
-157
-164
-158
-169
-200
-217
-209
-157
-208
-194
-192
-209
-173
-198
-194
-203
-193
-175
-201
-177
-139
-155
-194
-205
-199
-167
-167
-179
-173
-151
-129
-120
-129
-161
-178
-178
-194
-170
-129
-178
-191
-160
-177
-159
-145
-168
-183
-188
-182
-184
-186
-179
-189
-177
-165
-178
-205
-213
-210
-191
-168
-165
-169
-158
-153
-162
-172
-159
-169
-174
-131
-144
-137
-146
-152
-147
-153
-166
-141
-139
-156
-126
-128
-166
-162
-160
-178
-161
-144
-147
-141
-164
-158
-129
-157
-132
-155
-191
-200
-201
-186
-179
-171
-170
-179
-147
-100
-50
-20
-75
-121
-86
-87
-75
-86
-115
-118
-110
-105
-107
-72
-38
-31
-39
-41
-59
-47
-49
-67
-69
-88
-85
-78
-82
-85
-62
-48
-63
-53
-121
-94
-103
-126
-93
-103
-58
-62
-43
-47
-46
-52
-37
-26
-24
-20
-17
-19
-18
-43
-26
-35
-42
-47
-48
-38
-46
-42
-13
-25
-42
-24
-36
-12
-51
-42
-33
-44
-23
-23
-30
-34
-65
-47
-36
-53
-8
-19
-23
-26
-64
-50
-48
-75
-78
-72
-30
16
-19
-16
16
4
33
27
19
15
12
19
25
17
2
33
0
-31
-8
7
-4
13
39
25
16
-15
-20
-34
-38
-7
-15
-9
-5
-20
-6
-18
-34
-3
7
15
4
19
12
0
12
-9
19
-26
-18
-14
4
18
30
34
15
26
46
43
34
31
38
44
11
5
20
31
46
39
38
32
37
61
45
25
5
15
3
6
10
31
18
20
44
38
26
42
49
11
28
5
-23
-28
-30
-14
40
24
-1
9
-8
14
7
27
26
17
5
13
28
7
18
22
-5
-13
-12
12
5
-14
-20
-30
-17
-46
-45
-26
-30
-51
-49
-12
-25
-1
-13
-34
-47
-69
-49
-85
-74
-112
-91
-71
-102
-57
-30
11
27
2
-32
-32
-55
-23
-46
-45
-8
-42
-66
-55
-32
-43
-35
-36
-28
-27
-66
-85
-89
-96
-101
-130
-113
-99
-95
-53
-46
-79
-96
-70
-67
-84
-68
-67
-80
-101
-93
-92
-60
-68
-77
-92
-77
-44
-51
-74
-82
-122
-103
-107
-119
-107
-120
-125
-104
-113
-105
-114
-125
-100
-112
-125
-147
-126
-146
-130
-152
-180
-160
-168
-167
-184
-192
-185
-173
-150
-166
-181
-169
-174
-212
-219
-206
-219
-226
-204
-166
-183
-188
-175
-168
-169
-175
-181
-211
-214
-214
-219
-222
-223
-203
-188
-186
-186
-186
-198
-205
-208
-234
-202
-216
-214
-225
-229
-213
-217
-196
-231
-217
-194
-225
-265
-258
-269
-274
-283
-300
-283
-276
-276
-248
-214
-218
-227
-239
-271
-304
-286
-267
-281
-286
-255
-237
-230
-243
-257
-261
-245
-237
-215
-200
-208
-227
-265
-247
-250
-282
-281
-273
-268
-282
-269
-248
-245
-244
-276
-288
-297
-288
-255
-266
-243
-258
-235
-248
-246
-233
-261
-229
-231
-225
-226
-265
-235
-226
-221
-235
-264
-273
-279
-283
-284
-288
-241
-253
-267
-266
-282
-276
-270
-264
-300
-303
-311
-286
-284
-318
-272
-235
-269
-272
-280
-296
-299
-298
-285
-303
-319
-326
-312
-283
-282
-290
-290
-292
-262
-264
-257
-264
-283
-278
-296
-272
-279
-273
-245
-272
-252
-248
-255
-293
-285
-287
-280
-288
-292
-263
-240
-239
-245
-249
-289
-275
-277
-227
-238
-279
-302
-300
-271
-320
-306
-311
-346
-341
-303
-260
-265
-272
-236
-221
-204
-210
-227
-224
-225
-228
-222
-214
-239
-241
-228
-245
-228
-212
-205
-190
-222
-191
-167
-168
-157
-184
-190
-175
-198
-200
-177
-150
-150
-136
-149
-156
-179
-171
-203
-171
-161
-192
-172
-177
-173
-171
-168
-150
-164
-156
-142
-164
-166
-174
-164
-175
-163
-132
-136
-125
-114
-112
-132
-135
-132
-140
-155
-146
-114
-121
-139
-126
-113
-117
-113
-121
-163
-212
-198
-203
-216
-187
-180
-145
-143
-137
-131
-142
-165
-148
-144
-140
-115
-115
-54
-22
-30
-53
-46
-66
-75
-75
-64
-44
-88
-81
-75
-95
-86
-67
-24
-29
-29
-15
-9
-21
-61
-76
-79
-61
-81
-80
-82
-85
-74
-44
-36
-30
-15
-20
-20
-48
-55
-47
-45
-47
-7
3
-9
44
57
45
46
30
28
19
-3
0
36
40
30
36
43
47
38
42
23
8
22
41
46
47
46
42
47
58
50
66
56
26
12
13
34
23
38
38
39
26
40
44
71
83
91
70
43
58
56
83
105
98
57
30
47
59
78
57
63
62
78
90
78
94
112
79
82
73
56
52
40
40
16
33
32
42
38
27
51
55
59
55
20
34
33
47
15
22
2
-7
2
24
33
55
46
28
33
34
21
14
28
27
52
76
81
87
112
127
107
88
82
89
46
15
6
7
17
25
40
43
82
66
68
41
45
35
31
32
27
49
41
53
20
28
24
34
47
45
50
44
64
69
59
54
47
73
67
46
20
19
18
21
39
59
44
45
66
67
50
25
40
20
29
4
5
-10
-11
-15
-10
17
20
23
18
29
19
34
41
48
17
-12
2
16
21
22
20
9
-9
-14
-57
-35
-64
-60
-10
9
9
-23
-8
10
45
32
33
48
67
39
0
-16
-13
-28
-32
-12
-34
-16
-26
0
-10
0
12
-30
-21
-31
-62
-75
-97
-116
-94
-73
-49
-40
-22
-13
0
-14
-15
-27
-47
-28
-40
-17
3
1
-4
-20
-21
-37
-39
-21
-62
-55
-57
-60
-48
-75
-69
-81
-53
-98
-82
-75
-45
-14
-40
-40
-42
-40
-53
-66
-77
-72
-74
-78
-92
-76
-70
-32
-26
-12
-28
-41
-46
-58
-68
-80
-71
-64
-69
-40
-22
-12
-14
-7
-6
-23
-53
-74
-62
-87
-91
-68
-57
-46
-51
-31
-34
-39
-14
-28
-28
-14
-31
-34
-21
-6
-38
-57
-60
-79
-118
-108
-52
-90
-54
-29
-6
-4
9
9
1
-7
-26
-5
-20
-34
-56
-69
-51
-41
-47
-38
-26
-23
-20
-37
-19
-69
-88
-51
-44
-36
-20
-8
-45
-22
-13
-12
-39
-53
-30
-40
-52
-52
-41
-39
-23
-20
-27
-47
-74
-79
-61
-84
-74
-53
-36
-45
-56
-93
-70
-68
-87
-64
-68
-10
-10
-28
-43
-75
-17
-11
-50
-69
-75
-83
-101
-105
-97
-76
-57
-40
-76
-44
-28
-24
-45
-46
-63
-80
-83
-80
-68
-106
-97
-77
-73
-48
-37
-69
-65
-60
-26
-27
-31
-38
-38
-36
-55
-49
-53
-45
-27
-18
-1
-41
-52
-41
-55
-43
-31
-21
-16
-7
1
2
-10
-24
-27
-47
-52
-43
-52
-66
-69
-67
-54
-35
-44
-4
27
5
6
25
-15
-25
-51
-82
-64
-35
-32
-16
-9
-16
14
27
29
17
-8
-5
-25
-69
-49
-43
-41
-14
-14
2
-33
-25
-62
-43
-45
-51
-7
-33
2
13
4
10
-10
-6
-30
-21
-20
10
26
17
57
44
52
19
8
32
-1
5
32
30
29
16
17
10
19
3
-8
6
0
-25
-31
-29
-18
7
21
59
46
76
45
46
51
55
48
24
48
13
41
37
18
49
74
77
59
75
104
97
75
92
100
55
49
42
32
57
68
64
85
122
131
161
137
130
123
110
117
109
103
96
94
61
85
96
83
89
97
108
76
72
82
119
168
156
126
88
73
60
48
58
68
61
56
63
113
127
113
101
86
111
108
126
98
103
113
101
128
125
134
127
120
141
132
135
117
83
88
103
96
116
120
111
100
102
82
87
112
87
69
39
60
71
71
66
77
101
110
70
80
113
99
110
78
99
94
124
146
125
129
123
99
93
104
134
137
118
128
136
129
103
108
104
108
107
113
110
139
126
106
117
96
107
109
125
114
121
122
96
112
111
157
94
95
119
119
135
124
135
118
98
99
117
113
104
93
147
134
132
115
150
137
98
84
96
113
81
90
112
110
117
113
109
110
90
74
76
76
66
84
72
52
31
96
119
126
133
111
114
110
123
109
118
72
54
87
82
63
78
108
142
165
170
151
104
69
69
82
15
32
21
40
66
63
49
40
66
56
57
46
53
80
95
94
97
90
98
79
69
70
76
60
59
57
71
116
105
101
85
64
81
75
60
80
72
76
69
54
79
70
78
119
132
86
79
101
74
69
44
24
48
77
72
76
81
82
72
65
39
25
14
22
34
26
-7
2
20
-11
21
54
12
3
38
48
57
88
90
49
73
68
67
63
23
31
48
46
49
65
81
93
78
42
52
65
54
39
27
17
13
13
49
77
82
93
62
43
11
-10
-25
-45
-34
-24
-18
-12
6
5
42
26
-11
-45
-41
-19
-7
5
10
11
-18
13
6
20
20
18
26
27
55
35
15
17
21
27
18
6
-13
-8
-22
-6
-31
-14
7
5
17
18
26
8
-21
-45
-43
-39
-21
11
28
23
26
28
23
-7
4
0
4
5
8
21
56
51
34
27
38
55
49
48
47
52
52
28
15
12
22
4
7
4
-16
11
12
35
0
-4
22
5
-26
-19
-32
-11
-8
-41
-27
-14
-10
-12
-6
-2
-10
-7
-1
-4
-15
-3
1
-48
-63
-44
-49
-34
5
-14
-46
-49
-42
-21
-21
-48
-51
-61
-108
-68
-28
-37
-43
-14
-35
-32
-8
-6
-2
-29
-16
-12
-11
-23
-7
-11
-15
20
18
-12
-15
-13
-13
-21
-15
-1
-6
20
42
11
7
24
-8
-8
16
6
-5
3
-13
15
30
4
14
-17
-32
-10
-7
-7
13
14
4
-8
22
13
9
6
11
22
-28
-30
-22
-31
-7
-24
-19
-1
-11
-18
-16
-25
-40
-55
-48
-75
-72
-47
-42
-23
0
25
21
5
1
-6
-8
-7
-26
-20
-22
-26
-3
10
5
16
-6
-38
-16
-21
1
-11
-9
-4
-22
-14
-33
-14
-30
-10
-18
-10
-12
-4
29
15
4
19
14
1
25
28
42
39
48
61
49
44
28
24
43
39
19
17
4
-13
-17
6
28
38
8
28
32
13
14
28
39
17
20
37
48
10
19
40
46
37
46
54
25
13
37
39
46
51
70
61
32
55
69
83
95
97
101
90
103
75
79
52
51
46
25
43
21
31
24
44
56
54
57
52
26
-1
17
23
34
36
41
41
59
38
19
48
35
56
118
104
86
75
101
69
62
80
81
68
78
88
75
78
60
93
94
110
75
44
50
32
32
71
58
49
75
83
71
71
81
92
94
98
78
68
34
58
45
38
39
13
47
33
50
48
50
68
51
22
13
0
-18
10
-1
13
36
23
30
30
45
55
24
31
67
39
18
10
28
50
33
57
47
27
33
53
64
55
48
1
18
31
-1
20
9
-8
7
-17
5
16
37
53
24
22
-6
-3
10
-11
23
32
-26
-31
11
26
2
15
27
7
39
52
32
32
24
40
13
4
19
38
56
42
27
26
18
1
-3
-23
-6
-11
-5
-15
-22
2
14
21
1
2
-4
-18
6
-7
-7
-3
-4
4
4
4
3
2
3
11
27
40
23
11
-1
17
25
13
-7
-18
-45
-17
-20
-17
-6
-9
-36
-17
-3
-38
-43
-27
-14
-38
-53
-62
-59
-52
-41
-34
-47
-54
-50
-74
-91
-48
-29
-33
-22
-24
-17
-50
-61
-55
-42
-8
-12
-4
-40
-28
-37
-60
-65
-62
-50
-60
-57
-45
-48
-61
-73
-102
-106
-120
-82
-72
-86
-51
-49
-63
-83
-74
-99
-101
-68
-58
-72
-66
-49
-62
-76
-68
-59
-60
-72
-53
-49
-51
-43
-83
-66
-41
-43
-71
-80
-87
-85
-103
-130
-121
-138
-105
-96
-94
-87
-69
-38
-44
-47
-70
-70
-38
-32
-39
-72
-43
-75
-96
-96
-109
-93
-88
-62
-56
-44
-63
-59
-79
-62
-53
-68
-50
-105
-89
-65
-88
-86
-100
-111
-93
-108
-113
-83
-84
-103
-109
-102
-87
-71
-69
-57
-68
-72
-75
-59
-59
-63
-96
-125
-111
-122
-115
-90
-71
-60
-58
-34
-43
-45
-54
-61
-73
-79
-107
-101
-113
-135
-132
-107
-96
-85
-45
-52
-38
-39
-28
-35
-28
-35
-73
-52
-48
-38
-44
-74
-82
-143
-133
-125
-138
-137
-122
-83
-89
-77
-55
-66
-83
-74
-56
-68
-26
-34
-44
-33
-69
-87
-71
-63
-45
-30
-47
-56
-53
-30
-28
-33
-40
-37
-53
-34
-35
-49
-20
-46
-43
-59
-70
-67
-60
-55
-72
-56
-71
-36
-29
-42
-50
-86
-86
-104
-98
-68
-84
-72
-68
-61
-35
-6
-29
-29
3
-28
-39
7
-16
-35
-16
-37
-36
-50
-44
-61
-55
-17
2
2
-11
-36
-33
-39
-65
-79
-54
-43
-42
-44
-24
1
-20
-26
-52
-51
-24
-26
-54
-36
-60
-80
-59
-47
-46
-71
-56
-32
-14
4
4
-16
-20
-21
-48
-56
-62
-52
-19
-14
-15
-16
-27
-8
9
20
20
-13
-45
-19
-53
-75
-38
-18
-16
6
27
22
29
-2
6
8
-3
1
2
6
-27
-17
0
2
11
-1
-6
-5
-4
20
42
42
26
21
19
-6
15
16
23
44
45
25
17
30
6
27
10
-31
-14
-50
-73
-67
-22
8
-7
3
17
22
71
60
48
14
29
11
-4
-5
-8
3
4
22
-1
38
7
4
27
41
20
9
45
44
34
37
24
42
36
34
39
38
58
73
62
31
64
52
37
47
54
51
79
81
67
53
28
53
65
62
29
49
46
31
25
44
38
15
15
17
57
42
63
87
93
87
88
86
100
87
59
71
82
85
93
99
109
95
120
122
125
94
117
115
74
83
87
81
66
76
59
59
48
72
76
102
74
77
77
38
24
8
26
13
5
7
35
38
77
97
89
75
36
84
74
37
42
40
30
26
14
43
69
81
79
102
86
65
49
36
28
23
30
35
51
41
71
88
112
116
100
94
84
69
50
64
62
42
50
46
50
83
74
101
135
153
145
123
89
76
67
71
88
84
63
65
77
79
53
41
29
11
27
30
28
14
18
20
16
19
34
19
33
44
9
21
49
82
123
71
41
16
21
17
5
14
50
41
39
87
82
71
70
66
53
43
13
35
44
27
38
52
46
50
55
60
39
24
37
46
48
20
12
29
59
57
22
52
61
36
68
52
58
71
37
34
15
14
31
32
49
39
48
26
16
20
-9
7
4
-9
3
8
-13
9
37
26
0
3
19
9
22
30
22
26
12
36
59
54
57
72
87
78
60
67
46
41
69
54
29
24
8
4
-8
-22
-26
-21
23
24
18
11
18
8
13
36
13
18
33
1
-20
19
15
39
55
66
82
58
51
80
82
64
57
42
38
15
11
15
6
3
-17
-19
-29
-31
-31
-46
-22
2
39
35
38
16
-16
-31
-33
-31
-49
-28
-14
-6
1
11
7
-16
9
-6
-16
-2
-11
1
-9
-10
-3
-16
7
4
12
30
-15
-11
-31
-39
-46
-62
-64
-60
-72
-71
-85
-72
-64
-91
-49
-63
-77
-84
-64
-62
-54
-58
-53
-37
-40
-50
-52
-33
-16
-6
-29
-16
-52
-63
-65
-78
-61
-39
-25
-32
-8
0
12
24
3
-11
-38
-37
-42
-61
-43
-15
-2
-6
-8
-30
-71
-52
-15
-16
-19
-24
-22
-25
-67
-73
-61
-76
-34
-52
-29
13
23
34
-14
-3
5
-25
-40
-49
-43
-65
-55
-52
-22
-24
-40
-42
-75
-27
-31
-44
-20
-8
-21
7
18
-14
-36
-42
-48
-51
-28
-55
-46
-56
-66
-71
-38
-48
-59
-65
-86
-80
-51
-10
-32
-26
-48
-45
-54
-44
-40
-29
-23
-49
-49
-75
-54
-16
-51
-29
-5
-17
7
10
32
39
22
16
3
-2
-10
-23
-9
9
5
-9
-22
-29
-30
-44
-43
-59
-46
-17
-20
-26
-35
-37
-34
-30
9
5
-39
-43
-56
-60
-47
-68
-45
-21
-23
-25
-32
7
28
31
14
18
14
-23
-6
15
9
-13
-21
5
7
7
23
18
-3
-14
-12
0
-25
-26
-25
-31
-57
-57
-31
-23
-3
-27
1
-22
15
16
51
48
48
31
23
30
18
23
16
39
25
15
31
17
34
62
41
38
8
10
