-26
-46
-24
-21
-22
-23
-15
-19
-19
-37
-21
-3
-17
-20
-31
-28
-38
-29
-36
-43
-33
-23
-19
-36
-59
-26
-25
-20
-33
-63
-51
-61
-40
-62
-59
-59
-57
-35
-57
-61
-53
-43
-54
-39
-63
-36
-40
-49
-44
-38
-43
-31
-47
-50
-36
-37
-13
-37
-16
-19
-11
-13
-37
-24
-31
-28
-6
-20
-27
-16
-3
27
-25
-32
-24
-20
5
6
-8
-8
-15
-27
-4
-2
-15
-4
-19
-41
-44
-46
-9
-19
-26
-45
-32
-31
-44
-30
-25
-20
0
-7
-2
-23
-17
-30
-26
-17
-9
-4
-43
-15
-38
-38
-22
-30
-38
-36
-29
-36
-14
-44
-38
-45
-47
-31
-40
-31
-36
-17
-10
-19
-35
-19
-14
-11
-16
-29
-25
8
1
-12
-16
-8
-12
-10
-22
-26
-11
-21
-16
-27
-28
-30
-23
3
-11
-34
-30
-46
-17
-9
-16
-10
-25
20
-3
-15
-21
-27
-12
-23
-44
-19
-38
-29
-10
-29
5
-3
-16
-33
-35
-10
-29
-35
-13
-26
-11
-16
-15
-14
11
-22
-24
-24
-38
-34
-13
-36
-21
-48
-68
-37
-21
-3
-41
-41
-36
-28
-20
-46
-45
-22
-9
-46
-6
-30
-33
0
-36
-29
-26
-5
-16
-25
-37
5
-12
-16
-10
-4
-14
-8
-7
-5
-21
-36
-25
-27
-12
10
-4
-18
-21
-27
-20
5
15
-24
-21
-29
-19
-18
-15
-18
-11
2
30
11
-25
-6
-13
10
-16
12
6
-5
9
-21
-6
-4
-4
-12
17
-7
-8
12
-14
-9
-4
-10
-7
-4
-2
-11
0
-3
-10
-11
7
0
-15
-6
-23
-3
15
-3
8
-16
9
21
-2
-7
-25
2
0
0
10
23
-9
14
-3
-30
12
-18
-17
7
-1
13
23
-9
-26
9
-8
-26
-3
-14
5
17
2
6
-17
-25
-23
-8
2
-5
-7
2
2
-5
11
9
31
-8
-6
13
1
25
-2
-1
-6
-12
14
10
5
-7
-17
2
-1
19
3
-6
-8
5
8
0
23
1
12
2
5
-11
-12
-2
-25
33
6
28
12
26
15
9
45
49
39
23
39
30
15
15
34
34
34
28
51
35
40
29
15
40
40
24
31
14
30
28
21
48
48
44
24
56
25
35
25
47
47
62
50
44
58
32
60
72
63
44
48
48
56
47
47
71
52
63
49
42
36
47
45
16
34
21
11
18
44
39
43
53
51
54
63
64
54
55
13
46
59
36
57
31
48
55
70
47
55
56
64
66
40
69
29
37
28
37
26
39
33
35
30
21
34
35
19
36
41
39
56
34
21
32
28
28
20
29
35
43
39
34
34
20
32
28
39
37
24
47
56
50
41
71
18
32
48
14
37
46
41
9
16
11
31
10
18
16
14
-8
-9
12
-1
12
-29
18
18
-5
5
24
6
-1
47
18
42
48
46
14
14
27
29
59
34
55
36
43
55
20
36
50
28
41
44
37
46
22
46
51
41
37
65
34
22
23
42
52
21
48
44
40
25
16
21
11
30
25
47
25
14
23
22
26
20
15
13
18
-12
-9
8
18
19
-3
-7
17
5
1
-13
-11
28
10
-13
-6
-5
2
-20
19
25
22
30
10
32
-16
19
4
2
28
-5
13
23
16
51
42
24
27
23
37
40
36
38
25
35
59
39
29
47
54
33
46
22
1
3
18
26
3
7
4
23
25
-1
5
-10
-17
-20
-24
-12
-30
-2
-4
-3
19
1
19
-1
-20
-23
-14
8
-2
-25
-27
-38
-35
-21
-30
-31
-28
-31
13
-5
-13
-7
-30
-22
-15
-25
-21
-24
-3
0
-1
-6
-18
-25
-26
-5
-1
5
13
2
4
-13
2
20
20
16
12
33
40
2
14
13
1
8
12
12
18
25
-6
9
19
9
-24
6
12
-12
5
-21
-4
1
2
2
21
3
3
2
34
10
-4
25
0
15
13
3
-16
-7
-15
-3
-2
2
17
10
-4
-23
-14
-17
-7
-31
-38
-37
-23
-18
-17
-32
-30
-34
-31
-16
-2
10
-15
-21
-6
-9
11
22
-7
7
0
0
5
-13
-3
18
9
-4
1
-22
-22
-6
8
-9
-22
15
11
-21
8
23
15
10
7
9
34
9
34
60
37
44
32
42
20
31
25
47
29
26
36
24
40
33
18
24
19
22
21
-2
13
16
43
11
-10
-3
-3
7
9
7
6
13
24
25
23
19
4
0
-3
21
3
17
14
8
27
24
24
23
19
33
44
19
35
29
22
18
21
26
12
29
11
11
43
34
24
31
30
57
70
32
49
58
65
71
60
60
76
49
43
59
82
75
71
73
46
67
48
71
81
82
64
63
89
78
91
67
89
107
86
93
101
98
85
92
80
81
109
104
93
89
75
94
86
79
72
56
49
86
81
51
50
36
63
71
51
52
54
60
61
41
57
62
32
54
48
41
35
34
42
44
62
64
75
50
37
40
35
54
32
19
36
23
19
21
25
23
42
32
20
51
45
22
44
46
55
73
62
56
79
84
84
73
68
67
60
41
54
81
53
59
77
44
45
39
28
46
33
44
65
64
66
59
75
61
64
77
85
98
71
97
74
76
88
72
101
83
111
90
88
103
96
89
73
51
53
55
42
45
39
47
32
54
38
57
46
50
59
45
60
33
49
14
4
42
34
40
49
61
29
58
35
19
15
3
-2
-16
-7
-11
-10
4
1
-20
-13
-6
11
22
30
33
37
52
58
67
57
79
63
56
46
24
45
56
37
32
19
42
58
70
39
55
53
40
52
66
70
77
86
62
67
68
121
103
116
144
104
99
106
101
97
84
100
85
60
79
60
77
87
65
93
91
95
119
127
135
103
121
92
82
80
62
81
49
47
64
38
31
38
50
54
51
71
76
78
76
70
73
55
65
86
40
31
40
45
35
44
22
58
64
55
52
37
62
38
56
34
29
17
16
10
3
31
3
32
35
27
24
35
61
45
48
73
28
47
47
39
43
45
30
22
32
27
47
49
48
68
52
54
71
38
48
71
50
37
25
22
38
37
45
37
59
57
58
64
56
61
52
40
53
29
6
18
31
24
2
36
29
60
35
45
51
19
36
39
24
22
25
28
17
-6
-22
-29
-17
-25
-3
-15
14
-4
10
20
0
20
8
11
7
19
29
-1
11
-4
-27
-17
-4
0
-33
-28
-35
-32
-28
-35
-12
-27
-43
-15
-7
-8
-15
-67
-36
-30
-45
-23
-15
-35
-36
-48
-19
5
2
24
11
22
-3
14
8
-3
-4
-11
-20
-5
4
-17
-7
-7
-34
-9
-10
9
6
-1
-15
-40
-31
-31
-16
-41
-41
-49
-67
-44
-39
-19
-10
9
9
16
-7
-21
-12
-20
-28
-45
-14
-39
-68
-54
-54
-62
-40
-42
-22
-7
-14
-34
-32
-50
-32
-36
-20
-28
-46
20
-18
-10
14
-4
7
20
4
28
23
-5
-23
-53
-63
-34
-54
-49
-53
-42
-40
-61
-46
-35
-21
-26
-26
-26
-15
-31
-31
-40
-19
-41
-44
-52
-68
-55
-64
-53
-36
-29
-7
-47
-46
-30
-54
-69
-81
-97
-126
-117
-130
-125
-124
-117
-97
-82
-87
-103
-83
-75
-73
-82
-79
-109
-118
-106
-137
-153
-161
-144
-133
-137
-119
-98
-107
-102
-77
-99
-97
-104
-84
-93
-110
-137
-143
-136
-135
-110
-132
-101
-114
-84
-72
-109
-78
-113
-108
-108
-76
-69
-91
-96
-95
-81
-74
-56
-35
-37
-43
-43
-38
-71
-91
-57
-44
-40
-73
-69
-69
-77
-75
-89
-96
-121
-127
-115
-115
-108
-115
-119
-125
-79
-36
-57
-48
-34
-8
-4
-23
-40
-42
-65
-99
-109
-128
-137
-136
-114
-113
-109
-82
-49
-34
-34
-18
-15
-8
15
-14
-4
-34
-28
-42
-92
-74
-108
-141
-134
-127
-115
-105
-127
-83
-60
-12
-16
3
6
3
42
29
16
-1
-3
-19
-53
-68
-72
-46
-51
-67
-69
-47
-59
-50
-30
-71
-50
-61
-63
-65
-91
-96
-79
-96
-97
-91
-84
-47
-53
-42
-54
-47
-12
-23
-19
-7
7
-37
-5
-10
-46
-48
-77
-96
-108
-138
-171
-196
-203
-186
-161
-159
-149
-91
-86
-63
-57
-33
-25
-10
-14
-13
-16
-41
-46
-75
-54
-64
-87
-103
-80
-50
-31
-47
-30
-20
-37
-16
-44
-28
-58
-86
-95
-108
-110
-118
-107
-92
-68
-40
-30
-15
33
11
33
14
4
14
9
9
-34
-41
-46
-55
-74
-73
-73
-58
-55
-103
-100
-83
-97
-109
-143
-148
-127
-187
-171
-157
-173
-151
-136
-134
-141
-113
-95
-92
-56
-19
9
-8
-5
10
-7
-18
-51
-81
-124
-152
-155
-204
-238
-214
-189
-195
-184
-157
-105
-82
-65
-49
-36
-35
-33
-15
-45
-52
-72
-90
-113
-159
-162
-150
-168
-144
-126
-84
-39
-44
-21
-2
37
49
-13
-18
-1
6
-3
-51
-37
-44
-28
-35
-51
-39
-22
-6
11
30
14
17
-4
-7
-21
-33
-42
-74
-111
-150
-163
-164
-193
-204
-201
-181
-162
-131
-52
-49
-38
-15
-36
-7
8
8
-7
-36
-45
-63
-57
-73
-80
-63
-67
-93
-102
-94
-109
-114
-108
-129
-137
-113
-116
-126
-119
-99
-104
-110
-115
-90
-68
-74
-31
-40
-51
-69
-25
-38
-66
-50
-59
-64
-95
-85
-121
-102
-142
-136
-154
-177
-181
-178
-191
-210
-197
-212
-188
-196
-148
-132
-107
-131
-110
-125
-137
-143
-157
-125
-154
-154
-182
-180
-177
-196
-216
-204
-187
-172
-157
-148
-135
-141
-129
-99
-113
-143
-148
-142
-167
-177
-170
-159
-125
-127
-125
-88
-64
-52
-43
-63
-66
-70
-80
-126
-123
-157
-178
-157
-190
-189
-186
-149
-134
-110
-97
-110
-76
-63
-45
-44
-80
-93
-104
-96
-61
-70
-47
-33
-49
9
-2
6
24
14
11
-17
-66
-63
-110
-173
-165
-192
-192
-193
-152
-139
-121
-112
-84
-61
-58
-71
-99
-114
-121
-120
-127
-182
-177
-174
-164
-143
-160
-137
-100
-94
-107
-53
-40
-37
-57
-126
-110
-92
-106
-98
-138
-105
-126
-151
-146
-123
-116
-115
-140
-199
-206
-209
-227
-265
-297
-313
-293
-307
-329
-289
-234
-183
-162
-168
-78
-19
-5
-29
-52
-63
-69
-78
-100
-134
-157
-180
-199
-201
-198
-203
-166
-147
-118
-80
-55
-14
-24
-29
-71
-74
-101
-117
-145
-189
-267
-245
-240
-210
-174
-156
-68
-14
48
117
155
210
242
223
195
167
178
145
99
48
-21
-13
-20
-18
4
-46
-13
5
20
24
9
18
31
21
-29
-27
-65
-34
-26
-47
-21
35
82
95
137
144
176
197
180
168
155
121
95
64
26
46
0
9
6
35
36
70
106
78
67
37
34
2
-6
-29
-39
-104
-131
-81
-51
3
60
95
195
238
293
335
323
308
309
265
236
177
123
87
24
-30
-50
-28
-23
-29
-40
-24
-3
6
-3
-9
-20
-67
-104
-158
-176
-202
-205
-218
-235
-223
-212
-183
-153
-129
-109
-97
-94
-118
-151
-171
-207
-267
-333
-369
-427
-457
-494
-536
-535
-562
-574
-580
-569
-559
-565
-577
-596
-584
-613
-627
-611
-627
-637
-626
-605
-597
-589
-550
-509
-463
-420
-392
-337
-271
-237
-251
-273
-282
-266
-283
-297
-309
-283
-279
-278
-248
-173
-105
-20
54
85
127
206
264
289
299
325
379
402
423
459
514
616
705
784
910
1057
1226
1356
1440
1526
1667
1737
1778
1764
1803
1783
1721
1666
1574
1523
1504
1464
1422
1396
1396
1409
1367
1383
1352
1334
1282
1203
1100
991
923
787
666
569
470
405
293
240
230
231
214
169
153
150
122
80
35
-68
-136
-214
-332
-428
-524
-644
-761
-860
-928
-993
-1062
-1151
-1243
-1315
-1355
-1432
-1473
-1550
-1625
-1627
-1709
-1739
-1774
-1756
-1751
-1734
-1701
-1685
-1612
-1568
-1523
-1490
-1453
-1417
-1390
-1383
-1384
-1363
-1381
-1372
-1374
-1376
-1366
-1363
-1341
-1291
-1286
-1232
-1180
-1139
-1090
-1039
-994
-924
-851
-807
-760
-720
-612
-559
-495
-431
-359
-262
-136
-62
25
135
254
379
476
575
657
733
806
882
904
981
1006
1028
1108
1140
1219
1335
1467
1648
1871
2121
2383
2683
2932
3103
3282
3414
3531
3556
3530
3483
3383
3276
3126
2961
2774
2640
2474
2277
2030
1751
1416
1000
524
57
-374
-828
-1248
-1652
-1989
-2217
-2325
-2355
-2285
-2089
-1850
-1537
-1208
-892
-535
-212
48
285
457
591
637
668
659
648
626
593
541
477
435
346
269
127
28
-137
-323
-573
-886
-1129
-1401
-1703
-1985
-2184
-2363
-2481
-2560
-2602
-2632
-2635
-2626
-2467
-2273
-2105
-1939
-1797
-1594
-1395
-1178
-1004
-863
-720
-596
-562
-537
-519
-489
-552
-748
-853
-963
-1087
-1251
-1439
-1600
-1687
-1783
-1889
-1944
-1893
-1815
-1791
-1771
-1698
-1521
-1353
-1221
-1106
-1014
-872
-755
-662
-556
-462
-351
-238
-146
-4
127
294
462
567
706
836
943
991
1061
1100
1140
1119
1088
1091
1127
1191
1280
1394
1601
1820
2060
2280
2516
2778
2988
3171
3288
3470
3577
3654
3625
3575
3535
3450
3281
3077
2863
2585
2200
1671
1127
596
75
-426
-960
-1420
-1798
-2146
-2360
-2494
-2519
-2414
-2261
-2073
-1839
-1565
-1240
-950
-635
-350
-43
177
337
492
611
712
787
869
912
924
925
863
801
700
576
426
158
-106
-407
-713
-1049
-1431
-1730
-1996
-2217
-2425
-2586
-2686
-2791
-2875
-2917
-2973
-2984
-2910
-2817
-2670
-2555
-2350
-2117
-1874
-1585
-1312
-1046
-804
-553
-361
-244
-202
-202
-260
-436
-635
-847
-1064
-1276
-1526
-1760
-1941
-2038
-2088
-2136
-2124
-2046
-1909
-1781
-1708
-1584
-1439
-1252
-1181
-1152
-1044
-927
-811
-738
-643
-470
-297
-101
86
287
541
745
911
1044
1154
1274
1351
1329
1306
1300
1273
1252
1230
1252
1335
1441
1575
1762
1977
2215
2490
2746
2963
3133
3309
3421
3540
3594
3617
3644
3602
3532
3445
3304
3089
2810
2429
1993
1447
903
382
-210
-730
-1217
-1636
-2011
-2320
-2490
-2564
-2497
-2376
-2183
-1954
-1678
-1363
-1081
-778
-500
-262
-25
152
292
437
583
693
782
860
930
983
1002
970
937
837
703
494
254
-56
-369
-726
-1097
-1429
-1745
-2020
-2276
-2457
-2594
-2664
-2738
-2857
-2945
-2921
-2798
-2682
-2575
-2502
-2345
-2139
-1938
-1690
-1428
-1147
-948
-732
-591
-448
-260
-165
-192
-339
-452
-582
-747
-963
-1205
-1371
-1575
-1752
-1898
-1954
-1963
-1935
-1917
-1895
-1778
-1619
-1428
-1335
-1230
-1126
-1003
-904
-806
-714
-590
-498
-389
-279
-110
106
288
473
654
890
1075
1260
1403
1525
1594
1620
1635
1607
1619
1628
1602
1596
1652
1748
1881
2085
2263
2467
2743
2981
3234
3492
3699
3831
3909
3952
4000
3957
3853
3659
3355
2992
2536
2026
1421
840
257
-296
-801
-1262
-1657
-1974
-2209
-2353
-2393
-2325
-2187
-2071
-1906
-1708
-1486
-1226
-973
-729
-533
-309
-84
104
348
559
748
969
1117
1255
1376
1410
1465
1438
1345
1198
983
708
408
98
-268
-623
-947
-1261
-1503
-1740
-1965
-2108
-2143
-2172
-2193
-2214
-2263
-2337
-2502
-2596
-2630
-2614
-2618
-2606
-2532
-2386
-2170
-1904
-1594
-1230
-886
-594
-345
-160
-5
52
-31
-235
-472
-737
-1000
-1307
-1622
-1863
-2014
-2108
-2134
-2079
-1935
-1764
-1605
-1467
-1286
-1087
-896
-791
-749
-704
-688
-678
-669
-642
-592
-504
-369
-210
13
279
564
844
1061
1247
1416
1587
1689
1756
1786
1794
1781
1810
1835
1888
1993
2143
2346
2515
2779
3054
3338
3600
3809
3981
4151
4264
4314
4275
4174
4044
3800
3508
3109
2605
2017
1360
753
175
-334
-837
-1340
-1788
-2124
-2347
-2437
-2457
-2383
-2304
-2195
-2042
-1844
-1573
-1340
-1073
-850
-604
-357
-130
104
380
637
870
1108
1294
1473
1591
1661
1670
1648
1555
1416
1193
903
607
251
-115
-485
-858
-1185
-1489
-1752
-1971
-2146
-2237
-2292
-2358
-2361
-2303
-2305
-2382
-2508
-2624
-2582
-2483
-2454
-2436
-2351
-2156
-1915
-1660
-1385
-1053
-724
-470
-293
-171
-56
17
-70
-344
-624
-852
-1055
-1350
-1664
-1861
-1952
-2067
-2134
-2077
-1949
-1746
-1605
-1501
-1378
-1210
-1016
-931
-941
-931
-846
-829
-825
-758
-642
-514
-401
-221
-27
192
497
755
941
1075
1232
1426
1497
1516
1562
1583
1629
1639
1666
1803
1972
2147
2328
2524
2784
3090
3382
3602
3813
4010
4183
4293
4345
4401
4383
4281
4057
3814
3506
3057
2468
1801
1158
535
-48
-625
-1210
-1738
-2175
-2502
-2727
-2771
-2738
-2690
-2603
-2444
-2198
-1915
-1611
-1316
-1072
-803
-513
-267
-16
247
519
758
963
1206
1414
1598
1726
1800
1838
1829
1748
1560
1338
1047
692
329
-60
-447
-834
-1210
-1574
-1883
-2123
-2309
-2467
-2569
-2643
-2651
-2649
-2672
-2745
-2857
-2832
-2765
-2647
-2574
-2514
-2343
-2124
-1821
-1524
-1193
-818
-538
-360
-163
-20
52
77
-74
-335
-592
-823
-1059
-1366
-1611
-1806
-1945
-2050
-2110
-2046
-1921
-1784
-1685
-1574
-1411
-1226
-1094
-1037
-999
-978
-915
-863
-865
-782
-677
-544
-376
-192
40
367
668
898
1107
1262
1437
1583
1656
1687
1681
1656
1652
1632
1669
1755
1905
2089
2238
2448
2736
3028
3300
3544
3800
3994
4152
4256
4314
4341
4312
4174
3959
3706
3433
3037
2548
1989
1366
825
254
-273
-815
-1296
-1738
-2144
-2386
-2554
-2623
-2645
-2605
-2519
-2356
-2138
-1856
-1590
-1310
-1037
-723
-419
-142
155
428
713
927
1158
1376
1554
1661
1740
1796
1781
1708
1597
1409
1182
926
615
279
-110
-439
-818
-1151
-1484
-1778
-2003
-2209
-2355
-2484
-2535
-2584
-2624
-2658
-2774
-2916
-2916
-2819
-2713
-2649
-2578
-2387
-2118
-1819
-1489
-1152
-809
-503
-303
-183
-29
78
59
-93
-395
-593
-784
-1035
-1311
-1526
-1670
-1805
-1927
-1951
-1835
-1717
-1598
-1536
-1443
-1287
-1121
-998
-985
-956
-929
-907
-911
-901
-825
-691
-597
-479
-282
-38
279
533
755
975
1199
1407
1561
1680
1751
1802
1812
1848
1860
1888
1929
1994
2092
2223
2367
2566
2826
3044
3238
3446
3671
3827
3969
4058
4108
4039
3828
3580
3271
3014
2755
2399
1899
1343
842
382
-57
-440
-778
-1107
-1452
-1771
-1945
-2019
-2032
-2073
-2084
-2049
-1901
-1720
-1544
-1365
-1128
-861
-618
-351
-57
199
488
692
886
1088
1284
1411
1481
1509
1450
1378
1299
1172
983
754
482
232
-45
-335
-581
-846
-1115
-1345
-1575
-1729
-1905
-2041
-2157
-2268
-2348
-2446
-2570
-2730
-2797
-2762
-2726
-2677
-2593
-2430
-2225
-1927
-1660
-1355
-1022
-748
-501
-400
-270
-170
-166
-286
-490
-676
-814
-1016
-1266
-1431
-1542
-1626
-1720
-1726
-1657
-1552
-1504
-1460
-1396
-1303
-1205
-1156
-1181
-1174
-1137
-1111
-1109
-1071
-944
-807
-682
-552
-340
-113
164
398
608
803
985
1130
1198
1278
1388
1427
1439
1434
1475
1547
1649
1780
1861
2031
2216
2421
2630
2864
3071
3242
3367
3476
3597
3680
3737
3751
3743
3693
3639
3549
3438
3297
3096
2801
2441
2033
1563
1058
547
38
-456
-925
-1390
-1785
-2095
-2273
-2377
-2409
-2365
-2219
-2031
-1831
-1567
-1301
-1025
-759
-508
-315
-107
104
258
414
572
706
842
943
1054
1132
1231
1281
1292
1234
1175
1039
850
607
314
31
-306
-629
-1005
-1326
-1605
-1840
-2085
-2252
-2377
-2446
-2458
-2448
-2466
-2533
-2632
-2667
-2578
-2520
-2490
-2443
-2340
-2166
-1919
-1736
-1453
-1134
-877
-693
-557
-368
-237
-189
-309
-486
-609
-770
-976
-1226
-1393
-1516
-1659
-1812
-1875
-1800
-1696
-1626
-1587
-1498
-1375
-1177
-1086
-1110
-1056
-962
-971
-1001
-955
-883
-771
-688
-599
-410
-150
95
356
554
774
1019
1227
1355
1434
1529
1561
1543
1491
1485
1485
1493
1483
1551
1671
1800
1996
2217
2465
2688
2905
3100
3318
3471
3576
3675
3667
3670
3642
3620
3545
3407
3243
3042
2791
2481
2144
1772
1336
859
389
-73
-534
-962
-1346
-1693
-1983
-2183
-2297
-2353
-2347
-2255
-2127
-1957
-1721
-1478
-1198
-954
-704
-451
-201
21
213
391
553
712
822
929
996
1069
1104
1132
1107
1055
960
839
658
437
178
-75
-337
-657
-957
-1244
-1518
-1768
-2000
-2199
-2319
-2425
-2543
-2592
-2633
-2694
-2775
-2834
-2799
-2704
-2630
-2544
-2425
-2211
-1963
-1713
-1466
-1203
-975
-754
-599
-495
-388
-363
-435
-625
-789
-947
-1073
-1296
-1521
-1656
-1759
-1849
-1902
-1889
-1813
-1692
-1646
-1572
-1455
-1317
-1196
-1191
-1140
-1081
-1047
-1019
-999
-928
-779
-643
-502
-318
-106
170
403
635
881
1088
1261
1391
1476
1517
1539
1544
1530
1513
1548
1566
1637
1722
1848
2044
2243
2472
2694
2928
3183
3409
3552
3682
3816
3883
3864
3827
3762
3610
3407
3177
2931
2539
2111
1694
1204
744
280
-189
-661
-1090
-1467
-1747
-1984
-2198
-2285
-2341
-2342
-2294
-2188
-2029
-1842
-1621
-1415
-1166
-930
-672
-405
-183
37
281
505
695
859
979
1111
1180
1224
1238
1226
1158
1007
864
670
437
200
-69
-344
-614
-905
-1184
-1427
-1648
-1824
-2000
-2119
-2236
-2317
-2364
-2351
-2330
-2381
-2499
-2583
-2548
-2454
-2410
-2382
-2293
-2103
-1900
-1694
-1462
-1167
-945
-781
-680
-585
-447
-426
-525
-746
-932
-1069
-1257
-1512
-1703
-1836
-1910
-2041
-2103
-1993
-1892
-1736
-1662
-1590
-1435
-1265
-1130
-1084
-1027
-953
-941
-959
-950
-874
-752
-650
-564
-384
-178
112
343
543
776
980
1139
1259
1358
1435
1497
1494
1500
1523
1571
1637
1707
1781
1966
2184
2390
2648
2882
3130
3337
3485
3660
3795
3874
3909
3864
3812
3746
3621
3439
3208
2921
2554
2098
1634
1165
654
179
-308
-799
-1229
-1615
-1936
-2192
-2349
-2407
-2459
-2461
-2364
-2193
-2015
-1811
-1573
-1326
-1050
-797
-544
-321
-88
132
341
531
685
851
982
1103
1195
1236
1256
1235
1182
1067
930
757
534
264
-21
-297
-577
-909
-1222
-1477
-1759
-1933
-2103
-2238
-2338
-2400
-2413
-2404
-2379
-2342
-2329
-2386
-2413
-2329
-2215
-2177
-2148
-2072
-1884
-1705
-1536
-1352
-1123
-913
-810
-719
-642
-575
-549
-682
-875
-1052
-1179
-1355
-1578
-1770
-1882
-1952
-2060
-2104
-2027
-1873
-1775
-1693
-1587
-1422
-1227
-1085
-1010
-969
-892
-816
-817
-756
-651
-546
-435
-353
-183
59
271
454
654
854
1093
1255
1372
1467
1545
1575
1591
1625
1660
1729
1817
1889
1994
2187
2411
2655
2907
3178
3385
3561
3769
3928
4003
4059
4027
3967
3855
3668
3458
3169
2812
2369
1905
1399
875
410
-28
-512
-961
-1335
-1699
-1937
-2119
-2256
-2323
-2332
-2286
-2214
-2055
-1861
-1690
-1493
-1281
-1031
-774
-541
-287
-68
179
407
606
808
973
1142
1228
1303
1358
1398
1363
1255
1134
941
740
518
264
-37
-318
-589
-883
-1164
-1414
-1635
-1843
-1994
-2083
-2178
-2234
-2241
-2246
-2235
-2295
-2348
-2397
-2370
-2290
-2265
-2235
-2193
-2059
-1888
-1716
-1489
-1258
-1050
-892
-771
-625
-523
-474
-513
-665
-811
-934
-1102
-1310
-1492
-1638
-1770
-1890
-1969
-1946
-1824
-1741
-1644
-1555
-1398
-1222
-1075
-966
-915
-831
-781
-785
-763
-724
-654
-599
-527
-399
-235
-4
183
386
621
844
1067
1280
1458
1589
1721
1796
1837
1878
1913
1983
2046
2087
2152
2260
2400
2550
2762
2972
3155
3361
3554
3748
3859
3992
4040
4024
3989
3914
3730
3460
3141
2729
2268
1771
1271
782
282
-218
-675
-1044
-1383
-1642
-1829
-1941
-2021
-2038
-1997
-1940
-1796
-1681
-1521
-1354
-1194
-1017
-820
-652
-459
-214
17
230
408
613
825
1016
1140
1278
1382
1434
1447
1380
1350
1212
1014
810
542
282
-9
-328
-610
-872
-1120
-1355
-1546
-1715
-1818
-1923
-1974
-2010
-2039
-2035
-2006
-2029
-2086
-2159
-2195
-2160
-2122
-2111
-2075
-1946
-1819
-1640
-1422
-1195
-992
-786
-654
-527
-442
-382
-382
-487
-644
-823
-956
-1161
-1372
-1518
-1662
-1757
-1852
-1858
-1775
-1658
-1545
-1466
-1305
-1195
-1033
-888
-806
-743
-699
-691
-680
-650
-601
-496
-413
-278
-104
111
305
536
772
1043
1236
1422
1610
1739
1840
1900
1933
1961
2005
2061
2124
2216
2319
2465
2650
2800
3023
3237
3476
3676
3844
4012
4104
4152
4150
4092
3972
3802
3604
3292
2945
2542
2093
1600
1135
706
239
-212
-617
-961
-1261
-1494
-1691
-1815
-1897
-1934
-1923
-1888
-1807
-1684
-1529
-1411
-1210
-1006
-799
-591
-346
-125
87
315
530
724
916
1100
1207
1354
1396
1413
1425
1341
1259
1082
917
731
481
219
-28
-272
-551
-798
-1048
-1238
-1444
-1599
-1730
-1853
-1964
-2068
-2214
-2357
-2450
-2497
-2510
-2526
-2570
-2491
-2347
-2174
-1974
-1765
-1475
-1217
-1031
-786
-576
-420
-319
-272
-309
-413
-477
-598
-732
-938
-1101
-1222
-1361
-1472
-1505
-1473
-1454
-1453
-1398
-1323
-1207
-1137
-1085
-1011
-991
-973
-946
-915
-910
-833
-815
-773
-640
-468
-284
-110
94
313
570
792
1015
1233
1412
1532
1649
1761
1851
1959
2013
2058
2117
2190
2288
2412
2535
2688
2864
3016
3184
3383
3544
3702
3850
3945
4005
4043
4044
3986
3870
3699
3500
3210
2865
2473
2038
1568
1101
624
143
-305
-722
-1106
-1388
-1648
-1807
-1930
-2010
-2024
-1989
-1923
-1822
-1687
-1521
-1310
-1112
-927
-735
-499
-305
-89
105
286
483
680
847
989
1124
1212
1278
1327
1345
1309
1248
1097
916
747
512
279
-17
-312
-594
-866
-1116
-1381
-1612
-1813
-1980
-2115
-2224
-2367
-2501
-2569
-2661
-2690
-2689
-2669
-2591
-2514
-2384
-2191
-1947
-1743
-1518
-1242
-1018
-825
-653
-532
-426
-369
-407
-452
-542
-662
-764
-907
-1059
-1176
-1284
-1342
-1393
-1403
-1390
-1368
-1340
-1293
-1215
-1179
-1131
-1099
-1074
-1059
-1054
-1035
-1014
-976
-920
-823
-697
-514
-303
-81
154
387
639
882
1096
1321
1504
1613
1738
1799
1881
1953
1973
2037
2066
2127
2224
2372
2529
2705
2927
3136
3367
3539
3694
3850
3933
3983
4033
4009
3924
3833
3633
3410
3148
2806
2420
2006
1582
1126
729
277
-142
-530
-897
-1220
-1500
-1712
-1876
-2019
-2078
-2085
-2050
-1954
-1880
-1728
-1547
-1360
-1159
-944
-695
-454
-250
0
192
412
622
790
951
1081
1189
1250
1300
1276
1254
1148
1027
877
693
479
247
-29
-296
-525
-809
-1058
-1303
-1557
-1779
-1981
-2141
-2294
-2429
-2540
-2655
-2767
-2860
-2893
-2866
-2785
-2693
-2590
-2426
-2204
-1974
-1733
-1460
-1198
-960
-784
-627
-505
-407
-387
-466
-539
-659
-784
-930
-1076
-1197
-1335
-1400
-1488
-1518
-1489
-1438
-1416
-1374
-1316
-1263
-1201
-1131
-1109
-1127
-1126
-1171
-1157
-1140
-1104
-1007
-942
-803
-627
-385
-130
122
439
709
968
1218
1455
1619
1791
1872
1912
1976
2025
2031
2074
2072
2123
2239
2359
2492
2682
2916
3127
3348
3527
3702
3886
4004
4032
4056
4035
3956
3759
3519
3231
2876
2476
2021
1543
1104
621
144
-290
-657
-1019
-1364
-1620
-1836
-1948
-2046
-2094
-2104
-2072
-2016
-1895
-1794
-1652
-1478
-1319
-1116
-905
-680
-408
-190
15
288
539
750
947
1114
1235
1344
1401
1387
1338
1257
1142
982
761
518
259
1
-272
-566
-818
-1067
-1274
-1498
-1693
-1855
-2024
-2174
-2269
-2382
-2524
-2655
-2792
-2843
-2830
-2750
-2745
-2665
-2523
-2318
-2082
-1836
-1554
-1271
-1016
-797
-623
-503
-379
-335
-369
-457
-578
-689
-857
-1012
-1184
-1295
-1402
-1494
-1545
-1526
-1474
-1423
-1376
-1336
-1241
-1180
-1109
-1084
-1077
-1098
-1143
-1163
-1185
-1153
-1119
-1052
-969
-801
-583
-355
-70
221
518
809
1087
1333
1565
1733
1817
1886
1931
1934
1961
1957
1939
1951
2027
2156
2264
2433
2678
2911
3156
3388
3597
3822
3988
4089
4113
4117
4081
3958
3772
3525
3248
2899
2537
2088
1652
1240
805
358
-69
-426
-792
-1084
-1389
-1618
-1761
-1910
-1999
-2077
-2071
-2045
-1988
-1900
-1762
-1582
-1408
-1184
-955
-703
-435
-178
71
304
573
776
998
1128
1249
1381
1398
1410
1350
1307
1201
1025
840
640
395
154
-133
-354
-590
-846
-1051
-1261
-1454
-1622
-1779
-1927
-2081
-2242
-2341
-2456
-2526
-2627
-2710
-2713
-2706
-2614
-2532
-2405
-2194
-1967
-1720
-1491
-1209
-968
-762
-603
-512
-436
-384
-402
-515
-617
-754
-894
-1066
-1211
-1316
-1416
-1471
-1536
-1491
-1452
-1427
-1334
-1272
-1198
-1107
-1084
-1071
-1063
-1056
-1054
-1105
-1126
-1114
-1054
-957
-876
-710
-462
-218
47
340
634
921
1207
1446
1658
1851
1959
2076
2115
2116
2159
2192
2218
2261
2335
2431
2591
2778
2995
3223
3448
3670
3879
4041
4187
4267
4264
4247
4119
3932
3669
3355
2962
2478
2021
1487
984
459
5
-434
-864
-1237
-1533
-1737
-1884
-1963
-2049
-2062
-2052
-1999
-1939
-1832
-1705
-1573
-1428
-1249
-1063
-864
-649
-424
-153
117
380
627
887
1080
1295
1434
1537
1612
1622
1588
1447
1314
1118
899
611
351
64
-235
-497
-780
-1015
-1246
-1430
-1604
-1743
-1861
-1936
-2000
-2040
-2082
-2101
-2117
-2150
-2193
-2281
-2313
-2304
-2257
-2227
-2176
-2080
-1942
-1768
-1561
-1359
-1130
-913
-765
-639
-562
-489
-460
-525
-669
-816
-989
-1128
-1326
-1481
-1605
-1698
-1770
-1796
-1743
-1640
-1526
-1422
-1289
-1169
-1037
-923
-823
-782
-753
-751
-748
-744
-772
-785
-741
-656
-544
-351
-133
95
361
645
911
1166
1378
1577
1759
1868
1978
2066
2110
2159
2235
2297
2384
2488
2618
2786
2964
3179
3412
3655
3840
3990
4116
4198
4217
4172
4058
3866
3597
3232
2806
2327
1824
1303
764
243
-227
-631
-1026
-1392
-1671
-1888
-2014
-2091
-2120
-2116
-2089
-2017
-1892
-1776
-1659
-1525
-1362
-1202
-1048
-812
-597
-368
-143
92
322
558
814
1040
1242
1362
1465
1519
1527
1463
1353
1206
985
748
492
195
-83
-393
-673
-945
-1190
-1410
-1593
-1722
-1875
-1968
-2057
-2099
-2149
-2184
-2193
-2189
-2192
-2211
-2287
-2367
-2395
-2356
-2267
-2262
-2225
-2082
-1910
-1723
-1530
-1329
-1101
-932
-839
-708
-631
-588
-644
-744
-877
-1012
-1158
-1343
-1504
-1622
-1673
-1800
-1824
-1801
-1688
-1611
-1549
-1436
-1319
-1175
-1095
-1007
-933
-893
-904
-918
-921
-905
-872
-811
-750
-639
-473
-241
-13
254
535
813
1042
1291
1533
1722
1891
1965
2038
2118
2222
2302
2372
2480
2591
2719
2896
3109
3294
3522
3720
3862
4025
4114
4195
4207
4122
3976
3780
3505
3122
2700
2155
1640
1081
519
0
-499
-982
-1396
-1719
-2018
-2182
-2257
-2349
-2366
-2319
-2239
-2116
-1977
-1815
-1661
-1513
-1344
-1157
-958
-779
-558
-339
-119
118
374
632
854
1053
1256
1398
1515
1568
1579
1550
1419
1264
1048
812
527
233
-100
-433
-712
-989
-1260
-1514
-1680
-1819
-1951
-2035
-2093
-2174
-2220
-2289
-2350
-2384
-2449
-2523
-2551
-2569
-2552
-2499
-2454
-2303
-2092
-1910
-1702
-1458
-1218
-980
-787
-613
-494
-434
-413
-484
-568
-687
-838
-987
-1176
-1353
-1466
-1530
-1566
-1593
-1580
-1527
-1461
-1351
-1257
-1166
-1090
-1042
-1031
-1012
-1032
-1031
-1055
-1073
-1088
-1061
-1017
-945
-778
-594
-372
-115
174
516
821
1109
1379
1624
1810
1966
2098
2176
2274
2310
2314
2349
2405
2492
2590
2729
2943
3140
3382
3603
3848
4070
4223
4376
4449
4441
4354
4174
3924
3599
3164
2693
2081
1478
929
340
-195
-709
-1138
-1535
-1835
-2044
-2179
-2239
-2238
-2224
-2153
-2065
-1958
-1820
-1711
-1593
-1459
-1303
-1143
-940
-782
-541
-326
-72
191
471
746
982
1251
1454
1648
1760
1803
1796
1726
1607
1412
1188
915
602
268
-41
-348
-641
-940
-1167
-1376
-1541
-1705
-1831
-1895
-1993
-2040
-2148
-2211
-2319
-2411
-2499
-2590
-2619
-2625
-2573
-2520
-2389
-2190
-1940
-1706
-1455
-1152
-879
-629
-423
-287
-171
-137
-161
-249
-379
-538
-673
-876
-1055
-1191
-1296
-1379
-1426
-1400
-1393
-1311
-1249
-1154
-1062
-993
-927
-879
-852
-861
-853
-906
-963
-1000
-964
-915
-874
-735
-580
-358
-103
176
479
797
1090
1381
1627
1887
2110
2256
2388
2492
2550
2631
2718
2762
2850
2971
3114
3242
3429
3647
3817
4021
4185
4323
4444
4489
4464
4385
4207
3967
3608
3158
2678
2156
1566
979
396
-130
-630
-1085
-1453
-1773
-1964
-2081
-2133
-2145
-2119
-2015
-1885
-1751
-1594
-1457
-1298
-1150
-992
-876
-687
-479
-310
-126
99
362
610
859
1105
1365
1570
1701
1846
1893
1920
1870
1764
1582
1333
1083
779
481
127
-213
-550
-825
-1095
-1303
-1503
-1661
-1769
-1853
-1893
-1947
-1962
-1948
-1948
-1984
-2058
-2165
-2225
-2253
-2218
-2257
-2219
-2133
-2017
-1851
-1649
-1437
-1154
-926
-713
-509
-322
-159
-96
-54
-137
-241
-355
-507
-708
-873
-982
-1158
-1307
-1376
-1404
-1338
-1303
-1226
-1133
-1015
-914
-807
-684
-652
-602
-576
-568
-572
-570
-537
-510
-481
-394
-272
-73
141
370
636
960
1228
1511
1815
2082
2316
2501
2666
2801
2941
3009
3098
3180
3265
3357
3426
3540
3671
3822
3912
4036
4179
4271
4317
4313
4222
4106
3892
3610
3238
2773
2276
1710
1097
532
-17
-546
-1073
-1532
-1840
-2093
-2237
-2334
-2355
-2318
-2220
-2067
-1869
-1680
-1475
-1282
-1081
-887
-719
-564
-416
-256
-68
135
293
494
684
925
1111
1292
1476
1634
1724
1746
1738
1659
1550
1364
1154
856
551
238
-98
-420
-778
-1071
-1335
-1552
-1721
-1870
-1984
-2044
-2073
-2090
-2085
-2130
-2237
-2311
-2307
-2293
-2324
-2372
-2354
-2338
-2206
-2054
-1894
-1651
-1433
-1187
-955
-717
-477
-272
-157
-120
-145
-142
-219
-380
-532
-711
-857
-1028
-1180
-1254
-1294
-1327
-1336
-1316
-1223
-1139
-1056
-978
-918
-858
-812
-790
-817
-805
-805
-826
-833
-831
-766
-645
-532
-363
-128
153
425
714
1032
1369
1638
1874
2092
2314
2468
2596
2692
2764
2831
2872
2935
3007
3099
3210
3347
3467
3605
3775
3897
4023
4121
4186
4163
4042
3912
3679
3377
2974
2484
1944
1421
859
317
-227
-710
-1146
-1521
-1823
-2043
-2148
-2201
-2208
-2197
-2094
-1942
-1767
-1605
-1455
-1291
-1154
-1010
-865
-704
-545
-415
-260
-75
155
370
584
784
1006
1205
1379
1493
1591
1645
1600
1539
1387
1204
959
699
418
57
-235
-544
-841
-1121
-1393
-1571
-1750
-1861
-1947
-2019
-2042
-2064
-2058
-2051
-2066
-2107
-2241
-2333
-2347
-2311
-2324
-2391
-2318
-2204
-2053
-1866
-1668
-1385
-1152
-901
-708
-533
-345
-215
-181
-261
-331
-434
-539
-712
-890
-1015
-1179
-1313
-1381
-1424
-1377
-1333
-1291
-1216
-1103
-963
-869
-789
-696
-688
-677
-680
-689
-684
-684
-678
-687
-626
-508
-333
-128
144
427
708
1029
1364
1721
2036
2302
2523
2694
2850
2968
3053
3092
3141
3171
3230
3277
3392
3522
3640
3751
3885
4017
4131
4168
4148
4098
3925
3700
3341
2861
2323
1788
1156
514
-109
-726
-1244
-1748
-2130
-2403
-2569
-2635
-2671
-2591
-2451
-2244
-2054
-1777
-1539
-1318
-1087
-927
-777
-653
-507
-377
-234
-92
76
251
467
664
890
1145
1317
1507
1670
1778
1837
1833
1737
1569
1356
1039
721
362
-25
-414
-781
-1145
-1445
-1706
-1936
-2061
-2148
-2207
-2221
-2227
-2178
-2175
-2189
-2249
-2294
-2292
-2296
-2334
-2389
-2414
-2337
-2229
-2107
-1875
-1634
-1409
-1152
-894
-659
-398
-177
-79
-63
-73
-110
-206
-355
-543
-749
-916
-1091
-1247
-1339
-1367
-1375
-1376
-1324
-1238
-1088
-985
-912
-817
-761
-731
-730
-722
-703
-721
-768
-782
-763
-655
-576
-424
-228
50
344
625
976
1311
1687
1964
2227
2442
2624
2777
2891
2940
2978
3031
3059
3124
3219
3335
3465
3552
3682
3854
4000
4145
4240
4227
4152
4035
3821
3499
3069
2571
2024
1392
797
196
-381
-961
-1438
-1853
-2176
-2361
-2506
-2526
-2498
-2387
-2233
-2036
-1824
-1638
-1458
-1247
-1081
-923
-751
-618
-480
-352
-199
-20
165
373
633
863
1070
1332
1525
1706
1817
1851
1872
1798
1648
1469
1196
881
537
161
-189
-556
-881
-1209
-1453
-1723
-1888
-2005
-2081
-2097
-2114
-2089
-2047
-2088
-2194
-2284
-2310
-2272
-2308
-2380
-2440
-2398
-2293
-2166
-1983
-1771
-1477
-1222
-1018
-744
-473
-228
-64
-11
-34
-64
-110
-282
-454
-623
-811
-1008
-1210
-1312
-1329
-1354
-1389
-1344
-1280
-1151
-1039
-932
-838
-772
-754
-753
-769
-776
-755
-801
-826
-867
-808
-735
-646
-453
-241
25
283
606
950
1294
1620
1896
2137
2371
2553
2673
2775
2835
2912
2987
2993
3049
3146
3286
3414
3556
3736
3865
4006
4102
4156
4170
4099
3946
3690
3364
2936
2426
1866
1274
693
75
-490
-1050
-1526
-1900
-2198
-2403
-2535
-2563
-2524
-2430
-2299
-2099
-1878
-1697
-1519
-1317
-1157
-968
-815
-680
-532
-388
-224
-23
184
406
635
888
1135
1354
1549
1694
1843
1871
1854
1770
1620
1403
1113
839
485
115
-250
-617
-940
-1235
-1508
-1724
-1894
-2008
-2066
-2124
-2137
-2091
-2079
-2081
-2125
-2196
-2235
-2267
-2313
-2338
-2384
-2344
-2300
-2209
-2047
-1858
-1614
-1369
-1085
-863
-620
-398
-213
-103
-69
-84
-152
-266
-410
-579
-803
-964
-1141
-1261
-1363
-1422
-1435
-1410
-1353
-1268
-1140
-1056
-943
-870
-824
-765
-753
-759
-755
-806
-831
-840
-829
-770
-668
-522
-330
-101
146
445
747
1078
1373
1667
1951
2189
2369
2533
2659
2756
2845
2906
2961
3042
3166
3295
3411
3535
3667
3812
3938
4019
4083
4066
3981
3799
3604
3315
2928
2430
1868
1346
790
214
-346
-894
-1356
-1772
-2115
-2320
-2456
-2501
-2524
-2465
-2363
-2191
-1971
-1789
-1619
-1454
-1252
-1100
-921
-765
-584
-439
-291
-94
123
363
560
810
1039
1218
1421
1563
1681
1736
1690
1651
1511
1329
1059
766
467
96
-254
-589
-921
-1202
-1462
-1670
-1836
-1964
-2058
-2121
-2135
-2104
-2094
-2078
-2120
-2189
-2228
-2287
-2274
-2259
-2277
-2312
-2271
-2144
-1979
-1782
-1576
-1314
-1070
-817
-582
-386
-174
-29
-16
-58
-99
-166
-308
-515
-711
-888
-1108
-1262
-1354
-1415
-1417
-1438
-1417
-1342
-1240
-1120
-1043
-943
-864
-815
-796
-784
-762
-774
-793
-840
-804
-770
-684
-541
-373
-204
11
286
552
850
1129
1411
1639
1854
2067
2235
2395
2478
2566
2653
2728
2809
2903
2987
3104
3265
3378
3540
3668
3777
3860
3913
3904
3803
3676
3469
3195
2797
2325
1807
1261
755
207
-331
-809
-1240
-1640
-1944
-2148
-2313
-2341
-2363
-2328
-2213
-2083
-1928
-1767
-1592
-1417
-1273
-1118
-949
-765
-613
-479
-288
-89
101
307
546
764
1000
1217
1389
1507
1620
1670
1666
1636
1493
1306
1062
823
525
197
-109
-459
-744
-1034
-1266
-1488
-1630
-1792
-1875
-1947
-1955
-1985
-2066
-2128
-2226
-2273
-2277
-2259
-2325
-2389
-2345
-2246
-2135
-1997
-1814
-1569
-1329
-1091
-864
-584
-358
-176
-48
16
32
12
-23
-168
-257
-404
-587
-722
-855
-940
-1016
-1079
-1121
-1118
-1063
-1021
-949
-905
-875
-842
-844
-842
-843
-855
-880
-907
-899
-867
-819
-740
-632
-481
-287
-102
112
336
604
853
1058
1272
1477
1660
1830
1960
2074
2208
2307
2412
2511
2659
2792
2931
3083
3253
3393
3532
3681
3767
3842
3879
3845
3753
3638
3420
3134
2802
2413
1989
1526
1069
606
145
-297
-686
-1084
-1380
-1616
-1835
-1936
-2011
-2044
-2042
-1990
-1906
-1782
-1666
-1550
-1408
-1262
-1067
-909
-726
-519
-313
-108
109
333
551
770
976
1147
1325
1437
1525
1591
1596
1572
1468
1320
1168
938
708
462
168
-101
-343
-571
-807
-1023
-1228
-1361
-1501
-1602
-1682
-1746
-1800
-1845
-1858
-1909
-1965
-2037
-2089
-2115
-2112
-2068
-2025
-1988
-1866
-1690
-1492
-1282
-1054
-826
-584
-393
-219
-64
36
87
85
18
-82
-183
-301
-452
-585
-707
-798
-909
-956
-977
-945
-920
-881
-782
-718
-654
-607
-534
-526
-513
-516
-545
-549
-543
-548
-525
-500
-429
-333
-195
-20
188
392
611
874
1153
1416
1672
1882
2055
2248
2407
2549
2666
2764
2856
2970
3055
3168
3293
3433
3558
3630
3772
3854
3887
3871
3818
3728
3509
3262
2887
2501
2076
1578
1072
581
66
-423
-852
-1263
-1617
-1850
-2039
-2168
-2208
-2213
-2129
-2025
-1887
-1727
-1547
-1344
-1161
-989
-831
-655
-477
-320
-145
34
211
398
590
788
1006
1187
1356
1489
1615
1707
1707
1709
1630
1515
1317
1123
842
580
288
-40
-332
-623
-906
-1130
-1335
-1503
-1616
-1742
-1819
-1818
-1813
-1869
-1893
-1949
-2003
-2012
-2001
-2002
-2023
-2029
-1956
-1874
-1748
-1570
-1387
-1167
-968
-748
-529
-317
-122
12
65
121
125
83
22
-84
-199
-363
-486
-612
-733
-810
-875
-912
-958
-924
-899
-861
-782
-729
-684
-669
-646
-626
-624
-624
-631
-608
-599
-560
-503
-424
-298
-197
-46
130
333
549
761
1010
1206
1419
1601
1801
1950
2098
2227
2341
2431
2516
2634
2708
2832
2952
3065
3206
3365
3493
3589
3657
3705
3692
3653
3524
3318
3058
2710
2302
1870
1415
923
435
-48
-510
-928
-1290
-1557
-1774
-1955
-2036
-2044
-2026
-1980
-1878
-1723
-1579
-1429
-1291
-1140
-953
-818
-654
-493
-357
-216
-56
131
306
518
697
863
1072
1225
1378
1464
1510
1562
1558
1483
1342
1183
957
705
444
162
-149
-449
-698
-960
-1165
-1350
-1502
-1640
-1700
-1726
-1762
-1752
-1783
-1809
-1873
-1923
-1937
-1947
-1961
-1983
-1998
-1987
-1905
-1782
-1624
-1445
-1252
-1093
-845
-612
-409
-201
-60
52
72
89
68
21
-109
-236
-374
-507
-651
-781
-839
-912
-964
-975
-947
-900
-804
-746
-677
-620
-587
-556
-514
-521
-532
-526
-559
-596
-581
-547
-481
-369
-295
-175
12
193
398
635
848
1049
1288
1507
1698
1856
2027
2152
2266
2364
2460
2576
2632
2751
2833
2943
3060
3178
3289
3360
3416
3424
3423
3361
3232
3045
2778
2467
2100
1692
1261
818
349
-128
-490
-876
-1203
-1497
-1709
-1859
-1960
-2023
-2020
-1951
-1857
-1723
-1600
-1482
-1334
-1165
-1023
-867
-766
-608
-453
-267
-124
33
211
377
555
726
885
1021
1173
1267
1324
1326
1331
1293
1197
1021
862
644
373
139
-140
-367
-651
-876
-1095
-1269
-1414
-1555
-1627
-1700
-1744
-1759
-1780
-1811
-1866
-1920
-1929
-1912
-1905
-1940
-1938
-1910
-1828
-1723
-1582
-1434
-1255
-1037
-859
-661
-470
-270
-107
-18
0
35
20
-4
-59
-205
-296
-432
-570
-684
-752
-804
-857
-877
-875
-841
-830
-772
-716
-684
-642
-628
-611
-617
-618
-642
-680
-657
-667
-612
-566
-491
-381
-252
-94
101
307
508
729
919
1125
1299
1485
1627
1794
1896
1995
2089
2148
2207
2286
2346
2431
2545
2659
2785
2887
3011
3098
3132
3163
3130
3042
2939
2762
2526
2223
1861
1485
1090
689
265
-131
-521
-881
-1188
-1424
-1618
-1763
-1830
-1900
-1885
-1841
-1764
-1669
-1568
-1445
-1322
-1194
-1059
-949
-797
-679
-574
-460
-296
-156
9
160
326
508
652
806
921
1025
1103
1162
1109
1086
998
868
708
492
265
52
-176
-431
-668
-888
-1068
-1244
-1361
-1484
-1558
-1627
-1654
-1685
-1675
-1659
-1648
-1654
-1725
-1737
-1730
-1733
-1758
-1748
-1756
-1698
-1598
-1492
-1330
-1182
-1006
-829
-676
-480
-327
-205
-111
-65
-64
-74
-93
-170
-260
-367
-495
-591
-715
-787
-814
-870
-905
-887
-845
-821
-755
-692
-636
-606
-547
-536
-516
-477
-454
-464
-456
-472
-474
-410
-386
-288
-206
-109
18
198
403
581
754
954
1152
1322
1527
1673
1797
1922
2046
2150
2219
2300
2361
2433
2517
2593
2648
2709
2770
2789
2827
2814
2758
2689
2573
2428
2215
1971
1671
1373
1025
697
316
-94
-400
-757
-1050
-1306
-1525
-1653
-1771
-1830
-1867
-1821
-1746
-1685
-1572
-1449
-1333
-1187
-1056
-941
-800
-689
-577
-399
-289
-177
-48
88
236
327
447
585
667
735
806
833
839
812
780
658
533
403
209
19
-179
-383
-615
-799
-1016
-1255
-1427
-1583
-1741
-1853
-1936
-2006
-2040
-2090
-2079
-2029
-1974
-1870
-1787
-1665
-1559
-1439
-1309
-1153
-1047
-907
-791
-710
-571
-493
-405
-339
-295
-260
-209
-189
-183
-209
-225
-243
-272
-301
-358
-385
-459
-526
-566
-632
-704
-744
-810
-853
-877
-900
-960
-977
-935
-881
-858
-792
-719
-669
-544
-442
-342
-232
-119
1
118
213
352
445
525
620
725
821
909
1002
1072
1174
1271
1350
1462
1576
1680
1786
1866
1979
2073
2177
2259
2336
2393
2448
2465
2466
2436
2389
2295
2191
2096
1940
1747
1559
1329
1066
845
576
311
43
-220
-463
-671
-895
-1036
-1182
-1333
-1426
-1469
-1465
-1475
-1443
-1419
-1357
-1287
-1195
-1083
-987
-868
-724
-602
-466
-350
-224
-61
43
143
244
334
428
488
545
550
552
529
504
466
368
286
180
33
-113
-229
-413
-576
-754
-941
-1124
-1303
-1456
-1587
-1734
-1818
-1896
-1972
-2001
-1990
-1952
-1891
-1779
-1716
-1570
-1422
-1257
-1116
-985
-850
-744
-642
-548
-471
-419
-368
-350
-290
-270
-268
-231
-232
-216
-200
-232
-219
-244
-247
-286
-341
-407
-448
-505
-573
-627
-709
-741
-802
-852
-853
-856
-854
-829
-787
-742
-661
-553
-437
-323
-214
-62
68
187
307
430
502
608
720
824
908
989
1096
1195
1262
1358
1468
1554
1657
1719
1820
1901
1987
2055
2126
2195
2239
2251
2272
2256
2230
2177
2102
1995
1846
1732
1549
1381
1180
946
753
516
308
58
-174
-378
-553
-754
-908
-1045
-1174
-1245
-1325
-1299
-1326
-1339
-1280
-1256
-1174
-1086
-1010
-896
-786
-685
-563
-440
-339
-225
-115
-26
91
187
257
320
375
400
419
442
397
392
357
270
194
92
-35
-161
-283
-453
-659
-816
-961
-1133
-1271
-1435
-1565
-1667
-1742
-1784
-1793
-1780
-1759
-1681
-1583
-1484
-1349
-1257
-1126
-1010
-890
-773
-663
-557
-492
-409
-368
-293
-254
-211
-167
-145
-152
-102
-86
-106
-80
-92
-138
-153
-178
-235
-277
-346
-418
-513
-549
-598
-658
-728
-742
-765
-777
-791
-766
-715
-650
-583
-503
-401
-331
-254
-159
-27
60
174
250
331
392
465
563
615
680
747
805
878
978
1029
1106
1168
1242
1303
1362
1433
1455
1490
1511
1546
1577
1601
1611
1617
1640
1622
1646
1661
1657
1630
1593
1552
1483
1401
1282
1190
1060
888
709
519
345
158
-38
-252
-427
-601
-759
-868
-967
-1053
-1103
-1132
-1139
-1128
-1090
-1058
-979
-942
-877
-788
-715
-649
-549
-488
-417
-349
-284
-242
-180
-113
-68
12
52
78
103
107
136
105
97
20
-67
-122
-257
-366
-521
-661
-839
-999
-1115
-1245
-1360
-1445
-1497
-1533
-1551
-1553
-1531
-1484
-1420
-1333
-1227
-1141
-1026
-949
-860
-758
-701
-620
-553
-488
-443
-395
-366
-318
-268
-225
-185
-147
-82
-89
-91
-74
-65
-93
-117
-169
-226
-258
-305
-385
-450
-481
-507
-551
-612
-630
-639
-611
-614
-580
-535
-482
-393
-341
-259
-200
-100
-25
58
124
205
257
301
364
392
439
471
514
556
625
657
714
786
836
901
972
1026
1082
1160
1189
1193
1230
1244
1286
1287
1283
1299
1302
1318
1343
1340
1358
1359
1331
1312
1275
1220
1165
1099
937
818
701
551
338
179
23
-166
-348
-483
-609
-747
-833
-928
-974
-998
-1001
-1002
-981
-923
-877
-842
-785
-734
-668
-611
-558
-479
-461
-430
-351
-331
-286
-220
-179
-128
-93
-33
-18
7
20
-6
3
-53
-109
-165
-285
-360
-465
-586
-687
-813
-922
-1027
-1094
-1171
-1246
-1250
-1248
-1249
-1211
-1161
-1133
-1069
-985
-937
-865
-776
-715
-620
-593
-530
-474
-416
-366
-341
-267
-254
-205
-181
-168
-124
-135
-87
-77
-85
-94
-105
-122
-176
-201
-221
-261
-325
-358
-402
-438
-468
-480
-488
-492
-495
-481
-457
-423
-392
-335
-278
-229
-162
-89
-30
15
87
127
173
226
269
319
346
394
435
482
512
540
569
623
644
669
730
751
781
796
822
866
883
895
928
914
928
940
964
964
988
1006
1013
1007
1020
1028
993
946
914
894
788
690
581
472
333
225
94
-36
-186
-307
-437
-545
-611
-667
-722
-775
-811
-817
-802
-778
-753
-740
-744
-704
-672
-657
-640
-594
-550
-517
-483
-451
-414
-401
-363
-342
-293
-277
-228
-213
-216
-223
-212
-209
-215
-253
-310
-353
-452
-485
-547
-625
-682
-772
-805
-869
-923
-935
-952
-943
-922
-922
-887
-841
-802
-741
-684
-606
-577
-526
-457
-424
-353
-327
-304
-270
-234
-212
-182
-162
-154
-142
-124
-115
-101
-96
-104
-107
-111
-118
-126
-158
-149
-173
-204
-180
-221
-204
-209
-237
-213
-211
-209
-204
-191
-134
-115
-87
-29
2
41
61
114
156
189
221
263
299
310
364
393
413
472
479
487
512
545
599
594
625
628
639
663
671
707
704
734
738
740
754
761
764
749
736
720
689
696
681
644
607
537
503
418
356
312
233
151
66
-24
-96
-178
-239
-334
-420
-455
-500
-555
-622
-664
-689
-713
-715
-730
-760
-752
-753
-736
-715
-699
-675
-629
-603
-566
-558
-501
-497
-469
-424
-422
-389
-387
-368
-361
-342
-359
-357
-353
-377
-383
-413
-435
-451
-479
-501
-529
-530
-541
-560
-571
-553
-580
-567
-578
-563
-552
-552
-523
-500
-460
-473
-410
-394
-357
-309
-288
-233
-207
-162
-131
-88
-77
-45
-28
3
15
23
39
18
33
34
58
46
77
57
69
85
60
71
94
111
99
119
139
144
169
211
225
246
263
271
289
316
334
384
401
448
466
517
520
541
573
587
615
611
631
635
630
640
657
641
633
639
619
615
631
614
612
604
583
574
561
555
571
527
528
512
491
434
407
422
356
324
299
235
186
106
70
-11
-55
-77
-155
-173
-227
-265
-320
-367
-381
-382
-431
-447
-479
-493
-495
-511
-507
-520
-530
-504
-497
-484
-484
-475
-424
-453
-421
-391
-375
-348
-327
-324
-290
-258
-270
-249
-277
-257
-273
-287
-308
-320
-333
-361
-344
-347
-348
-366
-376
-374
-383
-409
-391
-388
-369
-372
-349
-319
-319
-293
-289
-276
-246
-231
-210
-183
-162
-160
-116
-59
-69
-45
-19
-3
19
17
30
34
44
67
64
96
96
106
130
155
162
171
171
190
207
167
163
182
201
171
162
198
237
242
245
261
265
290
293
307
334
345
364
375
374
396
436
443
451
465
433
459
471
461
478
461
458
458
470
447
445
428
437
436
407
425
422
411
415
435
407
392
377
377
372
342
362
341
300
281
272
253
238
201
167
157
140
134
100
90
66
56
29
15
-18
-58
-76
-49
-80
-90
-118
-148
-148
-159
-153
-182
-191
-192
-194
-200
-205
-203
-174
-171
-165
-165
-158
-143
-125
-122
-124
-125
-82
-99
-99
-105
-112
-67
-114
-88
-84
-74
-48
-38
-63
-69
-31
-36
-45
-40
-20
-30
-32
-7
-8
-20
-6
-10
19
10
11
42
39
67
42
46
62
96
86
109
123
116
140
124
126
142
138
149
170
183
205
202
200
218
214
256
256
248
259
257
252
258
270
257
286
280
263
275
275
273
279
296
277
307
308
319
329
316
328
321
343
329
339
342
326
327
313
331
330
347
333
339
318
333
339
306
316
310
309
317
313
286
304
300
296
275
261
279
287
274
241
249
236
232
240
247
221
214
206
199
191
194
190
154
179
143
124
105
125
143
102
115
87
79
80
54
56
55
61
64
45
45
84
53
38
34
36
39
40
25
60
64
48
42
12
37
48
56
39
5
15
7
29
45
33
61
63
61
77
70
91
78
80
95
84
106
112
111
109
106
103
107
119
158
135
140
148
156
200
185
179
185
214
210
235
223
213
210
221
208
206
219
199
210
190
170
195
198
189
213
192
199
228
218
224
234
245
232
268
278
252
251
259
268
261
282
291
267
289
277
268
298
307
324
318
332
331
313
303
312
304
274
267
276
247
210
235
229
206
202
193
204
217
219
193
193
205
185
174
184
180
196
209
171
173
177
174
174
159
157
149
151
166
137
117
143
134
143
148
123
123
135
127
123
110
81
131
108
84
114
114
105
105
111
103
106
79
115
93
62
98
107
98
97
136
116
95
104
111
111
105
125
106
118
104
97
107
86
107
89
94
81
104
91
94
90
70
92
93
111
95
110
106
94
102
109
98
143
133
115
139
138
154
151
161
158
173
170
173
191
179
196
164
178
173
167
170
149
163
140
167
140
156
183
179
167
173
181
174
186
169
175
197
201
202
182
194
202
194
199
169
204
207
198
221
203
202
205
215
187
190
196
196
210
192
168
189
186
186
187
182
215
206
174
184
202
199
192
181
179
164
164
155
158
156
166
165
180
189
154
162
172
170
171
181
170
190
178
167
168
169
169
152
168
135
125
119
127
126
124
142
127
118
133
137
144
150
131
148
141
146
132
118
135
137
133
127
139
146
136
142
128
132
133
107
135
121
124
142
116
110
126
126
133
147
136
123
129
132
122
158
136
142
155
104
151
159
128
120
140
148
151
115
127
141
113
126
145
137
141
143
133
142
129
133
137
123
148
140
145
163
143
146
181
157
168
169
137
170
165
182
163
145
162
145
176
169
178
200
160
166
168
175
189
170
168
160
183
160
154
161
166
136
150
174
159
161
157
166
160
157
175
161
162
138
147
153
147
147
140
157
158
146
147
138
110
133
154
144
132
120
116
91
140
109
83
98
85
95
104
107
121
90
102
115
98
114
112
95
98
81
59
48
46
38
6
27
-19
-27
-22
-17
-47
-36
-33
-40
-36
-27
-29
-43
-18
-21
4
-14
-16
2
4
-13
11
13
1
-4
10
-14
-8
0
-21
-16
-2
7
39
30
21
5
42
31
21
28
8
35
-4
-5
8
31
18
11
23
47
36
41
46
31
39
47
46
50
41
65
97
93
83
79
67
57
60
65
47
30
55
21
25
45
10
32
41
32
44
47
46
24
38
47
50
63
73
87
34
58
79
72
72
49
46
65
43
42
57
56
69
37
41
35
39
17
45
16
0
13
16
-7
26
35
18
52
14
26
29
41
39
8
15
8
28
37
24
19
42
37
22
16
36
32
-3
4
11
-1
-5
18
-1
-2
10
-5
20
21
-12
15
-3
-26
-16
-9
-25
12
27
-1
-3
1
17
19
14
0
36
43
35
40
32
27
30
19
35
22
39
16
9
22
25
14
4
29
38
37
10
14
14
13
10
30
12
38
44
27
30
28
29
20
34
39
26
24
49
53
46
64
51
35
59
56
49
47
53
55
41
32
41
43
53
54
59
72
57
62
52
68
66
73
64
57
46
51
58
72
75
68
56
51
75
55
48
61
72
58
95
67
81
78
67
80
78
70
79
92
84
90
65
66
70
92
74
97
96
89
60
87
90
75
79
64
87
59
55
70
66
62
71
65
65
93
70
62
76
62
69
81
88
81
79
96
87
85
97
82
85
62
75
89
89
109
87
74
97
111
101
81
101
108
118
95
83
115
84
97
91
103
108
88
97
103
105
115
101
84
98
88
94
99
116
96
93
92
104
114
112
101
124
101
122
116
93
106
116
132
116
96
112
109
110
125
134
125
115
125
117
118
128
153
144
123
153
141
115
143
140
130
123
139
125
133
134
142
161
124
150
128
131
146
143
156
139
166
163
171
161
181
163
160
180
176
158
137
171
160
169
141
138
124
119
142
141
145
139
139
130
131
127
121
121
100
134
144
142
138
143
139
141
149
151
139
118
144
115
126
153
156
145
117
132
106
131
129
112
132
104
113
98
84
103
98
113
88
90
122
85
73
103
114
81
82
100
101
93
89
80
78
72
88
101
118
114
75
82
86
83
90
85
92
77
75
83
66
66
72
74
74
77
86
77
77
84
67
52
71
70
72
82
75
49
75
72
79
73
63
68
71
79
74
75
58
86
61
65
79
54
63
68
79
87
49
84
45
43
64
68
67
68
68
47
51
58
66
60
33
32
25
36
34
42
61
55
56
30
44
54
57
29
8
34
14
2
5
15
39
33
30
43
37
30
51
35
34
21
27
28
28
20
16
20
17
31
20
23
29
16
8
-4
9
0
12
4
15
16
-7
11
11
17
-2
-6
-6
-14
-6
0
-13
8
-19
-4
9
-21
-13
-36
-30
-22
-3
-31
-14
-38
-16
-40
-42
-24
-41
-20
-31
-44
-35
-37
-43
-49
-32
-44
-58
-37
-31
-30
-16
-31
-30
-16
-14
-22
-64
-62
-46
-28
-35
-20
-31
-32
-45
-57
-27
-60
-50
-27
-64
-60
-24
-34
-8
-40
-43
-39
-56
-33
-33
-34
-68
-27
-58
-38
-43
-33
-16
-54
-36
-32
-37
-47
-39
-21
-49
-48
-46
-55
-71
-67
-59
-76
-59
-66
-58
-39
-68
-66
-66
-88
-59
-80
-65
-69
-76
-55
-53
-47
-67
-45
-39
-78
-42
-58
-64
-70
-89
-69
-63
-64
-74
-61
-56
-72
-75
-70
-58
-75
-81
-82
-68
-54
-68
-53
-69
-86
-97
-61
-81
-70
-83
-74
-73
-67
-56
-89
-101
-108
-60
-67
-64
-72
-77
-69
-84
-83
-58
-79
-64
-53
-80
-77
-88
-69
-62
-79
-78
-67
-86
-97
-93
-96
-82
-87
-86
-107
-100
-97
-90
-84
-109
-90
-113
-100
-110
-108
-101
-97
-92
-94
-102
-117
-106
-116
-91
-65
-103
-101
-88
-106
-117
-104
-89
-115
-86
-105
-114
-134
-147
-101
-118
-119
-128
-101
-115
-91
-100
-82
-64
-92
-75
-64
-100
-96
-77
-70
-67
-60
-35
-37
-40
-34
-42
-53
-52
-43
-46
-45
-48
-45
-28
-39
-36
-36
-38
-46
-62
-66
-68
-33
-41
-57
-45
-43
-42
-73
-52
-61
-69
-38
-43
-26
-47
-54
-34
-37
-44
-57
-45
-21
-21
-17
-7
-15
7
3
-2
20
-19
-19
-16
-15
-8
19
3
-35
-15
18
16
-12
-16
-18
-14
-18
1
14
8
7
-3
-21
3
1
-49
-16
-22
-10
-14
-6
-37
-14
-6
-18
-10
-33
-13
-21
-2
-2
-3
4
-9
-4
-1
-14
2
-10
-22
3
16
4
18
-4
13
-12
-18
-4
9
16
23
3
18
23
10
29
6
15
12
17
7
15
44
56
60
46
44
62
40
62
70
72
65
28
21
42
41
33
70
50
34
45
44
32
31
48
58
42
61
62
60
55
43
61
52
62
49
50
58
52
51
37
49
45
35
38
44
60
65
22
49
40
32
58
33
37
50
56
38
36
71
48
57
40
44
69
44
74
70
55
106
60
64
67
80
86
79
82
36
55
53
93
88
101
78
54
52
63
77
52
58
53
57
33
41
66
59
65
81
85
83
83
58
68
58
84
93
94
65
72
74
60
77
106
103
94
89
90
120
85
101
111
118
90
98
115
100
113
82
87
99
94
99
108
97
89
88
93
97
90
102
81
92
87
77
76
84
123
106
105
105
84
92
113
112
83
91
93
91
79
82
107
93
77
85
78
82
106
96
97
106
89
102
112
109
102
106
71
80
82
78
89
97
99
93
75
92
100
69
96
88
71
84
75
75
85
77
70
73
80
67
82
91
85
88
87
82
85
66
72
69
56
92
79
113
119
84
108
93
96
97
114
118
112
110
80
86
112
100
70
83
66
80
89
72
82
74
87
98
84
87
60
96
87
97
103
102
93
122
100
90
82
81
119
101
110
84
94
100
78
69
92
83
97
96
77
71
71
101
81
94
79
72
101
68
97
79
55
62
87
119
75
91
97
97
92
103
76
112
93
78
93
79
75
62
82
90
96
79
104
81
98
94
110
91
100
110
88
121
92
99
100
96
89
73
79
84
82
102
120
91
93
92
92
76
70
74
91
86
69
81
89
71
75
71
77
76
68
97
85
115
94
79
86
70
79
80
77
80
84
60
74
83
79
53
54
68
55
61
39
49
68
67
66
63
72
71
69
76
46
72
65
71
71
74
94
71
90
51
57
47
56
72
43
43
50
63
52
36
44
12
39
36
44
56
51
50
57
53
38
53
20
34
19
43
22
21
36
8
1
3
40
16
7
14
33
29
16
23
26
26
26
30
25
51
61
66
27
25
55
37
27
50
34
26
61
48
46
49
21
38
56
45
75
66
70
58
57
77
50
44
44
44
39
55
53
51
34
63
60
51
66
63
67
4
12
30
39
54
29
45
53
39
53
45
45
62
61
57
76
64
69
60
65
65
48
91
80
73
46
30
78
53
63
62
58
78
54
38
72
48
30
34
37
50
39
48
42
52
43
30
39
46
57
53
57
38
35
44
53
49
44
56
71
48
56
59
63
83
81
59
75
83
84
65
66
56
47
54
70
80
57
83
64
65
64
94
97
99
77
71
67
69
85
93
59
59
58
58
71
64
74
91
93
60
80
64
88
77
71
85
81
86
74
89
89
61
61
60
69
68
63
72
75
109
102
69
73
55
64
82
63
79
77
86
92
77
90
94
80
89
70
74
76
96
91
82
93
93
82
98
96
81
99
94
109
87
104
108
102
103
105
98
93
92
100
99
103
100
76
65
64
84
74
78
73
61
70
82
77
70
62
77
62
64
41
69
60
61
69
66
76
66
69
84
87
75
81
63
58
63
67
74
66
59
68
57
76
106
79
76
62
77
85
105
109
91
110
93
109
96
95
107
101
99
105
102
108
113
119
92
85
98
96
106
92
112
108
105
112
108
122
100
112
108
97
126
123
112
120
110
96
101
90
97
101
97
131
107
98
90
77
96
112
123
96
118
106
109
101
99
93
87
83
106
100
74
82
