-79
-119
-102
-90
-99
-114
-93
-83
-92
-97
-89
-115
-123
-96
-98
-83
-107
-89
-103
-97
-93
-117
-109
-91
-77
-101
-105
-97
-102
-100
-105
-101
-99
-111
-114
-98
-74
-85
-102
-106
-100
-86
-96
-84
-100
-101
-88
-87
-97
-76
-91
-95
-59
-76
-82
-43
-28
-51
-39
-71
-76
-72
-76
-95
-85
-45
-62
-55
-50
-74
-76
-55
-85
-45
-73
-73
-64
-48
-72
-99
-70
-68
-64
-65
-85
-77
-76
-85
-89
-78
-68
-82
-58
-88
-77
-81
-71
-86
-92
-79
-86
-41
-51
-68
-73
-70
-42
-69
-91
-73
-91
-94
-56
-81
-78
-64
-97
-78
-50
-75
-72
-80
-74
-83
-114
-85
-83
-81
-92
-69
-76
-72
-101
-91
-90
-95
-64
-79
-94
-72
-82
-78
-69
-76
-77
-97
-80
-97
-95
-69
-83
-84
-64
-72
-93
-81
-91
-87
-102
-76
-94
-56
-49
-83
-87
-75
-41
-74
-84
-98
-83
-78
-93
-84
-87
-80
-78
-79
-101
-113
-105
-120
-100
-74
-108
-107
-80
-102
-106
-118
-106
-97
-82
-87
-87
-96
-98
-85
-109
-91
-98
-80
-59
-85
-75
-92
-88
-45
-45
-44
-58
-65
-95
-79
-84
-96
-68
-88
-103
-78
-96
-109
-63
-89
-86
-85
-55
-45
-45
-41
-64
-69
-67
-66
-61
-56
-73
-85
-78
-64
-57
-64
-65
-88
-75
-69
-64
-70
-80
-48
-57
-57
-51
-62
-46
-25
-60
-69
-49
-63
-34
-29
-40
-58
-52
-63
-69
-54
-58
-53
-75
-60
-70
-75
-73
-56
-72
-74
-74
-52
-54
-69
-76
-29
-59
-46
-68
-44
-50
-48
-41
-60
-33
-40
-26
-53
-27
-45
-16
-34
-23
-55
-44
-52
-43
-40
-65
-50
-56
-46
-51
-40
-54
-53
-34
-43
-57
-17
-33
-12
-5
-30
-52
-40
-14
-37
-35
-42
-10
-23
-21
-51
-33
-24
-39
-35
-27
-31
-61
-27
-44
-49
-47
-47
-65
-45
-43
-46
-63
-46
-17
-33
-46
-21
-9
1
-30
-37
-33
-35
-33
-52
-39
-53
-62
-30
-37
-82
-52
-43
-55
-35
-25
-58
-57
-34
-51
-41
-26
-27
-17
-20
-24
-26
-23
-5
-12
-17
-6
0
-3
-14
-5
-22
-16
-18
-25
-10
-36
-39
-36
-19
-17
-22
-12
-35
-19
-11
-25
-18
-10
-16
-3
-17
-3
-15
6
-7
-14
9
5
27
-22
-34
1
-13
-20
-25
-34
-21
-32
-6
-23
-11
-22
-18
-7
-22
-12
-7
11
-2
-8
-13
-5
-19
1
-8
-9
0
0
-2
-41
-29
-18
-34
-30
-5
-1
-2
-14
-18
-3
-26
-17
-10
-16
-23
-21
13
2
-2
9
-17
16
6
-1
20
1
16
-14
13
4
-6
-16
-16
-22
-12
-6
16
-23
-38
-4
2
-15
-20
-10
-23
-17
-8
6
0
16
-17
-4
-8
-5
-11
-13
-14
-15
-11
-17
-17
-32
0
-30
-38
-17
-33
-13
-4
-17
6
-42
3
-18
-43
-51
-55
-19
-39
-41
-38
-29
-34
-8
-29
-14
-23
1
-8
-22
7
-16
-20
-24
-7
-25
-34
-40
-52
-40
-26
-34
-31
-43
-34
-54
-46
-45
-54
-31
-49
-46
-40
-30
-46
-37
-44
-36
-36
-55
-48
-22
-45
-45
-68
-63
-40
-54
-56
-47
-53
-40
-28
-64
-32
-37
-58
-38
-39
-40
-30
-32
-43
-44
-39
-54
-54
-35
-55
-42
-40
-43
-55
-56
-44
-47
-61
-63
-68
-69
-56
-80
-66
-53
-27
-63
-69
-41
-47
-49
-64
-40
-61
-54
-58
-61
-97
-102
-62
-58
-60
-63
-54
-68
-63
-68
-64
-32
-71
-81
-67
-47
-58
-68
-70
-57
-53
-70
-74
-64
-77
-73
-64
-62
-70
-66
-70
-67
-55
-60
-51
-63
-54
-64
-55
-52
-40
-52
-38
-48
-64
-21
-32
-46
-43
-47
-42
-34
-29
-40
-64
-32
-35
-60
-42
-47
-59
-47
-67
-55
-70
-58
-61
-86
-74
-52
-58
-64
-43
-27
-48
-41
-52
-61
-61
-96
-60
-43
-31
-48
-56
-53
-51
-55
-70
-47
-59
-76
-48
-50
-52
-51
-57
-47
-61
-42
-36
-76
-55
-48
-57
-50
-54
-52
-42
-70
-55
-54
-69
-58
-66
-29
-41
-55
-63
-61
-59
-62
-39
-64
-53
-54
-60
-54
-49
-49
-37
-17
-36
-37
-37
-52
-43
-42
-44
-48
-58
-44
-37
-44
-52
-61
-47
-44
-32
-51
-40
-29
-50
-48
-25
-65
-44
-39
-22
-41
-44
-24
-13
-19
-25
-25
-18
-21
-31
-11
-25
-9
-23
-35
-10
-20
-25
-32
-27
1
5
6
-17
-5
-15
-21
1
5
-9
4
-2
-5
14
-12
-2
-22
-22
-32
-20
-7
-12
-19
-38
-37
-17
-19
-3
-1
5
-8
-3
6
-21
-9
-20
-13
-28
-7
5
-8
-4
-23
-17
-20
-6
-20
-19
-20
-23
12
3
1
-36
-14
-4
-7
-12
-27
-14
-34
12
33
-2
7
-8
-15
4
25
23
1
-9
-10
-2
21
-8
17
15
17
25
-1
21
20
0
1
2
-17
8
18
2
16
4
27
39
8
33
60
51
42
22
13
39
40
38
12
41
10
25
23
10
18
11
21
8
35
28
19
31
17
17
33
31
33
24
50
30
56
35
31
32
10
7
24
14
7
30
29
31
27
44
23
44
48
17
46
48
41
24
22
37
25
32
42
40
39
45
26
43
34
7
22
35
29
35
23
19
26
32
45
47
40
49
42
25
25
29
37
10
13
22
28
30
20
16
36
28
37
7
12
16
4
20
-1
33
20
26
23
21
-5
16
21
35
14
-5
8
-2
12
3
12
6
17
30
29
8
5
-5
4
0
-2
-2
-9
3
16
-6
14
9
-6
7
7
25
4
16
20
18
34
29
10
32
18
23
25
15
47
38
29
31
43
50
21
23
24
46
36
35
25
51
62
59
53
61
67
10
36
46
45
58
50
54
52
33
33
56
43
36
40
31
63
35
74
52
61
55
47
59
59
54
70
70
60
64
72
69
72
82
90
75
64
49
49
27
42
56
84
68
64
78
60
87
56
61
53
64
89
63
46
51
59
45
53
42
33
70
66
59
54
63
60
63
50
76
66
71
64
75
101
52
62
50
46
62
49
40
72
54
51
40
35
58
33
30
48
33
25
39
37
34
27
40
18
31
50
59
37
52
42
28
56
35
47
54
35
68
48
53
74
60
59
52
64
56
41
51
77
63
45
44
53
70
56
48
67
53
53
67
69
55
59
64
46
63
44
51
76
57
37
71
74
57
53
63
55
36
45
49
57
38
46
50
49
51
44
42
44
51
29
31
39
44
63
46
39
55
60
65
46
47
54
74
65
58
26
45
59
36
41
33
45
26
34
52
32
59
52
46
43
33
50
29
25
40
26
39
17
30
11
1
21
17
24
12
15
35
18
8
21
13
11
27
22
6
16
21
33
40
19
9
18
16
27
-21
-28
-1
7
-14
-21
-7
-30
10
-7
-13
-20
-12
-27
-21
22
-8
-21
-8
18
6
-13
2
16
17
0
-3
-14
13
11
13
-9
-22
18
-15
-10
-3
-7
-25
-10
-34
-23
-19
-26
-23
-20
-22
-32
-20
15
2
-27
-29
-31
-7
-30
-32
-31
-29
-26
-7
-1
-18
4
-35
-23
-36
-35
-12
-29
-27
-20
-29
-49
-51
-29
-38
-25
-38
-24
-12
-26
-40
-39
-24
-58
-38
-21
-49
-45
-59
-67
-55
-46
-39
-36
-44
-45
-25
-44
-38
-24
-23
-46
-8
-26
-36
-22
-45
-30
-36
-59
-29
-13
-39
-20
-14
-26
-16
-41
-58
-52
-57
-51
-43
-27
-46
-57
-41
-45
-53
-55
-70
-67
-58
-58
-74
-59
-45
-90
-63
-70
-42
-26
-81
-74
-65
-70
-84
-107
-93
-77
-58
-69
-68
-81
-82
-52
-66
-55
-72
-77
-72
-61
-68
-68
-66
-73
-55
-69
-81
-72
-82
-78
-101
-99
-84
-86
-78
-80
-70
-73
-63
-75
-68
-59
-87
-84
-82
-70
-83
-68
-70
-71
-77
-98
-101
-94
-83
-75
-82
-74
-70
-86
-60
-81
-97
-76
-92
-98
-96
-102
-82
-65
-59
-70
-88
-92
-76
-83
-86
-84
-60
-68
-109
-105
-93
-112
-95
-106
-136
-107
-126
-112
-120
-121
-116
-120
-103
-114
-98
-98
-114
-94
-95
-108
-114
-114
-92
-124
-96
-72
-76
-81
-70
-69
-97
-89
-100
-71
-77
-86
-102
-102
-78
-90
-95
-100
-74
-63
-85
-63
-84
-101
-92
-76
-82
-94
-69
-77
-73
-70
-85
-63
-76
-74
-72
-80
-101
-90
-84
-88
-79
-80
-100
-84
-73
-86
-94
-111
-89
-72
-68
-99
-89
-68
-83
-76
-108
-98
-91
-103
-78
-83
-95
-96
-76
-89
-72
-89
-82
-66
-95
-87
-64
-79
-79
-87
-60
-77
-86
-92
-88
-85
-81
-72
-74
-97
-97
-71
-62
-75
-83
-61
-70
-85
-86
-58
-76
-53
-57
-70
-92
-102
-97
-93
-79
-63
-86
-77
-65
-100
-97
-94
-76
-70
-80
-85
-87
-77
-88
-108
-76
-99
-82
-98
-115
-109
-127
-96
-104
-69
-90
-122
-85
-93
-100
-87
-89
-116
-80
-90
-82
-85
-91
-72
-69
-68
-105
-67
-93
-93
-75
-76
-97
-74
-83
-97
-81
-102
-110
-77
-108
-102
-95
-119
-100
-105
-99
-87
-90
-114
-95
-85
-86
-112
-85
-93
-80
-71
-74
-72
-73
-62
-79
-90
-105
-71
-105
-106
-109
-104
-86
-99
-99
-105
-106
-102
-94
-98
-100
-106
-107
-91
-84
-96
-109
-99
-97
-81
-87
-100
-86
-87
-97
-110
-101
-91
-115
-97
-97
-111
-125
-122
-112
-118
-118
-119
-119
-107
-124
-121
-129
-150
-120
-128
-120
-125
-121
-129
-98
-105
-111
-109
-115
-97
-108
-118
-126
-127
-119
-97
-107
-105
-141
-123
-103
-122
-144
-123
-101
-124
-95
-123
-83
-106
-130
-125
-132
-113
-102
-118
-131
-125
-124
-128
-115
-118
-117
-107
-105
-107
-106
-93
-90
-120
-130
-108
-100
-88
-131
-117
-112
-108
-79
-119
-104
-90
-71
-93
-103
-110
-105
-105
-119
-95
-128
-83
-106
-118
-110
-105
-115
-128
-114
-119
-113
-106
-92
-94
-96
-117
-119
-133
-104
-112
-112
-125
-109
-121
-143
-123
-129
-128
-138
-148
-164
-133
-123
-124
-129
-130
-120
-118
-108
-142
-106
-94
-108
-97
-115
-106
-103
-96
-111
-107
-110
-98
-85
-131
-106
-109
-109
-125
-115
-110
-130
-107
-124
-117
-115
-122
-131
-126
-134
-132
-107
-107
-114
-126
-118
-93
-87
-112
-127
-103
-122
-114
-117
-136
-133
-118
-109
-132
-122
-141
-122
-113
-135
-128
-135
-144
-132
-147
-142
-143
-141
-138
-133
-130
-127
-120
-111
-127
-128
-113
-138
-132
-157
-144
-126
-117
-126
-126
-127
-145
-138
-140
-148
-144
-171
-185
-158
-154
-161
-171
-175
-178
-155
-164
-158
-152
-150
-163
-146
-181
-178
-156
-147
-153
-159
-141
-151
-152
-189
-169
-167
-185
-170
-162
-152
-134
-124
-144
-155
-144
-119
-153
-181
-187
-174
-158
-170
-163
-159
-172
-145
-167
-163
-159
-180
-163
-155
-153
-159
-155
-181
-168
-158
-183
-160
-194
-169
-180
-184
-156
-193
-167
-191
-192
-172
-163
-177
-170
-150
-164
-163
-144
-167
-147
-155
-159
-167
-146
-167
-173
-165
-156
-159
-170
-155
-157
-184
-172
-151
-176
-170
-166
-165
-165
-171
-154
-175
-172
-151
-147
-143
-151
-150
-175
-167
-170
-160
-167
-162
-173
-141
-153
-135
-153
-135
-126
-157
-150
-167
-187
-175
-182
-164
-167
-174
-169
-174
-185
-189
-188
-175
-175
-162
-182
-175
-182
-185
-183
-214
-186
-177
-200
-211
-183
-197
-195
-197
-200
-209
-199
-196
-180
-162
-178
-177
-189
-170
-165
-187
-211
-183
-194
-177
-185
-171
-197
-193
-180
-219
-183
-178
-151
-172
-194
-167
-194
-194
-194
-205
-183
-182
-151
-167
-168
-168
-170
-197
-172
-164
-195
-165
-181
-157
-149
-180
-183
-195
-159
-178
-184
-158
-196
-164
-144
-153
-146
-134
-136
-175
-166
-135
-149
-134
-114
-107
-112
-125
-169
-161
-150
-154
-175
-173
-152
-151
-172
-180
-164
-173
-193
-175
-164
-171
-161
-184
-176
-152
-167
-164
-171
-162
-161
-174
-152
-176
-146
-164
-165
-145
-178
-146
-141
-163
-146
-139
-120
-121
-170
-138
-143
-152
-152
-143
-122
-154
-127
-129
-138
-128
-136
-106
-115
-137
-144
-138
-135
-141
-135
-127
-127
-136
-138
-136
-144
-148
-133
-151
-136
-107
-114
-106
-132
-130
-133
-135
-118
-128
-132
-142
-146
-126
-120
-118
-135
-127
-127
-123
-110
-132
-128
-127
-105
-96
-137
-146
-152
-124
-115
-118
-125
-134
-108
-116
-113
-130
-110
-77
-119
-131
-140
-150
-133
-137
-124
-122
-139
-138
-124
-148
-147
-99
-125
-128
-115
-113
-109
-107
-111
-102
-111
-101
-98
-124
-98
-95
-109
-114
-108
-121
-136
-148
-129
-111
-106
-101
-125
-112
-100
-111
-122
-115
-134
-123
-137
-127
-138
-129
-131
-112
-118
-140
-88
-109
-120
-91
-126
-101
-108
-114
-124
-117
-112
-139
-119
-96
-94
-82
-80
-92
-98
-107
-88
-102
-113
-120
-111
-82
-69
-93
-105
-90
-101
-95
-82
-96
-99
-94
-103
-73
-80
-105
-109
-115
-128
-90
-119
-123
-110
-133
-117
-122
-120
-121
-145
-121
-118
-118
-112
-108
-96
-120
-144
-131
-101
-134
-143
-144
-133
-128
-131
-135
-159
-107
-107
-116
-112
-153
-126
-130
-115
-105
-99
-129
-137
-105
-122
-114
-119
-127
-111
-128
-139
-137
-129
-111
-128
-116
-121
-123
-110
-118
-111
-112
-117
-106
-99
-108
-98
-96
-95
-81
-90
-88
-94
-81
-92
-71
-88
-88
-82
-86
-54
-85
-96
-78
-79
-86
-65
-50
-53
-54
-79
-60
-68
-78
-59
-102
-76
-70
-78
-108
-110
-80
-95
-90
-83
-86
-109
-116
-115
-110
-90
-111
-114
-124
-109
-132
-136
-149
-147
-128
-133
-127
-140
-125
-114
-111
-118
-122
-122
-123
-115
-113
-118
-123
-109
-141
-124
-116
-139
-112
-124
-104
-112
-114
-86
-103
-107
-113
-103
-103
-111
-110
-100
-115
-104
-95
-105
-120
-104
-89
-109
-121
-101
-81
-84
-98
-68
-68
-73
-71
-76
-82
-90
-59
-61
-91
-74
-70
-68
-43
-85
-70
-58
-43
-61
-65
-41
-55
-51
-43
-68
-71
-111
-101
-103
-109
-108
-97
-83
-97
-82
-87
-98
-86
-61
-90
-83
-85
-83
-67
-98
-72
-82
-106
-104
-79
-76
-110
-85
-73
-89
-100
-107
-92
-105
-100
-64
-83
-93
-86
-84
-81
-77
-90
-93
-109
-90
-90
-72
-92
-105
-105
-103
-72
-83
-66
-59
-90
-82
-65
-57
-78
-105
-100
-86
-83
-116
-85
-96
-99
-64
-80
-85
-65
-49
-80
-94
-75
-84
-76
-94
-66
-70
-67
-89
-101
-82
-67
-75
-55
-67
-87
-46
-53
-57
-63
-81
-91
-85
-81
-76
-65
-53
-68
-75
-95
-101
-99
-110
-103
-84
-82
-103
-92
-70
-110
-82
-94
-119
-76
-82
-104
-67
-55
-67
-72
-57
-71
-73
-84
-95
-100
-89
-37
-59
-64
-63
-52
-63
-61
-100
-104
-82
-93
-86
-90
-101
-73
-58
-79
-68
-65
-37
-34
-46
-35
-16
3
15
-7
-34
-55
-41
5
-44
-50
-42
-41
0
-18
-11
-6
-24
-37
-27
-28
-30
-45
-55
-24
-3
6
-18
-33
-30
-24
-13
-6
-5
-21
-2
-37
-24
7
-32
-32
-22
7
8
6
-8
-13
-17
-21
-6
13
-10
19
-22
-10
14
22
46
25
1
2
29
10
4
-5
-11
-3
-13
10
-9
-29
-16
-17
7
4
10
-18
-29
0
8
31
8
6
11
25
5
-9
7
-23
-4
-9
-16
-30
-47
-15
25
-5
23
15
-6
25
41
31
-5
-9
-26
3
-7
28
14
10
17
20
53
59
54
59
51
49
57
33
26
8
16
12
-2
0
33
25
33
48
61
57
53
58
42
52
63
48
58
37
20
42
37
72
91
75
77
81
44
35
15
-14
4
-3
-5
22
8
36
56
62
54
61
69
28
29
39
33
1
24
39
50
48
23
29
74
58
66
85
79
82
64
53
49
49
47
51
67
67
70
109
123
97
76
80
54
70
60
53
57
83
92
77
63
99
118
127
115
110
112
123
81
97
104
57
88
81
101
84
105
123
138
125
127
114
83
86
91
83
42
55
84
94
96
81
125
110
133
136
114
118
114
77
69
76
71
71
64
66
63
75
86
100
106
93
91
52
30
10
-12
25
-23
-18
-8
15
51
80
89
93
116
110
98
85
50
26
24
17
13
1
-14
0
32
58
31
77
67
52
75
49
43
2
-5
-8
-11
-2
-9
6
40
66
70
57
49
43
44
36
13
17
-11
-7
24
-1
42
41
58
90
66
93
85
106
85
50
58
64
115
110
138
150
160
197
189
161
109
75
45
48
41
42
30
49
61
80
114
96
80
56
97
121
110
84
68
75
87
119
128
117
120
160
232
253
232
215
210
200
199
194
178
161
140
162
171
198
224
237
224
215
237
237
208
180
170
157
156
143
132
157
156
170
181
178
189
155
169
167
152
117
120
118
122
137
131
124
110
110
84
91
95
71
62
50
38
51
51
37
12
29
52
50
60
75
46
42
50
43
34
27
14
8
29
27
36
49
53
86
78
77
82
67
56
22
6
9
2
-6
4
9
28
30
43
28
44
19
34
36
52
24
44
50
84
115
117
159
170
172
182
183
168
151
128
156
119
130
113
119
132
112
157
134
148
162
161
150
155
183
180
196
215
236
228
230
219
252
260
244
227
182
185
182
170
154
171
162
159
197
179
171
165
159
155
162
164
132
130
124
134
154
125
107
119
141
164
178
167
169
160
172
203
173
153
153
118
130
123
121
118
116
104
143
141
138
135
100
128
93
100
67
43
32
65
57
52
61
74
95
94
103
97
94
92
70
53
71
73
59
57
56
32
64
70
71
83
66
58
56
53
54
29
9
28
45
36
64
42
33
75
75
100
127
113
78
101
127
129
92
114
125
142
181
170
204
205
214
214
214
202
206
214
242
255
257
267
268
316
337
347
374
360
363
386
396
399
429
465
494
536
542
575
589
602
617
644
654
654
642
622
652
651
642
612
593
589
578
554
561
535
528
505
547
559
607
614
592
631
639
679
664
655
621
651
635
631
621
572
560
548
547
538
490
477
430
404
375
312
237
164
108
58
-12
-54
-110
-132
-139
-211
-204
-247
-293
-363
-412
-455
-528
-622
-680
-693
-721
-734
-732
-749
-754
-710
-696
-666
-639
-662
-676
-670
-677
-689
-694
-683
-685
-635
-652
-631
-599
-622
-579
-534
-539
-514
-501
-506
-459
-384
-347
-265
-183
-98
10
72
165
257
350
384
372
372
399
436
398
425
457
512
565
621
745
834
932
1011
1151
1255
1378
1455
1492
1607
1723
1771
1781
1858
1969
2024
2082
2140
2185
2229
2238
2237
2259
2283
2234
2141
2080
2020
1920
1754
1531
1307
1062
796
556
314
115
-59
-230
-349
-383
-444
-505
-528
-510
-477
-452
-414
-364
-292
-264
-165
-62
60
153
217
317
427
492
505
523
483
443
392
287
162
66
-59
-161
-284
-355
-480
-581
-644
-692
-705
-769
-812
-842
-837
-840
-839
-861
-906
-1035
-1096
-1090
-1043
-1078
-1085
-996
-825
-639
-549
-513
-446
-369
-328
-331
-369
-437
-498
-603
-681
-717
-762
-843
-889
-868
-806
-793
-829
-825
-794
-787
-795
-807
-849
-799
-734
-668
-558
-458
-321
-186
-12
132
263
339
329
383
427
429
438
428
472
511
594
692
744
826
940
1078
1248
1371
1475
1615
1749
1843
1988
2101
2178
2236
2320
2405
2419
2476
2476
2500
2556
2575
2568
2497
2381
2235
2006
1683
1328
959
599
256
-40
-271
-468
-596
-619
-632
-613
-558
-516
-473
-396
-331
-322
-315
-275
-209
-149
-45
102
237
378
522
671
772
822
790
745
688
552
360
153
-34
-199
-363
-499
-616
-733
-786
-828
-869
-879
-924
-973
-1009
-1002
-1007
-1028
-1024
-1014
-983
-967
-976
-941
-906
-838
-762
-677
-601
-545
-498
-427
-410
-395
-379
-421
-452
-507
-563
-653
-736
-819
-854
-858
-926
-971
-993
-1011
-990
-986
-998
-963
-968
-916
-854
-797
-690
-609
-501
-360
-236
-143
-37
79
149
192
215
210
216
201
166
147
127
153
208
273
310
423
540
638
798
914
1037
1147
1258
1347
1429
1544
1658
1776
1898
2024
2186
2338
2443
2551
2669
2720
2793
2815
2778
2761
2698
2587
2478
2332
2070
1794
1510
1198
879
565
278
53
-138
-311
-452
-527
-594
-615
-596
-605
-559
-491
-441
-400
-334
-250
-146
-24
58
174
295
400
520
567
629
671
650
591
509
376
238
97
-42
-169
-324
-445
-568
-695
-778
-841
-905
-954
-1020
-1053
-1067
-1078
-1067
-1058
-1023
-1003
-952
-938
-908
-843
-877
-919
-879
-839
-819
-844
-840
-732
-650
-610
-602
-561
-507
-543
-574
-611
-686
-777
-875
-975
-1054
-1132
-1201
-1258
-1262
-1235
-1217
-1169
-1109
-1028
-917
-833
-778
-680
-564
-487
-409
-318
-224
-134
-109
-47
24
63
89
120
134
146
173
150
188
258
317
336
419
501
588
709
824
922
1066
1172
1266
1415
1568
1738
1852
2001
2158
2272
2354
2445
2566
2644
2700
2728
2775
2750
2734
2701
2640
2613
2542
2427
2269
2036
1761
1448
1074
732
443
141
-151
-401
-582
-705
-777
-829
-812
-756
-711
-631
-552
-482
-414
-353
-287
-215
-136
-42
42
124
231
320
412
496
533
529
516
446
377
263
110
-41
-209
-380
-548
-685
-818
-923
-983
-1037
-1083
-1092
-1101
-1070
-1079
-1033
-998
-1007
-983
-942
-928
-905
-896
-922
-925
-958
-900
-860
-865
-859
-770
-705
-652
-610
-587
-541
-566
-609
-644
-705
-768
-878
-975
-1065
-1133
-1176
-1215
-1227
-1207
-1175
-1135
-1080
-992
-901
-858
-822
-752
-651
-567
-507
-439
-357
-283
-206
-133
-82
-42
9
-2
30
62
79
80
50
121
169
208
295
415
501
605
719
884
1037
1109
1214
1342
1480
1620
1715
1817
1925
2057
2192
2316
2443
2537
2656
2763
2815
2855
2906
2851
2860
2812
2705
2586
2442
2287
2049
1789
1460
1140
801
507
208
-77
-319
-500
-647
-780
-828
-868
-862
-842
-793
-715
-637
-569
-465
-397
-303
-217
-153
-52
62
176
235
343
409
454
472
482
458
382
301
197
65
-81
-212
-412
-555
-654
-793
-932
-1006
-1071
-1120
-1162
-1151
-1158
-1157
-1138
-1115
-1057
-1018
-966
-927
-868
-826
-762
-802
-824
-821
-803
-804
-822
-819
-750
-691
-658
-668
-621
-583
-616
-627
-675
-720
-801
-900
-1012
-1074
-1155
-1222
-1294
-1308
-1279
-1240
-1221
-1165
-993
-892
-829
-745
-665
-568
-516
-500
-463
-452
-416
-373
-325
-240
-203
-170
-88
1
131
197
245
288
349
434
444
481
561
611
628
719
801
933
1028
1133
1269
1420
1599
1749
1921
2089
2236
2359
2465
2580
2652
2709
2732
2779
2808
2816
2853
2868
2856
2827
2761
2687
2568
2326
2061
1714
1382
1011
651
276
-52
-324
-584
-790
-929
-980
-963
-946
-876
-816
-725
-617
-574
-519
-465
-405
-370
-308
-214
-120
-29
44
162
285
385
467
527
537
533
469
380
271
105
-111
-299
-467
-631
-802
-923
-1031
-1089
-1152
-1175
-1148
-1145
-1111
-1089
-1034
-1018
-969
-967
-969
-974
-949
-937
-975
-951
-938
-923
-904
-859
-776
-693
-605
-543
-492
-461
-433
-467
-533
-578
-666
-794
-935
-1051
-1115
-1191
-1251
-1298
-1302
-1254
-1238
-1190
-1078
-1005
-924
-855
-796
-710
-676
-652
-605
-522
-458
-397
-333
-255
-145
-81
-14
41
153
214
254
290
307
351
354
415
435
496
558
648
794
911
1048
1152
1298
1442
1548
1681
1798
1904
2005
2072
2160
2297
2378
2449
2538
2588
2686
2775
2878
2887
2936
2968
2923
2886
2756
2582
2361
2061
1699
1324
946
560
197
-124
-408
-641
-763
-871
-933
-968
-946
-878
-840
-764
-697
-620
-602
-539
-455
-403
-302
-209
-127
-5
106
260
415
546
616
668
680
670
608
526
385
222
61
-133
-283
-456
-615
-730
-806
-871
-936
-967
-982
-963
-999
-990
-991
-1000
-979
-990
-978
-969
-903
-874
-839
-809
-819
-768
-706
-695
-689
-676
-615
-595
-596
-578
-563
-566
-599
-638
-669
-690
-771
-837
-905
-978
-1042
-1122
-1178
-1194
-1199
-1177
-1176
-1137
-1023
-959
-912
-819
-736
-625
-534
-444
-362
-265
-221
-199
-132
-52
-22
-25
40
77
134
188
243
340
415
494
551
640
758
844
912
997
1116
1170
1275
1352
1433
1561
1664
1821
1978
2130
2287
2443
2570
2719
2844
2931
2996
3074
3100
3099
3091
3046
2967
2861
2725
2528
2275
1952
1596
1232
854
471
133
-203
-508
-752
-915
-1042
-1107
-1104
-1127
-1068
-1005
-894
-818
-756
-628
-512
-424
-314
-189
-86
8
127
297
440
555
644
738
781
826
835
791
733
577
487
345
137
-18
-207
-384
-557
-690
-808
-907
-959
-1042
-1047
-1059
-1075
-1062
-1029
-1001
-980
-952
-922
-877
-849
-808
-806
-810
-749
-693
-675
-661
-602
-551
-544
-509
-503
-475
-482
-543
-563
-631
-670
-740
-836
-905
-1000
-1078
-1116
-1188
-1225
-1231
-1228
-1204
-1170
-1124
-1058
-982
-948
-863
-786
-705
-606
-537
-466
-350
-256
-166
-62
35
81
136
196
225
264
318
365
390
452
525
587
676
730
805
926
1007
1135
1219
1317
1456
1576
1718
1849
1991
2161
2328
2454
2581
2708
2841
2914
2966
3042
3092
3107
3101
3078
3033
2946
2819
2633
2401
2091
1743
1379
1005
607
236
-85
-401
-668
-862
-1013
-1108
-1147
-1149
-1085
-1004
-934
-821
-718
-630
-542
-437
-336
-228
-104
-30
122
233
352
499
584
701
785
848
858
878
817
745
655
499
345
161
-34
-224
-403
-559
-698
-833
-933
-1002
-1041
-1069
-1057
-1048
-1038
-1026
-992
-947
-928
-901
-851
-809
-741
-732
-701
-659
-574
-533
-516
-456
-480
-454
-439
-457
-503
-538
-592
-657
-723
-799
-811
-910
-958
-1022
-1079
-1098
-1159
-1161
-1185
-1201
-1179
-1187
-1168
-1121
-1076
-1029
-994
-907
-820
-733
-643
-524
-423
-327
-217
-136
-30
60
120
185
236
258
305
321
352
400
470
543
607
675
797
904
1036
1164
1263
1372
1516
1652
1760
1888
2016
2184
2287
2394
2520
2646
2753
2820
2925
2993
3080
3148
3150
3136
3124
3074
2936
2742
2527
2188
1832
1439
1073
703
296
-66
-382
-667
-864
-1008
-1091
-1162
-1142
-1122
-1062
-965
-882
-746
-683
-610
-538
-442
-370
-283
-190
-43
63
188
334
460
587
700
782
855
892
880
818
744
576
412
217
19
-162
-382
-528
-731
-852
-961
-1034
-1077
-1109
-1115
-1121
-1115
-1085
-1071
-1063
-1054
-1046
-1045
-994
-959
-953
-914
-880
-812
-749
-680
-623
-582
-546
-505
-479
-497
-534
-561
-598
-688
-785
-849
-927
-1007
-1094
-1171
-1238
-1249
-1299
-1330
-1324
-1327
-1311
-1284
-1241
-1203
-1156
-1102
-1065
-984
-899
-814
-720
-638
-522
-448
-319
-220
-132
-43
17
83
142
171
224
280
346
395
442
546
629
744
853
957
1074
1223
1325
1442
1532
1640
1768
1893
2016
2156
2281
2369
2486
2602
2707
2792
2849
2913
2959
2975
2975
2990
2926
2849
2694
2506
2266
1932
1601
1217
853
483
118
-211
-482
-717
-928
-1077
-1143
-1173
-1181
-1110
-1053
-987
-896
-796
-694
-638
-512
-421
-370
-258
-140
-20
83
214
348
453
578
648
736
802
825
818
739
667
552
383
191
4
-185
-363
-552
-707
-847
-964
-1051
-1145
-1202
-1210
-1234
-1221
-1193
-1185
-1175
-1147
-1111
-1098
-1077
-1032
-1001
-1002
-963
-872
-807
-786
-754
-686
-647
-618
-579
-609
-596
-604
-654
-697
-727
-763
-835
-939
-1020
-1093
-1117
-1194
-1234
-1278
-1310
-1344
-1353
-1313
-1271
-1236
-1206
-1163
-1079
-995
-904
-812
-717
-590
-488
-374
-275
-147
-82
2
97
174
256
297
328
394
465
505
571
642
745
847
924
1029
1214
1385
1522
1625
1758
1930
2041
2140
2201
2330
2426
2470
2537
2612
2680
2755
2795
2848
2925
2982
2985
2937
2902
2802
2630
2385
2094
1764
1368
989
610
198
-161
-496
-777
-964
-1125
-1195
-1224
-1218
-1145
-1072
-974
-853
-805
-688
-621
-535
-427
-384
-285
-221
-142
-45
57
180
332
469
598
719
792
876
873
853
782
667
548
359
153
-49
-271
-505
-688
-872
-1009
-1118
-1202
-1263
-1305
-1275
-1283
-1259
-1209
-1187
-1139
-1137
-1130
-1116
-1121
-1106
-1113
-1094
-1062
-1002
-961
-908
-847
-764
-673
-628
-594
-548
-522
-553
-599
-642
-680
-759
-880
-999
-1080
-1157
-1221
-1288
-1355
-1361
-1381
-1378
-1331
-1276
-1219
-1151
-1083
-1025
-972
-886
-811
-707
-630
-552
-447
-371
-269
-165
-44
19
115
220
325
404
466
548
619
689
755
857
935
1060
1168
1285
1412
1573
1710
1813
1963
2069
2210
2316
2389
2481
2562
2638
2678
2723
2765
2815
2835
2846
2867
2839
2811
2730
2590
2397
2082
1767
1440
1066
663
251
-86
-444
-755
-1002
-1201
-1307
-1395
-1397
-1378
-1309
-1177
-1052
-935
-807
-683
-574
-493
-417
-319
-260
-168
-89
3
88
211
327
412
544
621
718
766
763
720
666
575
423
246
44
-193
-413
-628
-874
-1026
-1145
-1261
-1341
-1379
-1379
-1397
-1373
-1339
-1324
-1291
-1244
-1224
-1188
-1164
-1165
-1149
-1183
-1162
-1112
-1046
-1020
-1003
-933
-843
-781
-747
-646
-594
-592
-579
-589
-593
-658
-754
-857
-957
-1060
-1172
-1262
-1361
-1386
-1388
-1410
-1374
-1331
-1221
-1141
-1075
-989
-889
-798
-732
-689
-606
-519
-441
-371
-305
-212
-119
-37
48
185
277
403
507
614
716
778
907
988
1079
1153
1219
1330
1429
1524
1594
1722
1822
1943
2072
2182
2358
2472
2607
2711
2776
2867
2942
2996
2968
2983
2957
2869
2747
2615
2415
2158
1855
1503
1160
837
477
124
-193
-504
-752
-947
-1125
-1221
-1296
-1349
-1311
-1253
-1162
-1099
-998
-922
-789
-690
-567
-445
-372
-253
-145
-30
120
268
346
472
588
665
724
756
733
733
691
592
468
322
171
-29
-195
-397
-597
-767
-904
-1046
-1164
-1243
-1327
-1366
-1378
-1394
-1389
-1387
-1364
-1336
-1318
-1278
-1266
-1219
-1187
-1181
-1157
-1114
-1075
-1047
-1023
-956
-906
-846
-799
-744
-672
-678
-682
-687
-698
-735
-829
-880
-953
-1005
-1099
-1210
-1251
-1320
-1358
-1381
-1372
-1343
-1336
-1256
-1198
-1081
-978
-915
-805
-721
-610
-528
-468
-372
-282
-218
-139
-71
21
98
205
293
372
490
585
712
817
934
1065
1173
1276
1414
1530
1622
1722
1852
1937
2025
2150
2264
2361
2421
2504
2561
2643
2682
2740
2773
2791
2798
2774
2736
2658
2544
2382
2160
1867
1556
1255
904
549
193
-126
-442
-732
-968
-1141
-1252
-1319
-1318
-1303
-1242
-1163
-1061
-946
-867
-740
-623
-549
-465
-363
-269
-167
-63
29
127
220
309
417
502
573
623
668
680
648
585
477
382
227
41
-151
-315
-520
-717
-865
-1010
-1140
-1211
-1316
-1360
-1378
-1362
-1340
-1350
-1299
-1269
-1239
-1227
-1238
-1262
-1259
-1252
-1241
-1239
-1199
-1155
-1109
-1064
-1005
-872
-749
-696
-646
-574
-509
-530
-606
-668
-731
-842
-967
-1097
-1206
-1299
-1374
-1431
-1473
-1462
-1379
-1362
-1301
-1241
-1121
-1007
-947
-855
-780
-713
-656
-621
-614
-528
-487
-455
-394
-296
-209
-71
45
177
315
452
608
732
889
994
1089
1182
1270
1345
1405
1458
1523
1585
1663
1768
1862
1987
2094
2242
2374
2496
2608
2717
2799
2827
2867
2867
2819
2733
2666
2562
2418
2203
1982
1694
1398
1105
801
484
148
-150
-400
-638
-844
-1006
-1133
-1204
-1273
-1284
-1268
-1228
-1167
-1111
-1045
-935
-823
-717
-599
-475
-348
-251
-127
8
121
218
328
390
490
520
551
571
555
531
454
366
246
139
-30
-179
-355
-524
-664
-823
-942
-1083
-1199
-1295
-1377
-1421
-1442
-1447
-1484
-1506
-1489
-1480
-1457
-1451
-1447
-1432
-1383
-1339
-1286
-1252
-1185
-1146
-1091
-999
-908
-844
-818
-783
-760
-740
-731
-751
-837
-885
-917
-1025
-1134
-1184
-1225
-1301
-1363
-1402
-1403
-1394
-1384
-1371
-1333
-1275
-1198
-1133
-1080
-1019
-914
-851
-772
-702
-618
-532
-446
-328
-219
-109
-15
103
193
290
386
485
600
665
766
835
914
1020
1092
1209
1306
1430
1558
1674
1788
1887
2016
2118
2214
2306
2337
2394
2459
2483
2533
2559
2563
2563
2526
2477
2441
2339
2210
2051
1847
1582
1302
996
663
333
-8
-314
-609
-877
-1065
-1250
-1385
-1440
-1467
-1455
-1414
-1341
-1252
-1131
-997
-903
-792
-676
-582
-487
-382
-312
-262
-142
-63
23
84
157
232
287
319
351
382
372
336
253
137
29
-134
-292
-454
-655
-811
-993
-1164
-1283
-1396
-1488
-1544
-1595
-1628
-1597
-1622
-1604
-1540
-1537
-1492
-1491
-1467
-1422
-1397
-1393
-1355
-1321
-1280
-1220
-1154
-1110
-1043
-972
-905
-848
-794
-772
-793
-793
-807
-873
-964
-1038
-1141
-1245
-1308
-1371
-1459
-1479
-1496
-1496
-1456
-1428
-1374
-1316
-1264
-1189
-1140
-1061
-1000
-941
-861
-775
-715
-638
-526
-438
-316
-227
-132
1
113
253
362
476
570
696
788
853
923
1042
1116
1181
1286
1389
1449
1536
1662
1791
1910
2003
2116
2240
2370
2434
2505
2605
2648
2649
2680
2663
2629
2589
2473
2357
2180
1954
1699
1400
1100
796
472
142
-191
-484
-739
-968
-1178
-1292
-1402
-1452
-1490
-1476
-1406
-1360
-1285
-1214
-1088
-976
-865
-769
-650
-546
-458
-341
-238
-97
-20
83
161
255
337
364
417
424
445
384
315
244
119
-6
-159
-347
-509
-679
-861
-1003
-1148
-1293
-1382
-1472
-1541
-1581
-1596
-1612
-1617
-1601
-1575
-1551
-1555
-1544
-1496
-1489
-1454
-1401
-1377
-1281
-1208
-1161
-1095
-990
-929
-862
-818
-770
-733
-730
-740
-776
-813
-861
-961
-1069
-1135
-1205
-1281
-1354
-1399
-1419
-1437
-1447
-1403
-1366
-1339
-1300
-1228
-1165
-1070
-969
-941
-860
-797
-709
-607
-523
-427
-360
-232
-128
17
161
245
386
480
616
707
815
934
1014
1123
1203
1292
1361
1433
1550
1672
1762
1870
1963
2094
2217
2311
2384
2463
2529
2570
2608
2655
2641
2631
2595
2547
2493
2344
2184
2015
1745
1468
1185
881
572
251
-63
-365
-631
-846
-1022
-1193
-1315
-1376
-1384
-1371
-1357
-1293
-1204
-1126
-1017
-892
-806
-688
-578
-486
-377
-280
-171
-83
29
122
208
279
342
397
461
479
477
463
400
322
210
90
-59
-203
-391
-554
-724
-914
-1042
-1159
-1265
-1365
-1420
-1450
-1484
-1503
-1526
-1492
-1469
-1442
-1407
-1398
-1370
-1356
-1305
-1248
-1221
-1179
-1114
-1045
-979
-944
-867
-808
-754
-732
-717
-701
-694
-732
-786
-840
-922
-974
-1077
-1136
-1203
-1276
-1325
-1372
-1401
-1400
-1424
-1391
-1361
-1316
-1234
-1180
-1083
-1024
-946
-877
-771
-678
-579
-435
-338
-232
-138
-42
85
185
282
404
512
616
718
805
898
1007
1091
1182
1276
1380
1480
1569
1674
1786
1902
1999
2135
2218
2309
2406
2513
2565
2617
2679
2728
2734
2711
2684
2623
2591
2460
2311
2121
1863
1577
1306
1014
651
337
0
-320
-579
-835
-1009
-1161
-1312
-1387
-1387
-1387
-1363
-1262
-1192
-1092
-994
-891
-766
-634
-536
-433
-330
-241
-126
-50
53
133
233
298
372
422
479
502
503
540
525
431
341
216
117
-44
-241
-411
-594
-746
-930
-1074
-1204
-1315
-1394
-1433
-1463
-1475
-1481
-1454
-1438
-1382
-1343
-1318
-1282
-1240
-1193
-1163
-1130
-1095
-1037
-1003
-969
-909
-850
-783
-761
-732
-680
-674
-658
-678
-687
-712
-741
-819
-892
-953
-1032
-1108
-1178
-1243
-1286
-1316
-1333
-1331
-1322
-1263
-1219
-1162
-1094
-1042
-969
-854
-756
-664
-534
-438
-343
-212
-119
-25
112
212
305
405
516
625
737
837
945
1058
1158
1281
1416
1511
1599
1719
1801
1908
2006
2082
2176
2293
2373
2402
2488
2552
2618
2639
2643
2682
2682
2651
2598
2527
2481
2289
2094
1874
1613
1333
1011
708
372
46
-252
-527
-786
-979
-1154
-1296
-1357
-1387
-1388
-1346
-1287
-1187
-1090
-990
-880
-768
-666
-566
-480
-385
-274
-184
-94
-18
80
172
253
339
398
466
518
531
553
510
455
383
280
181
28
-137
-320
-486
-661
-844
-983
-1117
-1225
-1321
-1370
-1423
-1452
-1468
-1444
-1435
-1392
-1369
-1322
-1287
-1260
-1205
-1182
-1130
-1108
-1081
-1046
-978
-949
-905
-828
-787
-749
-705
-667
-660
-603
-606
-630
-657
-708
-739
-801
-873
-935
-999
-1068
-1123
-1156
-1201
-1194
-1178
-1194
-1168
-1120
-1092
-1012
-963
-886
-802
-674
-593
-505
-378
-275
-174
-91
32
119
235
364
468
579
673
812
903
1044
1174
1271
1411
1504
1612
1710
1846
1930
2017
2113
2177
2274
2349
2402
2445
2525
2555
2574
2610
2642
2650
2656
2646
2591
2504
2418
2245
2027
1787
1577
1272
962
663
346
40
-240
-520
-762
-940
-1091
-1215
-1263
-1288
-1284
-1213
-1152
-1063
-994
-863
-781
-676
-553
-484
-415
-321
-251
-187
-121
-35
54
112
192
271
344
401
454
510
504
509
479
425
321
197
89
-65
-239
-420
-595
-729
-883
-1026
-1146
-1248
-1325
-1383
-1428
-1417
-1445
-1419
-1411
-1374
-1366
-1367
-1324
-1287
-1239
-1225
-1170
-1117
-1048
-1008
-953
-882
-786
-739
-687
-653
-611
-585
-574
-571
-604
-613
-669
-699
-748
-832
-887
-913
-991
-1040
-1075
-1099
-1107
-1144
-1129
-1088
-1032
-1043
-1002
-932
-851
-787
-720
-642
-518
-435
-314
-207
-111
17
127
248
356
505
631
753
870
988
1092
1238
1319
1428
1532
1641
1719
1803
1900
2013
2086
2184
2256
2307
2404
2452
2503
2533
2567
2582
2599
2571
2574
2553
2463
2374
2240
2076
1852
1597
1341
1050
756
464
191
-50
-332
-579
-777
-970
-1111
-1193
-1238
-1285
-1281
-1245
-1215
-1136
-1066
-959
-846
-740
-676
-560
-466
-378
-275
-221
-109
-43
36
127
212
301
329
404
434
438
455
435
400
343
243
148
8
-118
-267
-413
-570
-762
-879
-999
-1109
-1225
-1273
-1396
-1434
-1452
-1480
-1478
-1528
-1510
-1477
-1440
-1414
-1391
-1325
-1293
-1232
-1153
-1117
-1012
-934
-866
-830
-749
-690
-636
-585
-571
-518
-532
-554
-587
-596
-631
-662
-740
-808
-819
-888
-908
-945
-980
-1011
-1002
-970
-977
-902
-898
-890
-811
-786
-692
-581
-503
-421
-320
-204
-108
15
161
255
366
495
568
683
807
916
1037
1136
1257
1394
1478
1598
1719
1806
1938
2021
2086
2171
2264
2330
2397
2445
2498
2505
2554
2557
2573
2545
2526
2506
2430
2389
2277
2158
1982
1781
1524
1288
1035
726
462
175
-108
-350
-638
-830
-968
-1119
-1209
-1273
-1309
-1300
-1252
-1207
-1123
-1031
-930
-815
-724
-641
-549
-422
-360
-308
-231
-142
-72
-19
62
139
151
221
307
333
345
360
363
342
275
215
128
21
-102
-259
-413
-544
-705
-834
-984
-1112
-1216
-1331
-1381
-1447
-1504
-1530
-1580
-1566
-1506
-1510
-1494
-1439
-1372
-1306
-1256
-1207
-1143
-1084
-1007
-974
-899
-847
-821
-767
-747
-723
-722
-676
-672
-680
-679
-700
-709
-754
-764
-791
-840
-868
-894
-930
-928
-940
-946
-954
-975
-971
-931
-891
-826
-822
-784
-679
-618
-504
-412
-311
-203
-91
53
149
273
394
480
616
721
819
907
1014
1118
1186
1284
1372
1495
1566
1646
1755
1835
1937
2031
2109
2137
2218
2292
2351
2370
2409
2439
2458
2443
2449
2430
2372
2296
2194
2094
1933
1735
1535
1292
1031
784
514
213
-41
-291
-541
-730
-891
-1056
-1169
-1228
-1289
-1313
-1297
-1254
-1192
-1121
-1044
-969
-866
-775
-698
-597
-494
-413
-330
-272
-190
-130
-87
13
69
149
175
210
244
268
286
250
230
169
110
22
-92
-231
-356
-480
-636
-786
-938
-1084
-1232
-1329
-1436
-1494
-1540
-1610
-1627
-1635
-1635
-1618
-1589
-1552
-1498
-1450
-1399
-1312
-1262
-1196
-1144
-1067
-1013
-949
-900
-853
-812
-778
-757
-726
-719
-696
-706
-714
-699
-745
-733
-769
-788
-830
-845
-862
-890
-910
-943
-953
-961
-931
-931
-933
-898
-832
-787
-736
-651
-555
-446
-330
-254
-121
26
159
251
385
495
590
736
821
915
1003
1114
1217
1290
1358
1436
1539
1631
1717
1770
1846
1942
2004
2089
2156
2223
2312
2333
2363
2401
2447
2439
2407
2399
2352
2295
2181
2050
1870
1647
1438
1191
925
673
413
123
-147
-402
-609
-795
-977
-1128
-1223
-1282
-1337
-1344
-1316
-1252
-1200
-1143
-1056
-971
-912
-800
-722
-651
-581
-486
-401
-364
-260
-164
-110
-34
36
140
207
234
281
294
324
296
244
207
121
21
-94
-223
-355
-487
-653
-795
-942
-1075
-1209
-1321
-1419
-1499
-1533
-1594
-1609
-1610
-1633
-1611
-1552
-1512
-1457
-1421
-1322
-1229
-1164
-1110
-1065
-1005
-921
-889
-840
-795
-773
-732
-746
-686
-646
-644
-634
-638
-653
-636
-642
-664
-675
-676
-736
-749
-786
-833
-839
-866
-882
-892
-907
-878
-859
-838
-773
-702
-624
-537
-398
-292
-161
-43
88
237
356
459
548
670
777
864
933
989
1076
1172
1229
1319
1443
1530
1596
1712
1803
1899
1989
2067
2140
2199
2271
2333
2370
2371
2408
2411
2382
2363
2295
2270
2190
2048
1912
1766
1598
1369
1168
939
692
470
210
-49
-258
-503
-692
-859
-1019
-1132
-1188
-1224
-1284
-1300
-1273
-1240
-1185
-1090
-1004
-907
-824
-722
-627
-549
-429
-351
-280
-212
-142
-52
18
89
140
182
217
225
267
265
236
183
175
121
34
-52
-169
-262
-409
-547
-699
-836
-989
-1134
-1242
-1335
-1423
-1508
-1579
-1594
-1602
-1628
-1617
-1581
-1519
-1477
-1423
-1345
-1274
-1179
-1120
-1047
-990
-942
-892
-833
-779
-766
-710
-706
-680
-670
-674
-650
-646
-635
-651
-647
-641
-675
-696
-693
-721
-726
-743
-774
-788
-796
-788
-806
-796
-800
-786
-753
-668
-604
-515
-416
-291
-186
-86
57
161
288
397
515
601
732
833
925
1027
1107
1204
1280
1382
1459
1525
1609
1708
1792
1870
1958
2036
2076
2142
2189
2241
2285
2265
2297
2301
2273
2247
2210
2135
2026
1952
1772
1612
1458
1245
1011
766
551
287
54
-186
-422
-610
-807
-949
-1081
-1161
-1236
-1281
-1285
-1260
-1250
-1176
-1088
-1032
-930
-845
-751
-699
-623
-539
-443
-390
-331
-258
-179
-109
-76
19
78
105
140
170
183
203
182
152
108
48
-20
-155
-242
-365
-502
-625
-794
-905
-1065
-1209
-1301
-1406
-1508
-1585
-1629
-1669
-1681
-1676
-1655
-1612
-1545
-1464
-1424
-1349
-1264
-1224
-1115
-1047
-1018
-958
-893
-885
-839
-816
-788
-750
-726
-695
-694
-694
-695
-669
-672
-664
-649
-652
-663
-696
-704
-736
-769
-811
-817
-856
-871
-919
-904
-898
-886
-845
-808
-734
-642
-540
-449
-293
-177
-44
73
225
324
441
570
682
760
855
945
1005
1046
1121
1206
1257
1346
1432
1515
1607
1690
1772
1865
1941
1991
2075
2128
2186
2229
2227
2239
2224
2186
2172
2127
2038
1949
1860
1721
1550
1399
1187
994
782
556
343
109
-145
-345
-546
-733
-880
-1027
-1112
-1179
-1200
-1250
-1277
-1232
-1183
-1133
-1059
-993
-892
-801
-729
-642
-559
-465
-369
-304
-220
-149
-109
-43
13
63
103
141
158
163
184
180
149
107
28
-39
-111
-220
-320
-455
-579
-738
-858
-1006
-1170
-1286
-1383
-1464
-1567
-1599
-1648
-1656
-1659
-1617
-1562
-1500
-1422
-1326
-1228
-1153
-1085
-1013
-911
-860
-819
-775
-748
-703
-674
-671
-655
-643
-626
-607
-617
-588
-582
-565
-550
-548
-534
-542
-544
-586
-623
-621
-649
-691
-736
-764
-768
-784
-795
-762
-712
-667
-593
-493
-398
-256
-124
-7
143
272
404
526
623
768
860
898
993
1065
1129
1212
1257
1333
1370
1454
1545
1630
1734
1807
1924
1995
2074
2161
2219
2237
2290
2300
2308
2290
2265
2243
2203
2129
2028
1916
1800
1661
1458
1311
1125
931
707
472
272
67
-139
-293
-494
-662
-780
-910
-1001
-1080
-1113
-1130
-1141
-1121
-1062
-1017
-955
-860
-805
-717
-615
-527
-441
-325
-229
-193
-123
-37
42
96
147
209
211
226
264
238
226
193
154
105
41
-28
-125
-217
-347
-458
-600
-723
-836
-968
-1112
-1255
-1324
-1426
-1492
-1521
-1560
-1564
-1530
-1506
-1473
-1380
-1299
-1224
-1163
-1099
-1022
-891
-857
-786
-744
-693
-626
-636
-599
-581
-544
-543
-552
-549
-520
-528
-526
-505
-527
-516
-501
-512
-521
-511
-537
-585
-616
-629
-654
-681
-700
-694
-704
-657
-606
-560
-462
-388
-253
-146
-55
113
241
368
520
614
715
837
903
977
1022
1066
1146
1183
1241
1274
1331
1421
1490
1586
1663
1747
1825
1896
1974
2052
2106
2139
2187
2209
2213
2211
2202
2155
2104
2056
2011
1918
1810
1693
1543
1345
1185
1006
821
607
397
231
6
-205
-375
-519
-688
-813
-904
-958
-1015
-1056
-1073
-1052
-1032
-969
-926
-870
-777
-691
-620
-553
-456
-406
-323
-249
-157
-106
-72
7
47
112
140
182
175
192
212
197
157
125
51
-17
-62
-166
-289
-415
-522
-673
-802
-893
-1034
-1157
-1221
-1337
-1443
-1446
-1478
-1490
-1480
-1468
-1393
-1308
-1244
-1179
-1108
-1010
-935
-871
-801
-737
-673
-624
-584
-546
-527
-498
-508
-495
-503
-468
-444
-458
-437
-440
-421
-433
-445
-463
-450
-458
-471
-524
-544
-564
-588
-621
-658
-649
-642
-619
-613
-540
-471
-342
-250
-158
-43
94
238
335
467
607
696
786
870
937
1005
1074
1143
1172
1244
1284
1339
1375
1445
1506
1578
1651
1710
1766
1817
1903
1967
2009
2055
2106
2134
2127
2131
2150
2109
2062
2022
1963
1838
1746
1606
1460
1324
1129
952
740
556
372
187
-5
-179
-320
-474
-616
-710
-793
-854
-900
-935
-969
-916
-918
-906
-871
-805
-711
-642
-582
-538
-450
-368
-299
-205
-176
-118
-51
21
85
109
175
179
195
204
191
188
158
108
54
-21
-114
-217
-328
-449
-541
-673
-792
-928
-1032
-1127
-1244
-1309
-1394
-1399
-1409
-1438
-1422
-1388
-1345
-1269
-1216
-1142
-1060
-974
-916
-854
-783
-704
-649
-620
-583
-548
-521
-501
-485
-503
-474
-460
-464
-465
-457
-455
-434
-448
-441
-433
-461
-501
-526
-528
-567
-561
-589
-625
-636
-634
-628
-600
-559
-490
-425
-346
-234
-113
5
139
280
379
485
594
673
753
814
843
905
939
999
1025
1056
1166
1187
1273
1346
1425
1523
1586
1683
1759
1834
1879
1958
2001
2029
2051
2073
2100
2069
2061
2033
1996
1944
1868
1826
1735
1623
1501
1365
1206
1041
868
696
520
329
135
-30
-247
-401
-548
-653
-764
-878
-927
-978
-1005
-1002
-990
-952
-876
-825
-778
-689
-622
-550
-463
-386
-308
-266
-195
-120
-50
-27
21
42
52
82
97
113
111
115
71
73
12
-30
-81
-165
-245
-348
-463
-550
-692
-831
-937
-1052
-1157
-1197
-1263
-1321
-1338
-1346
-1339
-1309
-1262
-1194
-1126
-1059
-966
-884
-795
-720
-672
-631
-564
-508
-473
-455
-467
-442
-426
-434
-416
-445
-435
-415
-431
-418
-395
-405
-401
-416
-408
-419
-427
-478
-494
-500
-539
-569
-565
-555
-556
-541
-532
-471
-389
-306
-218
-92
26
146
238
340
467
549
637
719
796
836
899
958
982
1024
1060
1105
1165
1213
1250
1318
1386
1466
1537
1606
1705
1760
1836
1880
1942
1990
2025
2009
2011
2019
2019
2008
1952
1935
1895
1841
1725
1620
1528
1415
1285
1129
979
814
638
474
307
127
-31
-190
-312
-437
-566
-647
-716
-755
-819
-832
-818
-813
-782
-747
-701
-635
-555
-497
-435
-363
-312
-260
-188
-131
-99
-43
-34
20
15
42
68
33
67
48
44
1
-4
-45
-106
-184
-291
-355
-446
-536
-658
-754
-848
-933
-1049
-1109
-1167
-1223
-1255
-1261
-1245
-1209
-1138
-1090
-1005
-954
-884
-791
-714
-668
-586
-534
-476
-442
-457
-407
-440
-413
-420
-404
-395
-424
-409
-430
-414
-385
-390
-387
-368
-357
-378
-376
-381
-404
-393
-411
-431
-443
-459
-462
-473
-446
-408
-379
-331
-256
-185
-85
7
102
211
305
406
493
563
670
739
781
831
890
954
970
1007
1077
1101
1125
1194
1243
1297
1387
1420
1479
1577
1621
1680
1740
1799
1814
1857
1888
1893
1943
1938
1908
1887
1876
1829
1783
1699
1606
1508
1402
1302
1133
1028
870
682
535
346
197
21
-113
-241
-380
-461
-559
-609
-683
-743
-725
-702
-746
-720
-664
-632
-595
-536
-506
-455
-380
-347
-280
-247
-205
-167
-117
-79
-57
9
7
3
36
34
44
52
32
-15
-48
-73
-161
-233
-339
-425
-504
-590
-722
-809
-893
-963
-1023
-1086
-1134
-1145
-1141
-1141
-1111
-1067
-968
-956
-877
-784
-724
-680
-612
-560
-539
-481
-461
-454
-429
-416
-430
-417
-406
-408
-372
-402
-424
-406
-369
-365
-347
-359
-353
-342
-358
-357
-382
-409
-414
-442
-464
-497
-479
-480
-482
-473
-418
-358
-315
-256
-174
-72
5
110
235
313
432
534
593
666
726
766
816
841
903
931
934
986
1020
1051
1093
1184
1216
1285
1344
1383
1458
1530
1582
1659
1685
1733
1777
1768
1790
1807
1803
1797
1767
1712
1674
1599
1518
1433
1324
1194
1058
922
776
622
465
303
141
9
-137
-267
-375
-491
-570
-655
-696
-741
-777
-790
-813
-798
-766
-711
-690
-665
-586
-554
-528
-464
-430
-352
-327
-281
-230
-201
-136
-128
-96
-65
-72
-57
-55
-84
-88
-119
-185
-221
-298
-372
-443
-568
-617
-700
-816
-895
-960
-1039
-1092
-1121
-1159
-1169
-1147
-1124
-1097
-1049
-1003
-962
-878
-825
-751
-700
-652
-594
-577
-509
-490
-455
-469
-465
-445
-474
-459
-477
-470
-461
-464
-435
-459
-438
-436
-426
-407
-431
-448
-459
-462
-463
-472
-518
-524
-530
-516
-513
-518
-499
-440
-391
-345
-276
-197
-104
-26
93
179
260
335
439
507
563
629
648
708
741
777
817
848
902
923
979
1019
1076
1130
1182
1243
1297
1370
1430
1477
1535
1574
1633
1680
1673
1671
1678
1671
1675
1646
1609
1590
1502
1439
1353
1263
1150
1019
896
757
637
485
347
209
87
-71
-189
-318
-432
-511
-563
-635
-707
-738
-749
-752
-727
-701
-685
-671
-613
-571
-525
-465
-426
-335
-324
-291
-228
-201
-159
-149
-110
-98
-131
-99
-117
-107
-121
-159
-180
-215
-251
-312
-354
-477
-552
-633
-712
-762
-851
-927
-985
-1025
-1105
-1120
-1106
-1084
-1102
-1066
-1014
-935
-890
-853
-771
-721
-664
-626
-550
-505
-487
-455
-432
-426
-402
-421
-421
-422
-443
-439
-418
-430
-447
-465
-472
-455
-466
-451
-447
-471
-488
-492
-494
-482
-498
-520
-524
-530
-531
-507
-489
-459
-405
-338
-314
-233
-153
-69
21
87
208
280
354
438
487
521
569
632
652
704
694
743
792
800
842
867
929
976
1010
1050
1094
1159
1182
1248
1292
1328
1382
1407
1437
1486
1501
1492
1495
1493
1505
1484
1438
1405
1346
1291
1248
1132
1024
926
840
708
573
469
341
211
73
-29
-157
-263
-333
-440
-522
-569
-603
-654
-688
-696
-677
-657
-630
-629
-627
-541
-520
-499
-445
-424
-394
-345
-343
-308
-300
-273
-247
-246
-240
-279
-269
-280
-285
-314
-328
-328
-384
-443
-517
-582
-646
-704
-776
-854
-905
-939
-1021
-1058
-1060
-1067
-1048
-1023
-1004
-961
-903
-859
-818
-737
-681
-645
-593
-551
-520
-486
-456
-448
-425
-421
-426
-443
-454
-446
-444
-475
-480
-471
-451
-458
-474
-481
-445
-432
-469
-472
-472
-478
-505
-516
-531
-567
-556
-550
-532
-503
-484
-425
-402
-338
-259
-180
-91
-20
63
112
176
243
266
323
379
398
409
426
435
442
446
456
451
480
512
570
592
649
699
726
797
850
879
902
994
1026
1056
1069
1078
1126
1131
1142
1152
1160
1179
1182
1197
1187
1194
1207
1207
1221
1201
1198
1142
1088
1040
949
893
805
671
575
452
320
208
68
-42
-144
-261
-340
-418
-469
-527
-544
-576
-581
-548
-559
-498
-521
-475
-434
-436
-420
-423
-424
-422
-416
-420
-413
-424
-434
-443
-432
-475
-451
-405
-436
-441
-444
-470
-488
-515
-558
-592
-615
-669
-727
-802
-851
-849
-916
-948
-958
-962
-956
-961
-926
-901
-849
-823
-774
-733
-647
-608
-590
-562
-514
-482
-457
-434
-448
-456
-448
-410
-454
-450
-434
-445
-424
-453
-428
-417
-443
-455
-428
-431
-462
-431
-422
-424
-424
-441
-438
-419
-413
-404
-393
-390
-377
-326
-289
-242
-212
-166
-90
-35
1
57
96
152
180
204
232
266
255
273
308
322
345
342
361
392
397
421
484
492
537
555
599
627
676
725
740
794
813
859
855
848
891
912
928
921
921
934
942
949
966
968
987
1014
1021
1065
1034
1043
1036
997
971
921
875
790
697
617
523
389
250
98
-70
-227
-376
-514
-630
-730
-796
-847
-897
-915
-869
-838
-821
-758
-705
-639
-565
-544
-474
-433
-396
-392
-403
-405
-422
-443
-470
-496
-502
-483
-507
-522
-498
-489
-471
-466
-438
-421
-421
-439
-457
-476
-513
-556
-616
-632
-701
-744
-796
-801
-816
-815
-772
-743
-716
-645
-545
-464
-386
-324
-262
-168
-142
-111
-79
-66
-56
-68
-105
-139
-171
-232
-293
-321
-344
-390
-418
-445
-442
-456
-442
-411
-399
-377
-350
-340
-292
-288
-270
-256
-247
-218
-221
-171
-172
-169
-147
-131
-117
-98
-57
-60
-8
43
54
80
136
154
178
208
202
248
254
262
280
264
262
239
251
240
231
221
218
233
256
254
301
322
343
346
371
427
437
461
486
514
546
538
505
503
497
488
460
441
420
408
384
340
336
336
326
337
338
335
340
333
355
381
383
384
392
392
384
372
372
343
318
296
269
252
199
172
125
82
62
52
50
17
-10
-8
-41
-54
-76
-103
-126
-171
-202
-245
-298
-331
-356
-416
-444
-467
-490
-504
-539
-530
-521
-551
-534
-497
-497
-466
-470
-462
-448
-408
-395
-376
-378
-382
-364
-356
-351
-366
-354
-362
-382
-361
-350
-359
-334
-311
-280
-256
-240
-219
-198
-181
-173
-136
-149
-170
-138
-113
-89
-115
-109
-100
-82
-78
-69
-53
-60
-56
-18
12
15
59
55
57
67
72
68
81
78
52
56
25
34
35
23
28
28
12
21
38
36
62
73
66
91
86
100
106
115
120
103
90
90
96
69
83
68
92
67
64
87
79
79
83
103
107
140
108
109
107
94
104
64
46
86
87
57
82
74
94
95
111
119
143
132
121
102
82
112
86
97
105
103
114
132
121
129
126
144
146
136
164
151
161
146
117
155
148
120
130
120
122
93
69
84
60
75
77
50
37
31
7
-9
-30
-51
-51
-81
-90
-98
-94
-105
-114
-113
-118
-83
-86
-88
-74
-82
-68
-46
-59
-65
-70
-100
-101
-101
-103
-132
-114
-124
-137
-135
-125
-130
-134
-103
-84
-61
-52
-9
-13
-12
16
12
-3
-11
-18
-27
-41
-50
-32
-47
-88
-36
-40
-53
-25
-43
-11
6
4
14
21
34
31
31
34
25
16
22
25
16
1
11
-11
-25
-1
-15
-16
-34
-16
6
8
31
21
37
39
29
10
-7
11
-31
-41
-17
-30
-22
-3
-10
15
24
29
4
20
60
56
64
45
42
17
46
5
-2
-1
-28
-23
-32
-46
-34
0
2
-1
17
16
23
35
26
10
4
1
5
-13
-15
-15
-42
-27
-23
-31
-18
-27
-8
0
9
7
17
38
33
61
47
33
55
64
52
41
27
19
-6
-35
-48
-58
-98
-104
-78
-78
-71
-47
-42
-10
-27
-19
-4
11
-4
-14
-12
-10
-20
-19
-47
-64
-54
-40
-53
-60
-38
-55
-35
-13
-13
-32
-2
-6
-3
1
-15
1
-19
-24
-44
-48
-27
-46
-56
-48
-29
-46
-32
-41
-54
-53
-67
-62
-79
-80
-81
-64
-44
-14
23
27
12
14
4
0
-16
-40
-62
-59
-78
-89
-98
-104
-83
-80
-79
-73
-56
-53
-34
-65
-52
-59
-50
-58
-119
-111
-128
-132
-148
-110
-80
-39
-48
-69
-35
-30
-55
-25
20
-5
11
5
-14
-22
-41
-84
-122
-151
-175
-201
-199
-195
-178
-132
-139
-121
-109
-92
-82
-45
-46
-47
-31
-37
-53
-74
-95
-107
-84
-123
-106
-99
-104
-112
-86
-84
-81
-83
-50
-37
-45
-29
-19
15
10
0
-7
-39
-59
-45
-54
-51
-68
-44
-20
-30
-23
-15
-12
-20
-6
2
7
35
40
51
52
75
79
55
79
36
19
32
-13
-29
-30
-73
-70
-46
-75
-65
-28
-44
-37
-19
-10
-12
26
22
36
35
25
37
-2
14
9
-8
2
-12
-29
-43
-43
-28
-31
-21
-62
-54
-28
-37
-24
-47
-17
-5
-40
-35
-41
-52
-36
-33
-57
-52
-70
-113
-92
-107
-114
-77
-84
-109
-122
-101
-104
-126
-120
-134
-110
-107
-110
-108
-119
-120
-131
-151
-126
-132
-143
-140
-176
-177
-194
-192
-201
-186
-181
-181
-175
-149
-141
-164
-143
-147
-136
-122
-114
-102
-119
-100
-94
-119
-133
-136
-140
-155
-152
-169
-145
-159
-192
-181
-153
-167
-141
-128
-127
-70
-70
-76
-85
-56
-54
-51
-39
-32
-30
-16
-6
-19
0
-13
-4
8
-30
4
-13
-10
-24
-31
-1
6
10
44
41
39
56
65
77
69
50
65
53
38
50
44
19
9
22
15
-8
24
33
49
53
66
66
66
114
102
108
91
82
62
33
26
5
-18
-13
-30
-29
-8
-9
14
3
15
25
28
35
40
52
45
36
32
26
-2
32
28
8
19
-7
-28
-11
-19
-34
-38
-71
-58
-76
-83
-71
-38
-36
-92
-63
-39
-43
-51
-33
-16
-25
-16
-20
-40
-58
-79
-83
-89
-97
-91
-91
-90
-77
-74
-63
-44
-47
-28
-33
-15
-16
-29
-20
-29
-55
-68
-31
-39
-46
-69
-71
-63
-93
-93
-57
-87
-76
-55
-54
-46
-54
-45
-37
-41
-45
-45
-14
-21
-29
-27
-20
-9
-42
-54
-36
-83
-110
-83
-107
-96
-93
-80
-42
-62
-61
-17
-8
-3
17
20
42
13
40
37
15
61
30
45
30
0
-4
3
-25
-28
-14
-3
-3
-10
-14
10
15
5
38
49
37
38
42
39
22
44
51
29
45
26
18
-20
-28
-24
-12
-8
-14
1
-8
-2
19
19
45
57
39
72
88
73
84
68
76
60
40
46
10
42
4
19
25
17
45
56
76
65
61
73
78
86
88
93
96
109
101
107
112
92
92
93
77
53
69
78
31
45
37
51
47
34
19
39
68
63
66
63
91
100
100
86
114
99
105
101
113
113
112
90
88
111
102
108
125
114
105
112
109
134
128
108
125
108
101
104
108
105
88
78
64
72
63
87
88
99
91
65
87
106
88
84
84
93
101
116
90
96
118
96
85
80
80
76
96
69
108
91
103
102
105
103
89
98
87
98
74
65
67
59
42
56
71
50
69
78
84
99
113
108
92
124
119
150
135
120
110
111
120
106
97
91
86
57
95
75
57
91
81
100
106
132
118
128
115
121
144
117
128
127
118
107
112
115
115
92
96
106
82
76
81
90
76
91
94
102
118
115
148
155
114
121
126
128
119
132
158
130
129
114
123
123
111
122
116
101
108
139
138
126
135
133
123
113
141
139
140
120
116
130
120
121
143
135
115
125
115
110
130
135
110
110
125
137
142
111
136
118
145
134
144
145
143
171
150
166
153
159
130
159
170
146
154
142
157
145
128
143
165
148
154
143
144
164
161
158
160
162
139
167
151
155
127
130
120
134
132
132
182
149
135
153
175
166
150
149
186
141
147
152
122
126
147
157
152
131
128
154
125
144
129
130
140
133
129
138
121
116
135
120
118
138
127
96
144
123
110
114
133
97
103
118
118
109
92
102
102
107
109
104
102
105
123
123
124
138
130
134
132
120
100
107
109
128
118
108
104
88
92
96
104
89
86
96
68
93
100
86
96
73
90
84
91
91
103
95
94
106
103
112
107
125
105
114
90
99
89
76
98
73
77
75
96
83
65
81
75
84
83
103
91
84
106
81
76
94
76
100
85
75
72
62
56
48
40
43
38
36
35
36
22
27
74
59
61
53
34
51
44
48
44
58
46
17
31
23
54
41
6
24
22
36
-2
11
18
22
29
38
29
38
15
7
27
17
3
-2
4
-4
-22
-4
37
16
23
27
17
26
44
47
38
46
61
58
48
56
47
30
24
14
31
25
26
-4
10
18
-8
-5
2
-33
-39
-14
2
-21
-54
-53
-35
-31
-59
-27
-38
-43
-44
-44
-66
-61
-25
-46
-54
-45
-38
-63
-53
-76
-53
-33
-40
-25
-36
-32
-37
-51
-48
-49
-26
-45
-36
-44
-29
-26
-22
-14
-41
-39
-14
-19
-8
12
-22
-14
-17
0
-6
-38
-31
-18
-30
15
-31
-35
-32
-11
18
-7
-15
-12
-2
7
8
2
-6
-18
-39
-43
-35
-61
-44
-26
-70
-66
-51
-32
-29
-48
-42
-77
-14
-64
-66
-25
-8
-7
-47
-17
-32
-42
-44
-37
-41
-49
-63
-58
-28
-53
-52
-32
-31
-11
-20
-22
-17
6
-18
-48
-17
-3
-19
-24
0
-17
-14
9
-1
18
21
34
31
46
41
41
55
27
47
50
52
33
40
67
63
60
60
55
48
47
55
50
83
86
65
72
71
91
100
83
75
80
83
102
81
51
58
68
49
46
60
52
40
48
24
46
38
36
53
52
27
31
34
38
41
46
39
51
46
32
43
35
49
47
52
53
35
40
51
54
68
44
53
82
45
58
54
57
51
53
73
33
72
84
53
80
82
55
60
57
79
53
47
76
60
81
78
77
79
72
70
42
37
28
52
60
47
44
49
62
62
68
65
80
54
67
65
64
62
31
46
29
21
23
12
25
23
24
31
6
-13
19
12
12
16
37
29
30
39
-11
9
17
-6
-28
-5
17
8
17
-7
0
6
-10
-9
-6
-10
-4
-29
12
5
-3
7
-6
-15
-18
-21
-31
-24
0
-25
6
19
8
31
30
19
20
29
6
-3
18
11
-9
-10
-22
-38
-18
-25
-43
-25
-38
-48
-29
-26
-39
-21
-32
-3
-24
-26
-23
-16
-5
-46
-25
-48
-44
-22
-46
-47
-43
-65
-46
-46
-49
-33
-56
-66
-58
-67
-59
-47
-61
-53
-44
-57
-50
-28
-40
-54
-24
-49
-48
-43
-37
-27
-29
-39
-43
-31
-24
-54
-60
-53
-27
-29
-32
-23
-38
-35
-43
-38
-37
-36
-47
-40
-41
-24
-22
-50
-4
-9
-32
-17
-22
-34
-55
-63
-28
-40
-42
-32
-36
-39
-32
-35
-29
-18
-21
-16
-13
-4
-18
-20
-33
-42
-45
-36
-3
-31
-47
-31
-24
-17
-32
-26
-47
-31
-31
-21
-9
-31
-48
-37
-51
-57
-31
-32
-41
-60
-43
-36
-33
-42
-49
-49
-39
-26
-9
-26
-32
-30
-19
-23
-27
-38
-41
-30
-37
-37
-33
-38
-38
-40
-57
-63
-35
-36
-42
-27
-38
-42
-54
-43
-38
-43
-60
-45
-43
-38
-52
-72
-43
-37
-22
-50
-39
-17
-50
-31
-13
-25
-28
-48
-30
-36
-38
-28
-52
-44
-17
-20
-24
-29
-32
-28
-32
-20
-31
-21
-24
-26
-41
-34
-32
-47
-39
-14
-24
-9
7
-8
-20
-11
-24
-15
5
2
-26
-3
-1
-12
13
-8
-7
-10
14
-12
-13
-12
-19
-8
-8
-2
-13
4
-5
-4
-13
-17
-24
-32
-39
-41
-47
-9
-45
-43
-11
-28
-19
-32
-25
-10
-39
-30
-27
-47
-9
-50
-42
-75
-65
-53
-49
-43
-49
-42
-51
-30
-35
-48
-24
-11
-29
-15
-43
-8
-21
-41
-34
-64
-37
-26
-29
-25
-36
-33
-37
-43
-21
-26
-42
-47
-34
-16
-26
-34
-51
-51
-33
-33
-34
-34
-30
-38
-12
-29
-12
-3
-26
-13
-30
-25
-16
-14
-24
-21
-22
-13
3
-5
-13
-13
-6
-7
7
-5
7
2
-21
-6
-24
-2
8
-9
7
7
-17
-10
-10
-9
0
-7
-24
-35
-20
-33
-56
-35
-53
-44
-31
-20
-14
-4
-8
-2
-3
-1
-6
-5
-8
-1
-15
-24
-1
-42
-13
-40
-16
-6
-12
-13
-16
-8
-22
-4
-20
-19
-3
-16
-20
-34
-19
-4
-14
-33
-3
-5
-16
-17
-17
-3
-13
-4
-7
-25
-7
-19
0
-2
15
10
-19
-11
-25
-32
-22
4
0
-20
3
-1
-25
-9
-11
-30
-24
-35
-5
-7
-46
-18
-30
-22
-25
-14
-16
-4
-4
-23
-26
-28
-2
-34
-10
-32
-15
-13
-49
-43
-43
-47
-47
-45
-38
-15
-9
-10
-31
-21
-28
-31
-21
-22
-49
-27
-23
-30
-29
-6
-2
-20
-22
-49
-21
-8
15
-8
-12
-12
-12
-5
-5
6
22
-21
26
13
12
-5
-20
8
-10
-19
1
26
-2
17
5
-1
22
20
5
-5
1
2
8
7
10
37
35
28
39
17
28
47
39
47
37
25
18
27
28
34
26
20
36
27
14
13
14
24
25
34
24
21
32
38
40
20
16
30
29
41
32
44
30
24
26
-3
24
17
25
15
14
21
21
4
40
-2
8
13
18
4
3
49
-5
14
3
-4
17
9
13
5
13
-8
-1
-3
16
31
26
27
27
39
14
22
33
42
31
23
-1
12
17
9
27
59
47
29
41
52
62
59
67
55
80
71
54
57
51
44
52
66
44
37
39
64
54
46
62
51
54
54
55
57
54
51
64
51
48
52
75
64
70
68
64
85
59
64
89
83
75
77
79
81
79
81
98
104
90
95
93
88
87
89
90
97
74
84
85
75
94
73
73
83
95
90
70
92
96
87
90
94
75
82
78
55
68
67
73
57
53
49
76
62
66
67
58
52
43
73
76
72
53
46
76
76
55
66
47
36
60
53
49
59
67
69
72
71
76
72
72
89
71
81
73
71
72
54
84
73
69
71
49
80
82
80
66
62
77
85
86
79
75
73
81
74
65
81
84
64
88
77
62
62
48
43
49
35
30
64
45
92
90
84
81
72
101
81
67
85
66
61
74
75
73
67
70
60
80
75
69
43
78
90
58
86
70
46
63
51
55
47
47
67
44
37
55
51
52
57
52
55
74
81
64
64
74
72
74
56
47
36
34
38
38
10
24
27
26
23
30
42
51
40
38
35
14
28
58
45
33
66
58
42
54
43
46
51
28
38
44
69
54
37
44
36
39
55
46
51
47
56
59
55
63
90
48
54
52
60
62
37
67
38
54
27
4
49
69
54
67
67
31
19
35
46
38
11
10
10
15
15
14
15
7
30
15
15
-5
-12
36
38
44
27
19
23
11
7
17
19
34
19
38
25
10
35
30
34
44
36
23
22
21
39
53
40
53
54
39
28
35
35
34
38
48
71
74
49
51
58
59
88
68
68
88
62
73
57
72
97
65
88
76
88
65
103
63
66
66
62
63
67
76
58
88
62
71
34
47
56
68
61
69
71
46
61
54
73
82
74
62
67
67
76
66
59
86
55
64
57
41
57
66
53
43
60
60
9
23
31
52
54
47
68
32
33
35
27
55
44
43
42
33
44
30
61
70
55
46
46
46
33
30
45
46
31
27
33
43
42
39
38
40
27
46
44
38
18
27
26
27
18
11
27
4
9
-6
0
5
11
19
16
6
12
14
5
3
23
47
27
32
11
18
25
29
10
6
21
23
24
-1
2
13
21
20
17
29
4
4
-5
-17
-11
-14
-25
-11
12
1
1
-3
9
-11
3
-4
-8
10
13
12
11
4
-7
8
-23
-3
8
2
16
18
12
-1
1
10
3
11
4
9
2
6
28
24
28
40
37
12
2
0
-5
34
12
-7
16
0
-8
-15
15
18
15
10
-3
16
33
15
14
28
0
1
1
0
4
-5
7
15
19
19
1
20
36
31
-4
3
3
-2
20
19
6
-1
-3
2
8
6
26
-2
1
-1
-4
4
-10
26
0
8
14
28
12
14
23
34
25
19
22
36
25
31
53
24
39
30
50
29
48
35
49
53
46
60
23
32
30
14
20
35
18
37
32
16
24
32
31
8
15
5
24
8
17
43
23
28
8
31
43
34
26
20
44
23
42
9
7
-8
20
39
8
22
24
12
4
0
2
13
15
20
20
18
-3
18
19
-4
26
30
19
29
32
24
22
48
8
11
27
53
40
41
42
1
42
60
60
15
23
30
28
31
30
35
26
15
47
27
1
3
-5
25
33
17
11
32
1
28
30
40
38
31
45
22
43
33
39
55
29
25
15
26
46
40
28
45
47
29
31
26
38
44
37
32
24
49
38
15
20
39
30
47
43
31
51
42
55
40
64
34
20
22
54
60
34
54
60
33
62
55
35
29
32
50
41
39
53
68
46
39
43
45
48
40
38
44
32
2
18
24
26
38
18
32
15
42
37
37
38
17
33
28
25
-4
25
35
25
10
34
30
4
33
38
38
27
20
9
17
21
28
18
17
10
1
16
6
9
23
7
29
25
-8
9
6
9
28
7
20
38
4
20
13
21
12
30
4
-6
30
15
37
18
8
-10
-10
2
4
4
14
6
-1
0
14
20
-7
-4
-2
-21
-25
-17
-23
-15
-8
-13
-28
-9
19
-14
-37
9
0
12
7
-7
-8
-41
-27
-24
-14
-4
-3
-24
-19
-16
-6
7
22
-1
-16
18
3
10
2
-16
1
-30
-23
1
-9
3
10
3
6
-10
-14
-28
-48
-34
-1
16
-10
-16
-31
0
1
-15
-10
-12
-13
12
-5
11
6
-40
-20
-22
8
4
-11
11
-22
-31
-5
-21
-32
-40
-43
-46
-39
-26
-34
-19
-10
-11
-8
16
-20
-5
-19
-15
-23
-26
10
-16
-4
-22
-21
-21
-44
-24
-14
-29
-43
-24
-22
-18
-7
-25
-26
-28
-18
-32
-38
-34
-30
-27
-42
-27
-30
-24
1
-23
-40
-29
-29
-49
-25
-31
-19
-31
-20
-19
-38
-40
-16
-31
-36
-30
-38
-36
-47
-34
-60
-34
-39
-53
-56
-58
-62
-56
-62
-56
-37
-44
-48
-32
-61
-55
-75
-49
-71
-51
-75
-73
-54
-66
-49
-33
-34
-56
-45
-80
-21
-42
-57
-56
-58
-61
-60
-41
-48
-53
-64
-53
-61
-54
-55
-77
-66
-48
-62
-58
-48
-54
-59
-63
-37
-46
-44
-50
-49
-45
-62
-49
-49
-57
-36
-40
-66
-43
-37
-62
-34
-23
-20
-27
-23
-27
-31
-23
-43
-32
-35
-28
-14
-21
-34
-28
-20
-51
-46
-46
-45
-53
-73
-47
-51
-52
-53
-81
-82
-49
-43
-67
-58
-60
-51
-63
-69
-53
-68
-69
-102
-71
-96
-75
-56
-102
-45
-81
-93
-78
-88
-69
-69
-58
-67
-74
-70
-82
-66
-82
-71
-50
-47
-39
-80
-85
-59
-49
-72
-71
-72
-83
-77
-84
-100
-74
-85
-90
-79
-71
-76
-64
-55
-62
-51
-89
-73
-60
-81
-73
-73
-72
-69
-67
-53
-56
-49
-64
-70
-76
-66
-81
-85
-75
-84
-70
-78
-79
-72
-63
-38
-70
-71
-44
-55
-58
-60
-82
-64
-71
-83
-54
-78
-57
-59
-69
-73
-79
-56
-67
-94
-85
-75
-67
-63
-93
-79
-73
-87
-90
-83
-81
-72
-77
-52
-64
-79
-75
-82
-101
-97
-68
-86
-97
-90
-97
-99
-84
-74
-82
-60
-89
-86
-96
-106
-99
-114
-78
-80
-81
-77
-93
-111
-82
-73
-76
-105
-123
-101
-105
-104
-106
-83
-112
-112
-120
-113
-100
-115
-95
-114
-112
-112
-103
-100
-100
-118
-110
-85
-82
-99
-92
-116
-88
-88
-106
-101
-98
-97
-99
-87
-121
-98
-97
-94
-86
-81
-104
-92
-100
-90
-81
-91
-75
-76
-80
-86
-74
-84
-90
-85
-81
-85
-56
-49
-86
-83
-92
-79
-83
-88
-90
-94
-92
-71
-75
-69
-79
-80
-94
-82
-81
-91
-48
-70
-69
-78
-75
-75
-72
-60
-56
-62
-62
-53
-70
-92
-85
-57
-66
-80
-83
-68
-77
-68
-52
-83
-70
-72
-54
-79
-72
-45
-68
-62
-67
-65
-94
-69
-57
-66
-58
-62
-65
-79
-67
-67
-63
-47
-49
-55
-61
-58
-66
-87
-54
-75
-86
-72
-85
-66
-64
-74
-60
-57
-55
-69
-73
-39
-40
-34
-37
-40
-35
-34
-45
-40
-51
-79
-63
-62
-68
-69
-64
-47
-45
-71
-51
-70
-55
-45
-47
-22
-62
-44
-40
-25
-35
-47
-50
-38
-48
-66
-41
-52
-23
-49
-53
-32
-12
-46
-36
-17
-29
-52
-62
-51
-42
-36
-39
-32
-32
-18
-26
-2
-26
-20
-19
-29
-34
-20
-21
-26
-14
-21
-36
-30
-36
-50
-36
-33
-40
-46
-41
-43
-19
-28
-36
-21
-46
-31
-23
-47
-59
-38
-59
-30
-37
-55
-18
-38
-26
-33
-23
-50
-22
-34
-38
-18
-27
-35
-46
-55
-27
-27
-24
-36
-43
-55
-40
-32
-49
-56
-67
-23
-28
-31
-24
-31
-29
-32
-18
-30
-28
-37
-25
-19
-34
-41
-57
-54
-49
-46
-19
-34
-47
-43
-33
-21
-37
-30
-32
-19
-29
-58
-21
-24
-20
-41
-28
-18
-37
-42
-8
-13
-13
-9
-44
-41
-75
-56
-53
-62
-46
-73
-52
-57
-40
-54
-46
-49
-45
-30
-61
-31
-36
-52
-60
-53
-26
-24
-44
-56
-56
-31
-20
-60
-51
-59
-50
-28
-35
-34
-28
-37
-30
-9
-38
-20
-35
-33
-37
-47
-41
-48
-35
-33
-33
-40
-38
-33
-26
-19
-21
-12
-14
-27
-39
-31
-17
-8
-10
-23
-35
-10
-11
-38
-18
-25
-18
14
4
5
3
-3
8
-7
-20
-1
-10
11
1
-28
11
-17
-31
-26
-8
-34
-38
-33
-53
-42
-20
-38
-59
-45
-36
-14
-49
-51
-38
-26
-14
-6
-12
-30
5
-19
-34
-25
-13
-18
-47
-34
-49
-45
-26
-41
-36
-49
-36
-44
-28
-20
-32
-36
-21
-40
-70
-22
-43
-34
-31
-21
-5
-20
6
-21
-19
-6
1
-25
-40
-15
-29
-34
-27
-36
-57
-38
-24
-48
-27
-21
-16
-30
-50
-41
-37
-46
-42
-34
-37
-35
-49
-47
-62
-44
-35
-19
-49
-37
-26
-68
-45
-48
-47
-27
-40
-49
-56
-65
-28
-30
-45
-42
-35
-57
-50
-36
-77
-63
-42
-47
-58
-61
-52
-55
-80
-67
-57
-55
-55
-56
-70
-79
-83
-80
-78
-71
-71
-69
-51
-73
-60
-50
-72
-65
-66
-65
-67
-78
-70
-76
-67
-68
-56
-51
-53
-36
-50
-53
-62
-49
-75
-56
-62
-88
-79
-74
-49
-82
-72
-54
-70
-65
-45
-57
-64
-77
-71
-64
-66
-66
-51
-59
-55
-58
-63
-39
-47
-64
-47
-45
-49
-77
-81
-62
-55
-45
-47
-38
-44
-57
-53
-57
-82
-85
-84
-78
-95
-69
-86
-62
-75
-83
-84
-71
-80
-93
-81
-86
-97
-96
-99
-91
-83
-103
-77
-94
-77
-83
-91
-79
-75
-80
-82
-87
-102
-70
-89
-78
-72
-85
-71
-68
-68
-89
-102
-88
-59
-61
-85
-81
-54
-71
-95
-71
-66
-69
-67
-69
-74
-84
-70
-68
-75
-54
-46
-64
-86
-53
-68
-64
-71
-87
-59
-69
-78
-60
-65
-68
-86
-78
-99
-79
-71
-98
-71
-85
-81
-91
-76
-92
-70
-90
-105
-69
-95
-85
-76
-85
-107
-86
-93
-87
-80
-80
-92
-77
-80
-63
-65
-62
-72
-91
-81
-89
-62
-59
-93
-91
-78
-77
-63
-77
-65
-81
-59
-62
-64
-59
-81
-68
-71
-75
-85
-38
-48
-57
-48
-49
-52
-84
-69
-73
-71
-58
-60
-75
-54
-60
-57
-75
-65
-43
-46
-34
-65
-58
-59
-63
-52
-55
-76
-59
-57
-55
-57
-69
-63
-78
-56
-49
-61
-63
-81
-80
-86
-79
-63
-73
-67
-59
-54
-81
-69
-77
-81
-83
-72
-77
-98
-94
-114
-96
-84
-73
-99
-84
-93
-89
-97
-87
-87
-92
-95
-106
-85
-80
-92
-90
-85
-80
-98
-92
-82
-90
-93
-87
-87
-105
-100
-104
-110
-104
-111
-105
-103
-115
-94
-113
-118
-134
-121
-111
-113
-90
-112
-110
-121
-118
-121
-133
-122
-116
-113
-129
-131
-114
-125
-114
-100
-119
-118
-111
-131
-151
-128
-119
-140
-124
-108
-116
-87
-92
-104
-101
-110
-105
-86
-91
-89
-115
-103
-101
-77
-91
-95
-108
-94
-76
-89
-83
-98
-77
-80
-108
-93
-94
-102
-86
-87
-83
-80
-72
-75
-79
-97
-80
-83
-63
-71
-65
-78
-88
-93
-94
-63
-104
-105
-85
-91
-75
-55
-92
-78
-60
-80
-58
-97
-110
-87
-100
-70
-91
-113
-90
-100
-118
-118
-138
-117
-118
-111
-119
-127
-114
-103
-105
-91
-122
-119
-83
-109
-99
-114
-86
-87
-81
-68
-92
-102
-76
-99
-72
-86
-71
-83
-102
-82
-110
-82
-96
-101
-97
-76
-90
-100
-134
-101
-76
-122
-88
-88
-129
-108
-100
-90
-76
-98
-98
-112
-97
-110
-107
-101
-103
-112
-91
-97
-119
-99
-80
-85
-99
-80
-112
-107
-97
-100
-99
-105
-95
-96
-116
-67
-77
-68
-63
-80
-75
-80
-91
-89
-90
-101
-97
-112
-105
-108
-87
-83
-77
-81
-75
-97
-93
-107
-107
-86
-97
-101
-111
-99
-75
-99
-81
-72
-89
-64
-84
-89
-104
-95
-89
-89
-86
-65
-69
-63
-65
-90
-76
-91
-76
-85
-92
-100
-112
-83
-84
-100
-85
-107
-97
-97
-74
-85
-90
-93
-96
-99
-90
-67
-84
-98
-97
-95
-106
-87
-69
-89
-71
-74
-92
-77
-83
-75
-86
-90
-98
-88
-97
-84
-91
-100
-56
-85
-84
-62
-77
-83
-70
-72
-80
-95
-83
-79
-83
-48
-72
-65
-78
-65
-55
-88
-36
-67
-77
-69
-71
-61
-83
-62
-68
-69
-88
-74
-55
-74
-43
-49
-42
-58
-59
-52
-63
-68
-80
-65
-73
-41
-43
-52
-65
-74
-49
-70
-68
-60
-66
-58
-32
-54
-57
-42
-77
-46
-58
-55
-57
-69
-79
-78
-56
-77
-53
-59
-82
-71
-69
-54
-54
-51
-54
-75
-55
-44
-73
-76
-75
-82
-96
-97
-91
-81
-75
-69
-53
-50
-61
-51
-55
-83
-90
-85
-46
-74
-70
-58
-69
-69
-74
-58
-62
-83
-79
-102
-105
-68
-79
-65
-77
-70
-75
-54
-46
-74
-42
-37
-60
-78
-72
-65
-68
-71
-53
-69
-49
-49
-68
-49
-50
-47
