164
157
133
157
162
135
145
136
130
134
127
128
117
142
149
123
123
156
139
125
148
114
122
130
106
132
142
138
129
135
133
138
142
120
116
100
125
110
112
135
114
114
115
122
132
109
125
116
133
107
104
111
104
126
107
120
110
109
120
112
121
112
88
105
118
107
120
117
143
124
136
129
96
128
139
133
93
89
104
91
127
108
118
121
120
129
81
94
114
95
93
104
100
108
90
109
119
122
114
88
87
86
96
119
112
87
93
93
93
102
94
115
84
90
104
117
96
105
120
79
83
78
78
72
78
81
82
55
66
90
79
61
56
48
50
44
37
28
34
43
28
52
51
52
61
47
59
46
58
45
42
59
56
53
62
34
36
11
13
35
40
40
19
27
46
54
32
45
22
43
42
30
62
32
72
54
30
55
41
65
74
54
60
42
60
54
77
64
72
66
26
42
55
45
43
45
42
25
42
15
19
32
33
48
29
33
37
34
24
49
30
26
22
3
3
12
28
21
17
29
11
13
22
14
16
24
20
-9
-1
2
24
10
18
18
15
31
18
39
9
12
7
9
14
-2
-9
7
5
-3
34
26
33
15
20
25
11
0
12
0
12
25
24
20
11
18
25
14
35
50
25
22
54
29
29
52
43
50
27
26
43
11
22
23
21
41
31
70
32
31
24
40
25
21
69
51
35
41
27
50
40
48
49
49
58
33
45
64
56
31
34
37
43
39
53
41
40
50
29
32
30
48
34
22
59
51
41
50
55
39
40
52
49
35
36
32
20
32
19
42
46
33
35
40
34
28
36
32
24
19
23
48
42
43
40
30
58
40
50
27
9
26
40
21
22
35
31
32
22
19
15
14
9
8
10
26
36
54
40
28
50
46
32
49
56
37
27
24
30
16
13
10
-10
4
7
-6
-6
3
-18
9
16
19
36
-13
1
-3
17
10
-1
4
5
15
9
-25
-6
7
9
5
-2
25
-2
16
26
21
25
23
32
34
21
-1
-7
15
5
5
38
23
18
50
38
29
8
13
29
16
25
-1
18
-15
-3
20
19
8
-24
5
-5
-6
-5
21
-4
-1
-6
9
6
16
17
5
-23
-19
2
-16
21
-2
1
8
7
-23
-44
-39
-8
-13
-6
-17
-11
1
-2
-5
-39
-5
-24
-11
-22
-22
-21
-51
-32
-34
-28
-24
-40
-19
-30
-37
-48
-38
-22
-49
-34
-24
-51
-21
-22
-56
-47
-60
-20
-55
-41
-26
-40
-23
-52
-14
-24
-50
-54
-46
-49
-23
-34
-43
-28
-27
-21
-17
-15
-39
-16
-8
-21
-31
-47
-16
-34
-15
-22
-55
-39
-57
-44
-57
-82
-70
-67
-73
-73
-78
-62
-58
-71
-32
-58
-59
-45
-61
-69
-62
-42
-43
-49
-67
-27
-28
-40
-26
-55
-55
-60
-55
-44
-49
-49
-30
-28
-44
-51
-62
-38
-41
-47
-18
-12
4
-3
-19
-52
-64
-20
-26
-4
-14
-24
-26
-4
-10
-14
0
-44
-29
-10
-10
-6
20
2
10
16
7
4
15
18
22
23
20
9
22
13
8
3
15
21
11
37
26
39
44
30
49
43
15
28
29
47
34
24
48
28
10
31
35
36
34
56
45
14
25
42
29
32
30
16
25
18
15
37
46
45
45
24
30
35
52
45
43
61
49
53
55
63
44
39
52
65
53
42
49
54
65
60
63
62
52
76
72
84
73
64
75
52
48
60
56
53
55
59
54
46
51
66
64
59
77
71
74
71
63
50
52
43
46
47
77
61
37
82
58
51
82
70
104
76
83
96
89
83
93
115
87
86
86
80
113
102
81
85
70
86
87
78
62
83
84
74
90
97
86
79
100
89
88
91
86
104
74
87
85
67
68
90
75
82
94
76
98
84
95
105
99
105
100
100
111
100
95
122
123
110
94
114
120
108
120
117
122
141
99
127
113
109
100
87
92
85
109
87
72
101
109
91
93
92
94
102
91
101
102
108
107
89
92
101
114
110
121
92
98
108
93
86
90
98
114
110
94
112
99
116
107
99
113
83
108
102
112
119
103
93
104
137
87
112
114
105
89
99
105
102
106
84
108
119
116
95
124
117
108
115
133
124
137
113
137
107
130
125
104
136
108
96
112
117
116
111
85
125
88
85
81
84
99
105
103
91
108
78
104
114
100
121
112
82
76
102
98
100
101
110
95
91
81
82
98
113
89
84
91
92
89
83
94
75
83
69
64
79
78
96
85
79
69
68
79
80
72
57
91
77
89
80
53
79
83
92
74
59
64
86
87
83
83
87
81
61
55
73
58
92
90
72
93
77
85
100
81
52
64
68
74
66
78
44
65
78
83
91
60
75
69
59
72
59
75
46
62
78
63
93
69
63
65
59
65
53
53
77
54
63
71
67
64
42
66
70
65
78
69
53
79
70
69
75
74
60
50
67
79
83
87
82
71
89
84
56
73
84
71
68
62
76
58
41
69
66
68
57
61
60
63
67
94
78
67
82
76
84
58
53
57
71
73
80
64
54
53
58
64
45
76
66
74
69
62
73
62
67
57
72
70
44
52
51
42
71
64
31
41
62
43
48
57
34
43
51
39
45
31
41
16
42
41
60
55
30
57
54
27
59
59
25
35
47
37
46
53
47
55
59
39
32
55
39
63
27
40
55
53
70
57
67
65
58
73
38
54
46
52
58
29
47
65
40
38
34
46
46
42
73
57
54
17
38
33
29
61
32
45
40
50
34
51
59
55
54
32
38
22
49
61
33
25
22
23
57
18
19
48
53
32
26
12
5
8
11
33
14
24
35
29
44
35
24
26
8
30
22
17
17
41
25
1
13
-5
10
11
6
10
6
-24
-28
7
0
6
-11
-4
-27
-9
-4
-7
6
-9
-12
2
13
7
26
23
14
-2
-21
-5
4
16
-15
-1
0
-22
21
4
-22
2
-3
-8
10
10
14
3
-1
-21
-31
-23
-20
-32
-38
-7
-18
-15
6
-20
-42
-49
-33
-39
-45
-31
-40
-20
-20
-30
-13
-16
-46
-14
-31
-39
-50
-33
-24
-38
-20
-52
-40
-25
-54
-40
-42
-44
-27
-44
-64
-54
-48
-41
-40
-47
-36
-49
-29
-27
-36
-38
-39
-31
-34
-39
-45
-36
-29
-33
-35
-31
-49
-22
-9
-5
-26
-50
-19
-11
-20
-10
-15
-29
-35
-21
-37
-9
-26
-29
-44
-52
-36
-28
-9
-24
-10
-24
-8
-6
-19
-13
-4
-13
-3
4
-30
-45
-8
-39
-45
-40
-32
-6
-36
-31
-65
-58
-39
-51
-25
-50
-23
-34
-34
-32
-34
-25
-43
-28
-24
-50
-36
-34
-17
0
-1
-17
-27
-8
-14
-14
-27
-30
-12
-28
-45
-17
-15
-8
-12
-10
-4
-10
-23
-31
-26
-29
-22
-16
-14
-26
-29
-30
-23
-31
-25
-31
-56
-43
-11
-42
-37
-33
-41
-33
-59
-59
-45
-22
-9
-19
-26
-35
-19
-15
-35
-41
-36
-43
-51
-31
-26
-59
-45
-33
-28
-26
-36
-12
-36
-36
-30
-32
-22
-21
-12
-11
-28
-42
-21
-20
-21
-36
-20
-22
-27
-13
-24
-41
-28
-32
-49
-30
-36
-43
-34
-28
-39
-10
-22
-36
-24
-20
-21
-4
-23
-14
-15
-10
2
-17
-15
-3
-2
-28
22
4
12
6
16
-5
0
2
-1
11
-10
-12
-10
-11
-15
-16
-29
-33
-22
-27
-31
-38
-25
-29
-38
-33
-46
-4
-15
-4
-23
-37
5
-4
-25
-31
-7
-15
-40
-24
-24
-28
-31
-37
-48
-45
-53
-61
-30
-41
-58
-44
-37
-39
-45
-63
-30
-32
-46
-52
-54
-52
-37
-26
-25
-34
-36
-33
-59
-35
-31
-51
-57
-65
-72
-77
-56
-67
-75
-70
-66
-76
-78
-67
-78
-63
-80
-80
-68
-80
-63
-57
-70
-80
-59
-81
-57
-51
-75
-50
-64
-80
-51
-59
-49
-53
-50
-66
-57
-56
-65
-50
-86
-71
-71
-85
-86
-88
-98
-76
-80
-91
-68
-87
-92
-73
-58
-71
-52
-70
-60
-63
-93
-61
-82
-57
-55
-48
-55
-52
-75
-59
-85
-65
-65
-55
-57
-75
-68
-85
-82
-94
-76
-71
-61
-68
-72
-68
-87
-67
-71
-84
-93
-82
-80
-66
-59
-77
-66
-90
-71
-83
-67
-52
-79
-62
-72
-83
-59
-59
-93
-67
-64
-61
-71
-72
-63
-77
-75
-77
-73
-91
-71
-78
-89
-84
-86
-92
-80
-84
-112
-97
-106
-97
-92
-125
-108
-111
-132
-119
-124
-101
-101
-107
-107
-73
-90
-73
-66
-101
-100
-127
-113
-109
-90
-87
-109
-108
-90
-90
-70
-80
-67
-65
-76
-83
-84
-86
-81
-79
-103
-78
-80
-86
-73
-68
-94
-82
-82
-89
-83
-79
-69
-98
-89
-85
-89
-74
-65
-67
-79
-83
-85
-68
-62
-58
-82
-99
-66
-54
-81
-82
-70
-86
-101
-71
-107
-101
-71
-64
-69
-79
-101
-87
-84
-91
-60
-87
-85
-83
-76
-88
-92
-92
-92
-86
-91
-93
-91
-87
-75
-102
-101
-75
-114
-106
-115
-122
-106
-120
-117
-101
-119
-111
-107
-108
-102
-92
-56
-68
-90
-73
-77
-82
-106
-99
-49
-60
-95
-74
-76
-101
-105
-101
-83
-83
-70
-81
-88
-89
-71
-65
-80
-72
-80
-60
-77
-60
-74
-96
-100
-76
-91
-89
-84
-91
-86
-107
-79
-83
-60
-70
-77
-76
-66
-78
-86
-78
-105
-102
-94
-69
-75
-84
-92
-58
-58
-62
-60
-70
-65
-91
-78
-81
-74
-76
-68
-79
-70
-77
-77
-63
-69
-79
-88
-86
-74
-89
-65
-71
-59
-58
-78
-101
-88
-61
-68
-82
-75
-90
-94
-73
-78
-80
-60
-81
-110
-89
-89
-104
-91
-78
-108
-95
-100
-97
-97
-87
-103
-76
-81
-62
-74
-91
-83
-92
-76
-93
-102
-64
-85
-109
-82
-101
-99
-104
-116
-97
-123
-100
-99
-110
-80
-114
-111
-117
-104
-106
-113
-97
-84
-60
-67
-92
-103
-104
-91
-75
-88
-83
-70
-82
-83
-94
-75
-83
-89
-67
-91
-84
-62
-72
-79
-89
-81
-99
-99
-94
-90
-85
-75
-84
-78
-53
-59
-67
-68
-73
-74
-71
-63
-60
-48
-55
-45
-59
-82
-83
-82
-98
-77
-60
-107
-89
-90
-99
-99
-90
-66
-61
-79
-76
-59
-89
-90
-60
-70
-65
-67
-83
-90
-75
-73
-53
-62
-66
-58
-91
-84
-68
-82
-84
-89
-68
-94
-82
-87
-109
-99
-79
-77
-55
-57
-78
-81
-84
-68
-74
-51
-74
-60
-56
-50
-46
-42
-63
-88
-69
-56
-80
-88
-62
-62
-90
-72
-74
-79
-62
-45
-67
-65
-53
-64
-83
-85
-94
-86
-47
-74
-65
-47
-86
-80
-72
-58
-59
-80
-44
-67
-73
-55
-83
-64
-71
-65
-72
-84
-49
-68
-88
-68
-89
-71
-62
-69
-70
-53
-65
-66
-51
-78
-85
-88
-78
-51
-68
-69
-53
-49
-58
-44
-73
-60
-36
-27
-53
-62
-58
-77
-63
-50
-51
-67
-51
-54
-64
-75
-51
-61
-54
-44
-59
-49
-67
-41
-63
-71
-52
-44
-31
-38
-40
-43
-48
-54
-37
-43
-37
-69
-28
-51
-45
-43
-63
-22
-45
-50
-67
-56
-56
-52
-48
-56
-85
-67
-49
-82
-59
-53
-58
-51
-48
-66
-76
-63
-65
-59
-55
-65
-80
-72
-91
-64
-59
-88
-59
-65
-66
-45
-63
-67
-51
-58
-56
-47
-55
-57
-70
-58
-74
-77
-81
-75
-84
-87
-56
-75
-68
-93
-102
-65
-65
-82
-105
-92
-87
-65
-86
-82
-68
-87
-63
-96
-71
-70
-80
-76
-42
-48
-55
-59
-72
-52
-74
-73
-51
-67
-72
-43
-46
-51
-58
-47
-79
-43
-60
-72
-26
-48
-49
-47
-68
-40
-17
-48
-49
-45
-37
-57
-28
-45
-35
-44
-46
-59
-70
-53
-77
-57
-61
-53
-59
-70
-66
-74
-71
-75
-78
-70
-69
-71
-63
-70
-79
-83
-112
-43
-77
-62
-48
-42
-44
-60
-32
-76
-63
-67
-57
-51
-54
-48
-52
-53
-59
-22
-27
-34
-28
-32
-37
-31
-29
-36
-37
-43
-51
-41
-76
-58
-57
-60
-59
-61
-57
-84
-65
-77
-57
-62
-59
-66
-60
-52
-66
-62
-65
-52
-38
-39
-70
-67
-65
-73
-53
-45
-64
-77
-82
-57
-49
-72
-79
-61
-45
-67
-58
-37
-67
-42
-41
-55
-71
-72
-74
-69
-87
-72
-64
-84
-72
-65
-63
-53
-43
-55
-74
-63
-46
-37
-35
-44
-38
-52
-49
-35
-85
-64
-83
-70
-37
-81
-38
-57
-44
-65
-70
-54
-73
-61
-76
-68
-74
-78
-69
-56
-58
-59
-68
-56
-70
-57
-40
-43
-62
-70
-57
-45
-50
-45
-30
-74
-112
-82
-61
-79
-78
-69
-61
-77
-78
-139
-251
-419
-520
-606
-635
-636
-636
-607
-525
-409
-369
-309
-239
-132
-10
99
120
54
63
70
42
70
25
-32
-8
25
73
103
97
76
86
138
151
133
94
80
94
133
193
192
198
200
222
301
348
371
412
418
414
397
354
281
222
158
110
59
7
-26
-61
-54
-29
-19
-16
7
40
21
17
39
22
4
-7
-26
-60
-120
-147
-152
-161
-156
-117
-124
-141
-125
-145
-112
-140
-192
-208
-226
-218
-265
-279
-275
-283
-231
-180
-157
-148
-83
-57
-46
-16
24
31
-3
7
-6
-12
-28
-44
-73
-155
-283
-410
-523
-535
-570
-612
-595
-565
-481
-415
-423
-406
-342
-228
-118
-65
-97
-128
-83
-56
-53
-73
-94
-130
-85
-19
23
40
51
67
99
128
139
124
107
92
124
139
106
78
81
112
151
171
225
268
328
386
424
469
470
464
490
489
470
444
395
406
371
392
355
359
313
266
228
147
84
31
-16
-34
-73
-102
-132
-191
-223
-175
-126
-89
-48
-46
-9
28
42
30
11
-25
-20
-34
-64
-85
-114
-133
-131
-160
-176
-209
-217
-188
-186
-152
-181
-218
-247
-310
-403
-555
-712
-873
-981
-1017
-1001
-953
-887
-801
-696
-596
-503
-393
-293
-182
-119
-75
-142
-174
-210
-243
-272
-267
-279
-238
-166
-67
61
175
310
361
441
463
437
366
276
218
174
116
53
-7
-21
38
110
189
294
397
517
613
686
702
690
674
623
591
532
460
429
409
414
452
494
537
541
589
622
613
608
585
537
487
380
246
110
-24
-132
-207
-256
-253
-270
-258
-241
-181
-140
-136
-75
-36
-17
-55
-81
-133
-175
-193
-235
-311
-386
-442
-522
-580
-631
-672
-722
-769
-812
-848
-871
-881
-890
-881
-847
-802
-735
-697
-634
-591
-548
-477
-431
-381
-351
-311
-275
-233
-230
-207
-187
-174
-141
-107
-50
-21
55
128
187
250
296
344
365
418
431
438
446
421
398
388
352
299
275
264
278
250
286
330
356
395
433
450
488
464
423
401
375
364
302
264
247
242
210
185
169
173
173
180
206
182
162
155
162
116
106
67
37
26
-3
-5
0
-12
-20
-6
13
6
-36
-21
-53
-82
-125
-191
-223
-286
-326
-348
-376
-395
-388
-357
-362
-335
-304
-301
-312
-289
-280
-337
-330
-348
-358
-377
-389
-410
-467
-500
-514
-542
-544
-515
-515
-495
-447
-420
-392
-359
-355
-307
-260
-231
-212
-215
-223
-212
-183
-182
-143
-109
-45
5
37
74
82
87
104
126
129
118
113
111
95
112
126
120
146
198
239
271
327
357
372
356
321
324
298
249
176
166
184
196
164
137
130
166
208
205
210
277
331
299
294
314
288
279
257
238
221
205
195
192
167
193
195
209
233
247
251
238
250
262
253
216
233
254
254
264
266
309
330
326
368
374
385
407
391
380
384
356
318
283
243
238
234
165
164
156
112
106
81
125
143
119
118
123
130
145
126
80
-2
-27
-77
-158
-190
-267
-330
-388
-395
-425
-462
-477
-543
-551
-584
-601
-619
-677
-720
-743
-763
-812
-830
-838
-828
-836
-830
-828
-793
-803
-803
-816
-822
-787
-806
-778
-778
-789
-756
-722
-672
-626
-554
-482
-424
-362
-296
-235
-189
-130
-130
-94
-30
-8
17
61
96
164
259
371
455
567
715
832
974
1052
1179
1266
1369
1426
1478
1580
1660
1718
1716
1787
1881
1899
1930
1982
2071
2147
2172
2189
2222
2222
2166
2090
1970
1843
1709
1524
1229
996
748
504
232
2
-108
-273
-390
-431
-473
-475
-475
-446
-416
-361
-338
-347
-339
-328
-283
-251
-259
-245
-234
-208
-199
-218
-186
-204
-266
-295
-361
-433
-561
-657
-748
-885
-989
-1045
-1120
-1159
-1184
-1182
-1175
-1130
-1065
-1025
-955
-917
-911
-916
-877
-902
-923
-938
-925
-886
-894
-867
-824
-796
-754
-720
-692
-678
-699
-732
-790
-848
-926
-1028
-1123
-1189
-1238
-1284
-1297
-1306
-1273
-1235
-1180
-1100
-1012
-947
-859
-814
-752
-694
-656
-606
-574
-508
-465
-406
-369
-291
-265
-209
-141
-70
8
111
183
284
425
537
712
867
1053
1232
1361
1529
1653
1753
1843
1921
2017
2073
2115
2142
2191
2252
2275
2278
2367
2430
2481
2447
2385
2330
2169
1948
1648
1298
944
584
246
-54
-283
-493
-642
-776
-759
-708
-653
-567
-432
-298
-218
-155
-120
-96
-71
-71
-93
-103
-115
-110
-98
-80
-52
-6
-19
-26
-76
-110
-223
-345
-494
-649
-829
-1033
-1172
-1300
-1395
-1482
-1494
-1479
-1434
-1354
-1270
-1154
-1046
-1044
-1033
-959
-933
-948
-969
-979
-907
-892
-880
-850
-811
-737
-644
-599
-575
-548
-566
-599
-731
-814
-901
-1016
-1124
-1260
-1323
-1356
-1378
-1354
-1307
-1248
-1160
-1084
-991
-865
-771
-730
-686
-638
-594
-533
-503
-461
-421
-393
-331
-233
-144
-46
93
211
362
504
621
762
886
973
1070
1161
1229
1294
1398
1491
1628
1744
1892
2039
2159
2294
2389
2498
2607
2714
2785
2824
2813
2780
2695
2591
2439
2218
1911
1580
1186
798
441
136
-171
-433
-644
-822
-958
-990
-962
-905
-831
-751
-667
-584
-487
-400
-327
-242
-149
-89
-6
40
124
196
242
331
352
353
323
237
160
62
-89
-270
-457
-656
-867
-1050
-1197
-1353
-1443
-1522
-1533
-1532
-1509
-1448
-1428
-1371
-1301
-1251
-1196
-1176
-1148
-1085
-1043
-943
-902
-809
-725
-624
-578
-492
-418
-390
-371
-410
-460
-586
-685
-787
-948
-1083
-1202
-1331
-1424
-1500
-1530
-1501
-1473
-1431
-1404
-1337
-1276
-1207
-1108
-1029
-979
-892
-869
-807
-732
-680
-617
-557
-442
-328
-211
-103
-8
85
240
345
461
545
649
737
815
887
986
1063
1197
1374
1522
1686
1823
2024
2250
2376
2475
2628
2760
2839
2861
2922
2936
2940
2898
2812
2718
2554
2321
1997
1605
1198
825
445
72
-272
-584
-873
-1113
-1214
-1239
-1240
-1176
-1117
-1001
-856
-749
-583
-427
-304
-189
-90
-12
91
204
290
357
442
535
564
557
552
527
456
340
196
24
-207
-431
-672
-890
-1109
-1331
-1480
-1613
-1678
-1733
-1752
-1757
-1717
-1646
-1575
-1495
-1452
-1393
-1313
-1248
-1170
-1062
-960
-878
-751
-681
-589
-487
-373
-275
-260
-244
-284
-350
-461
-535
-670
-855
-1027
-1177
-1296
-1439
-1505
-1581
-1588
-1603
-1567
-1491
-1415
-1339
-1206
-1124
-1036
-930
-835
-764
-686
-618
-590
-497
-433
-362
-281
-169
-62
69
223
400
540
706
826
925
1060
1146
1227
1226
1284
1362
1421
1466
1580
1754
1886
2002
2147
2345
2503
2642
2755
2847
2932
2987
2981
2921
2839
2701
2515
2269
1911
1482
1066
668
316
-45
-373
-679
-961
-1151
-1252
-1309
-1335
-1311
-1241
-1186
-1097
-980
-864
-733
-601
-491
-357
-202
-103
54
167
319
483
587
649
705
742
697
662
575
441
270
61
-172
-397
-635
-864
-1080
-1279
-1408
-1525
-1600
-1670
-1694
-1721
-1749
-1717
-1697
-1669
-1661
-1644
-1591
-1527
-1420
-1334
-1220
-1054
-932
-787
-631
-484
-365
-259
-219
-227
-253
-323
-428
-582
-732
-910
-1084
-1218
-1347
-1471
-1560
-1583
-1614
-1631
-1605
-1547
-1467
-1412
-1332
-1295
-1205
-1102
-1060
-1009
-939
-861
-760
-647
-537
-402
-186
-44
114
301
474
624
742
814
913
1042
1093
1156
1200
1260
1337
1382
1477
1602
1774
1918
1999
2169
2333
2510
2588
2668
2797
2851
2910
2918
2928
2892
2802
2700
2499
2240
1907
1484
1062
689
299
-92
-456
-831
-1120
-1301
-1460
-1532
-1508
-1494
-1441
-1384
-1259
-1077
-958
-814
-699
-559
-435
-299
-149
-16
122
241
364
492
620
700
736
766
759
698
587
391
236
23
-206
-455
-720
-937
-1176
-1382
-1538
-1631
-1766
-1886
-1944
-1919
-1933
-1939
-1915
-1875
-1814
-1746
-1666
-1567
-1429
-1300
-1183
-1053
-900
-720
-563
-447
-359
-301
-246
-256
-292
-364
-460
-616
-773
-932
-1092
-1242
-1378
-1463
-1517
-1550
-1604
-1604
-1580
-1540
-1480
-1446
-1393
-1329
-1252
-1177
-1096
-1009
-901
-789
-669
-510
-368
-187
16
187
339
505
638
779
880
959
1048
1063
1109
1167
1251
1285
1342
1489
1605
1704
1874
2057
2230
2358
2477
2586
2696
2747
2766
2808
2810
2833
2810
2818
2771
2708
2581
2402
2177
1840
1473
1098
712
332
-64
-457
-874
-1186
-1414
-1566
-1638
-1656
-1620
-1535
-1434
-1297
-1067
-899
-720
-551
-399
-276
-135
-26
87
211
298
393
500
584
660
722
740
773
753
676
569
408
219
-22
-276
-511
-780
-1043
-1301
-1509
-1703
-1879
-2018
-2104
-2100
-2095
-2099
-2056
-1987
-1922
-1841
-1717
-1572
-1444
-1310
-1177
-1053
-909
-753
-604
-489
-431
-370
-315
-273
-271
-350
-423
-533
-628
-749
-911
-1028
-1133
-1282
-1388
-1457
-1519
-1511
-1515
-1536
-1508
-1423
-1377
-1271
-1207
-1110
-985
-898
-797
-682
-553
-393
-284
-181
-36
134
297
424
545
702
854
949
1043
1136
1256
1296
1364
1445
1546
1628
1707
1781
1857
1977
2137
2223
2328
2440
2541
2620
2708
2777
2838
2864
2882
2906
2859
2810
2671
2525
2267
1920
1497
1096
672
261
-140
-573
-1004
-1399
-1656
-1800
-1820
-1806
-1749
-1683
-1570
-1363
-1124
-852
-660
-489
-358
-253
-156
-20
97
189
264
320
450
556
667
757
834
865
900
869
770
663
472
246
-16
-304
-599
-870
-1163
-1408
-1614
-1839
-2029
-2132
-2151
-2149
-2108
-2093
-2048
-1923
-1853
-1701
-1603
-1442
-1321
-1251
-1163
-1031
-858
-748
-611
-506
-437
-351
-303
-264
-245
-293
-372
-456
-585
-709
-838
-1007
-1122
-1249
-1366
-1443
-1508
-1516
-1553
-1519
-1446
-1370
-1273
-1183
-1080
-1024
-956
-853
-764
-693
-622
-515
-385
-278
-127
51
208
375
524
642
793
934
1039
1101
1163
1224
1252
1321
1379
1432
1475
1558
1691
1808
1932
2061
2209
2327
2469
2544
2606
2624
2605
2583
2557
2529
2446
2411
2351
2280
2132
2008
1835
1563
1287
977
712
380
52
-265
-590
-838
-1078
-1226
-1300
-1346
-1349
-1312
-1219
-1118
-960
-793
-648
-511
-355
-240
-134
-29
61
131
174
247
290
354
411
472
496
491
504
478
439
379
258
140
-60
-248
-433
-638
-858
-1063
-1290
-1493
-1636
-1781
-1839
-1914
-1947
-1910
-1906
-1870
-1757
-1628
-1524
-1420
-1331
-1211
-1080
-963
-882
-780
-749
-680
-586
-558
-486
-465
-470
-477
-478
-473
-517
-567
-645
-697
-802
-877
-939
-1025
-1078
-1150
-1183
-1221
-1239
-1224
-1193
-1156
-1108
-1073
-987
-895
-816
-728
-636
-518
-393
-295
-166
-33
105
220
341
444
541
657
725
828
908
1002
1113
1152
1238
1340
1440
1519
1608
1727
1800
1899
1983
2067
2147
2233
2266
2337
2398
2422
2460
2480
2524
2574
2582
2599
2599
2561
2535
2424
2265
2056
1774
1410
1042
715
329
-21
-398
-717
-963
-1164
-1291
-1358
-1360
-1333
-1242
-1132
-1007
-845
-708
-603
-500
-397
-304
-247
-186
-125
-60
35
99
159
251
345
444
510
582
618
622
588
518
411
249
41
-182
-418
-637
-852
-1097
-1322
-1533
-1719
-1819
-1857
-1893
-1907
-1895
-1845
-1766
-1685
-1578
-1452
-1344
-1256
-1152
-1049
-953
-825
-711
-667
-607
-506
-448
-387
-346
-324
-321
-313
-358
-399
-466
-562
-650
-756
-840
-940
-1038
-1125
-1188
-1264
-1319
-1325
-1323
-1304
-1239
-1188
-1108
-1084
-966
-872
-766
-653
-530
-386
-295
-137
-26
136
246
340
466
541
636
712
820
875
942
983
1054
1122
1169
1277
1360
1443
1548
1650
1737
1806
1881
1951
2026
2082
2105
2170
2217
2242
2243
2308
2350
2397
2429
2439
2458
2495
2437
2366
2274
2094
1862
1567
1263
899
591
240
-122
-417
-706
-928
-1079
-1184
-1242
-1233
-1195
-1125
-1031
-885
-775
-668
-573
-501
-425
-350
-325
-278
-196
-159
-110
-10
81
170
232
326
414
470
521
517
502
414
301
159
-11
-230
-417
-666
-872
-1130
-1363
-1522
-1643
-1754
-1835
-1852
-1882
-1850
-1792
-1704
-1629
-1473
-1372
-1252
-1164
-1039
-957
-852
-771
-713
-608
-539
-452
-465
-403
-366
-326
-347
-378
-382
-405
-476
-540
-619
-686
-748
-863
-968
-1033
-1105
-1193
-1248
-1295
-1293
-1331
-1310
-1279
-1218
-1121
-1003
-886
-775
-649
-504
-378
-217
-55
67
174
293
398
465
565
635
658
709
769
812
873
965
1053
1134
1223
1338
1430
1476
1567
1660
1718
1785
1847
1919
1924
1937
1967
2007
2042
2036
2090
2150
2216
2277
2334
2372
2432
2410
2359
2329
2181
1970
1680
1351
1044
716
336
-36
-381
-662
-916
-1095
-1220
-1276
-1250
-1262
-1215
-1086
-954
-846
-738
-632
-541
-479
-449
-408
-376
-341
-296
-250
-187
-107
2
92
187
287
379
449
500
541
548
491
346
207
19
-172
-387
-642
-864
-1155
-1320
-1487
-1629
-1721
-1782
-1829
-1786
-1745
-1668
-1559
-1477
-1383
-1291
-1169
-1061
-992
-905
-845
-822
-746
-710
-628
-601
-560
-493
-461
-460
-431
-408
-399
-451
-474
-530
-622
-693
-784
-861
-971
-1050
-1138
-1224
-1268
-1280
-1299
-1273
-1258
-1208
-1117
-1014
-936
-835
-693
-582
-448
-303
-168
-85
36
149
231
315
395
456
510
595
638
683
743
834
897
959
1051
1132
1238
1306
1369
1432
1506
1591
1592
1669
1740
1805
1833
1891
1988
2066
2139
2198
2287
2349
2439
2491
2544
2572
2586
2539
2445
2335
2133
1876
1604
1275
937
579
224
-101
-451
-704
-930
-1096
-1187
-1228
-1250
-1215
-1201
-1104
-985
-923
-826
-759
-657
-584
-515
-452
-394
-312
-272
-198
-85
35
109
233
337
431
528
552
584
575
553
460
354
193
23
-155
-403
-614
-863
-1118
-1296
-1456
-1631
-1758
-1819
-1835
-1843
-1819
-1770
-1675
-1595
-1532
-1429
-1298
-1187
-1084
-1009
-936
-838
-785
-717
-664
-583
-545
-539
-502
-493
-459
-450
-465
-511
-534
-583
-660
-710
-804
-841
-921
-1040
-1104
-1168
-1205
-1263
-1267
-1276
-1248
-1221
-1167
-1091
-1014
-911
-814
-681
-594
-455
-311
-192
-53
52
191
260
370
461
535
597
644
753
810
848
897
941
999
1109
1196
1270
1386
1440
1561
1665
1737
1874
1944
2009
2081
2119
2186
2258
2297
2342
2373
2407
2445
2470
2468
2460
2415
2369
2259
2123
1929
1670
1349
1044
738
374
29
-318
-615
-875
-1086
-1237
-1365
-1414
-1430
-1383
-1317
-1222
-1075
-967
-861
-725
-592
-510
-428
-350
-257
-212
-152
-79
1
74
136
213
291
361
433
483
495
489
465
392
300
152
-2
-197
-393
-590
-805
-1032
-1261
-1438
-1586
-1713
-1809
-1873
-1888
-1847
-1852
-1765
-1670
-1527
-1425
-1344
-1211
-1103
-964
-936
-870
-838
-752
-703
-706
-677
-648
-614
-622
-658
-679
-637
-654
-691
-750
-793
-842
-892
-955
-1017
-1102
-1162
-1227
-1291
-1318
-1345
-1363
-1349
-1328
-1294
-1218
-1139
-1040
-939
-808
-717
-614
-458
-304
-189
-64
49
156
288
367
426
489
563
615
688
761
817
899
966
1078
1151
1239
1352
1451
1564
1651
1739
1853
1935
2011
2073
2156
2206
2269
2292
2360
2425
2454
2482
2506
2537
2537
2489
2441
2356
2216
2008
1753
1467
1183
868
509
188
-147
-431
-699
-925
-1085
-1222
-1306
-1317
-1321
-1275
-1194
-1077
-949
-836
-717
-584
-498
-413
-340
-264
-196
-143
-89
-3
75
134
216
296
383
419
465
492
534
523
447
368
263
113
-53
-199
-417
-623
-843
-1054
-1267
-1425
-1552
-1678
-1756
-1829
-1832
-1791
-1737
-1649
-1584
-1473
-1378
-1302
-1193
-1086
-1022
-946
-890
-860
-812
-761
-718
-717
-692
-684
-671
-689
-666
-651
-664
-681
-721
-744
-790
-855
-922
-966
-1051
-1105
-1167
-1217
-1259
-1268
-1277
-1292
-1275
-1227
-1145
-1081
-1001
-923
-812
-685
-583
-448
-332
-199
-60
59
179
262
368
463
543
587
670
741
808
868
945
1044
1133
1225
1334
1452
1576
1682
1771
1915
2002
2074
2111
2194
2257
2288
2335
2335
2356
2373
2373
2351
2386
2365
2352
2323
2280
2206
2079
1904
1685
1423
1174
900
586
264
-22
-325
-590
-832
-1003
-1103
-1191
-1231
-1228
-1183
-1099
-1003
-924
-789
-650
-543
-454
-373
-277
-239
-184
-133
-95
-43
29
99
111
161
248
319
363
433
415
429
400
344
270
144
11
-157
-354
-562
-770
-1026
-1212
-1387
-1542
-1654
-1762
-1819
-1847
-1827
-1776
-1698
-1615
-1503
-1415
-1299
-1184
-1084
-988
-902
-866
-834
-761
-725
-711
-699
-650
-669
-656
-628
-603
-579
-592
-610
-605
-613
-681
-706
-765
-834
-913
-994
-1047
-1110
-1162
-1237
-1236
-1258
-1254
-1232
-1192
-1139
-1090
-1001
-922
-831
-704
-604
-493
-378
-273
-135
-30
110
244
333
419
524
617
717
810
898
963
1036
1119
1198
1288
1413
1470
1569
1629
1723
1811
1904
2003
2037
2122
2186
2241
2257
2303
2346
2362
2365
2376
2372
2346
2332
2273
2200
2157
2013
1805
1596
1344
1103
799
506
243
-57
-348
-597
-813
-937
-1089
-1187
-1220
-1231
-1186
-1108
-1036
-968
-874
-763
-688
-593
-503
-430
-360
-309
-280
-213
-152
-78
-8
57
128
209
266
315
353
361
383
369
320
229
129
-15
-207
-404
-632
-840
-1034
-1225
-1437
-1584
-1710
-1796
-1872
-1855
-1850
-1793
-1697
-1627
-1500
-1401
-1280
-1172
-1071
-971
-910
-822
-764
-756
-687
-676
-645
-619
-615
-573
-566
-553
-541
-502
-499
-485
-509
-535
-569
-624
-694
-790
-851
-922
-981
-1054
-1095
-1181
-1238
-1216
-1196
-1189
-1150
-1046
-975
-874
-775
-690
-575
-450
-327
-203
-75
57
182
291
371
473
576
663
733
852
945
1016
1111
1209
1307
1409
1524
1631
1713
1823
1888
1975
2036
2081
2160
2195
2222
2245
2264
2294
2309
2302
2304
2310
2312
2284
2285
2232
2167
2037
1891
1682
1456
1211
926
669
384
97
-179
-448
-651
-823
-970
-1069
-1154
-1171
-1162
-1084
-1020
-964
-872
-775
-673
-585
-493
-433
-346
-299
-257
-193
-114
-44
-7
59
154
195
290
361
401
457
474
471
443
385
286
190
56
-116
-298
-513
-769
-966
-1162
-1326
-1494
-1639
-1742
-1812
-1830
-1858
-1809
-1712
-1636
-1554
-1446
-1346
-1238
-1134
-1075
-967
-915
-878
-841
-800
-730
-708
-683
-670
-636
-623
-547
-517
-499
-488
-482
-459
-486
-532
-576
-610
-667
-744
-837
-898
-991
-1052
-1098
-1144
-1165
-1167
-1131
-1109
-1037
-976
-924
-802
-660
-531
-407
-298
-129
13
136
266
394
512
608
738
851
943
1040
1149
1235
1336
1437
1549
1656
1745
1869
1942
2050
2146
2218
2294
2352
2393
2415
2453
2480
2479
2483
2462
2428
2425
2375
2294
2226
2096
1944
1761
1520
1298
1031
767
446
158
-133
-409
-657
-903
-1060
-1197
-1294
-1341
-1357
-1352
-1275
-1189
-1075
-971
-858
-730
-615
-511
-421
-329
-249
-161
-78
-20
55
135
205
271
323
400
454
524
561
561
546
500
438
352
231
69
-93
-295
-499
-731
-954
-1158
-1344
-1507
-1648
-1744
-1834
-1887
-1893
-1870
-1811
-1739
-1632
-1538
-1448
-1351
-1217
-1134
-1059
-983
-921
-856
-829
-789
-737
-712
-676
-633
-619
-566
-526
-480
-465
-457
-447
-465
-495
-537
-583
-645
-727
-798
-855
-940
-1006
-1072
-1131
-1167
-1171
-1155
-1153
-1112
-1047
-956
-868
-790
-713
-574
-469
-346
-200
-83
68
166
290
430
539
666
774
945
1044
1129
1268
1394
1520
1598
1725
1835
1926
2011
2106
2190
2225
2260
2307
2375
2400
2393
2388
2387
2391
2362
2362
2322
2279
2223
2124
2013
1804
1621
1379
1145
874
585
309
-6
-286
-560
-788
-987
-1143
-1260
-1351
-1353
-1368
-1334
-1239
-1161
-1068
-949
-827
-713
-603
-509
-412
-315
-235
-158
-76
5
59
139
195
273
350
420
479
535
580
566
584
509
461
355
242
89
-127
-318
-575
-767
-976
-1194
-1408
-1554
-1660
-1763
-1838
-1865
-1859
-1835
-1786
-1734
-1657
-1570
-1441
-1313
-1249
-1152
-1058
-986
-934
-884
-852
-773
-738
-724
-668
-611
-569
-527
-474
-445
-434
-411
-410
-401
-401
-452
-501
-572
-599
-661
-742
-825
-884
-943
-995
-1047
-1085
-1079
-1038
-1032
-1008
-920
-833
-733
-676
-571
-484
-361
-230
-94
28
144
311
470
579
722
853
1003
1132
1255
1376
1499
1612
1707
1812
1896
1999
2097
2182
2234
2301
2357
2405
2446
2467
2489
2498
2495
2489
2468
2386
2333
2268
2160
2008
1820
1613
1364
1114
824
541
245
-30
-326
-596
-802
-980
-1126
-1243
-1303
-1335
-1346
-1314
-1240
-1167
-1078
-962
-851
-734
-619
-525
-418
-353
-288
-175
-111
-21
88
157
235
318
417
470
531
583
623
620
606
577
482
381
247
128
-75
-314
-528
-749
-937
-1151
-1351
-1535
-1686
-1800
-1850
-1878
-1908
-1872
-1840
-1746
-1694
-1575
-1468
-1395
-1301
-1217
-1123
-1058
-981
-928
-836
-770
-738
-677
-627
-553
-486
-483
-441
-390
-365
-328
-308
-300
-299
-361
-388
-413
-513
-580
-634
-722
-790
-864
-919
-944
-960
-986
-967
-926
-915
-853
-795
-687
-596
-540
-440
-334
-214
-89
26
186
290
436
589
702
860
978
1139
1294
1384
1512
1639
1742
1863
1976
2039
2140
2190
2249
2310
2369
2423
2459
2495
2495
2545
2549
2537
2508
2493
2431
2323
2206
2055
1862
1617
1378
1133
838
545
225
-74
-384
-618
-823
-1037
-1163
-1296
-1375
-1396
-1382
-1340
-1276
-1201
-1088
-989
-867
-746
-653
-538
-447
-335
-254
-151
-58
-14
111
217
293
392
474
562
606
664
714
734
709
657
610
488
350
197
-6
-219
-429
-660
-891
-1105
-1281
-1447
-1601
-1699
-1806
-1850
-1849
-1843
-1807
-1760
-1670
-1607
-1509
-1423
-1355
-1246
-1180
-1058
-988
-945
-840
-771
-725
-660
-613
-553
-467
-414
-370
-356
-313
-311
-253
-263
-282
-294
-351
-395
-468
-519
-599
-698
-775
-814
-857
-921
-959
-990
-991
-969
-931
-909
-882
-799
-727
-616
-530
-404
-297
-161
10
184
343
499
675
810
963
1147
1275
1385
1500
1616
1698
1802
1867
1960
2021
2066
2115
2163
2269
2290
2352
2387
2437
2497
2496
2496
2493
2481
2411
2348
2236
2131
1963
1768
1558
1290
1038
773
503
230
-53
-288
-539
-745
-894
-1031
-1140
-1211
-1248
-1257
-1187
-1171
-1113
-1054
-983
-902
-810
-707
-624
-547
-440
-345
-234
-175
-70
45
103
225
295
414
480
526
592
617
620
602
556
507
422
301
156
0
-209
-398
-591
-811
-987
-1184
-1347
-1468
-1586
-1701
-1780
-1806
-1812
-1811
-1813
-1758
-1713
-1631
-1546
-1476
-1356
-1292
-1219
-1125
-1024
-947
-844
-801
-743
-662
-578
-504
-441
-392
-364
-315
-312
-269
-257
-233
-253
-293
-312
-353
-410
-491
-519
-623
-680
-733
-805
-840
-895
-896
-862
-875
-882
-829
-766
-712
-649
-559
-439
-329
-221
-48
93
253
423
552
718
881
1051
1195
1335
1445
1548
1684
1776
1849
1894
1973
2043
2093
2145
2188
2241
2252
2298
2342
2343
2393
2369
2385
2363
2336
2256
2183
2092
1971
1794
1599
1387
1131
857
601
333
38
-225
-483
-711
-912
-1060
-1201
-1285
-1351
-1335
-1340
-1297
-1226
-1152
-1037
-959
-882
-779
-689
-606
-484
-427
-333
-251
-163
-85
12
106
179
269
334
424
500
540
582
602
594
579
484
379
269
146
-22
-225
-387
-600
-790
-986
-1186
-1348
-1484
-1614
-1717
-1769
-1809
-1810
-1800
-1755
-1721
-1640
-1571
-1486
-1393
-1305
-1217
-1136
-1086
-993
-925
-873
-798
-769
-701
-642
-567
-517
-444
-405
-384
-330
-276
-233
-227
-229
-235
-275
-311
-363
-411
-485
-559
-631
-733
-796
-849
-884
-905
-946
-951
-922
-877
-832
-749
-650
-546
-410
-299
-126
28
190
376
508
686
825
962
1119
1245
1348
1451
1553
1620
1763
1849
1946
2036
2097
2187
2243
2317
2355
2411
2452
2455
2510
2528
2477
2463
2403
2340
2255
2128
1962
1821
1633
1378
1123
884
639
350
117
-139
-378
-602
-828
-971
-1091
-1187
-1260
-1280
-1264
-1258
-1219
-1160
-1087
-1002
-901
-808
-712
-581
-491
-394
-302
-187
-83
-10
72
196
278
352
448
511
571
614
646
639
647
605
561
477
341
239
92
-61
-234
-405
-606
-787
-983
-1160
-1334
-1473
-1566
-1675
-1725
-1771
-1790
-1758
-1733
-1710
-1633
-1571
-1472
-1382
-1309
-1189
-1130
-1059
-982
-879
-824
-777
-716
-654
-582
-521
-488
-441
-361
-325
-312
-293
-245
-222
-229
-225
-256
-317
-366
-408
-456
-526
-585
-667
-751
-780
-822
-895
-901
-893
-880
-845
-797
-719
-632
-561
-469
-339
-201
-60
56
213
383
540
672
804
946
1072
1211
1314
1433
1563
1689
1793
1872
1936
2034
2117
2161
2237
2296
2356
2387
2437
2444
2468
2469
2429
2435
2357
2301
2188
2075
1893
1713
1491
1228
1001
702
454
175
-102
-372
-615
-827
-1009
-1195
-1263
-1378
-1432
-1435
-1434
-1375
-1293
-1218
-1119
-1026
-917
-807
-722
-608
-493
-387
-310
-215
-100
21
82
182
250
358
431
498
588
629
643
682
662
591
547
459
340
205
95
-96
-307
-507
-716
-928
-1105
-1260
-1421
-1557
-1684
-1755
-1788
-1795
-1805
-1764
-1708
-1671
-1554
-1454
-1346
-1270
-1168
-1080
-1029
-933
-861
-773
-711
-668
-625
-569
-486
-419
-365
-301
-271
-227
-192
-163
-130
-124
-127
-178
-198
-246
-315
-395
-460
-523
-615
-709
-774
-839
-867
-878
-914
-910
-895
-873
-802
-735
-653
-553
-427
-300
-186
-20
123
299
465
628
783
922
1080
1206
1324
1451
1571
1657
1768
1880
1950
2018
2087
2153
2220
2271
2324
2343
2391
2426
2427
2422
2394
2405
2356
2273
2150
2018
1881
1711
1490
1251
999
744
496
241
-47
-304
-553
-766
-939
-1081
-1184
-1259
-1307
-1314
-1279
-1252
-1176
-1099
-1014
-917
-847
-733
-641
-546
-439
-345
-260
-181
-88
-18
78
174
265
345
421
487
545
619
649
660
641
623
547
461
364
236
89
-104
-267
-465
-671
-865
-1047
-1194
-1361
-1505
-1633
-1699
-1756
-1744
-1764
-1732
-1654
-1577
-1506
-1444
-1307
-1220
-1154
-1086
-992
-920
-849
-776
-724
-687
-618
-561
-531
-465
-398
-338
-296
-257
-183
-180
-165
-134
-148
-151
-173
-225
-285
-367
-421
-511
-614
-669
-761
-824
-894
-899
-897
-913
-869
-849
-806
-683
-592
-509
-368
-249
-98
57
181
347
513
637
789
922
1053
1169
1278
1409
1511
1601
1698
1789
1862
1951
2036
2104
2181
2235
2314
2358
2410
2443
2458
2479
2446
2421
2359
2323
2213
2099
1925
1760
1570
1305
1059
801
555
284
32
-223
-449
-670
-855
-995
-1113
-1231
-1298
-1292
-1311
-1289
-1225
-1177
-1108
-1009
-922
-842
-735
-630
-506
-414
-316
-203
-102
-33
69
179
276
377
450
473
550
627
619
655
646
615
538
445
359
235
93
-58
-215
-417
-593
-781
-972
-1127
-1280
-1426
-1563
-1680
-1742
-1784
-1803
-1762
-1768
-1710
-1648
-1576
-1475
-1399
-1295
-1240
-1122
-1046
-970
-873
-807
-738
-698
-611
-562
-483
-423
-380
-341
-320
-274
-236
-213
-210
-213
-223
-226
-271
-332
-385
-452
-505
-607
-690
-748
-814
-883
-923
-958
-939
-942
-936
-875
-832
-749
-656
-535
-407
-256
-123
68
230
412
569
717
862
986
1132
1246
1373
1491
1595
1698
1774
1858
1942
2006
2080
2145
2186
2234
2301
2320
2352
2354
2349
2352
2303
2273
2200
2103
2001
1829
1679
1488
1272
1018
765
510
274
-6
-249
-480
-715
-888
-1041
-1165
-1266
-1326
-1320
-1320
-1295
-1247
-1183
-1102
-1000
-888
-800
-694
-590
-496
-412
-325
-227
-149
-71
13
89
213
276
332
411
479
533
577
602
623
609
544
476
409
279
174
4
-153
-327
-515
-711
-919
-1089
-1263
-1427
-1566
-1689
-1748
-1770
-1844
-1855
-1807
-1778
-1725
-1634
-1546
-1440
-1312
-1218
-1150
-1035
-945
-884
-800
-744
-693
-611
-547
-506
-454
-391
-346
-284
-241
-207
-197
-169
-172
-154
-139
-182
-222
-280
-341
-412
-470
-547
-609
-698
-786
-824
-861
-904
-912
-906
-880
-820
-752
-665
-556
-425
-266
-133
36
220
388
563
733
894
1012
1159
1296
1407
1491
1577
1672
1725
1760
1813
1906
1930
1991
2048
2096
2172
2174
2237
2292
2308
2296
2309
2256
2194
2098
2006
1875
1706
1518
1321
1055
819
600
337
88
-150
-400
-598
-781
-920
-1047
-1167
-1239
-1289
-1270
-1270
-1234
-1190
-1113
-1063
-970
-898
-822
-724
-646
-538
-484
-393
-293
-213
-112
-26
57
158
251
309
370
448
497
531
547
524
507
455
381
289
157
22
-124
-269
-424
-569
-748
-964
-1118
-1240
-1377
-1531
-1660
-1706
-1737
-1761
-1770
-1737
-1678
-1619
-1543
-1460
-1344
-1274
-1156
-1079
-996
-923
-842
-760
-718
-645
-593
-551
-493
-404
-330
-291
-248
-219
-205
-133
-131
-112
-148
-137
-165
-221
-269
-306
-376
-465
-564
-660
-690
-744
-825
-874
-860
-863
-873
-845
-760
-683
-622
-535
-418
-279
-170
-29
116
250
402
542
693
817
944
1064
1183
1334
1423
1550
1636
1706
1779
1883
1927
2015
2080
2120
2192
2200
2245
2252
2297
2306
2259
2261
2206
2158
2070
1989
1871
1754
1585
1367
1186
958
748
496
260
30
-206
-418
-605
-799
-915
-1024
-1123
-1171
-1227
-1232
-1190
-1174
-1131
-1050
-968
-879
-794
-692
-592
-517
-390
-329
-242
-125
-66
30
97
154
230
310
379
426
474
497
504
525
492
473
444
377
305
195
65
-79
-240
-414
-582
-792
-961
-1102
-1264
-1424
-1515
-1578
-1638
-1691
-1677
-1645
-1597
-1561
-1499
-1370
-1264
-1177
-1055
-1010
-909
-830
-753
-650
-607
-544
-498
-478
-419
-357
-307
-252
-245
-186
-178
-116
-105
-62
-57
-71
-82
-124
-155
-257
-319
-396
-479
-555
-658
-731
-777
-827
-846
-870
-867
-815
-790
-730
-634
-510
-415
-301
-171
-27
133
261
401
541
699
818
953
1073
1181
1297
1402
1498
1565
1642
1717
1791
1844
1919
1948
2026
2081
2129
2201
2213
2252
2253
2222
2219
2244
2183
2112
2050
1922
1808
1648
1485
1292
1068
832
594
393
179
-62
-264
-444
-597
-758
-858
-954
-1041
-1064
-1088
-1078
-1053
-1043
-993
-881
-850
-761
-681
-602
-477
-432
-354
-275
-199
-119
11
101
166
248
324
376
453
503
541
581
563
581
542
508
426
358
275
173
40
-83
-229
-424
-601
-756
-928
-1072
-1204
-1326
-1435
-1507
-1573
-1614
-1613
-1605
-1562
-1486
-1419
-1332
-1212
-1118
-1025
-929
-876
-788
-706
-623
-524
-490
-439
-377
-296
-258
-224
-177
-125
-105
-45
-31
0
4
5
-28
-74
-93
-185
-208
-279
-354
-406
-473
-520
-623
-684
-726
-778
-781
-740
-711
-664
-604
-514
-439
-323
-180
-53
84
226
385
517
663
801
921
1053
1189
1296
1419
1477
1559
1632
1705
1762
1816
1896
1951
1990
2057
2092
2138
2177
2183
2208
2250
2250
2201
2183
2164
2115
2001
1917
1816
1682
1517
1346
1146
932
747
533
322
138
-66
-240
-410
-536
-641
-762
-834
-885
-903
-918
-912
-888
-851
-795
-737
-662
-572
-500
-447
-387
-270
-212
-141
-64
11
102
169
257
327
380
440
507
567
579
568
582
579
551
486
413
313
234
161
48
-114
-260
-419
-579
-726
-854
-1022
-1112
-1215
-1332
-1372
-1436
-1433
-1448
-1441
-1391
-1335
-1289
-1205
-1109
-1010
-936
-853
-748
-681
-617
-537
-479
-391
-363
-315
-265
-246
-218
-185
-147
-105
-75
-78
-78
-72
-70
-75
-110
-134
-171
-197
-286
-340
-410
-468
-546
-642
-677
-722
-767
-794
-756
-756
-699
-622
-533
-413
-284
-140
23
213
387
538
674
828
954
1060
1183
1266
1336
1387
1432
1488
1492
1550
1596
1624
1669
1706
1755
1809
1863
1906
1964
2018
2053
2104
2109
2095
2068
2041
1956
1874
1769
1669
1549
1383
1244
1041
887
712
554
362
188
28
-111
-240
-357
-447
-541
-583
-626
-684
-742
-763
-780
-787
-782
-746
-733
-715
-665
-607
-559
-511
-444
-358
-293
-226
-133
-23
41
128
212
267
336
383
395
411
407
382
358
277
232
166
79
-26
-139
-238
-367
-498
-636
-752
-876
-1001
-1088
-1175
-1274
-1320
-1366
-1401
-1385
-1353
-1372
-1322
-1235
-1193
-1114
-1053
-967
-863
-816
-765
-652
-570
-510
-471
-432
-377
-303
-273
-235
-177
-117
-72
-84
-56
-35
-51
-37
-72
-102
-141
-189
-221
-307
-346
-414
-498
-563
-589
-632
-671
-685
-713
-693
-660
-615
-542
-472
-397
-316
-205
-92
6
125
249
346
476
581
686
796
864
970
1036
1120
1162
1225
1289
1356
1401
1443
1497
1544
1584
1596
1641
1689
1715
1734
1768
1783
1783
1790
1805
1787
1749
1701
1655
1583
1530
1465
1350
1235
1140
1010
845
692
550
409
249
145
0
-173
-277
-390
-490
-575
-660
-713
-753
-765
-796
-792
-763
-748
-718
-672
-611
-557
-495
-422
-388
-331
-237
-158
-86
-56
13
78
121
188
199
211
240
242
239
242
198
174
123
62
9
-73
-184
-252
-371
-516
-601
-734
-825
-939
-1038
-1142
-1213
-1255
-1285
-1273
-1290
-1227
-1218
-1148
-1086
-1012
-897
-832
-731
-633
-588
-523
-464
-410
-361
-334
-270
-246
-236
-206
-212
-172
-149
-124
-87
-73
-76
-63
-63
-101
-122
-147
-193
-234
-269
-363
-398
-433
-503
-536
-570
-589
-597
-580
-600
-573
-535
-466
-374
-290
-205
-64
50
155
284
383
488
556
658
716
785
847
896
960
981
1034
1072
1096
1147
1213
1268
1274
1326
1375
1422
1478
1531
1561
1588
1611
1607
1640
1645
1618
1583
1557
1507
1446
1388
1304
1248
1158
1062
988
903
836
713
630
530
402
300
203
90
-20
-144
-279
-342
-422
-528
-612
-682
-691
-737
-736
-756
-751
-729
-697
-641
-606
-515
-476
-404
-316
-274
-209
-140
-103
-60
-33
5
14
16
37
8
-15
-13
-47
-76
-79
-132
-161
-217
-314
-397
-500
-563
-669
-743
-861
-937
-996
-1063
-1120
-1172
-1163
-1166
-1158
-1143
-1111
-1046
-1005
-957
-884
-799
-741
-666
-586
-527
-470
-414
-374
-337
-313
-268
-245
-206
-179
-161
-136
-108
-92
-94
-80
-93
-128
-150
-164
-201
-236
-282
-330
-371
-421
-455
-495
-514
-530
-544
-544
-542
-525
-477
-438
-396
-334
-276
-223
-156
-118
-26
43
114
165
254
348
392
484
532
593
662
726
773
800
847
894
915
945
980
1016
1058
1067
1104
1124
1134
1174
1184
1193
1228
1213
1213
1197
1208
1229
1201
1195
1179
1175
1112
1111
1053
1017
989
927
894
843
798
743
692
634
561
471
399
326
221
121
45
-60
-139
-210
-304
-375
-457
-485
-516
-551
-556
-568
-568
-533
-518
-468
-465
-426
-368
-344
-314
-294
-276
-274
-261
-240
-237
-247
-231
-252
-267
-281
-292
-322
-361
-378
-402
-428
-499
-525
-550
-595
-644
-697
-716
-764
-770
-777
-809
-812
-807
-800
-802
-782
-798
-739
-722
-691
-649
-613
-555
-525
-503
-455
-409
-390
-326
-303
-267
-231
-188
-182
-159
-128
-109
-88
-114
-116
-129
-171
-200
-197
-248
-267
-290
-330
-332
-351
-376
-360
-372
-369
-381
-363
-342
-342
-302
-301
-268
-242
-218
-197
-146
-129
-103
-60
-6
37
69
105
148
197
209
275
299
333
396
435
434
463
489
489
546
576
583
613
649
642
677
699
716
727
733
762
793
788
818
808
793
789
786
810
782
776
760
763
747
756
753
770
759
743
730
738
729
717
749
718
707
698
679
655
633
599
555
486
450
399
322
258
198
114
34
-36
-118
-186
-247
-313
-381
-414
-497
-534
-581
-622
-640
-665
-660
-668
-676
-700
-709
-717
-704
-679
-663
-650
-647
-615
-588
-571
-534
-480
-404
-411
-368
-342
-322
-324
-303
-288
-289
-285
-276
-285
-306
-290
-343
-357
-373
-375
-414
-422
-444
-456
-439
-464
-457
-460
-427
-421
-427
-414
-392
-370
-375
-332
-311
-287
-258
-229
-216
-185
-159
-146
-127
-98
-63
-49
-40
-47
-62
-52
-15
-43
-16
-14
-24
-33
-36
-31
-49
-49
-49
-64
-84
-89
-74
-63
-45
-50
-46
-22
-33
-10
49
40
73
81
90
148
170
180
219
248
257
302
314
314
325
354
360
367
392
388
389
404
395
401
392
410
429
402
383
399
386
383
387
343
333
329
331
318
329
330
310
313
318
328
321
336
351
358
346
349
367
367
384
346
325
335
333
324
292
323
298
255
276
265
221
186
174
145
128
81
67
50
18
4
-18
-56
-49
-83
-106
-128
-157
-169
-176
-182
-197
-177
-205
-219
-212
-210
-209
-205
-205
-178
-169
-169
-187
-134
-131
-121
-100
-105
-128
-132
-118
-134
-138
-124
-127
-156
-140
-135
-147
-148
-136
-130
-119
-87
-82
-93
-85
-94
-94
-104
-95
-83
-61
-56
-51
-24
-34
-15
-15
10
4
17
32
38
42
31
34
19
19
16
42
45
22
35
9
19
41
4
5
16
21
20
30
17
56
23
-9
-6
-4
-16
-25
-9
-21
-32
-5
-5
-19
5
24
26
30
44
27
38
45
62
45
48
53
29
29
23
4
16
25
25
45
53
85
84
98
124
130
130
138
160
116
122
102
94
95
54
68
43
26
53
38
65
78
67
90
100
92
102
115
118
95
78
107
91
80
55
71
67
85
74
47
67
48
56
51
55
57
86
105
99
114
116
120
136
116
125
130
106
104
87
78
39
24
25
16
12
-8
43
39
43
62
100
81
80
107
120
163
161
187
172
182
176
158
158
143
155
150
134
100
90
59
51
53
77
86
93
139
172
178
178
160
177
176
168
178
144
139
139
104
80
45
31
36
4
-13
9
21
25
42
41
49
46
63
74
59
24
56
43
1
16
-23
-23
-40
-61
-44
-52
-67
-51
-69
-42
-27
-51
-32
-36
-12
-16
-10
22
16
24
26
35
37
57
41
64
67
48
66
33
23
33
38
44
62
90
89
100
150
176
171
166
157
151
150
123
129
130
107
102
91
102
107
109
84
94
87
61
81
68
56
79
94
76
90
106
104
121
141
150
174
175
175
174
222
212
202
180
158
125
117
109
105
104
87
93
87
62
62
46
53
26
39
59
7
28
24
28
15
16
37
37
46
52
56
65
74
69
76
112
119
89
100
112
100
124
102
103
121
109
64
59
76
65
42
26
-6
4
4
-12
18
25
43
29
56
46
65
95
113
113
95
107
114
118
146
156
157
153
142
133
139
113
118
86
68
82
47
59
23
27
7
-23
-2
-42
-11
-32
-24
-27
-50
-26
-32
-47
-70
-59
-61
-83
-100
-78
-90
-100
-106
-75
-61
-81
-56
-49
-34
-25
9
15
1
13
9
-24
3
3
-38
-52
-58
-61
-74
-68
-81
-74
-68
-53
-34
-10
11
11
31
60
61
53
55
47
62
68
45
43
4
3
-5
-41
-77
-92
-90
-100
-107
-130
-110
-121
-106
-97
-115
-105
-106
-90
-95
-84
-73
-36
-18
15
42
44
87
60
76
84
64
52
71
62
65
52
27
28
58
33
33
41
46
43
29
51
50
37
39
35
35
47
22
-1
-8
-7
-7
-26
-23
-40
-48
-11
4
40
14
42
74
81
80
90
95
93
69
39
30
6
-26
-58
-88
-106
-140
-124
-117
-134
-123
-120
-88
-76
-52
-60
-6
-14
-21
-8
-23
-43
-56
-75
-115
-139
-161
-171
-189
-202
-213
-196
-185
-178
-160
-134
-94
-73
-22
-7
15
32
51
34
8
1
-15
-81
-84
-72
-126
-128
-146
-132
-134
-144
-131
-89
-103
-73
-66
-40
-18
-4
2
15
16
-7
-2
0
3
-6
-25
-40
-59
-60
-61
-88
-101
-96
-114
-97
-91
-86
-70
-82
-68
-47
-28
-22
-16
-11
1
-9
2
-13
-30
-30
-45
-31
-16
-11
-21
-32
-25
11
20
26
24
43
39
45
50
54
43
35
11
-3
13
-16
-10
-38
-38
-59
-66
-83
-54
-48
-62
-21
-40
-15
5
-7
8
11
22
15
39
7
26
27
28
29
-14
-26
-42
-41
-48
-25
-60
-64
-80
-56
-67
-65
-68
-57
-71
-62
-69
-73
-49
-58
-52
-68
-67
-72
-77
-61
-44
-75
-70
-64
-76
-72
-62
-54
-62
-74
-73
-58
-38
-25
-50
-69
-68
-53
-60
-66
-43
-60
-50
-64
-71
-56
-57
-48
-50
-50
-13
-33
-48
-23
-26
-53
-15
-15
-44
-24
-34
-40
-23
-46
-43
-34
-42
-43
-55
-58
-60
-73
-33
-39
-43
-27
-21
-10
-19
-15
-4
-18
-18
22
14
27
25
18
41
9
27
11
41
64
51
81
64
98
93
103
107
95
106
79
67
97
89
80
57
75
71
47
53
52
62
60
49
36
45
40
60
53
32
36
42
60
52
72
78
76
103
99
96
89
75
70
76
52
69
39
37
61
32
38
3
26
34
20
31
39
23
34
28
27
43
47
37
21
33
31
47
57
44
31
34
45
42
23
13
29
28
4
15
-2
18
17
46
50
32
52
50
47
36
45
37
14
7
6
3
20
11
9
-6
-1
24
26
7
16
5
-8
11
9
27
-5
-10
7
-30
-11
-49
-24
-22
-24
-30
-34
-19
-40
-39
-37
-12
2
-19
-4
7
13
14
-3
29
19
17
0
24
25
23
33
5
8
4
6
5
-8
-11
-20
-6
-5
5
-3
1
6
-21
-9
13
16
-9
11
20
20
22
23
24
7
5
14
-15
-18
-8
6
8
-2
18
-7
30
28
25
30
40
32
-16
7
-2
-1
8
-18
-21
-19
-17
-28
-26
-5
-9
-11
2
-18
-15
-12
-4
-4
6
8
6
23
-5
-4
-15
-9
7
13
-12
-5
-15
-6
-19
-14
-25
-14
14
5
6
0
4
9
-6
-17
-17
14
-1
6
15
3
18
8
24
5
11
-7
-6
-10
-23
7
3
-28
10
6
10
18
5
7
-24
4
-22
-13
-26
-23
-8
-19
-8
-40
-24
-3
-19
-32
-31
-42
-43
-61
-22
-31
-40
-44
-42
-39
-53
-55
-25
-1
-41
-38
-25
-44
-46
-51
-63
-66
-67
-75
-86
-57
-49
-80
-71
-73
-68
-56
-56
-49
-56
-36
-49
-54
-59
-65
-58
-67
-49
-37
-36
-48
-47
-72
-67
-59
-68
-46
-59
-50
-26
-42
-56
-55
-45
-65
-62
-64
-60
-47
-45
-38
-39
-44
-39
-77
-68
-74
-71
-92
-95
-54
-78
-54
-62
-59
-45
-59
-65
-65
-91
-93
-81
-71
-84
-89
-85
-105
-77
-101
-63
-78
-78
-49
-68
-69
-67
-41
-41
-28
-24
-24
-29
-39
-51
-53
-46
-63
-29
-42
-47
-35
-39
-56
-54
-45
-58
-66
-63
-45
-29
-44
-36
-36
-28
-29
-45
-31
-20
-8
-23
-7
-13
-11
-16
-24
-17
-20
-34
2
14
-40
4
-7
-13
12
-4
-5
-10
20
-22
-8
8
-5
-9
-17
-4
-21
-7
6
-6
-3
10
-7
-9
-1
6
15
9
5
13
39
46
36
6
30
15
10
37
24
37
50
28
14
23
12
38
24
24
29
54
42
2
11
-3
11
6
26
30
29
15
25
3
-6
27
25
22
12
30
25
29
64
48
35
38
27
35
38
34
18
18
65
44
12
43
66
44
40
30
24
24
42
35
32
48
44
31
22
31
8
21
40
16
27
37
36
29
29
24
18
11
19
36
30
21
16
31
12
41
31
18
10
15
6
20
33
35
34
27
42
23
37
38
39
47
35
66
54
22
61
41
53
47
42
37
48
30
12
27
25
12
4
33
6
20
42
37
32
24
32
60
44
38
31
37
45
64
46
31
36
50
33
22
6
40
29
26
19
17
29
1
21
4
19
23
27
10
9
16
13
19
18
19
18
20
25
46
40
16
14
26
33
26
34
37
31
33
18
33
38
53
57
31
42
33
53
29
44
47
21
25
38
34
33
30
31
54
37
64
63
55
45
44
56
43
56
61
54
32
73
38
42
55
56
58
60
68
33
62
56
41
46
63
46
39
36
57
69
58
61
84
36
43
65
53
74
80
81
82
84
87
74
47
74
82
73
66
68
73
68
76
84
73
86
99
85
93
113
87
90
91
100
116
119
100
100
110
106
86
133
122
100
118
84
99
128
137
89
95
102
88
84
117
95
110
133
98
123
113
124
109
104
127
107
103
89
105
113
101
103
104
117
116
129
111
105
99
91
85
83
98
105
111
125
102
113
115
119
107
120
110
102
132
118
141
114
95
119
119
121
134
134
131
111
113
135
120
111
112
107
116
140
155
153
135
120
128
136
138
121
119
114
109
136
141
137
131
120
135
124
141
124
103
130
143
139
120
120
139
124
123
125
125
139
129
137
142
131
138
126
152
153
146
142
159
143
157
185
150
148
132
117
145
141
134
152
143
143
143
151
165
166
178
163
171
181
147
174
147
143
163
148
156
159
188
194
192
184
197
197
191
196
198
200
191
182
202
186
192
194
194
195
200
209
206
225
204
212
204
187
203
206
207
201
190
189
198
188
152
196
179
178
180
174
188
178
183
184
190
177
192
195
187
181
186
178
198
195
168
177
198
204
209
192
187
164
210
226
206
204
206
207
215
190
207
212
186
185
171
176
180
210
195
198
185
165
157
172
152
146
159
165
167
169
156
154
158
151
168
154
149
140
151
141
146
165
160
168
161
150
143
157
163
151
160
160
151
145
132
141
147
144
144
176
162
158
140
154
146
153
169
152
142
138
146
146
135
116
127
123
125
136
137
142
136
145
144
148
159
154
144
140
126
102
145
151
139
144
150
162
144
125
139
133
149
162
161
149
162
156
137
155
171
158
164
171
147
139
147
135
153
159
141
146
125
153
161
177
143
141
146
123
133
116
151
147
139
118
133
150
140
131
118
114
101
106
131
112
116
112
101
94
86
103
109
96
94
112
110
103
73
85
91
94
104
91
96
99
83
94
114
110
114
87
110
96
88
107
84
58
66
89
64
73
100
87
89
81
94
107
72
71
99
90
78
87
58
48
79
62
92
64
34
59
38
37
52
82
48
55
63
64
57
40
53
62
74
64
46
48
44
33
58
55
52
47
38
40
27
42
53
62
64
61
51
35
39
31
33
39
50
61
74
65
48
66
57
45
67
64
69
74
81
92
88
74
109
111
83
103
97
90
102
129
86
78
72
103
92
90
98
94
89
56
68
89
97
68
64
88
92
70
55
73
98
83
92
88
78
89
107
76
69
96
94
85
86
109
76
80
57
55
106
82
94
75
59
54
61
45
77
107
80
65
79
85
61
75
76
91
74
64
63
67
48
61
65
49
49
56
60
65
71
57
91
59
52
46
51
69
69
86
79
76
83
83
63
87
57
71
97
84
79
68
55
81
73
80
69
67
85
57
82
85
59
83
82
91
98
92
89
91
83
79
76
72
99
96
98
98
87
70
91
89
97
97
83
85
99
93
122
116
110
109
118
124
126
123
107
99
151
135
127
118
120
108
127
137
114
141
124
135
121
145
131
89
124
127
127
140
127
110
114
135
140
152
143
142
159
132
138
142
121
132
126
142
140
133
138
132
153
160
136
161
140
155
150
134
154
165
140
131
181
165
149
152
143
173
156
127
139
161
164
158
179
172
167
165
169
148
157
177
173
177
178
185
160
163
173
141
146
135
126
156
141
139
124
162
145
147
150
112
141
155
148
145
140
137
136
138
151
130
133
160
139
139
151
147
146
145
163
136
149
151
181
176
175
162
147
163
141
147
136
151
142
134
151
152
142
137
133
111
122
134
146
137
115
108
133
122
126
129
133
154
139
137
130
122
143
135
134
134
126
122
138
141
141
126
137
136
145
145
155
139
122
140
105
111
133
113
109
119
119
88
129
115
117
121
120
140
125
133
120
127
123
112
153
156
108
112
113
115
108
113
117
115
120
127
93
96
111
124
116
104
116
98
96
109
106
89
113
100
90
100
100
94
95
104
100
109
107
86
102
105
81
81
83
105
100
93
88
75
66
79
90
67
95
71
86
87
84
105
63
69
51
57
76
78
62
66
63
56
