-8
1
9
22
38
52
53
56
49
40
31
8
9
-7
-18
-26
-28
-30
-39
-33
-34
-27
-26
-21
-8
-7
4
16
11
17
4
-1
-7
-19
-21
-18
-9
-3
24
31
39
35
28
16
0
-7
-12
-3
1
3
10
-3
-8
-7
-12
9
22
36
41
48
55
54
50
37
27
10
4
0
-13
-27
-38
-43
-51
-54
-36
-30
-25
-4
7
22
25
22
15
0
-2
-7
-7
8
6
-1
-6
-17
-32
-50
-49
-48
-38
-16
-5
13
18
22
12
3
7
6
16
23
34
38
28
22
15
6
0
-9
-3
-7
-9
6
3
2
-4
9
10
9
20
15
10
5
-3
-23
-32
-31
-32
-20
-6
9
18
32
34
19
12
-5
-12
-15
-15
-13
-19
-18
-22
-27
-28
-29
-21
-7
6
36
63
64
61
64
52
39
20
8
-2
-23
-29
-39
-45
-44
-37
-24
-6
6
23
35
29
20
9
-2
-19
-25
-25
-25
-31
-37
-42
-50
-54
-53
-58
-58
-51
-35
-14
-1
9
11
-6
-10
-10
-16
-6
-6
-6
-2
6
10
5
29
32
27
40
42
50
50
44
32
17
17
24
33
28
25
33
20
1
-12
-22
-22
-26
-19
-4
7
15
16
17
-2
-16
-28
-43
-50
-57
-52
-61
-62
-58
-61
-60
-66
-57
-35
-26
-9
5
7
7
18
28
23
25
23
18
9
-6
-16
-19
-18
-8
6
33
60
65
73
71
63
54
43
35
19
12
15
1
-9
-20
-25
-45
-52
-37
-41
-29
-22
-14
-17
-19
-28
-35
-39
-46
-54
-55
-57
-59
-51
-58
-48
-38
-19
-6
8
34
50
52
46
42
41
34
36
49
47
69
73
64
50
38
34
33
31
38
54
58
65
65
49
31
22
1
-2
-5
-29
-41
-50
-56
-68
-75
-77
-86
-90
-74
-54
-47
-41
-39
-44
-50
-51
-30
-25
-34
-30
-18
-21
-42
-39
-44
-41
-31
0
43
63
86
107
105
100
101
102
82
59
62
49
44
35
18
18
0
0
6
10
1
-9
2
6
-8
-7
-14
-38
-63
-75
-80
-109
-123
-137
-140
-148
-128
-89
-62
-36
-12
17
24
20
11
19
0
-12
8
28
34
44
60
52
56
70
98
105
95
108
125
124
115
116
124
102
73
69
50
9
-35
-44
-53
-76
-63
-54
-61
-73
-62
-47
-56
-73
-83
-85
-103
-102
-87
-65
-75
-96
-87
-79
-92
-95
-64
-58
-57
-23
36
57
63
94
119
127
119
142
131
87
63
57
49
31
41
56
66
55
52
76
61
29
27
50
35
16
18
7
-33
-75
-79
-100
-137
-166
-155
-153
-157
-126
-74
-46
-54
-29
3
14
10
20
16
-10
-33
-26
-9
-12
-9
24
65
81
105
133
131
104
90
126
149
139
151
171
141
91
68
40
-11
-44
-38
-26
-33
-41
-22
-26
-51
-62
-51
-46
-63
-77
-69
-77
-106
-104
-98
-116
-148
-137
-99
-79
-67
-32
-26
-44
-51
-22
22
37
74
133
174
159
142
133
107
60
63
88
101
106
111
136
115
92
73
72
67
60
75
88
64
36
31
-1
-57
-91
-99
-110
-114
-123
-121
-136
-136
-119
-101
-92
-95
-63
-27
-3
12
2
-16
-61
-92
-51
-21
10
39
56
74
72
60
65
60
71
112
154
173
161
156
146
117
83
64
38
9
1
10
1
-19
-45
-61
-81
-95
-89
-74
-63
-55
-54
-67
-92
-141
-149
-144
-131
-112
-98
-95
-104
-113
-105
-105
-109
-72
-37
26
74
107
104
88
72
72
91
94
89
92
109
117
107
90
89
75
79
90
108
102
98
104
105
89
44
-4
-54
-88
-96
-76
-78
-95
-121
-129
-144
-159
-145
-98
-53
-42
-33
-48
-77
-107
-103
-69
-67
-72
-51
-26
-9
-3
25
29
13
24
66
96
96
121
145
139
114
91
81
45
25
50
66
60
35
35
28
1
-6
3
-3
-21
-18
-3
-19
-75
-108
-106
-124
-149
-115
-83
-92
-106
-91
-89
-117
-121
-79
-23
-15
6
41
32
-2
21
56
34
-4
3
50
48
27
73
101
74
65
93
108
74
102
170
187
136
104
101
46
-11
-5
22
-22
-70
-55
-50
-93
-115
-79
-48
-57
-35
15
22
-25
-34
-1
-31
-94
-101
-66
-86
-98
-37
-5
-37
-54
7
57
47
74
135
146
111
107
130
98
24
13
44
16
-10
13
32
12
2
47
70
28
25
80
102
64
42
44
1
-62
-77
-54
-80
-113
-90
-42
-48
-82
-54
-29
-38
-15
44
76
40
23
69
74
16
-15
6
-6
-34
-12
25
11
-22
7
45
28
16
49
86
84
83
122
107
48
22
34
13
-36
-45
-25
-34
-60
-66
-70
-91
-103
-60
-7
8
12
33
23
3
-13
-12
-12
-51
-54
-33
-26
-50
-58
-54
-47
-31
-3
44
67
72
86
107
95
73
59
38
-4
-39
-43
-35
-38
-51
-52
-56
-72
-63
-19
15
28
38
56
39
-10
-28
-38
-50
-73
-69
-75
-82
-94
-101
-76
-87
-70
-32
-7
15
28
47
51
44
36
32
18
3
-5
-7
-9
-7
-9
-4
0
-25
-30
-10
21
44
53
57
36
4
-1
1
-12
-32
-45
-43
-67
-89
-89
-93
-96
-91
-58
-47
-50
-34
0
15
-6
-8
-21
-40
-39
-15
-3
-44
-85
-78
-54
-53
-38
-23
-24
-26
11
64
67
53
54
60
29
3
20
15
-9
-19
-10
-44
-95
-76
-34
-13
-9
11
4
-19
0
38
38
-10
-26
-32
-37
-42
-26
-22
-59
-73
-60
-40
-25
-7
13
27
30
49
50
38
25
32
42
28
21
24
31
23
25
17
-6
-22
-7
40
88
81
44
6
-5
25
51
63
27
-26
-41
-27
5
16
-2
-28
-59
-70
-51
-8
7
10
20
6
-11
-19
-3
16
25
28
15
-21
-34
-10
44
55
30
-1
-6
38
90
133
118
67
40
50
68
87
78
65
40
26
31
23
16
21
32
25
15
-7
-1
37
81
83
39
-25
-46
-18
11
42
27
-25
-61
-38
4
30
26
24
23
22
48
62
67
37
24
43
28
3
11
48
64
54
42
31
20
43
90
102
75
57
79
96
82
57
29
-18
-48
-21
15
10
-24
-40
-41
-66
-57
-27
-28
-39
-40
-23
-43
-83
-68
-41
-63
-82
-66
-54
-81
-66
1
22
-11
-31
-19
-20
-7
28
69
30
-15
-6
19
-3
-38
-21
-27
-34
-15
24
22
-10
-2
22
25
10
27
66
42
5
-1
-26
-63
-78
-60
-65
-108
-139
-106
-77
-70
-53
-39
-64
-91
-55
5
19
-16
-31
-9
-6
-35
-35
-38
-70
-57
1
23
-5
-32
-10
-2
-13
-2
35
33
1
4
-2
-48
-94
-61
-35
-66
-79
-63
-57
-75
-47
16
28
1
-10
1
-12
-33
-21
-2
-16
-66
-95
-120
-144
-134
-86
-59
-80
-85
-68
-57
-40
11
64
80
59
43
66
91
89
73
54
41
19
14
26
30
6
-4
31
42
28
39
66
51
25
25
40
32
16
17
5
-28
-37
-12
20
25
35
55
50
35
44
62
74
72
61
67
41
11
-14
-34
-41
-21
-3
-12
-35
-45
-26
19
77
98
97
90
105
110
113
149
164
130
86
57
20
-18
-7
22
0
-26
-13
9
-9
-4
30
52
51
66
100
62
25
45
79
41
-4
11
47
39
22
31
9
3
52
95
61
15
26
59
60
44
31
14
-19
-21
-8
-37
-65
-27
28
32
31
48
63
63
90
123
114
101
115
126
73
20
-6
-26
-41
-33
-32
-62
-76
-76
-61
-50
-13
28
42
42
46
71
77
73
67
47
22
17
-3
-45
-63
-20
11
-13
-34
-41
-40
-25
4
19
10
9
15
-27
-92
-113
-79
-66
-76
-86
-106
-120
-85
-10
10
-15
-18
33
37
22
36
35
14
-10
-25
-86
-133
-124
-76
-88
-141
-140
-96
-48
-25
-7
-3
8
49
86
63
21
28
43
22
-31
-70
-89
-95
-81
-68
-89
-117
-99
-65
-57
-56
-53
-39
-28
-31
-45
-99
-114
-77
-50
-82
-135
-152
-132
-97
-58
-23
-32
-36
-12
15
-2
4
47
47
-1
-52
-49
-70
-113
-110
-77
-89
-129
-107
-73
-66
-31
23
39
6
25
81
74
7
-36
-13
-37
-82
-98
-136
-213
-230
-158
-120
-124
-143
-131
-117
-114
-54
10
1
-48
-46
-46
-67
-58
-4
18
-47
-111
-110
-41
25
72
67
23
9
50
98
92
54
48
51
7
-42
-59
-47
-46
-58
-63
-73
-91
-53
10
49
31
9
26
40
46
42
37
-1
-47
-58
-69
-115
-174
-180
-140
-135
-131
-95
-61
-45
-7
66
97
87
103
142
152
129
137
145
94
62
86
91
22
4
70
117
101
89
88
54
35
58
106
82
41
34
25
-22
-41
-4
-17
-66
-70
-18
10
8
13
52
82
88
88
79
38
31
66
92
60
-13
-52
-88
-84
-44
-1
18
16
39
78
133
185
220
262
285
262
228
227
246
239
188
95
22
-8
15
48
28
-26
-36
8
47
48
32
21
23
45
92
102
44
-12
-10
21
21
3
-9
-5
9
35
63
85
73
76
92
73
58
79
123
120
62
12
-23
-43
-24
24
68
65
35
44
105
161
177
194
196
176
164
152
139
87
51
21
-59
-145
-180
-143
-132
-143
-157
-148
-118
-106
-66
-2
30
31
35
45
57
63
74
51
-10
-57
-33
12
27
10
-18
-33
-31
2
64
82
17
-13
26
71
69
57
38
-1
-25
-10
13
6
20
78
103
53
12
27
67
81
92
86
4
-88
-104
-77
-77
-124
-184
-231
-247
-212
-157
-120
-93
-54
-21
-2
4
31
112
197
217
143
41
9
43
95
116
59
-50
-128
-100
-5
38
2
-45
-64
-64
-28
22
31
14
8
22
-15
-62
-18
47
54
13
5
-5
-6
30
78
62
-10
-37
-40
-58
-78
-72
-85
-167
-225
-190
-145
-148
-139
-114
-109
-73
20
93
98
101
137
164
176
208
227
192
139
117
93
46
23
39
38
-11
-64
-92
-103
-82
-34
-33
-80
-127
-118
-71
-41
0
28
1
-49
-50
0
71
118
129
82
17
16
52
85
85
58
3
-71
-110
-101
-80
-89
-110
-130
-167
-175
-115
-25
41
75
70
50
59
121
196
231
219
180
142
112
104
113
117
73
21
-41
-91
-77
-41
-47
-79
-96
-116
-143
-161
-110
-54
-44
-58
-98
-123
-88
15
97
70
-4
-9
64
114
137
140
91
31
19
48
29
-14
-42
-54
-104
-146
-134
-118
-97
-74
-56
-68
-80
-30
66
96
80
75
87
104
110
116
85
36
38
25
-22
-54
-38
-32
-71
-86
-76
-70
-89
-89
-84
-86
-77
-56
-66
-90
-88
-50
-20
-21
-1
13
11
13
53
91
88
72
76
78
63
60
59
35
-5
-20
-31
-59
-77
-59
-43
-65
-73
-45
-27
-16
0
34
49
33
25
34
34
42
33
-1
-35
-49
-18
-22
-64
-95
-67
-27
-21
-42
-64
-64
-35
6
27
9
-32
-39
-15
16
7
2
1
-6
-26
-20
5
12
21
33
25
-26
-43
1
73
51
-9
-34
-41
-49
-21
21
4
-39
-43
-20
-33
-44
4
41
6
-30
-29
-19
-41
-27
-17
-47
-94
-106
-101
-110
-97
-78
-62
-80
-77
-46
-20
-20
9
54
73
59
53
70
88
97
112
110
76
50
17
19
34
47
29
-10
-42
-57
-38
-22
-16
-40
-54
-60
-79
-77
-35
27
31
-17
-33
-12
13
49
83
58
19
12
25
17
13
31
32
-4
-47
-45
-38
-48
-55
-47
-53
-87
-81
-49
-39
-26
-15
4
7
7
34
44
42
66
110
118
86
58
70
77
91
85
53
21
10
9
-13
-30
-30
-29
-52
-68
-80
-83
-88
-70
-53
-74
-96
-90
-69
-40
4
30
6
-28
2
66
93
76
63
53
40
53
100
89
47
24
35
34
22
22
15
6
-18
-3
-20
-47
-35
-5
0
-30
-25
4
17
5
-7
-4
5
48
77
70
48
52
81
67
55
45
38
10
-4
-10
-21
-35
-48
-46
-55
-55
-76
-79
-79
-42
-21
-26
-50
-45
-9
11
31
20
31
43
63
75
86
101
100
91
87
105
107
72
49
55
70
53
15
-28
-60
-28
5
-7
-80
-101
-70
-46
-43
-51
-38
-25
-3
11
1
-18
-7
43
72
34
-21
-41
-25
33
90
62
-23
-59
-1
79
92
37
-15
-32
10
74
73
8
-50
-28
16
50
42
11
-36
-51
6
52
50
4
-18
-11
-11
11
41
48
18
-10
-14
-20
-7
33
64
14
-45
-29
16
34
12
6
3
-22
-45
-48
-56
-59
-55
-38
-53
-100
-118
-83
-25
0
5
-1
-18
-12
47
115
122
99
95
88
82
82
117
125
83
37
12
0
-11
22
36
-13
-77
-85
-72
-60
-58
-44
-50
-107
-115
-43
7
-17
-16
-2
5
40
80
85
54
54
114
143
92
35
34
51
34
35
9
-61
-126
-119
-59
-53
-92
-134
-148
-128
-69
-8
14
-5
0
40
66
89
123
145
123
78
54
57
60
57
25
-14
-44
-53
-59
-63
-60
-68
-75
-115
-131
-123
-91
-74
-97
-119
-109
-68
-29
-6
-17
-24
4
60
104
107
76
75
102
114
106
77
37
10
20
13
-16
-66
-82
-63
-53
-51
-48
-34
-34
-39
-13
24
47
60
37
1
-15
42
95
71
11
-31
-20
-6
4
6
-3
-9
-12
-16
-35
-41
-3
31
11
-43
-67
-52
-3
38
31
-38
-78
-25
63
87
44
21
32
73
91
78
24
-6
19
30
-15
-67
-55
-45
-59
-72
-67
-50
-40
-20
-7
3
3
28
51
29
31
63
64
16
-16
-15
-11
-13
-15
-36
-69
-73
-35
-7
-16
-19
-14
-17
-22
-17
-5
22
35
13
-38
-53
-13
47
66
21
-35
-29
51
108
102
34
3
28
86
103
54
0
-53
-40
-12
-3
-26
-47
-57
-61
-44
-7
32
26
7
4
8
19
53
66
23
-16
-20
1
15
-10
-26
-28
-29
-13
4
9
8
32
51
31
8
19
38
29
13
-4
-16
-27
-41
-49
-52
-55
-36
-32
-55
-63
-31
20
19
-18
-44
-39
-10
16
0
-44
-79
-67
-23
-16
-20
-34
-28
-7
28
47
48
45
38
43
38
31
35
31
-4
-54
-82
-70
-54
-51
-75
-107
-113
-69
-4
18
1
-30
-32
0
37
57
40
-2
-34
-33
-5
1
-17
-48
-60
-49
-27
1
-2
-16
-19
-13
5
6
-16
-32
-62
-76
-57
-35
-37
-61
-69
-54
-28
0
14
23
37
40
64
72
69
56
45
42
21
12
3
-19
-42
-32
-22
-36
-47
-39
-18
-12
-2
12
7
-1
-10
-10
-13
-26
-29
-51
-83
-100
-73
-39
-44
-69
-64
-29
-1
24
30
21
9
25
61
63
30
4
-7
-7
19
30
21
-6
-7
14
44
67
61
54
37
43
60
72
53
25
5
-19
-26
-16
-7
-29
-54
-48
-35
-28
-7
15
34
27
15
27
34
38
33
16
-13
-22
-13
-20
-32
-44
-34
-18
-14
-13
-3
27
46
63
60
42
32
38
63
64
30
6
0
6
6
10
14
0
-3
-2
11
14
31
41
31
6
-3
20
17
12
-19
-42
-57
-40
-11
-8
-18
-21
-3
15
37
55
69
63
45
38
47
54
47
25
-5
-35
-31
-10
-11
-35
-52
-25
8
22
31
24
12
34
64
81
55
36
42
52
51
31
19
9
6
18
25
24
27
40
52
17
7
21
32
19
-12
-31
-39
-35
-31
-29
-61
-70
-44
-24
-12
-9
-4
6
13
38
63
72
47
32
34
28
36
34
19
-25
-50
-37
-10
-6
-16
-25
-32
-19
13
39
26
-8
-18
7
11
-2
-5
-27
-50
-48
-37
-27
-38
-47
-37
-28
-19
-7
9
1
-12
-5
19
25
10
-3
-9
-12
-7
-1
6
-21
-23
1
25
34
25
32
22
25
47
57
36
3
-7
14
6
-15
-32
-50
-64
-60
-32
-21
-32
-46
-27
-15
4
10
32
27
10
33
42
31
10
12
7
-17
-32
-25
-17
-10
-12
-23
-43
-39
-13
13
9
-17
-28
-27
-23
-19
-18
-47
-67
-67
-43
-27
-31
-31
-16
-6
1
19
38
47
41
41
33
32
39
41
7
-32
-41
-25
-25
-29
-34
-41
-29
-28
-10
14
14
9
19
35
27
18
16
0
-14
-18
-13
-14
-24
-29
-9
-10
9
45
45
37
33
53
66
59
40
41
35
19
9
2
-10
-34
-28
-21
-31
-38
-28
-25
-26
-33
-23
-17
-22
-19
-29
-36
-41
-25
-7
-19
-34
-34
-4
12
15
16
3
6
22
41
47
27
14
19
15
13
0
-4
-17
-28
-29
-18
-2
-18
-14
-19
-6
9
25
22
20
23
29
37
32
36
21
13
1
17
19
7
7
2
-6
-11
-2
13
6
-12
-19
-20
-7
-5
-16
-24
-37
-34
-7
-5
-7
-15
-9
-3
16
29
25
28
29
40
31
43
33
27
28
24
10
-2
-6
-7
-1
-7
-16
-19
-7
0
9
-6
-3
-3
5
13
4
1
0
3
2
-1
3
-9
-9
2
-3
3
-13
-13
-9
-3
1
-1
-6
-10
-7
-10
1
-3
-4
-17
-12
0
13
24
16
8
15
25
35
37
32
15
8
21
19
24
17
-7
-17
-21
-16
-9
-5
-17
-32
-28
-26
-4
-3
-7
-22
-24
-19
-17
0
-23
-22
-28
-24
-16
-10
0
2
-6
-10
-10
1
6
3
3
-16
-17
-19
-12
-16
-28
-38
-40
-35
-26
-16
-24
-17
-20
-16
-10
-9
-7
-9
-9
2
13
13
2
4
-4
-1
6
-2
-7
-14
-6
-3
-3
-3
-15
-22
-18
-9
-11
-26
-28
-26
-16
-12
-7
-13
-16
-16
-3
5
3
11
4
4
7
10
7
7
0
3
2
6
4
-8
6
-13
-28
-28
-13
-4
-13
-14
-17
-16
-10
-9
-9
-16
-16
-14
-14
-4
1
2
-9
-10
-12
3
5
6
-7
-5
6
-6
0
4
0
-9
-19
-7
3
0
-2
-12
-8
-5
13
10
-2
0
6
9
12
25
24
19
20
22
27
33
27
14
9
24
45
64
12
-32
14
-6
-7
10
-18
5
-10
0
6
-9
-5
-14
11
4
11
3
1
6
17
23
23
35
17
29
26
34
37
42
28
25
24
16
13
11
17
3
-1
-5
2
-5
4
-5
-14
-7
-3
-4
6
13
1
5
3
10
15
24
34
31
26
24
25
35
35
37
24
18
28
28
32
17
13
10
4
4
7
10
9
4
0
0
0
10
10
1
4
3
15
15
4
9
7
16
20
22
10
-2
2
12
7
3
1
6
10
4
3
-3
9
6
10
-1
-9
-6
3
18
14
13
13
21
25
28
29
27
31
29
29
31
32
41
28
19
17
12
8
6
3
0
9
4
-1
-8
-6
6
4
4
-1
-3
4
1
-3
-5
-7
-4
1
8
8
7
13
13
10
7
0
-4
0
-10
-26
-17
-13
-19
-19
-17
-13
-19
-11
-7
-10
-5
-13
-16
-19
-19
-20
-12
-10
-16
-17
-24
-16
-17
-18
-15
-16
-11
-3
-13
-12
-8
-4
-8
-18
-13
-23
-5
-3
-5
-9
-12
-11
-13
-13
-16
-15
-9
1
-5
-12
-22
-14
-9
-6
3
2
6
14
18
28
16
18
21
13
22
13
9
11
18
15
10
0
4
3
-3
-8
-6
2
6
-1
-10
-4
-4
-2
-8
-9
-9
-6
-15
-17
-8
-8
-3
-10
-13
-1
4
3
-6
-13
-13
0
6
-14
-13
-14
0
-3
-13
-21
-28
-18
-19
-16
-25
-32
-22
-6
-14
-22
-26
-18
-7
-6
-13
-20
-14
-1
4
-13
-13
-5
-1
0
-3
0
10
16
6
-8
-3
6
7
0
-5
3
13
13
-1
4
-3
5
12
3
-7
-9
3
13
21
15
5
10
23
25
20
9
17
29
32
19
5
10
20
24
20
9
3
2
3
-5
-19
-11
-1
2
-4
-8
-19
-18
-7
3
-3
-16
-21
-3
21
11
-2
-9
17
36
24
3
-5
15
29
16
-9
-10
12
22
7
-16
-19
9
17
5
-10
-6
13
18
9
-3
0
26
42
22
4
12
48
62
31
8
26
54
53
32
13
38
62
37
13
1
17
31
3
-23
-22
-11
-6
-38
-59
-27
-5
-19
-48
-48
-11
22
-6
-64
-52
9
29
1
-47
-28
34
57
10
-41
-23
20
34
-8
-33
-39
-6
-13
-37
-46
-39
-13
-24
-40
-50
-39
-30
-27
-39
-26
-21
-29
-38
-31
-9
-13
-10
-7
9
4
-22
-16
19
57
59
-9
-55
17
10
-66
-42
-9
38
-31
-100
-81
-18
31
-62
-101
-78
0
-20
-90
-85
-27
15
-38
-89
-64
22
22
-38
-78
-41
12
10
-53
-83
-43
4
-15
-77
-82
-26
15
-76
-143
-102
8
48
-53
-140
-102
-2
26
-31
-42
23
54
6
-54
-11
83
109
59
24
52
88
83
72
98
132
121
59
19
65
111
108
57
28
19
-9
-19
2
69
67
-25
-82
-10
98
95
-35
-88
26
135
89
-26
-30
70
123
31
-31
38
139
97
-10
-25
71
137
78
10
32
138
159
73
4
54
194
333
304
115
-25
104
434
571
348
56
116
453
588
368
154
274
543
534
215
23
207
462
390
70
-77
32
138
-12
-227
-227
-124
-189
-461
-629
-531
-396
-527
-820
-956
-826
-718
-860
-1096
-1140
-1019
-1010
-1167
-1263
-1157
-1052
-1151
-1356
-1363
-1126
-951
-1044
-1234
-1233
-1027
-890
-916
-924
-761
-585
-581
-648
-542
-241
-41
-75
-140
65
402
511
382
408
750
1099
1098
893
918
1240
1527
1499
1354
1382
1586
1679
1615
1566
1636
1671
1599
1520
1515
1554
1460
1315
1248
1274
1227
1054
906
893
911
792
584
481
522
516
339
144
117
206
166
-54
-216
-161
-13
-79
-309
-442
-351
-192
-200
-338
-418
-358
-265
-259
-290
-260
-199
-171
-197
-176
-63
52
44
-36
-16
146
291
288
191
177
306
407
385
320
311
338
328
284
285
266
170
49
5
25
-65
-285
-447
-441
-440
-644
-919
-1012
-993
-1105
-1397
-1586
-1560
-1550
-1764
-2061
-2126
-2002
-2023
-2279
-2462
-2378
-2196
-2228
-2427
-2478
-2295
-2074
-2047
-2119
-2049
-1814
-1586
-1495
-1398
-1189
-938
-762
-647
-442
-120
161
293
384
617
951
1173
1272
1388
1640
1881
1964
1961
2087
2336
2472
2400
2311
2419
2577
2603
2428
2307
2350
2405
2305
2064
1923
1925
1877
1663
1427
1299
1264
1149
905
692
609
546
368
141
48
51
-31
-283
-492
-470
-347
-337
-562
-773
-759
-604
-511
-581
-705
-695
-552
-400
-379
-451
-432
-254
-19
62
0
-12
161
404
519
478
487
633
781
810
781
863
980
1005
939
922
1026
1059
926
796
813
888
777
530
396
386
319
79
-165
-259
-395
-656
-878
-935
-1033
-1440
-1907
-1990
-1777
-1872
-2494
-3037
-2963
-2666
-2819
-3411
-3743
-3514
-3276
-3523
-3957
-3989
-3635
-3432
-3630
-3818
-3653
-3275
-3085
-3089
-2972
-2666
-2361
-2187
-1955
-1558
-1188
-1018
-870
-452
163
568
626
719
1168
1791
2144
2204
2333
2744
3178
3312
3301
3467
3834
4071
4010
3891
3982
4184
4219
4024
3847
3865
3892
3740
3430
3204
3151
3056
2786
2441
2229
2147
1956
1592
1246
1073
1001
821
544
291
113
-70
-246
-305
-310
-430
-682
-869
-831
-690
-744
-929
-986
-833
-704
-812
-926
-796
-543
-491
-646
-654
-368
-111
-186
-388
-309
64
301
182
-2
76
358
478
380
326
452
578
507
387
449
603
573
359
260
395
458
234
-61
-88
38
-37
-380
-660
-663
-654
-938
-1355
-1522
-1476
-1583
-2026
-2442
-2510
-2481
-2721
-3168
-3404
-3347
-3384
-3733
-4087
-4078
-3870
-3913
-4239
-4422
-4178
-3843
-3837
-4049
-3942
-3430
-3034
-3071
-3128
-2664
-1913
-1517
-1609
-1530
-853
-10
359
334
540
1178
1808
2105
2275
2629
3103
3357
3469
3718
4130
4381
4327
4285
4500
4798
4780
4505
4381
4538
4629
4384
4019
3866
3889
3771
3407
3030
2879
2813
2549
2099
1780
1683
1565
1207
745
502
472
382
41
-318
-508
-590
-704
-863
-977
-1087
-1241
-1414
-1461
-1369
-1299
-1414
-1571
-1560
-1356
-1208
-1302
-1407
-1229
-849
-708
-866
-953
-643
-201
-44
-179
-224
41
368
503
458
500
657
781
813
834
916
970
919
847
869
882
789
648
593
554
401
144
-45
-78
-152
-389
-730
-982
-1112
-1214
-1397
-1704
-2006
-2190
-2309
-2515
-2777
-3005
-3154
-3268
-3433
-3622
-3808
-3938
-4004
-4029
-4102
-4211
-4277
-4236
-4154
-4122
-4082
-3962
-3778
-3618
-3454
-3250
-2989
-2676
-2312
-1994
-1752
-1459
-1024
-450
44
345
603
993
1567
2168
2590
2853
3141
3575
4046
4348
4559
4843
5166
5331
5344
5412
5593
5727
5632
5451
5339
5294
5159
4884
4591
4361
4148
3828
3398
2997
2772
2541
2122
1608
1228
1009
762
395
26
-250
-502
-759
-970
-1107
-1228
-1396
-1593
-1710
-1710
-1629
-1640
-1764
-1844
-1716
-1495
-1465
-1581
-1560
-1277
-1021
-1026
-1122
-1002
-678
-446
-457
-539
-404
-47
175
103
-10
139
477
630
535
488
623
740
761
781
879
904
761
658
732
851
798
608
450
417
398
250
23
-106
-156
-315
-668
-1007
-1084
-1079
-1309
-1771
-2122
-2229
-2324
-2576
-2895
-3135
-3334
-3526
-3733
-3901
-4008
-4086
-4196
-4386
-4539
-4511
-4336
-4255
-4324
-4343
-4144
-3897
-3813
-3741
-3394
-2779
-2358
-2433
-2604
-2163
-1034
-107
-118
-600
-408
748
1882
2143
1871
2011
2757
3512
3808
3865
4110
4573
4950
5014
4998
5181
5534
5747
5655
5443
5321
5352
5431
5418
5196
4740
4319
4201
4241
4053
3522
2971
2662
2485
2188
1769
1394
1091
755
352
-46
-316
-475
-697
-1057
-1416
-1599
-1682
-1822
-2032
-2172
-2218
-2286
-2387
-2401
-2316
-2279
-2330
-2338
-2194
-1988
-1845
-1788
-1752
-1640
-1423
-1152
-924
-797
-725
-645
-484
-215
82
262
236
185
336
635
856
867
791
786
900
1040
1061
986
913
928
938
825
669
601
611
544
347
108
-70
-139
-186
-307
-557
-891
-1100
-1126
-1160
-1408
-1773
-2011
-2066
-2153
-2415
-2728
-2909
-2926
-3024
-3314
-3613
-3674
-3564
-3588
-3850
-4081
-4052
-3862
-3786
-3859
-3892
-3850
-3719
-3511
-3262
-3044
-2911
-2784
-2535
-2140
-1712
-1337
-1015
-708
-370
47
514
1005
1455
1845
2199
2531
2912
3314
3711
4072
4368
4545
4642
4811
5136
5422
5433
5274
5229
5382
5472
5310
5050
4908
4841
4681
4355
4004
3774
3603
3329
2921
2497
2169
1908
1622
1323
1001
662
288
-15
-208
-385
-602
-851
-1057
-1313
-1603
-1764
-1723
-1659
-1845
-2209
-2396
-2277
-2092
-2073
-2194
-2247
-2154
-2055
-2000
-1919
-1722
-1502
-1451
-1492
-1376
-1067
-792
-724
-731
-551
-275
-139
-108
17
276
460
478
472
592
823
964
940
855
865
983
1051
973
849
794
778
686
513
414
369
263
54
-133
-222
-286
-457
-709
-912
-1009
-1031
-1207
-1567
-1910
-1982
-1895
-2009
-2421
-2781
-2820
-2763
-2905
-3185
-3293
-3233
-3286
-3523
-3637
-3473
-3243
-3280
-3521
-3550
-3254
-2899
-2776
-2787
-2659
-2346
-2069
-1870
-1533
-1009
-589
-480
-392
92
904
1508
1651
1687
2053
2704
3241
3487
3640
3954
4313
4491
4573
4741
5056
5277
5206
5009
4964
5099
5185
5052
4748
4475
4324
4191
3965
3668
3352
3014
2638
2284
2026
1748
1344
892
563
353
43
-382
-727
-888
-1002
-1243
-1596
-1897
-2026
-2020
-2065
-2272
-2510
-2578
-2514
-2535
-2661
-2695
-2542
-2424
-2478
-2545
-2418
-2184
-2017
-1916
-1814
-1661
-1502
-1314
-1101
-900
-724
-538
-370
-241
-76
142
343
460
564
702
826
914
1047
1229
1315
1286
1286
1362
1437
1442
1400
1352
1254
1109
1009
964
841
639
463
308
85
-192
-395
-482
-580
-804
-1147
-1463
-1618
-1655
-1721
-1959
-2276
-2517
-2665
-2791
-2894
-2949
-3037
-3264
-3521
-3586
-3457
-3325
-3348
-3426
-3441
-3384
-3249
-3031
-2770
-2579
-2515
-2485
-2309
-1931
-1485
-1191
-1091
-957
-632
-225
152
512
913
1277
1517
1750
2140
2655
3098
3347
3514
3695
3950
4218
4440
4614
4706
4731
4659
4614
4691
4807
4738
4473
4235
4146
4070
3842
3572
3346
3089
2716
2324
2011
1732
1409
1013
592
188
-179
-461
-717
-983
-1250
-1544
-1833
-2012
-2043
-2097
-2299
-2517
-2491
-2416
-2538
-2728
-2670
-2417
-2374
-2524
-2547
-2323
-2096
-2003
-1887
-1684
-1511
-1333
-1087
-822
-637
-469
-202
47
198
329
492
668
797
974
1172
1209
1152
1232
1484
1670
1700
1660
1635
1606
1662
1887
2011
1735
1311
1328
1453
1326
1115
829
720
514
257
109
-78
-253
-499
-601
-835
-1177
-1400
-1401
-1404
-1713
-2109
-2333
-2334
-2445
-2637
-2855
-2993
-3126
-3245
-3309
-3416
-3442
-3401
-3393
-3453
-3480
-3327
-3089
-3042
-3062
-2911
-2583
-2366
-2302
-2166
-1823
-1461
-1297
-1174
-832
-352
-18
138
294
757
1347
1726
1847
1974
2364
2888
3241
3363
3476
3716
3966
4062
4099
4229
4396
4398
4178
4063
4108
4148
4047
3784
3569
3316
3107
2918
2762
2539
2126
1717
1415
1216
927
595
227
-107
-433
-733
-915
-1116
-1355
-1653
-1864
-1979
-2035
-2059
-2236
-2391
-2425
-2314
-2222
-2309
-2368
-2291
-2107
-2016
-1962
-1841
-1652
-1476
-1367
-1232
-1045
-745
-468
-298
-206
-78
237
570
787
856
925
1076
1236
1459
1612
1663
1637
1638
1764
1918
1940
1877
1844
1827
1816
1802
1795
1705
1570
1417
1318
1238
1048
842
683
508
290
13
-244
-383
-475
-686
-1054
-1379
-1459
-1422
-1607
-1968
-2258
-2282
-2336
-2531
-2734
-2879
-2949
-3114
-3189
-3232
-3318
-3473
-3541
-3400
-3311
-3377
-3477
-3360
-3108
-2917
-2901
-2864
-2639
-2349
-2086
-1968
-1857
-1638
-1290
-923
-704
-548
-402
-51
447
856
1065
1139
1372
1834
2317
2580
2709
2858
3093
3315
3506
3692
3806
3835
3787
3794
3853
3875
3832
3700
3538
3427
3296
3117
2928
2757
2555
2255
1934
1670
1488
1233
851
506
268
38
-233
-515
-739
-958
-1200
-1366
-1431
-1460
-1623
-1843
-1946
-1834
-1666
-1707
-1932
-1986
-1690
-1454
-1506
-1675
-1496
-1084
-923
-1012
-996
-630
-323
-210
-110
98
292
401
613
891
1049
1011
1065
1312
1542
1580
1493
1508
1640
1809
1829
1715
1624
1631
1729
1710
1611
1543
1427
1248
1098
1120
1109
839
501
347
306
102
-226
-380
-431
-682
-1029
-1251
-1348
-1489
-1666
-1763
-1938
-2308
-2608
-2532
-2344
-2551
-3050
-3266
-3088
-2926
-3114
-3446
-3501
-3330
-3196
-3285
-3437
-3389
-3177
-2997
-2981
-2937
-2718
-2501
-2396
-2266
-1972
-1639
-1473
-1362
-1075
-696
-445
-266
34
442
750
945
1173
1488
1841
2125
2427
2675
2824
2954
3145
3474
3716
3754
3662
3653
3782
3905
3871
3718
3590
3490
3394
3236
3102
2921
2674
2454
2262
2065
1785
1505
1305
1119
847
515
275
138
-42
-301
-587
-747
-771
-854
-1072
-1306
-1310
-1149
-1145
-1331
-1423
-1213
-1007
-1075
-1167
-1004
-727
-655
-718
-629
-390
-269
-260
-119
118
241
208
280
566
822
852
773
875
1139
1319
1276
1158
1216
1386
1448
1301
1173
1192
1222
1132
995
972
936
774
597
562
556
411
190
23
-71
-222
-410
-590
-797
-1025
-1214
-1324
-1520
-1849
-2098
-2125
-2135
-2389
-2749
-2886
-2762
-2760
-3027
-3292
-3289
-3175
-3250
-3471
-3557
-3458
-3416
-3524
-3571
-3466
-3373
-3387
-3365
-3140
-2879
-2800
-2805
-2622
-2238
-1930
-1821
-1706
-1403
-1005
-752
-635
-438
-70
329
571
691
842
1171
1589
1934
2108
2203
2393
2702
3036
3231
3293
3358
3480
3619
3671
3657
3652
3649
3594
3463
3345
3260
3178
3010
2830
2698
2541
2323
2089
1956
1847
1656
1356
1081
930
840
665
376
81
-79
-98
-182
-426
-673
-720
-626
-634
-816
-930
-839
-725
-757
-815
-743
-625
-625
-648
-571
-445
-412
-436
-335
-164
-103
-134
-76
144
348
352
316
431
669
826
822
803
883
1000
1051
1032
1030
1048
1008
942
930
978
946
800
669
645
645
562
397
250
148
34
-117
-275
-453
-671
-850
-1014
-1204
-1464
-1695
-1834
-1958
-2166
-2438
-2612
-2655
-2711
-2877
-3065
-3171
-3206
-3256
-3312
-3343
-3383
-3477
-3544
-3484
-3353
-3317
-3394
-3403
-3241
-2997
-2838
-2766
-2645
-2415
-2123
-1870
-1661
-1415
-1097
-794
-591
-403
-100
310
642
796
915
1198
1604
1923
2086
2250
2505
2771
2961
3109
3319
3517
3621
3623
3657
3775
3872
3830
3698
3618
3578
3493
3326
3182
3074
2943
2740
2508
2351
2256
2119
1902
1672
1468
1310
1179
1033
815
562
370
285
227
41
-206
-337
-310
-299
-454
-610
-601
-482
-483
-586
-604
-494
-406
-452
-488
-428
-341
-338
-351
-287
-215
-231
-231
-108
56
91
35
85
302
491
485
414
448
599
700
681
623
614
623
600
554
525
482
389
304
267
242
154
50
-19
-80
-195
-340
-447
-549
-715
-925
-1096
-1249
-1444
-1682
-1855
-1971
-2172
-2438
-2621
-2678
-2744
-2910
-3095
-3204
-3260
-3311
-3366
-3410
-3473
-3604
-3708
-3663
-3522
-3509
-3651
-3703
-3553
-3332
-3234
-3172
-3000
-2742
-2536
-2351
-2070
-1722
-1419
-1185
-898
-571
-276
-25
304
692
974
1133
1353
1746
2151
2405
2561
2800
3129
3394
3553
3733
3942
4094
4159
4195
4246
4266
4209
4117
4052
3948
3754
3547
3416
3310
3104
2795
2562
2451
2291
1993
1721
1576
1416
1127
800
619
512
281
-57
-265
-303
-427
-702
-898
-847
-768
-920
-1128
-1089
-850
-763
-895
-955
-764
-567
-568
-634
-559
-361
-296
-342
-303
-147
-20
-9
17
146
286
343
390
525
648
640
623
714
850
843
714
635
698
741
635
470
401
410
350
239
147
129
57
-54
-138
-189
-279
-418
-525
-607
-737
-952
-1104
-1165
-1236
-1464
-1731
-1858
-1879
-1951
-2151
-2335
-2388
-2416
-2518
-2661
-2746
-2740
-2787
-2924
-3048
-3081
-3084
-3111
-3196
-3288
-3313
-3269
-3211
-3167
-3114
-3037
-2914
-2763
-2564
-2338
-2154
-1982
-1756
-1437
-1122
-896
-712
-445
-48
319
567
764
1081
1484
1836
2108
2375
2720
3050
3303
3519
3760
4022
4233
4349
4430
4493
4550
4575
4568
4511
4393
4250
4106
3979
3832
3644
3424
3179
2925
2681
2456
2255
1992
1678
1351
1084
882
642
337
28
-206
-403
-630
-844
-975
-1071
-1180
-1350
-1467
-1446
-1368
-1360
-1423
-1438
-1337
-1200
-1132
-1090
-1021
-923
-839
-749
-635
-496
-395
-329
-235
-76
85
184
265
374
504
585
619
651
727
775
741
673
620
580
547
482
384
252
125
53
6
-69
-218
-363
-437
-481
-593
-741
-862
-937
-1037
-1221
-1404
-1488
-1537
-1686
-1885
-2030
-2069
-2114
-2245
-2359
-2383
-2369
-2450
-2601
-2651
-2564
-2515
-2652
-2818
-2835
-2739
-2731
-2855
-2932
-2860
-2783
-2825
-2877
-2762
-2528
-2405
-2419
-2355
-2082
-1783
-1603
-1502
-1271
-967
-767
-614
-370
14
324
435
564
911
1336
1636
1792
2025
2384
2705
2911
3102
3416
3716
3853
3883
3973
4155
4289
4299
4245
4193
4153
4091
4007
3916
3799
3626
3443
3274
3102
2906
2715
2509
2236
1923
1642
1448
1228
894
510
232
64
-161
-487
-762
-881
-952
-1138
-1379
-1467
-1397
-1379
-1504
-1613
-1551
-1407
-1384
-1450
-1419
-1254
-1135
-1117
-1071
-895
-696
-599
-529
-353
-125
32
132
276
483
632
688
758
916
1056
1036
946
979
1079
1073
936
815
796
800
708
542
451
418
328
162
9
-93
-186
-344
-524
-703
-885
-1078
-1233
-1341
-1506
-1743
-1974
-2068
-2086
-2178
-2373
-2507
-2506
-2499
-2598
-2743
-2777
-2696
-2671
-2803
-2959
-2968
-2854
-2788
-2840
-2939
-2932
-2821
-2682
-2605
-2553
-2469
-2329
-2143
-1984
-1843
-1696
-1483
-1241
-1052
-935
-801
-533
-204
29
155
287
561
908
1191
1387
1566
1830
2124
2363
2569
2770
2988
3201
3338
3436
3522
3628
3737
3821
3818
3747
3695
3701
3737
3668
3495
3320
3249
3206
3054
2804
2602
2471
2307
2040
1723
1502
1338
1114
810
504
290
135
-60
-292
-491
-657
-795
-906
-1001
-1102
-1227
-1296
-1322
-1339
-1389
-1446
-1432
-1364
-1318
-1325
-1300
-1190
-1044
-969
-913
-809
-639
-484
-363
-246
-96
49
137
265
396
512
569
600
666
754
797
784
775
792
791
743
698
663
633
556
465
379
278
150
16
-104
-236
-421
-625
-793
-908
-1048
-1277
-1507
-1653
-1760
-1905
-2088
-2249
-2344
-2442
-2579
-2707
-2774
-2833
-2929
-3021
-3073
-3099
-3129
-3197
-3220
-3162
-3122
-3124
-3129
-3054
-2912
-2763
-2668
-2592
-2453
-2231
-2018
-1864
-1708
-1483
-1198
-960
-794
-625
-355
-22
252
419
600
894
1229
1508
1722
1927
2193
2465
2682
2866
3072
3293
3438
3521
3604
3729
3844
3897
3877
3864
3875
3849
3797
3725
3671
3583
3437
3272
3128
3012
2842
2604
2373
2180
1979
1721
1477
1274
1087
842
519
298
221
114
-149
-464
-585
-537
-584
-819
-1056
-1053
-928
-961
-1175
-1264
-1131
-995
-1056
-1190
-1122
-909
-771
-812
-809
-657
-470
-365
-317
-199
-55
23
63
192
367
445
407
390
512
639
651
590
576
636
668
635
582
573
576
518
438
363
272
177
99
25
-112
-300
-467
-572
-655
-812
-1015
-1191
-1311
-1431
-1569
-1723
-1886
-2036
-2166
-2263
-2374
-2551
-2753
-2838
-2832
-2914
-3149
-3358
-3343
-3210
-3254
-3445
-3521
-3383
-3238
-3264
-3311
-3165
-2901
-2773
-2786
-2724
-2424
-2079
-1921
-1849
-1656
-1320
-1013
-789
-547
-202
117
347
580
920
1321
1648
1875
2090
2363
2640
2902
3142
3357
3485
3548
3673
3879
4055
4084
4016
4007
4092
4127
4049
3931
3863
3829
3695
3467
3268
3156
3041
2823
2516
2208
1992
1830
1647
1380
1046
765
607
504
313
18
-243
-356
-400
-540
-775
-956
-968
-968
-1094
-1264
-1320
-1224
-1179
-1242
-1323
-1264
-1112
-1034
-1025
-996
-882
-771
-677
-578
-458
-356
-317
-257
-120
6
54
51
111
231
287
283
311
393
433
389
341
391
467
417
280
208
234
214
62
-109
-170
-200
-322
-509
-640
-708
-805
-958
-1113
-1224
-1346
-1493
-1613
-1720
-1856
-2046
-2173
-2218
-2296
-2493
-2711
-2769
-2724
-2776
-3004
-3159
-3120
-3019
-3052
-3171
-3200
-3101
-3012
-3014
-2974
-2844
-2707
-2636
-2523
-2342
-2152
-2012
-1823
-1521
-1241
-1097
-966
-635
-161
177
285
446
851
1350
1652
1792
2004
2386
2741
2920
3083
3338
3619
3811
3894
4006
4169
4297
4378
4426
4446
4399
4333
4324
4340
4232
3979
3750
3656
3583
3347
3009
2756
2590
2363
2033
1727
1537
1339
1017
675
468
347
133
-199
-425
-519
-628
-858
-1063
-1104
-1093
-1208
-1399
-1426
-1305
-1236
-1327
-1378
-1271
-1083
-1030
-1028
-904
-731
-632
-617
-496
-282
-129
-143
-115
72
283
313
244
335
550
645
525
461
596
743
671
473
421
529
530
340
166
131
120
-23
-221
-327
-392
-531
-742
-878
-963
-1104
-1331
-1511
-1564
-1666
-1904
-2172
-2286
-2294
-2405
-2671
-2895
-2949
-2952
-3084
-3284
-3402
-3406
-3398
-3483
-3600
-3632
-3557
-3478
-3472
-3535
-3493
-3337
-3154
-3046
-3006
-2906
-2678
-2397
-2199
-2042
-1820
-1514
-1228
-997
-741
-382
-18
261
488
796
1186
1548
1832
2079
2366
2665
2931
3155
3407
3637
3801
3900
4033
4209
4351
4389
4371
4377
4390
4366
4292
4212
4109
3977
3778
3568
3418
3270
3044
2746
2458
2241
2050
1811
1510
1223
990
778
524
269
86
-78
-273
-530
-713
-774
-815
-977
-1178
-1242
-1182
-1163
-1288
-1354
-1247
-1098
-1089
-1178
-1133
-900
-707
-708
-756
-613
-357
-206
-209
-186
-24
173
265
282
348
455
552
599
639
674
674
675
717
760
728
614
516
522
540
437
247
111
48
-15
-166
-355
-503
-610
-746
-942
-1128
-1265
-1392
-1545
-1732
-1944
-2134
-2273
-2363
-2468
-2626
-2841
-3028
-3100
-3102
-3140
-3293
-3472
-3544
-3507
-3425
-3431
-3509
-3527
-3448
-3317
-3224
-3161
-3056
-2862
-2663
-2533
-2434
-2223
-1855
-1511
-1331
-1258
-1021
-560
-77
209
322
531
952
1432
1752
1949
2196
2522
2833
3044
3256
3540
3802
3955
4014
4112
4302
4463
4526
4521
4483
4424
4361
4339
4333
4225
3969
3692
3528
3449
3313
3019
2669
2381
2143
1908
1654
1397
1119
810
496
258
90
-99
-320
-562
-767
-954
-1103
-1170
-1201
-1302
-1497
-1612
-1561
-1432
-1409
-1476
-1474
-1359
-1221
-1163
-1078
-896
-708
-643
-646
-515
-223
14
62
43
155
379
567
633
657
739
837
909
935
964
1014
1031
1004
944
866
844
831
772
655
488
336
251
189
68
-124
-362
-540
-668
-789
-964
-1201
-1426
-1603
-1746
-1924
-2147
-2376
-2529
-2655
-2853
-3090
-3274
-3343
-3400
-3545
-3758
-3893
-3899
-3889
-3938
-4017
-4046
-4023
-3986
-3926
-3826
-3716
-3629
-3534
-3348
-3091
-2877
-2709
-2487
-2149
-1805
-1565
-1351
-1018
-560
-145
111
328
678
1164
1607
1896
2092
2377
2784
3157
3417
3584
3780
4042
4272
4405
4469
4558
4697
4780
4746
4656
4601
4610
4573
4431
4204
3993
3835
3673
3464
3194
2893
2601
2334
2083
1818
1521
1217
931
648
370
145
-64
-285
-537
-774
-926
-1021
-1145
-1327
-1447
-1462
-1466
-1574
-1676
-1616
-1462
-1421
-1543
-1584
-1375
-1094
-1015
-1103
-1059
-801
-556
-480
-451
-307
-83
45
66
159
373
553
585
566
644
795
894
902
901
923
939
920
904
920
904
813
700
627
567
488
387
286
136
-64
-258
-363
-407
-555
-843
-1144
-1287
-1312
-1421
-1703
-2015
-2183
-2246
-2379
-2630
-2874
-2974
-3027
-3173
-3426
-3603
-3582
-3514
-3587
-3803
-3931
-3849
-3663
-3591
-3647
-3662
-3551
-3343
-3154
-2977
-2795
-2618
-2431
-2172
-1818
-1466
-1208
-999
-684
-254
150
449
713
1097
1550
1895
2107
2353
2766
3211
3476
3551
3675
3974
4324
4525
4533
4509
4589
4730
4818
4772
4647
4533
4446
4375
4262
4068
3818
3586
3397
3190
2890
2548
2270
2078
1843
1475
1056
782
648
463
133
-251
-489
-565
-679
-919
-1169
-1298
-1340
-1428
-1556
-1639
-1641
-1628
-1643
-1663
-1640
-1563
-1457
-1366
-1305
-1230
-1109
-948
-798
-683
-588
-430
-254
-135
-52
47
220
404
478
494
550
699
852
880
847
860
942
980
974
935
908
867
809
762
678
567
452
377
288
136
-94
-250
-310
-385
-612
-930
-1133
-1202
-1267
-1484
-1769
-1987
-2118
-2259
-2444
-2615
-2763
-2933
-3141
-3278
-3332
-3417
-3542
-3658
-3702
-3723
-3786
-3833
-3777
-3667
-3625
-3670
-3662
-3470
-3201
-3031
-2984
-2873
-2633
-2332
-2042
-1778
-1509
-1255
-987
-654
-268
111
425
699
1035
1401
1732
2042
2355
2701
2989
3168
3350
3619
3946
4172
4251
4277
4373
4532
4658
4684
4617
4531
4453
4414
4350
4209
4008
3786
3572
3363
3111
2857
2615
2379
2069
1721
1406
1151
959
693
386
51
-234
-448
-564
-702
-963
-1277
-1478
-1455
-1416
-1570
-1834
-1886
-1722
-1625
-1757
-1881
-1718
-1389
-1320
-1514
-1536
-1177
-770
-711
-863
-811
-424
-102
-63
-106
51
333
471
485
582
787
910
898
897
1015
1112
1078
1034
1088
1131
1007
827
831
948
888
599
382
405
471
304
-15
-201
-206
-277
-556
-828
-915
-961
-1183
-1504
-1697
-1742
-1845
-2095
-2346
-2459
-2523
-2675
-2867
-2973
-3022
-3128
-3285
-3367
-3370
-3401
-3492
-3552
-3505
-3449
-3449
-3467
-3367
-3189
-3069
-2993
-2877
-2631
-2366
-2173
-2003
-1761
-1438
-1145
-893
-639
-319
33
363
665
949
1244
1570
1932
2246
2514
2759
3028
3341
3606
3783
3929
4121
4303
4399
4439
4497
4562
4575
4487
4384
4323
4260
4127
3932
3757
3581
3370
3122
2897
2680
2415
2081
1780
1545
1290
987
657
386
162
-94
-364
-567
-707
-888
-1143
-1308
-1317
-1334
-1470
-1639
-1649
-1543
-1518
-1615
-1638
-1489
-1337
-1334
-1381
-1226
-957
-803
-813
-764
-513
-234
-114
-91
56
293
441
445
512
719
852
822
771
874
1034
1036
917
886
984
1000
847
737
774
791
640
412
322
325
190
-83
-302
-370
-458
-724
-1009
-1126
-1181
-1385
-1700
-1879
-1899
-2004
-2301
-2566
-2601
-2608
-2802
-3105
-3242
-3204
-3267
-3489
-3663
-3647
-3616
-3737
-3851
-3786
-3626
-3618
-3714
-3642
-3361
-3148
-3146
-3099
-2817
-2463
-2323
-2299
-2039
-1562
-1211
-1131
-1031
-609
-47
316
442
649
1089
1562
1895
2115
2411
2752
3046
3263
3480
3715
3913
4071
4199
4301
4340
4393
4486
4585
4537
4364
4249
4268
4268
4090
3788
3561
3449
3274
2993
2664
2390
2148
1870
1540
1232
987
740
470
165
-108
-311
-461
-616
-869
-1132
-1266
-1263
-1318
-1510
-1702
-1710
-1597
-1600
-1706
-1735
-1556
-1372
-1362
-1406
-1267
-954
-727
-723
-727
-524
-211
-14
31
104
225
368
498
653
775
812
819
885
1046
1144
1107
1062
1116
1171
1121
988
941
992
948
725
496
412
399
275
48
-154
-313
-446
-594
-744
-896
-1106
-1349
-1533
-1635
-1748
-1972
-2230
-2411
-2531
-2686
-2850
-3013
-3142
-3275
-3411
-3467
-3484
-3547
-3647
-3702
-3686
-3622
-3640
-3643
-3546
-3420
-3354
-3333
-3199
-2946
-2706
-2584
-2482
-2261
-1911
-1566
-1287
-1047
-788
-485
-124
279
641
913
1145
1454
1839
2191
2462
2689
2962
3254
3471
3632
3847
4128
4330
4396
4391
4471
4606
4709
4678
4542
4429
4346
4304
4189
3998
3775
3533
3305
3092
2860
2627
2390
2127
1825
1520
1287
1095
857
556
253
-3
-200
-361
-526
-717
-947
-1148
-1220
-1202
-1232
-1384
-1494
-1426
-1262
-1255
-1381
-1366
-1110
-875
-951
-1099
-948
-538
-293
-436
-567
-291
136
274
124
130
447
752
764
671
780
1018
1105
990
942
1040
1106
992
885
904
919
774
572
529
569
468
188
3
-13
-58
-290
-581
-745
-824
-995
-1292
-1538
-1691
-1840
-2051
-2284
-2472
-2654
-2849
-3016
-3110
-3199
-3381
-3578
-3660
-3658
-3726
-3866
-3980
-3997
-4006
-4049
-4061
-4005
-3939
-3913
-3847
-3711
-3530
-3363
-3189
-2950
-2665
-2471
-2278
-1945
-1518
-1205
-1055
-834
-392
91
366
521
817
1296
1673
1902
2143
2526
2927
3157
3308
3552
3910
4144
4211
4295
4435
4529
4551
4551
4582
4554
4377
4216
4189
4194
4002
3673
3435
3323
3184
2890
2576
2359
2139
1803
1441
1194
1005
713
346
48
-157
-366
-639
-825
-908
-1064
-1318
-1491
-1444
-1334
-1423
-1631
-1678
-1537
-1420
-1455
-1471
-1325
-1180
-1180
-1187
-991
-692
-550
-573
-511
-246
20
139
207
386
593
666
697
842
1061
1136
1065
1045
1148
1232
1180
1116
1158
1182
1039
859
858
972
914
622
355
344
399
249
-55
-290
-371
-495
-743
-1003
-1164
-1287
-1486
-1731
-1934
-2109
-2276
-2408
-2553
-2718
-2931
-3098
-3137
-3186
-3343
-3537
-3658
-3645
-3654
-3736
-3792
-3776
-3730
-3748
-3728
-3577
-3369
-3276
-3250
-3096
-2749
-2435
-2327
-2220
-1875
-1425
-1141
-971
-753
-311
187
454
653
965
1435
1864
2110
2322
2606
2995
3338
3565
3761
3948
4136
4342
4539
4639
4654
4663
4725
4793
4755
4616
4486
4421
4348
4157
3895
3692
3550
3351
3026
2690
2460
2272
1991
1634
1314
1072
838
529
218
16
-165
-429
-737
-946
-995
-1071
-1315
-1590
-1656
-1540
-1521
-1696
-1826
-1730
-1542
-1507
-1574
-1511
-1297
-1122
-1109
-1103
-929
-658
-491
-490
-442
-205
31
125
155
288
474
585
617
690
837
917
908
874
904
955
978
908
800
736
675
588
493
403
278
123
-52
-170
-251
-377
-567
-780
-949
-1086
-1236
-1423
-1625
-1808
-1966
-2148
-2361
-2528
-2642
-2749
-2934
-3160
-3261
-3265
-3323
-3483
-3621
-3634
-3591
-3639
-3733
-3720
-3597
-3529
-3613
-3645
-3419
-3130
-3076
-3159
-3047
-2621
-2254
-2158
-2099
-1799
-1312
-966
-835
-636
-200
297
600
760
1023
1453
1903
2189
2383
2622
2932
3258
3557
3787
3917
4040
4243
4480
4624
4610
4565
4639
4754
4725
4551
4405
4362
4315
4128
3831
3576
3415
3262
2992
2643
2323
2067
1851
1579
1230
896
629
401
160
-141
-416
-590
-769
-1014
-1242
-1336
-1368
-1501
-1745
-1859
-1740
-1638
-1766
-1968
-1917
-1606
-1435
-1576
-1686
-1459
-1037
-884
-1040
-1024
-662
-266
-199
-327
-221
142
416
408
373
518
737
853
857
900
1002
1043
995
1019
1126
1137
1005
891
905
955
865
629
470
460
391
175
-87
-241
-297
-439
-690
-963
-1139
-1261
-1397
-1586
-1820
-2043
-2230
-2358
-2463
-2609
-2853
-3078
-3171
-3199
-3320
-3529
-3686
-3689
-3656
-3739
-3877
-3888
-3726
-3605
-3625
-3673
-3582
-3318
-3070
-2995
-2959
-2756
-2420
-2122
-1947
-1796
-1492
-1112
-812
-575
-297
91
518
842
1077
1374
1796
2206
2490
2711
2984
3327
3617
3818
3980
4197
4387
4494
4582
4677
4778
4830
4798
4758
4740
4694
4601
4460
4327
4166
3972
3731
3523
3315
3050
2735
2413
2162
1898
1601
1266
950
686
442
165
-111
-366
-561
-732
-929
-1148
-1330
-1421
-1461
-1563
-1727
-1796
-1741
-1650
-1689
-1789
-1754
-1530
-1357
-1373
-1388
-1204
-919
-762
-769
-692
-400
-121
-46
-61
85
357
562
572
558
682
872
951
935
943
993
1034
1006
989
996
935
822
759
716
622
425
257
193
133
-59
-334
-521
-588
-673
-897
-1216
-1442
-1504
-1592
-1812
-2127
-2346
-2427
-2470
-2657
-2934
-3103
-3126
-3157
-3338
-3553
-3616
-3532
-3524
-3693
-3838
-3753
-3590
-3572
-3670
-3635
-3433
-3257
-3214
-3151
-2937
-2653
-2463
-2358
-2148
-1792
-1454
-1232
-1035
-738
-351
-29
259
559
887
1201
1504
1821
2144
2430
2648
2913
3221
3463
3615
3786
4001
4201
4298
4320
4366
4491
4565
4505
4381
4314
4293
4218
4033
3791
3619
3477
3283
3004
2706
2456
2266
2025
1712
1374
1100
915
693
388
62
-176
-334
-514
-757
-1001
-1170
-1255
-1351
-1510
-1661
-1684
-1642
-1637
-1694
-1743
-1668
-1513
-1413
-1394
-1350
-1207
-1012
-881
-829
-715
-486
-310
-249
-193
-7
208
342
394
469
633
778
844
898
1016
1090
1071
1033
1089
1166
1128
974
882
895
856
692
519
446
393
218
-47
-196
-239
-315
-557
-850
-1013
-1076
-1194
-1447
-1704
-1873
-1991
-2171
-2424
-2613
-2708
-2815
-3014
-3247
-3367
-3370
-3378
-3501
-3652
-3715
-3626
-3524
-3561
-3621
-3569
-3417
-3319
-3286
-3207
-3019
-2804
-2662
-2562
-2371
-2083
-1786
-1520
-1271
-993
-683
-346
18
401
707
967
1267
1663
2049
2298
2498
2753
3070
3323
3471
3634
3876
4094
4177
4216
4337
4500
4583
4543
4494
4488
4466
4370
4223
4076
3916
3692
3421
3190
2964
2686
2365
2072
1820
1528
1217
948
721
490
196
-98
-289
-429
-623
-885
-1119
-1235
-1321
-1474
-1670
-1780
-1780
-1776
-1826
-1882
-1847
-1736
-1631
-1539
-1445
-1330
-1182
-1008
-815
-666
-552
-427
-264
-67
72
120
197
385
566
657
647
700
909
1088
1113
1037
1065
1210
1315
1243
1098
1043
1046
997
830
668
551
441
267
48
-113
-230
-366
-565
-770
-952
-1092
-1245
-1428
-1603
-1783
-1959
-2169
-2377
-2537
-2684
-2838
-3043
-3261
-3404
-3442
-3480
-3605
-3749
-3815
-3777
-3709
-3674
-3684
-3665
-3579
-3461
-3334
-3219
-3104
-2962
-2794
-2597
-2391
-2212
-1982
-1666
-1341
-1090
-880
-575
-126
319
610
812
1106
1545
1968
2253
2442
2668
2974
3261
3477
3664
3840
4029
4188
4290
4384
4470
4548
4614
4626
4554
4451
4377
4363
4299
4065
3779
3562
3430
3253
2964
2611
2317
2091
1837
1542
1249
1013
781
516
224
-1
-177
-350
-567
-804
-992
-1138
-1236
-1340
-1439
-1545
-1625
-1651
-1621
-1573
-1539
-1518
-1456
-1325
-1194
-1071
-956
-805
-654
-537
-426
-278
-70
95
152
217
362
555
687
727
789
901
1005
1046
1085
1170
1229
1179
1097
1082
1112
1056
893
763
696
602
424
240
143
64
-161
-446
-613
-647
-737
-1004
-1290
-1441
-1535
-1713
-1952
-2136
-2259
-2463
-2737
-2922
-2987
-3069
-3283
-3523
-3638
-3633
-3652
-3755
-3846
-3853
-3814
-3808
-3818
-3756
-3654
-3566
-3496
-3436
-3338
-3186
-2968
-2738
-2577
-2485
-2306
-1922
-1505
-1244
-1106
-861
-416
65
379
575
886
1318
1692
1930
2163
2497
2846
3091
3240
3435
3679
3917
4087
4208
4329
4400
4474
4582
4680
4666
4535
4436
4417
4393
4223
3939
3727
3577
3363
3047
2732
2509
2285
1968
1604
1328
1136
910
618
326
89
-116
-340
-551
-751
-952
-1167
-1343
-1420
-1502
-1652
-1818
-1846
-1779
-1755
-1811
-1806
-1671
-1507
-1435
-1390
-1221
-987
-832
-794
-699
-483
-270
-173
-134
-28
164
297
375
477
597
697
759
863
992
1084
1078
1062
1108
1151
1104
998
945
908
784
589
444
389
292
92
-155
-301
-356
-460
-640
-834
-967
-1121
-1296
-1456
-1569
-1722
-1962
-2211
-2374
-2465
-2616
-2849
-3053
-3156
-3235
-3341
-3450
-3496
-3495
-3504
-3562
-3585
-3519
-3412
-3320
-3289
-3257
-3177
-3051
-2886
-2725
-2591
-2456
-2290
-2071
-1789
-1471
-1178
-924
-683
-335
95
509
790
1018
1333
1725
2085
2298
2506
2794
3103
3298
3404
3565
3838
4075
4169
4195
4280
4430
4533
4570
4551
4509
4416
4301
4217
4143
3951
3664
3378
3180
2982
2705
2386
2098
1855
1575
1295
1028
828
608
334
74
-142
-350
-559
-740
-881
-1068
-1324
-1525
-1552
-1513
-1609
-1792
-1867
-1747
-1636
-1620
-1628
-1498
-1306
-1217
-1195
-1068
-797
-619
-600
-576
-369
-117
-23
-25
91
333
483
466
500
708
908
926
859
905
1049
1116
1034
946
948
933
812
656
589
538
374
156
3
-34
-161
-429
-634
-699
-775
-1020
-1337
-1510
-1545
-1667
-1945
-2254
-2399
-2477
-2653
-2882
-3034
-3120
-3230
-3402
-3530
-3530
-3524
-3600
-3710
-3722
-3651
-3592
-3622
-3612
-3487
-3356
-3291
-3278
-3133
-2852
-2584
-2451
-2359
-2115
-1739
-1362
-1115
-915
-644
-265
128
416
680
992
1355
1664
1912
2168
2472
2814
3078
3250
3431
3681
3940
4110
4220
4320
4420
4491
4515
4539
4539
4488
4353
4179
4071
3979
3810
3556
3306
3106
2905
2652
2383
2141
1898
1610
1320
1050
815
564
281
-9
-248
-452
-685
-905
-1077
-1202
-1328
-1457
-1564
-1592
-1591
-1604
-1622
-1606
-1558
-1492
-1398
-1300
-1211
-1133
-1031
-883
-728
-620
-525
-392
-193
-16
70
157
331
553
699
734
768
894
1040
1113
1078
1057
1086
1101
1067
996
937
858
775
669
583
499
357
225
99
-32
-193
-370
-521
-633
-790
-1052
-1298
-1475
-1606
-1762
-1978
-2225
-2417
-2565
-2724
-2841
-2949
-3104
-3276
-3392
-3415
-3421
-3517
-3655
-3695
-3648
-3627
-3670
-3684
-3584
-3447
-3395
-3399
-3276
-2996
-2737
-2598
-2497
-2267
-1915
-1584
-1334
-1075
-772
-436
-101
209
534
879
1205
1492
1780
2107
2448
2757
3020
3252
3475
3713
3937
4130
4280
4394
4504
4568
4611
4631
4619
4591
4492
4348
4207
4087
3944
3733
3483
3221
3003
2766
2484
2203
1929
1661
1362
1062
794
537
292
20
-243
-451
-651
-849
-1027
-1164
-1271
-1386
-1521
-1615
-1610
-1577
-1575
-1607
-1599
-1516
-1387
-1283
-1204
-1085
-943
-817
-702
-566
-401
-219
-69
41
157
292
436
588
710
774
826
873
964
1090
1140
1116
1068
1061
1073
1076
1042
954
845
736
619
526
455
312
126
-69
-224
-353
-522
-696
-856
-1029
-1239
-1463
-1648
-1788
-1921
-2099
-2346
-2585
-2758
-2852
-2901
-3042
-3321
-3554
-3577
-3491
-3546
-3783
-3964
-3889
-3736
-3765
-3919
-3925
-3679
-3468
-3506
-3587
-3395
-2990
-2714
-2686
-2642
-2349
-1911
-1580
-1382
-1151
-820
-471
-130
253
613
918
1178
1516
1951
2309
2529
2753
3100
3451
3647
3727
3918
4229
4463
4470
4404
4504
4689
4756
4633
4466
4394
4365
4262
4085
3865
3651
3433
3191
2941
2676
2410
2125
1831
1548
1225
935
712
472
171
-153
-404
-550
-699
-940
-1179
-1339
-1409
-1508
-1639
-1730
-1736
-1712
-1757
-1777
-1742
-1625
-1487
-1393
-1376
-1335
-1171
-946
-744
-676
-650
-504
-243
-27
54
110
259
493
653
676
725
897
1078
1115
1057
1063
1179
1270
1230
1139
1099
1080
1021
951
885
808
658
466
359
311
193
-31
-251
-383
-486
-669
-925
-1119
-1242
-1431
-1682
-1904
-2045
-2166
-2370
-2618
-2776
-2868
-3024
-3192
-3302
-3369
-3475
-3619
-3691
-3658
-3637
-3715
-3774
-3724
-3618
-3549
-3502
-3389
-3225
-3104
-2984
-2769
-2475
-2234
-2079
-1865
-1499
-1105
-863
-676
-345
131
500
702
941
1350
1790
2077
2281
2548
2908
3217
3444
3656
3872
4058
4190
4336
4513
4606
4571
4555
4628
4685
4586
4387
4263
4242
4140
3869
3592
3416
3272
3031
2696
2402
2169
1915
1623
1337
1072
769
440
180
-2
-199
-502
-824
-995
-1056
-1186
-1419
-1602
-1645
-1615
-1664
-1796
-1870
-1808
-1664
-1599
-1637
-1661
-1548
-1340
-1165
-1099
-1055
-936
-743
-548
-407
-273
-133
6
116
252
436
600
670
682
755
906
991
979
980
1060
1120
1007
885
901
986
984
781
567
508
509
432
260
92
-65
-241
-423
-550
-629
-814
-1109
-1368
-1482
-1553
-1752
-2016
-2208
-2300
-2447
-2712
-2899
-2912
-2918
-3114
-3391
-3523
-3480
-3435
-3521
-3634
-3668
-3671
-3681
-3629
-3487
-3336
-3321
-3364
-3246
-2907
-2605
-2510
-2454
-2215
-1834
-1527
-1331
-1114
-744
-370
-98
124
438
843
1223
1508
1756
2028
2339
2668
2971
3246
3405
3555
3756
4017
4212
4271
4275
4338
4474
4511
4448
4368
4312
4261
4145
3958
3791
3627
3451
3225
2958
2681
2426
2221
1977
1671
1345
1040
800
582
308
18
-254
-499
-715
-881
-1042
-1190
-1364
-1571
-1678
-1668
-1651
-1734
-1865
-1901
-1799
-1680
-1634
-1639
-1596
-1472
-1322
-1172
-1043
-926
-785
-638
-471
-337
-206
-31
166
329
398
464
598
796
936
962
945
1023
1154
1220
1188
1129
1153
1184
1129
1022
943
911
871
743
585
443
328
212
76
-97
-310
-508
-674
-817
-967
-1174
-1422
-1616
-1732
-1860
-2095
-2323
-2472
-2533
-2666
-2904
-3089
-3125
-3116
-3230
-3408
-3505
-3468
-3427
-3483
-3568
-3526
-3388
-3282
-3298
-3273
-3099
-2863
-2687
-2580
-2406
-2179
-1958
-1729
-1420
-1090
-854
-707
-440
-15
407
675
862
1114
1482
1845
2101
2339
2633
2927
3113
3269
3479
3762
3953
4014
4075
4193
4290
4303
4307
4338
4344
4223
4043
3938
3905
3822
3606
3322
3083
2915
2747
2507
2231
1939
1653
1371
1122
901
651
384
111
-131
-359
-587
-771
-904
-1055
-1253
-1449
-1553
-1569
-1596
-1656
-1729
-1784
-1778
-1707
-1596
-1516
-1511
-1510
-1386
-1167
-1003
-949
-921
-741
-475
-292
-249
-206
-13
244
392
398
451
613
793
869
881
919
988
1030
1028
1018
1014
992
951
900
834
754
646
531
447
358
196
3
-164
-281
-404
-585
-781
-967
-1159
-1343
-1508
-1638
-1779
-1983
-2211
-2377
-2467
-2560
-2700
-2883
-3019
-3100
-3151
-3220
-3295
-3341
-3364
-3373
-3392
-3408
-3373
-3265
-3145
-3082
-3065
-2993
-2789
-2500
-2296
-2210
-2125
-1870
-1496
-1186
-1019
-876
-597
-228
115
359
578
856
1201
1523
1784
2003
2249
2538
2832
3061
3208
3353
3553
3788
3951
3990
3983
4066
4193
4258
4195
4069
4012
4002
3947
3807
3610
3422
3264
3094
2902
2676
2437
2176
1938
1702
1457
1207
944
710
465
207
-24
-222
-415
-625
-817
-970
-1089
-1227
-1377
-1443
-1456
-1497
-1606
-1662
-1582
-1464
-1471
-1552
-1492
-1283
-1111
-1096
-1097
-952
-705
-559
-512
-415
-216
-25
54
132
285
456
549
572
657
810
879
879
902
993
1033
949
878
922
979
888
687
555
574
559
395
144
-22
-92
-202
-396
-609
-751
-896
-1096
-1334
-1501
-1620
-1775
-1973
-2187
-2368
-2510
-2643
-2756
-2877
-3037
-3187
-3299
-3327
-3342
-3419
-3532
-3578
-3551
-3512
-3500
-3487
-3408
-3292
-3200
-3129
-3019
-2842
-2617
-2416
-2251
-2114
-1895
-1599
-1277
-993
-793
-591
-305
88
455
704
905
1203
1589
1915
2125
2329
2630
2958
3176
3302
3461
3707
3930
4047
4095
4160
4261
4324
4343
4335
4316
4221
4118
4057
3978
3822
3583
3385
3253
3091
2805
2474
2244
2086
1862
1518
1198
962
754
522
237
-20
-251
-464
-640
-800
-996
-1202
-1340
-1377
-1430
-1590
-1744
-1750
-1634
-1621
-1717
-1774
-1668
-1490
-1398
-1372
-1300
-1161
-1037
-910
-742
-566
-474
-402
-218
28
167
180
269
532
756
743
625
738
1036
1174
1024
856
961
1160
1162
961
862
908
898
739
579
536
474
294
78
-33
-99
-280
-541
-717
-786
-922
-1226
-1500
-1592
-1622
-1794
-2104
-2348
-2424
-2449
-2589
-2816
-2978
-3041
-3074
-3161
-3261
-3340
-3388
-3388
-3365
-3335
-3334
-3311
-3262
-3135
-2990
-2887
-2816
-2701
-2471
-2210
-2016
-1884
-1704
-1416
-1059
-799
-626
-414
-76
314
612
801
1018
1361
1748
2030
2206
2401
2687
3003
3217
3363
3505
3697
3882
3991
4043
4109
4207
4276
4253
4184
4144
4118
4058
3930
3774
3609
3458
3284
3071
2855
2637
2389
2142
1891
1621
1340
1079
839
601
328
18
-222
-390
-547
-767
-1021
-1221
-1337
-1416
-1514
-1652
-1758
-1803
-1823
-1828
-1841
-1858
-1811
-1701
-1615
-1561
-1543
-1444
-1224
-1022
-938
-912
-799
-567
-323
-202
-147
-36
133
294
415
509
590
670
762
851
898
895
891
946
1017
969
833
736
762
799
673
443
277
242
190
18
-210
-366
-499
-662
-868
-1056
-1197
-1378
-1581
-1767
-1912
-2075
-2279
-2453
-2582
-2692
-2851
-3027
-3148
-3209
-3267
-3403
-3493
-3521
-3519
-3538
-3576
-3554
-3478
-3410
-3372
-3311
-3189
-3001
-2867
-2748
-2579
-2336
-2083
-1906
-1691
-1412
-1094
-806
-579
-312
27
384
701
968
1256
1587
1911
2185
2453
2760
3046
3261
3451
3667
3907
4096
4203
4321
4440
4529
4557
4570
4609
4602
4507
4365
4282
4230
4090
3865
3635
3459
3273
3022
2722
2455
2238
1979
1673
1340
1063
829
595
323
11
-263
-486
-639
-800
-1032
-1287
-1448
-1488
-1527
-1643
-1808
-1872
-1819
-1760
-1744
-1765
-1752
-1675
-1543
-1399
-1308
-1268
-1161
-943
-710
-592
-554
-433
-168
104
190
167
254
539
782
803
739
790
969
1100
1100
1048
1043
1041
1029
1014
997
919
772
645
585
544
408
187
8
-85
-194
-406
-653
-815
-907
-1059
-1314
-1575
-1745
-1838
-1959
-2140
-2363
-2566
-2709
-2810
-2876
-2975
-3119
-3258
-3361
-3391
-3366
-3357
-3414
-3491
-3487
-3373
-3250
-3191
-3148
-3053
-2873
-2693
-2542
-2400
-2208
-1931
-1667
-1450
-1254
-1005
-672
-323
-22
217
452
742
1116
1506
1806
2019
2220
2507
2868
3171
3331
3449
3634
3885
4085
4162
4188
4264
4403
4460
4413
4324
4265
4235
4172
4038
3850
3651
3467
3298
3107
2870
2566
2276
2030
1793
1522
1197
896
645
407
139
-143
-400
-622
-825
-1018
-1188
-1355
-1541
-1690
-1758
-1771
-1828
-1947
-2024
-1993
-1891
-1828
-1820
-1783
-1694
-1603
-1475
-1309
-1138
-1029
-967
-833
-597
-402
-325
-235
-47
175
266
269
379
616
781
758
685
732
878
929
888
850
825
758
648
613
639
565
340
117
64
57
-90
-352
-556
-647
-781
-1014
-1243
-1359
-1455
-1666
-1925
-2094
-2189
-2327
-2523
-2662
-2735
-2877
-3083
-3206
-3170
-3138
-3280
-3477
-3526
-3424
-3320
-3341
-3393
-3370
-3262
-3128
-3021
-2881
-2745
-2618
-2456
-2207
-1954
-1775
-1618
-1348
-972
-673
-496
-310
48
493
814
994
1205
1564
1971
2276
2483
2689
2970
3246
3480
3690
3857
3996
4115
4279
4440
4515
4489
4469
4542
4599
4534
4379
4278
4232
4113
3900
3669
3505
3335
3079
2773
2513
2298
2036
1723
1423
1194
945
613
300
96
-71
-313
-613
-852
-1005
-1147
-1297
-1424
-1521
-1653
-1793
-1833
-1763
-1718
-1799
-1894
-1808
-1625
-1527
-1540
-1477
-1261
-1056
-989
-987
-831
-547
-329
-283
-237
-77
111
259
390
540
623
616
659
834
1006
1011
889
867
982
1037
915
762
763
810
699
461
317
318
275
63
-180
-328
-430
-587
-794
-932
-1062
-1266
-1528
-1712
-1774
-1882
-2107
-2366
-2477
-2541
-2655
-2847
-2988
-3020
-3073
-3190
-3313
-3328
-3318
-3322
-3361
-3343
-3266
-3219
-3204
-3137
-2961
-2802
-2728
-2648
-2447
-2169
-1957
-1818
-1637
-1344
-1011
-780
-607
-341
32
371
626
839
1118
1467
1786
2069
2325
2581
2822
3053
3299
3518
3689
3840
3992
4146
4219
4245
4293
4394
4441
4366
4225
4135
4127
4077
3919
3668
3451
3292
3115
2874
2600
2322
2062
1805
1518
1215
926
663
426
168
-154
-452
-660
-784
-942
-1183
-1451
-1615
-1679
-1726
-1819
-1955
-2029
-2049
-2029
-2010
-1989
-1960
-1903
-1790
-1686
-1592
-1483
-1332
-1145
-1001
-908
-792
-623
-427
-258
-143
-37
96
228
360
474
579
643
688
736
797
863
869
840
802
787
750
684
611
499
406
304
188
57
-84
-224
-374
-501
-657
-834
-1017
-1174
-1309
-1473
-1650
-1839
-1989
-2118
-2250
-2401
-2579
-2712
-2790
-2850
-2940
-3068
-3167
-3182
-3163
-3195
-3256
-3277
-3222
-3147
-3117
-3066
-2975
-2848
-2744
-2642
-2485
-2264
-2049
-1891
-1692
-1431
-1139
-908
-686
-413
-92
199
437
722
1053
1381
1634
1876
2184
2502
2763
2974
3239
3529
3736
3849
3993
4224
4419
4467
4432
4485
4629
4695
4612
4469
4423
4412
4312
4131
3945
3809
3625
3396
3145
2909
2671
2371
2096
1842
1571
1226
896
658
464
206
-163
-466
-636
-730
-909
-1196
-1435
-1543
-1564
-1649
-1804
-1928
-1966
-1952
-1946
-1943
-1912
-1859
-1779
-1703
-1604
-1476
-1333
-1204
-1056
-883
-743
-619
-484
-270
-63
60
112
211
411
604
708
730
777
879
992
1047
1056
1060
1053
1027
983
938
882
806
713
599
487
343
200
73
-47
-210
-430
-613
-764
-883
-1041
-1261
-1492
-1689
-1814
-1944
-2101
-2317
-2513
-2633
-2737
-2864
-3006
-3099
-3164
-3230
-3329
-3401
-3393
-3364
-3379
-3452
-3456
-3357
-3248
-3182
-3155
-3043
-2868
-2722
-2604
-2417
-2155
-1927
-1765
-1593
-1297
-956
-683
-504
-294
32
386
682
903
1163
1496
1799
2051
2293
2574
2858
3083
3251
3422
3629
3822
3967
4057
4122
4184
4216
4261
4304
4298
4206
4065
3973
3911
3812
3623
3388
3187
3002
2780
2521
2269
2030
1752
1423
1118
881
670
412
107
-199
-448
-654
-835
-1008
-1204
-1428
-1638
-1746
-1781
-1844
-1996
-2111
-2114
-2074
-2092
-2121
-2029
-1839
-1755
-1827
-1799
-1539
-1197
-1070
-1141
-1095
-791
-476
-379
-368
-214
53
204
217
304
550
771
787
726
805
970
1054
1018
990
1036
1013
876
797
847
877
707
426
304
346
325
91
-180
-320
-379
-531
-780
-948
-1034
-1162
-1416
-1678
-1795
-1835
-1955
-2199
-2428
-2527
-2551
-2604
-2735
-2863
-2958
-3009
-3033
-3071
-3091
-3097
-3069
-3057
-3068
-3034
-2937
-2778
-2653
-2614
-2561
-2388
-2120
-1872
-1699
-1582
-1397
-1131
-829
-533
-288
-78
131
404
755
1099
1331
1540
1805
2152
2453
2640
2844
3136
3433
3581
3640
3783
4056
4291
4317
4226
4252
4385
4479
4436
4327
4257
4184
4054
3915
3828
3701
3474
3165
2914
2737
2542
2258
1957
1685
1396
1076
785
595
408
110
-280
-560
-698
-809
-1030
-1308
-1495
-1591
-1676
-1810
-1931
-1965
-1938
-1968
-2061
-2115
-2022
-1827
-1691
-1706
-1748
-1633
-1363
-1113
-1028
-1026
-920
-657
-412
-304
-229
-79
124
266
326
416
580
729
808
838
852
892
939
992
1016
976
867
759
746
769
703
518
322
222
174
64
-124
-318
-456
-590
-769
-983
-1147
-1267
-1419
-1627
-1848
-1982
-2073
-2190
-2394
-2574
-2674
-2724
-2807
-2972
-3103
-3123
-3108
-3186
-3326
-3372
-3269
-3166
-3198
-3297
-3245
-3041
-2861
-2831
-2843
-2704
-2446
-2222
-2101
-1966
-1751
-1487
-1249
-1002
-750
-495
-243
13
341
651
900
1128
1431
1792
2081
2269
2465
2789
3127
3332
3431
3569
3812
4052
4164
4184
4251
4343
4387
4395
4391
4362
4280
4162
4062
3967
3817
3614
3400
3207
2991
2722
2446
2206
1966
1671
1331
1045
794
516
226
-44
-272
-531
-844
-1086
-1208
-1330
-1552
-1809
-1937
-1951
-2003
-2147
-2245
-2207
-2150
-2188
-2220
-2120
-1955
-1874
-1862
-1758
-1541
-1377
-1311
-1185
-919
-663
-604
-567
-345
-10
172
158
217
452
712
757
719
811
1033
1114
999
946
1059
1187
1099
920
855
911
889
715
550
499
434
257
34
-101
-187
-332
-533
-732
-889
-1046
-1215
-1366
-1478
-1646
-1862
-2047
-2130
-2175
-2304
-2515
-2682
-2703
-2693
-2784
-2942
-3024
-2987
-2911
-2939
-3040
-3061
-2933
-2756
-2697
-2761
-2756
-2525
-2215
-2068
-2094
-2031
-1718
-1334
-1131
-1103
-944
-553
-167
28
139
408
816
1157
1337
1520
1818
2156
2411
2599
2832
3086
3301
3449
3629
3843
3983
4034
4112
4259
4364
4361
4284
4274
4315
4266
4108
3949
3865
3764
3560
3305
3091
2936
2717
2402
2098
1880
1669
1385
1037
731
518
317
51
-282
-565
-749
-856
-1040
-1333
-1582
-1648
-1640
-1749
-1978
-2124
-2034
-1912
-1969
-2134
-2121
-1911
-1736
-1749
-1790
-1647
-1387
-1226
-1193
-1086
-853
-653
-572
-475
-269
-45
57
100
247
475
595
574
612
786
934
901
802
844
992
1012
851
717
734
785
680
481
355
308
230
54
-135
-265
-366
-541
-739
-894
-1030
-1191
-1366
-1525
-1677
-1823
-1985
-2109
-2225
-2368
-2523
-2640
-2706
-2775
-2891
-2995
-3031
-3044
-3075
-3126
-3136
-3099
-3043
-3010
-2978
-2917
-2804
-2685
-2558
-2431
-2310
-2135
-1927
-1711
-1542
-1385
-1147
-826
-531
-358
-190
110
504
826
993
1174
1504
1876
2130
2295
2506
2815
3104
3252
3356
3536
3770
3942
3999
4022
4095
4169
4214
4216
4175
4093
3985
3882
3805
3700
3499
3258
3044
2869
2658
2393
2098
1855
1627
1340
1009
703
496
290
14
-348
-659
-821
-917
-1100
-1413
-1675
-1745
-1738
-1858
-2075
-2183
-2123
-2064
-2156
-2269
-2197
-1981
-1891
-1961
-1963
-1760
-1488
-1371
-1376
-1290
-1040
-830
-731
-634
-442
-228
-128
-86
60
288
425
434
446
574
718
738
690
724
781
755
668
617
639
622
487
314
247
225
130
-49
-198
-286
-420
-600
-758
-839
-930
-1137
-1373
-1509
-1551
-1624
-1807
-2030
-2154
-2194
-2248
-2355
-2479
-2557
-2594
-2655
-2716
-2742
-2727
-2709
-2728
-2748
-2734
-2646
-2545
-2446
-2389
-2331
-2236
-2098
-1915
-1716
-1526
-1397
-1264
-1068
-771
-459
-245
-114
87
420
766
1002
1176
1431
1751
2022
2209
2409
2696
3017
3203
3281
3422
3670
3892
4015
4071
4140
4207
4248
4290
4316
4311
4221
4078
3982
3947
3851
3651
3417
3236
3084
2861
2580
2335
2124
1880
1583
1268
1012
788
551
288
-6
-309
-551
-679
-797
-1038
-1352
-1544
-1533
-1515
-1709
-1972
-2013
-1853
-1785
-1969
-2122
-1956
-1672
-1639
-1826
-1815
-1477
-1167
-1182
-1315
-1154
-762
-553
-610
-608
-332
-48
-12
-70
87
381
462
335
321
553
734
639
475
531
708
686
447
332
448
518
312
26
-20
77
-1
-302
-534
-552
-552
-734
-986
-1115
-1138
-1262
-1502
-1669
-1680
-1716
-1917
-2143
-2216
-2190
-2251
-2409
-2552
-2561
-2535
-2596
-2698
-2717
-2646
-2608
-2649
-2672
-2596
-2451
-2346
-2318
-2276
-2144
-1957
-1793
-1676
-1530
-1320
-1107
-914
-763
-522
-220
47
221
386
669
1020
1326
1483
1647
1913
2255
2501
2657
2834
3067
3315
3448
3547
3689
3872
3989
4012
4033
4067
4100
4091
4036
3982
3881
3749
3610
3511
3394
3171
2904
2661
2495
2292
2004
1691
1445
1220
923
607
360
179
-66
-421
-724
-860
-957
-1176
-1495
-1702
-1728
-1767
-1925
-2120
-2164
-2057
-2029
-2159
-2283
-2163
-1924
-1832
-1910
-1942
-1766
-1485
-1306
-1271
-1235
-1072
-819
-635
-536
-438
-276
-91
33
108
205
363
502
552
557
588
670
755
768
734
708
677
627
579
550
529
418
241
102
57
31
-97
-307
-471
-560
-659
-811
-967
-1063
-1177
-1372
-1578
-1648
-1657
-1760
-1997
-2194
-2194
-2160
-2279
-2501
-2570
-2470
-2462
-2658
-2818
-2700
-2481
-2501
-2729
-2784
-2523
-2265
-2267
-2381
-2291
-1988
-1770
-1761
-1721
-1443
-1117
-981
-949
-743
-342
3
119
205
492
898
1186
1334
1516
1828
2134
2334
2507
2750
3025
3199
3318
3472
3667
3811
3887
3970
4070
4121
4102
4071
4104
4135
4035
3853
3717
3659
3563
3349
3089
2894
2733
2513
2228
1972
1778
1534
1204
895
694
531
251
-110
-363
-488
-610
-877
-1183
-1358
-1384
-1438
-1649
-1843
-1886
-1833
-1843
-1943
-2001
-1940
-1839
-1779
-1756
-1715
-1605
-1468
-1350
-1230
-1116
-1017
-897
-727
-524
-410
-365
-279
-119
83
196
221
260
364
487
557
568
569
588
588
574
560
544
500
421
334
272
208
111
-4
-102
-188
-306
-473
-626
-724
-797
-905
-1090
-1296
-1438
-1485
-1521
-1634
-1837
-2031
-2121
-2113
-2130
-2252
-2434
-2538
-2511
-2474
-2514
-2632
-2658
-2601
-2547
-2567
-2586
-2495
-2359
-2263
-2242
-2182
-2035
-1834
-1675
-1540
-1382
-1219
-1044
-835
-567
-286
-82
35
222
541
895
1161
1302
1450
1704
2036
2312
2482
2633
2825
3031
3215
3354
3480
3623
3733
3801
3811
3811
3849
3890
3886
3799
3656
3522
3436
3386
3285
3072
2798
2550
2380
2247
2053
1751
1435
1176
971
740
481
246
28
-224
-530
-755
-843
-905
-1134
-1435
-1587
-1565
-1577
-1758
-1917
-1875
-1759
-1830
-2012
-1992
-1707
-1493
-1606
-1759
-1627
-1281
-1049
-1078
-1090
-902
-661
-567
-515
-315
-68
-1
-56
29
306
507
462
382
493
680
664
551
579
760
795
568
380
456
616
519
231
61
103
91
-107
-306
-343
-379
-594
-883
-982
-900
-961
-1277
-1567
-1621
-1568
-1657
-1905
-2066
-2094
-2146
-2301
-2436
-2466
-2462
-2533
-2655
-2719
-2682
-2642
-2645
-2639
-2607
-2592
-2571
-2482
-2341
-2207
-2160
-2117
-1982
-1759
-1559
-1406
-1263
-1089
-883
-666
-399
-120
94
251
493
815
1119
1320
1506
1771
2070
2297
2463
2677
2940
3142
3262
3379
3541
3720
3805
3852
3938
4007
3972
3908
3922
3982
3902
3671
3493
3478
3459
3235
2904
2685
2593
2407
2070
1768
1610
1411
1081
734
546
427
142
-248
-496
-543
-665
-1010
-1333
-1385
-1343
-1515
-1817
-1916
-1800
-1764
-1952
-2083
-1960
-1766
-1783
-1899
-1824
-1597
-1451
-1470
-1413
-1169
-949
-942
-942
-710
-373
-239
-330
-302
3
294
326
251
339
559
668
620
615
752
840
768
658
689
769
752
619
508
485
427
290
168
138
75
-126
-366
-477
-486
-567
-791
-1008
-1137
-1229
-1353
-1489
-1594
-1714
-1890
-2045
-2121
-2154
-2225
-2361
-2466
-2540
-2572
-2607
-2625
-2630
-2649
-2677
-2706
-2652
-2548
-2472
-2444
-2396
-2288
-2173
-2055
-1897
-1700
-1545
-1447
-1292
-1037
-745
-544
-393
-178
101
354
569
829
1132
1384
1553
1741
2029
2367
2588
2698
2838
3085
3324
3451
3532
3676
3828
3877
3872
3926
4039
4052
3942
3828
3807
3774
3659
3487
3342
3222
3011
2743
2532
2403
2210
1910
1580
1315
1142
926
648
377
115
-137
-391
-566
-697
-895
-1162
-1385
-1480
-1529
-1647
-1803
-1872
-1888
-1935
-2017
-2007
-1919
-1864
-1871
-1868
-1774
-1636
-1531
-1447
-1312
-1165
-1089
-1019
-856
-604
-421
-409
-405
-250
21
178
183
190
319
458
481
473
543
644
656
578
518
568
614
565
428
336
297
240
113
-10
-62
-148
-310
-514
-623
-656
-733
-916
-1135
-1280
-1342
-1425
-1552
-1701
-1854
-1964
-2045
-2108
-2202
-2305
-2392
-2446
-2500
-2555
-2590
-2596
-2589
-2606
-2623
-2604
-2539
-2453
-2384
-2340
-2267
-2149
-2010
-1876
-1733
-1568
-1425
-1278
-1090
-838
-589
-411
-237
-16
269
541
762
993
1240
1487
1732
1959
2193
2434
2667
2850
2990
3162
3351
3522
3635
3713
3780
3861
3935
3978
3979
3925
3868
3822
3768
3670
3541
3394
3235
3043
2839
2649
2466
2233
1962
1694
1448
1245
1001
733
467
216
-19
-270
-499
-689
-834
-1021
-1279
-1481
-1569
-1570
-1678
-1864
-1995
-1994
-1915
-1915
-1972
-1992
-1906
-1803
-1758
-1738
-1615
-1435
-1312
-1268
-1206
-1018
-795
-649
-584
-472
-302
-156
-72
39
199
345
380
357
439
598
699
671
593
592
674
698
626
547
506
475
398
285
206
143
41
-97
-223
-332
-451
-579
-689
-792
-934
-1106
-1261
-1337
-1396
-1528
-1714
-1865
-1921
-1950
-2039
-2166
-2267
-2312
-2345
-2405
-2452
-2469
-2473
-2494
-2510
-2471
-2416
-2397
-2377
-2301
-2190
-2105
-2039
-1938
-1767
-1594
-1467
-1352
-1183
-957
-734
-541
-386
-178
79
342
575
789
1014
1242
1484
1737
1985
2205
2398
2589
2796
2993
3161
3313
3441
3551
3644
3736
3818
3862
3878
3869
3855
3803
3729
3658
3588
3495
3315
3103
2931
2817
2666
2424
2127
1875
1676
1483
1235
953
700
469
237
-22
-253
-445
-602
-790
-1005
-1229
-1391
-1435
-1467
-1588
-1784
-1912
-1895
-1801
-1805
-1882
-1909
-1828
-1723
-1685
-1655
-1528
-1348
-1264
-1252
-1199
-1002
-792
-675
-624
-531
-385
-268
-172
-55
106
187
158
148
274
445
491
405
345
391
446
421
336
298
292
227
103
-3
-31
-41
-129
-314
-477
-549
-597
-679
-813
-952
-1076
-1219
-1340
-1427
-1469
-1545
-1704
-1879
-1989
-1988
-1975
-2059
-2218
-2328
-2313
-2265
-2308
-2419
-2456
-2376
-2300
-2330
-2394
-2358
-2200
-2063
-2042
-2068
-1985
-1771
-1558
-1451
-1410
-1291
-1053
-802
-619
-458
-278
-74
187
453
674
848
1030
1292
1590
1838
2000
2166
2393
2643
2844
2969
3103
3271
3440
3534
3583
3656
3763
3821
3800
3748
3705
3681
3614
3541
3456
3323
3122
2902
2759
2655
2485
2213
1909
1669
1492
1296
1062
799
528
273
0
-223
-355
-496
-727
-1025
-1232
-1296
-1339
-1489
-1691
-1756
-1760
-1836
-1965
-1984
-1833
-1717
-1795
-1954
-1904
-1640
-1397
-1393
-1488
-1394
-1158
-977
-913
-823
-620
-449
-433
-402
-218
50
183
135
134
259
413
462
454
512
588
563
465
445
547
611
502
313
225
269
275
154
0
-88
-156
-275
-415
-512
-572
-688
-865
-1020
-1109
-1175
-1278
-1415
-1555
-1647
-1719
-1814
-1916
-1975
-2013
-2092
-2200
-2261
-2226
-2190
-2247
-2341
-2352
-2240
-2139
-2141
-2195
-2155
-1962
-1792
-1751
-1742
-1597
-1350
-1161
-1081
-973
-716
-436
-253
-133
47
332
647
894
1066
1232
1449
1729
2024
2270
2424
2541
2711
2967
3216
3360
3406
3497
3652
3769
3797
3802
3878
3957
3913
3745
3630
3629
3641
3523
3275
3046
2896
2773
2601
2366
2114
1850
1586
1317
1087
901
692
421
83
-204
-401
-507
-660
-919
-1183
-1369
-1466
-1537
-1647
-1759
-1838
-1914
-1997
-2049
-2001
-1898
-1855
-1890
-1910
-1836
-1684
-1544
-1446
-1343
-1245
-1176
-1069
-886
-657
-519
-502
-481
-341
-111
38
74
88
186
292
328
322
373
451
477
400
306
310
354
355
249
104
-2
-40
-82
-160
-298
-442
-556
-669
-778
-889
-989
-1108
-1267
-1420
-1496
-1551
-1657
-1825
-1962
-2007
-2039
-2146
-2264
-2297
-2270
-2303
-2439
-2530
-2450
-2320
-2354
-2501
-2521
-2312
-2126
-2142
-2231
-2139
-1902
-1727
-1698
-1644
-1414
-1146
-1005
-955
-800
-498
-193
-25
87
274
575
885
1123
1307
1466
1658
1899
2167
2404
2571
2707
2887
3087
3234
3325
3431
3566
3668
3673
3640
3686
3776
3815
3723
3546
3415
3360
3309
3221
3035
2799
2579
2403
2256
2060
1800
1521
1274
1076
866
613
376
191
-1
-270
-576
-774
-821
-878
-1061
-1347
-1542
-1533
-1474
-1541
-1728
-1840
-1790
-1706
-1701
-1730
-1669
-1518
-1450
-1477
-1459
-1278
-1032
-927
-904
-850
-693
-509
-394
-281
-166
-77
-28
47
203
350
388
348
376
473
534
516
500
528
541
467
360
341
355
319
194
56
-18
-82
-168
-283
-399
-540
-690
-804
-872
-945
-1109
-1294
-1380
-1438
-1549
-1710
-1807
-1815
-1874
-2033
-2161
-2155
-2134
-2213
-2351
-2386
-2304
-2261
-2314
-2356
-2304
-2218
-2190
-2184
-2093
-1943
-1837
-1790
-1690
-1493
-1302
-1186
-1078
-892
-656
-461
-284
-45
224
428
574
765
1058
1342
1536
1694
1916
2189
2402
2558
2727
2928
3071
3176
3296
3466
3616
3673
3688
3721
3755
3714
3663
3651
3654
3571
3411
3263
3193
3104
2876
2588
2375
2253
2076
1831
1582
1382
1170
871
561
341
164
-41
-287
-506
-659
-830
-1035
-1242
-1396
-1536
-1685
-1775
-1786
-1805
-1887
-1980
-1985
-1958
-1973
-1997
-1941
-1789
-1679
-1644
-1587
-1425
-1267
-1229
-1236
-1111
-880
-706
-642
-550
-373
-219
-191
-190
-67
89
167
168
242
401
470
403
330
361
406
359
280
301
379
329
152
21
1
-39
-186
-363
-435
-433
-509
-657
-803
-916
-1039
-1210
-1369
-1438
-1476
-1550
-1648
-1745
-1841
-1963
-2071
-2119
-2156
-2233
-2295
-2273
-2205
-2212
-2299
-2354
-2315
-2251
-2231
-2206
-2083
-1913
-1795
-1741
-1687
-1546
-1375
-1240
-1119
-932
-692
-459
-241
-43
120
263
463
730
995
1212
1406
1653
1927
2145
2275
2393
2589
2816
2985
3090
3224
3417
3565
3605
3575
3578
3631
3670
3660
3611
3561
3496
3429
3309
3153
2974
2784
2639
2494
2326
2111
1895
1689
1464
1202
936
705
516
322
95
-130
-337
-512
-682
-840
-1043
-1249
-1390
-1451
-1470
-1546
-1676
-1754
-1742
-1723
-1753
-1797
-1748
-1642
-1581
-1587
-1531
-1377
-1217
-1145
-1138
-1052
-891
-727
-626
-538
-407
-289
-220
-164
-22
138
188
165
192
323
434
433
393
433
497
467
364
311
359
373
262
131
95
108
43
-118
-258
-319
-393
-529
-643
-688
-732
-851
-1018
-1121
-1183
-1286
-1443
-1558
-1570
-1587
-1685
-1819
-1875
-1886
-1944
-2043
-2112
-2099
-2061
-2052
-2055
-2030
-2000
-2005
-2004
-1957
-1886
-1804
-1684
-1528
-1382
-1308
-1251
-1115
-932
-794
-692
-533
-273
-25
136
287
506
751
895
977
1154
1463
1768
1937
2054
2244
2456
2588
2651
2764
2954
3104
3163
3230
3342
3429
3405
3338
3307
3295
3246
3176
3154
3131
3032
2820
2613
2463
2320
2134
1918
1739
1594
1411
1182
943
710
481
234
6
-200
-371
-507
-628
-794
-1012
-1222
-1339
-1413
-1539
-1665
-1713
-1663
-1680
-1788
-1874
-1830
-1732
-1745
-1806
-1761
-1577
-1402
-1370
-1366
-1252
-1097
-1022
-1006
-895
-681
-506
-441
-378
-234
-94
-60
-56
40
195
265
267
315
430
515
460
353
341
404
430
377
312
310
285
210
94
4
-42
-110
-200
-276
-327
-432
-563
-660
-730
-833
-985
-1119
-1157
-1169
-1240
-1383
-1511
-1572
-1627
-1722
-1818
-1866
-1884
-1915
-1953
-1981
-1999
-2032
-2085
-2063
-2007
-1985
-2005
-1976
-1851
-1726
-1698
-1717
-1650
-1473
-1299
-1207
-1101
-936
-747
-593
-458
-296
-89
113
293
507
752
947
1106
1311
1549
1738
1837
1972
2207
2469
2631
2713
2811
2959
3081
3127
3165
3246
3320
3329
3304
3296
3292
3224
3132
3031
2921
2781
2653
2546
2440
2263
2010
1793
1621
1436
1184
970
830
667
421
155
-32
-157
-347
-607
-827
-925
-980
-1090
-1226
-1339
-1431
-1529
-1606
-1642
-1664
-1688
-1685
-1632
-1574
-1568
-1585
-1538
-1409
-1310
-1300
-1270
-1123
-935
-827
-806
-752
-631
-512
-444
-364
-234
-118
-54
-18
57
125
151
140
175
258
309
281
261
305
335
296
185
114
115
138
79
-9
-79
-114
-159
-287
-401
-481
-522
-598
-700
-774
-829
-898
-1005
-1118
-1202
-1253
-1329
-1434
-1485
-1504
-1522
-1599
-1708
-1745
-1744
-1750
-1795
-1817
-1785
-1755
-1745
-1751
-1714
-1657
-1620
-1561
-1479
-1355
-1252
-1161
-1038
-891
-743
-628
-507
-341
-122
69
230
398
603
812
984
1153
1356
1569
1744
1906
2086
2264
2433
2566
2673
2785
2895
3013
3109
3164
3190
3223
3240
3227
3172
3121
3075
3024
2933
2804
2668
2536
2406
2235
2032
1832
1672
1492
1314
1106
877
667
474
300
87
-130
-300
-411
-551
-775
-973
-1050
-1074
-1189
-1395
-1503
-1455
-1412
-1500
-1612
-1610
-1503
-1479
-1553
-1558
-1426
-1281
-1258
-1266
-1177
-1003
-912
-904
-838
-679
-571
-540
-478
-316
-180
-188
-231
-128
59
96
18
2
151
259
202
85
98
219
222
91
7
59
103
27
-115
-165
-160
-230
-355
-424
-421
-483
-623
-733
-765
-781
-897
-1056
-1136
-1139
-1182
-1302
-1401
-1431
-1458
-1545
-1652
-1707
-1703
-1727
-1788
-1835
-1823
-1808
-1834
-1863
-1831
-1770
-1731
-1711
-1662
-1560
-1451
-1372
-1313
-1209
-1070
-914
-765
-627
-490
-329
-140
73
256
411
576
778
1025
1239
1402
1559
1758
1978
2163
2280
2405
2570
2750
2876
2949
3010
3088
3177
3222
3236
3199
3164
3146
3139
3085
2961
2824
2703
2598
2476
2304
2106
1922
1750
1565
1362
1157
932
716
510
328
152
-50
-259
-439
-571
-699
-879
-1065
-1191
-1247
-1314
-1426
-1543
-1584
-1559
-1559
-1586
-1643
-1645
-1586
-1509
-1458
-1426
-1386
-1308
-1195
-1097
-1031
-979
-891
-760
-641
-574
-513
-430
-321
-235
-180
-132
-67
-6
63
114
142
155
155
182
203
201
171
146
127
119
104
73
13
-57
-124
-165
-195
-267
-364
-459
-497
-524
-605
-724
-820
-859
-892
-983
-1105
-1182
-1208
-1251
-1327
-1413
-1480
-1534
-1567
-1571
-1599
-1649
-1708
-1707
-1656
-1606
-1650
-1697
-1641
-1532
-1444
-1438
-1397
-1286
-1147
-1046
-980
-863
-690
-529
-393
-257
-83
95
265
439
639
830
977
1163
1380
1595
1750
1874
2036
2220
2374
2482
2589
2718
2819
2889
2943
3009
3061
3055
3022
3000
3003
2966
2870
2768
2709
2627
2469
2288
2155
2033
1862
1656
1465
1300
1119
910
714
537
346
138
-54
-190
-323
-488
-680
-837
-930
-1024
-1154
-1278
-1350
-1375
-1419
-1489
-1537
-1539
-1516
-1525
-1531
-1507
-1455
-1403
-1346
-1288
-1223
-1168
-1100
-1003
-915
-848
-798
-718
-612
-515
-460
-417
-357
-277
-215
-184
-152
-85
-38
-23
-19
-13
24
29
7
-34
-39
-34
-73
-123
-149
-171
-225
-305
-357
-381
-419
-499
-584
-634
-666
-736
-832
-899
-946
-981
-1066
-1133
-1178
-1217
-1286
-1367
-1394
-1410
-1454
-1520
-1527
-1498
-1511
-1571
-1582
-1530
-1478
-1492
-1513
-1442
-1321
-1234
-1230
-1186
-1058
-918
-832
-772
-639
-469
-320
-209
-80
113
276
414
575
774
944
1081
1236
1438
1646
1770
1856
1998
2199
2342
2413
2481
2596
2733
2804
2803
2824
2875
2918
2883
2819
2794
2775
2723
2620
2516
2421
2317
2176
2028
1886
1742
1572
1394
1210
1040
871
687
491
314
171
-5
-201
-365
-459
-570
-753
-938
-995
-1026
-1118
-1271
-1358
-1326
-1328
-1413
-1507
-1467
-1378
-1360
-1417
-1409
-1303
-1185
-1164
-1166
-1081
-951
-879
-873
-778
-651
-579
-568
-507
-367
-278
-273
-268
-161
-39
-33
-77
-34
74
115
61
16
62
115
83
18
-1
19
-16
-93
-151
-158
-188
-287
-373
-389
-413
-516
-624
-657
-684
-763
-869
-940
-957
-1008
-1107
-1196
-1217
-1237
-1304
-1380
-1406
-1401
-1429
-1481
-1507
-1489
-1472
-1502
-1529
-1486
-1426
-1396
-1394
-1349
-1248
-1160
-1116
-1051
-943
-807
-691
-615
-494
-335
-177
-46
79
235
410
566
709
855
1028
1184
1333
1482
1632
1773
1892
2025
2155
2272
2336
2402
2495
2578
2609
2608
2631
2679
2685
2626
2564
2537
2519
2431
2310
2213
2141
2040
1881
1723
1607
1473
1304
1119
963
835
672
465
307
210
69
-117
-289
-392
-486
-624
-774
-862
-908
-985
-1091
-1176
-1195
-1215
-1269
-1312
-1300
-1260
-1263
-1283
-1258
-1189
-1134
-1122
-1087
-1009
-930
-891
-856
-773
-665
-609
-581
-515
-417
-338
-313
-270
-206
-137
-111
-105
-59
13
40
21
19
45
71
54
25
13
28
-12
-73
-107
-117
-137
-216
-289
-325
-342
-402
-479
-537
-571
-626
-707
-770
-809
-835
-898
-961
-1008
-1030
-1050
-1101
-1147
-1159
-1165
-1176
-1196
-1208
-1195
-1173
-1157
-1147
-1124
-1085
-1028
-977
-934
-887
-814
-727
-641
-562
-489
-398
-284
-175
-78
31
146
260
373
484
599
707
835
960
1062
1157
1248
1359
1472
1548
1611
1685
1773
1849
1891
1927
1962
2005
2019
2019
2010
2014
2014
1966
1924
1880
1855
1799
1712
1641
1565
1485
1383
1282
1196
1090
970
847
733
641
518
385
272
175
78
-41
-161
-259
-337
-434
-540
-618
-676
-729
-801
-866
-907
-937
-980
-1019
-1030
-1032
-1036
-1059
-1052
-1026
-1002
-996
-989
-951
-907
-870
-857
-814
-749
-707
-685
-651
-582
-510
-470
-453
-418
-352
-317
-304
-286
-253
-222
-222
-210
-191
-158
-162
-180
-180
-182
-187
-211
-233
-242
-248
-284
-331
-354
-361
-392
-456
-510
-524
-540
-576
-623
-654
-672
-699
-720
-740
-746
-759
-779
-790
-787
-789
-790
-773
-742
-746
-752
-731
-682
-624
-602
-586
-545
-477
-415
-382
-347
-262
-177
-125
-79
-7
92
170
227
278
364
459
527
591
677
759
819
878
957
1046
1110
1150
1197
1273
1329
1369
1399
1439
1489
1515
1528
1556
1597
1607
1602
1596
1603
1612
1587
1549
1532
1521
1478
1416
1382
1356
1296
1214
1142
1091
1040
964
866
789
734
645
543
459
401
322
209
108
51
-19
-113
-215
-308
-360
-432
-518
-588
-635
-680
-755
-822
-861
-886
-936
-1006
-1036
-1035
-1058
-1096
-1110
-1108
-1107
-1134
-1154
-1142
-1100
-1091
-1111
-1120
-1089
-1046
-1040
-1033
-1003
-965
-964
-958
-932
-874
-842
-839
-816
-780
-740
-724
-708
-677
-640
-629
-632
-598
-542
-521
-528
-531
-504
-472
-464
-468
-454
-410
-410
-423
-414
-366
-332
-348
-369
-351
-310
-310
-313
-307
-281
-275
-292
-287
-252
-221
-230
-236
-212
-171
-155
-148
-129
-89
-62
-67
-56
-14
30
37
38
62
108
145
155
183
227
272
292
322
386
440
469
488
531
587
630
656
699
752
789
814
852
919
968
989
1005
1031
1086
1130
1141
1153
1185
1215
1214
1210
1232
1251
1242
1223
1205
1208
1200
1173
1129
1104
1093
1044
993
960
929
871
799
734
694
641
560
478
412
342
265
194
120
63
-13
-104
-189
-245
-302
-390
-473
-538
-595
-660
-733
-792
-831
-887
-955
-1014
-1043
-1065
-1099
-1153
-1177
-1185
-1203
-1214
-1218
-1218
-1220
-1242
-1249
-1223
-1197
-1172
-1171
-1141
-1102
-1068
-1033
-993
-944
-902
-877
-840
-773
-706
-651
-606
-564
-506
-443
-393
-335
-278
-224
-185
-143
-81
-23
24
54
95
142
190
234
281
311
343
374
397
434
470
501
509
528
555
577
592
604
630
634
618
611
625
642
639
623
613
613
606
602
588
585
580
552
529
519
509
493
467
433
422
416
390
372
364
350
329
300
295
297
277
258
244
235
244
230
223
215
209
208
205
209
212
215
202
200
208
216
212
218
225
220
208
202
199
202
199
183
180
170
171
160
143
128
110
82
79
75
60
38
-5
-31
-54
-73
-104
-142
-172
-215
-249
-272
-297
-316
-362
-401
-437
-465
-487
-524
-547
-557
-587
-626
-650
-672
-680
-699
-728
-758
-762
-761
-774
-785
-789
-790
-791
-777
-761
-746
-718
-706
-696
-672
-641
-610
-591
-557
-534
-499
-472
-427
-374
-330
-295
-263
-211
-168
-121
-81
-31
20
72
105
151
202
247
282
310
355
404
441
456
497
530
571
588
605
633
648
666
672
686
699
707
707
701
706
696
680
673
661
642
626
603
575
568
542
505
474
443
411
375
341
317
286
253
219
184
165
140
109
81
67
43
19
0
-12
-20
-38
-57
-69
-72
-82
-86
-95
-96
-82
-78
-82
-78
-73
-64
-69
-66
-56
-41
-41
-45
-33
-21
-19
-26
-19
-9
5
1
2
12
11
3
-7
-4
1
-14
-34
-41
-45
-41
-59
-76
-82
-89
-113
-141
-157
-170
-190
-204
-219
-228
-238
-266
-289
-300
-314
-331
-344
-357
-362
-369
-375
-392
-401
-404
-415
-423
-416
-404
-401
-397
-391
-373
-367
-362
-352
-344
-320
-316
-307
-273
-248
-227
-215
-201
-178
-147
-132
-110
-78
-50
-17
3
38
66
85
94
111
149
175
200
213
234
261
281
296
309
330
339
342
354
373
391
394
383
383
392
387
380
363
370
367
354
351
345
348
322
302
287
276
268
248
225
219
212
190
171
154
139
118
95
82
73
59
45
45
46
27
9
-10
-19
-18
-27
-38
-40
-37
-41
-40
-48
-65
-71
-82
-88
-79
-76
-75
-64
-61
-67
-62
-74
-80
-76
-76
-66
-73
-68
-59
-64
-69
-80
-82
-85
-94
-92
-80
-76
-78
-89
-92
-97
-110
-126
-133
-124
-125
-127
-132
-137
-136
-145
-164
-168
-168
-177
-181
-173
-157
-163
-171
-179
-196
-185
-191
-205
-197
-191
-176
-180
-183
-167
-170
-176
-187
-173
-162
-160
-148
-143
-118
-116
-120
-120
-114
-109
-112
-100
-81
-67
-61
-47
-35
-22
-28
-20
-11
0
19
27
48
62
80
89
90
98
98
105
104
121
151
158
175
186
184
192
192
185
186
202
215
220
239
253
253
250
235
230
221
215
221
222
237
243
237
236
219
206
193
180
174
173
183
181
180
167
154
136
117
98
87
85
88
86
84
82
57
38
19
5
-6
-16
-18
-16
-28
-29
-29
-44
-65
-91
-110
-113
-109
-116
-108
-117
-123
-127
-145
-156
-176
-183
-189
-191
-181
-180
-180
-186
-186
-199
-202
-211
-215
-205
-204
-192
-188
-180
-191
-193
-201
-205
-208
-200
-189
-186
-167
-163
-148
-153
-156
-164
-157
-145
-135
-123
-113
-100
-88
-86
-82
-82
-86
-86
-76
-63
-60
-38
-24
-7
-5
-1
-1
-3
-1
7
22
38
53
57
69
69
71
64
70
76
81
89
100
114
121
123
126
123
128
137
133
129
144
161
157
156
160
159
151
147
133
146
160
164
173
175
165
159
158
138
136
135
141
139
147
140
129
140
130
113
111
108
99
101
108
113
108
112
93
81
71
63
61
55
61
57
58
60
52
38
32
24
19
10
12
22
22
22
11
0
-10
-16
-16
-26
-27
-25
-25
-29
-43
-45
-60
-67
-73
-79
-76
-81
-82
-84
-90
-96
-108
-111
-115
-123
-133
-134
-130
-135
-137
-138
-142
-149
-151
-160
-153
-159
-151
-142
-139
-132
-144
-142
-145
-151
-151
-144
-136
-124
-119
-120
-113
-115
-107
-101
-98
-97
-92
-84
-77
-63
-50
-47
-48
-50
-42
-31
-29
-23
-5
-7
8
24
25
33
33
45
48
59
73
87
98
97
106
117
117
120
123
126
142
153
151
161
165
164
175
169
181
181
180
189
192
202
202
203
202
199
199
195
199
200
196
206
198
193
185
181
178
173
173
168
165
155
159
150
142
130
117
116
108
106
96
88
89
74
62
54
40
28
10
6
7
-9
-13
-14
-31
-47
-50
-70
-82
-84
-89
-96
-101
-108
-116
-129
-136
-141
-155
-149
-154
-152
-156
-168
-171
-177
-185
-199
-195
-197
-204
-195
-198
-202
-184
-194
-193
-192
-192
-191
-196
-186
-184
-188
-183
-177
-175
-164
-176
-179
-168
-169
-167
-161
-151
-145
-144
-138
-133
-127
-126
-118
-106
-98
-93
-85
-72
-68
-66
-60
-54
-53
-46
-39
-25
-13
-14
-13
3
7
12
16
13
19
32
46
40
51
59
57
65
67
73
87
97
104
105
108
115
117
118
130
135
129
129
140
145
148
158
159
158
159
168
176
181
177
183
187
190
189
180
189
180
183
184
180
180
183
172
173
166
162
172
168
170
159
152
141
139
136
124
115
113
97
87
86
70
64
56
53
43
34
25
15
-1
-11
-21
-33
-29
-41
-54
-59
-76
-84
-98
-110
-110
-126
-136
-145
-151
-155
-155
-162
-170
-175
-174
-181
-184
-179
-197
-194
-191
-197
-192
-183
-190
-190
-182
-193
-188
-190
-187
-180
-183
-182
-180
-170
-170
-165
-151
-153
-141
-135
-132
-130
-117
-110
-110
-95
-85
-76
-61
-53
-51
-43
-33
-18
-10
1
4
14
14
20
31
40
50
56
60
63
77
83
91
90
90
100
97
97
100
96
107
106
105
109
111
119
117
123
128
129
126
129
122
127
123
128
134
125
129
117
117
121
118
112
113
109
101
101
99
90
83
79
79
75
74
77
64
61
57
60
52
50
40
31
26
15
8
-7
-7
-11
-17
-25
-32
-36
-44
-53
-52
-61
-70
-72
-72
-67
-79
-75
-79
-91
-92
-101
-99
-99
-113
-118
-120
-127
-135
-126
-135
-144
-152
-153
-153
-155
-159
-159
-151
-155
-151
-157
-154
-159
-155
-148
-142
-139
-136
-133
-139
-132
-139
-133
-123
-114
-109
-101
-101
-102
-86
-78
-75
-74
-71
-63
-57
-56
-50
-51
-38
-32
-24
-14
-9
4
-3
-1
14
24
30
36
41
51
54
66
68
70
87
91
96
98
100
104
110
124
128
136
140
140
137
138
142
133
139
140
146
156
150
159
155
157
163
148
153
161
161
159
155
157
149
153
159
142
136
138
135
126
126
129
122
122
112
104
103
95
94
89
89
87
81
68
54
53
44
42
33
22
19
17
12
6
-1
-14
-15
-22
-31
-43
-40
-39
-47
-56
-61
-56
-63
-70
-79
-85
-86
-90
-88
-87
-96
-89
-92
-98
-104
-108
-108
-104
-97
-103
-104
-109
-100
-102
-111
-109
-111
-111
-114
-105
-100
-98
-102
-94
-93
-92
-83
-80
-74
-69
-57
-48
-48
-47
-40
-38
-31
-29
-21
-12
-12
1
8
13
18
18
19
20
27
43
45
51
60
65
63
68
75
70
86
89
94
91
95
101
107
103
101
112
102
103
105
119
121
110
102
102
104
101
101
99
107
105
95
97
98
83
86
84
85
81
68
72
65
74
69
59
60
53
45
36
32
26
22
18
19
13
7
3
0
9
1
-6
-13
-25
-24
-33
-42
-39
-36
-35
-42
-49
-58
-53
-49
-58
-54
-65
-60
-64
-72
-69
-74
-79
-89
-82
-74
-76
-86
-88
-86
-92
-93
-97
-99
-97
-92
-84
-86
-88
-85
-91
-94
-84
-74
-75
-77
-72
-72
-70
-61
-63
-51
-53
-52
-49
-50
-44
-43
-36
-31
-28
-28
-22
-25
-16
-6
-6
-3
-3
-2
-1
-4
-4
6
6
9
11
15
16
18
20
16
25
24
25
33
26
26
21
32
35
25
37
26
28
32
37
41
45
48
45
57
57
53
53
45
44
46
38
40
37
31
30
38
32
27
31
35
39
32
32
33
41
41
40
34
35
35
28
33
29
29
21
12
17
9
3
1
-6
-1
4
4
3
5
-2
0
-2
0
-1
0
2
-11
-14
-21
-20
-19
-19
-30
-25
-15
-24
-17
-25
-24
-31
-42
-30
-37
-34
-40
-45
-44
-44
-42
-45
-45
-40
-45
-58
-48
-50
-44
-45
-41
-35
-44
-43
-39
-36
-31
-36
-35
-26
-31
-25
-30
-33
-35
-32
-25
-23
-20
-15
-13
-19
-17
-13
-9
-9
1
-1
-6
0
3
0
6
15
12
15
12
11
17
21
23
22
29
31
26
32
25
29
37
31
31
24
30
39
37
32
35
39
45
38
35
38
28
35
31
30
30
19
19
12
18
9
1
-1
5
4
11
10
-6
2
-9
-3
0
-7
-5
-9
-6
-4
-15
-7
-21
-20
-15
-22
-20
-24
-10
-24
-18
-21
-28
-22
-18
-17
-22
-25
-28
-27
-28
-29
-35
-32
-29
-17
-27
-25
-19
-28
-33
-35
-35
-30
-29
-31
-22
-23
-27
-31
-25
-21
-22
-25
-29
-27
-25
-27
-26
-31
-36
-29
-28
-28
-28
-25
-25
-26
-23
-23
-26
-22
-26
-21
-16
-13
-14
-16
-17
-19
-21
-22
-14
-15
-7
-3
-4
0
9
13
12
7
15
21
15
17
16
24
24
21
20
22
23
22
27
32
32
31
28
32
36
32
36
45
34
38
41
35
35
32
30
35
36
32
41
35
32
36
34
27
22
25
30
31
23
21
25
29
29
22
17
24
16
14
13
10
19
16
13
22
25
25
14
17
27
18
15
18
14
6
16
11
10
12
13
10
5
10
3
-4
0
2
-6
0
-2
-6
-9
-4
-6
-4
-2
-7
-2
-5
-6
-1
3
-8
-4
1
-1
-6
-3
-6
4
1
-2
-5
-11
-1
-9
1
-4
-8
-4
-10
-3
-6
-10
-6
-3
0
-3
0
2
-3
-3
1
3
0
6
11
9
12
6
3
12
18
15
3
9
16
12
5
4
9
11
17
16
13
22
21
16
27
31
27
28
32
29
30
27
31
28
24
17
19
24
17
22
23
25
19
24
19
14
20
16
13
9
9
10
10
6
3
16
16
13
21
14
18
13
7
10
2
0
-1
1
4
0
6
0
5
11
-1
6
-3
-2
-12
-12
-3
-9
-10
-16
-11
-10
-5
-6
-7
2
-6
-6
-7
-1
-3
-9
-1
0
0
-9
-9
-3
-5
3
4
-3
-7
-2
-3
0
7
3
3
-6
0
7
5
7
4
7
13
10
6
10
5
3
4
-2
3
7
9
14
3
4
7
6
5
3
4
-3
6
-6
-4
-1
-6
-1
-1
10
7
10
13
15
16
19
18
9
4
-1
-6
-6
-9
-2
-12
-13
-10
-16
-13
-21
-12
-16
-13
-16
-22
-16
-15
-13
-17
-20
-12
-7
-9
-9
-7
-6
-7
-7
-16
-6
-5
-10
-11
-13
-12
-12
-9
-6
-7
-6
-12
-12
-7
-11
-7
-6
-6
-7
-6
3
-2
-10
-3
-11
-18
-14
-10
-3
-7
-3
-10
-8
-3
-1
0
-1
1
-9
-4
5
2
6
-1
-4
6
1
1
5
4
-5
-3
-6
-8
-4
-2
-10
-9
-6
-6
2
-1
-7
-8
0
-6
-6
2
3
-7
-7
0
-4
1
-5
-5
-3
-2
0
-2
-4
-3
-7
-6
-7
-10
-9
-13
-13
-11
-3
-7
-12
-12
-12
-9
-7
-16
-10
-11
-10
-14
-23
-16
-10
-5
-4
-9
1
3
-8
-4
-13
-7
-9
-6
-4
-6
0
-7
-6
-10
0
-3
-11
-12
-9
-13
-15
-5
-1
-5
-10
-9
-6
-11
-9
3
1
7
7
-1
3
6
-1
0
9
-1
-2
4
-4
-6
0
7
8
2
4
3
12
13
-1
3
7
5
-3
-10
-6
-5
-7
-1
-6
-13
-13
-11
-13
-10
-9
-9
-9
-12
-20
-11
-9
-16
-13
-11
-9
-9
2
-2
-6
-1
-11
-10
6
6
5
13
7
7
10
9
14
12
9
5
6
4
1
7
6
7
2
-4
-6
-10
-7
-1
-11
-11
-16
-19
-15
-18
-12
-16
-13
-16
-7
-15
-19
-13
-22
-17
-18
-19
-10
-11
-9
-12
-9
-10
-17
-16
-19
-13
-16
-13
-20
-17
-16
-13
-4
-19
-6
-6
-12
-12
-6
-7
-9
-12
-4
2
0
3
-6
-6
-6
-1
0
-8
-7
-7
2
8
-3
0
6
10
0
2
2
1
6
-1
3
4
-4
-10
1
0
5
5
3
-2
0
2
1
5
3
0
1
-4
-3
5
1
14
0
-2
3
9
3
6
10
10
24
8
2
9
2
-6
2
-3
-2
-3
0
-5
-5
-7
-8
-8
-12
-8
-11
-17
-18
-7
-8
-9
-1
3
-2
-1
-5
-4
0
-9
-7
-4
-6
4
5
1
5
1
6
0
-8
-5
-7
-1
-4
-13
-4
-13
-14
-12
-16
-14
-6
-7
-12
-6
-15
-3
-10
-12
-14
-13
-6
-7
-4
-3
-7
-6
-8
-6
2
-2
6
4
-1
0
1
3
8
3
-2
0
0
-3
-4
-3
-2
1
-3
0
3
12
11
15
15
18
17
16
15
14
17
16
21
19
31
16
16
11
6
13
10
19
15
22
17
7
6
7
14
14
10
7
13
21
23
31
30
29
29
28
25
27
23
19
20
28
25
20
27
25
21
15
22
20
21
15
15
13
10
11
10
15
9
12
3
12
12
6
2
1
8
4
8
11
7
12
14
7
11
15
15
13
7
7
12
5
15
16
15
18
13
19
13
16
15
3
10
12
11
19
19
19
17
24
26
23
16
16
12
20
18
13
9
1
17
9
7
3
1
3
0
-1
3
-2
-1
7
18
20
3
12
13
3
14
15
13
8
9
13
12
13
15
20
13
14
16
14
16
11
14
12
11
19
14
4
8
7
6
14
10
11
6
1
4
-6
1
1
3
-1
1
0
-6
4
-4
-4
-8
-6
-1
3
1
-3
7
5
0
0
-3
-10
-14
-9
-10
-23
-10
-11
-16
-12
-1
-6
0
7
3
3
-7
-6
-12
-2
0
2
3
7
8
-1
-1
-5
-4
-3
-3
-3
-11
-9
-7
-11
-16
-20
-17
-29
-31
-31
-34
-26
-33
-32
-25
-35
-38
-40
-32
-35
-31
-29
-32
-25
-29
-23
-25
-23
-13
-11
-7
-4
-8
-10
-13
-11
-9
-2
-10
-10
1
-1
0
-6
-8
-10
0
-14
-8
-7
-12
-15
-22
-13
-12
-3
-8
-10
-3
1
-2
-4
-7
-6
-2
7
7
-3
-11
-10
-9
-13
-5
-9
-4
3
-5
-3
2
-4
3
0
-3
0
0
3
3
0
2
-1
8
9
4
13
2
10
7
2
-5
-6
-3
-8
-3
1
6
9
2
11
9
4
9
-1
2
2
-6
-3
3
-6
3
7
13
13
10
14
5
14
7
12
13
6
1
1
2
-4
-5
-3
-7
2
1
-4
2
-6
3
-3
-5
2
3
5
7
9
4
-9
-12
-5
-2
-9
-7
1
-5
-2
-5
-6
-9
-13
-13
-9
6
-3
-9
2
-10
-2
3
-4
1
7
0
-6
-2
-8
1
9
10
5
7
9
6
9
1
1
3
0
0
3
1
-1
-3
-1
3
3
3
-2
-6
-4
-11
-13
-18
-20
-25
-21
-16
-12
-2
-9
-17
-16
-13
-13
-13
-17
-12
-12
-14
-15
-16
-18
-19
-22
-31
-25
-22
-24
-25
-15
-12
-17
-19
-10
-6
-4
-13
-10
-16
-15
-4
-16
-10
-10
-8
-15
-7
-6
-11
-1
-7
3
-2
1
12
7
7
9
12
10
12
13
11
1
-2
3
6
14
5
-1
3
2
6
5
-4
3
-2
-11
-6
-7
-7
-2
-4
-10
-6
-9
1
-11
-5
2
6
10
-6
3
6
5
-2
1
-3
-5
-6
0
-1
-5
-3
-7
-7
-8
-4
-3
-5
-6
-10
-12
-7
-16
-9
-7
-7
-10
-15
-11
-15
-20
-25
-21
-18
-19
-13
-10
-13
-9
-6
-3
0
-1
0
-5
5
13
3
9
11
10
13
9
14
14
11
15
15
16
25
23
10
16
15
13
20
18
21
23
21
15
17
18
17
25
22
10
19
14
10
17
14
13
19
22
13
11
4
7
9
8
8
8
8
-2
0
2
1
0
3
-6
-3
-6
-5
1
0
3
7
0
-1
11
5
3
0
6
-3
-6
-3
-9
-5
0
-1
-5
0
6
3
6
6
4
3
3
16
7
5
14
12
12
7
7
19
21
11
17
16
16
19
12
5
9
7
9
8
0
2
-6
-13
-12
-6
-11
-14
-9
-11
-6
-2
-7
-8
-14
-9
-13
-6
-1
-3
-2
-6
-7
-10
-9
-10
-9
-12
0
-8
-6
6
-2
-3
-7
2
2
-3
-3
-8
-13
-9
-11
-10
0
-2
-4
-1
3
2
12
3
-9
-3
-7
-2
-8
-4
1
-1
1
6
12
15
19
18
18
16
20
15
16
11
10
13
9
10
10
14
8
8
0
4
9
3
-1
-1
10
10
10
7
-4
-4
0
1
7
4
3
1
1
5
7
4
3
9
9
5
3
1
2
8
2
6
11
9
8
6
6
0
4
6
-5
-1
1
-4
-2
1
3
7
-5
-5
-6
-14
-16
-10
2
-3
5
10
6
4
7
11
4
7
12
12
9
15
13
17
15
12
12
19
22
18
23
25
26
20
23
13
16
18
11
8
12
11
7
13
15
17
10
20
25
15
12
14
9
2
3
7
6
10
17
15
10
15
15
13
7
7
9
-1
3
-3
-3
-3
-10
0
0
3
13
2
5
15
6
2
0
0
-5
-4
7
3
-9
-9
-13
-10
-13
-20
-24
-16
-2
-7
-13
-16
-10
-15
-16
-20
-11
-7
-7
-20
-23
-17
-22
-17
-28
-22
-19
-13
-20
-20
-16
-18
-10
-18
-15
-10
-12
-9
-4
-10
-5
-2
0
-1
6
-1
2
7
7
6
1
9
-1
-5
-6
3
0
3
3
6
-1
-3
9
-2
-6
1
1
-9
-3
-1
-6
-2
-5
-7
2
-8
-6
-3
-6
-8
-6
-3
-6
-1
0
-2
-5
1
-7
-5
-10
-14
0
1
-2
-3
-4
-4
-8
-18
-6
-3
0
3
-3
-2
-5
-2
1
6
5
-3
10
7
8
7
3
6
1
1
7
7
-3
3
-3
0
1
-4
6
0
3
3
-1
-2
6
5
-1
-4
-1
-1
-2
1
3
-7
-16
-5
-4
-2
-7
-8
-4
-8
-4
-3
-1
-2
-13
-7
0
4
-6
-11
-11
-22
-23
-21
-23
-11
-12
-19
-20
-21
-20
-21
-17
-22
-7
-16
-19
-3
-10
-16
-15
-13
-18
-19
-19
-16
-18
-15
-20
-12
-12
-12
-7
-12
-9
-8
-10
-10
-15
-12
-10
-16
-11
-19
-16
-13
-18
-18
-7
-4
-7
-9
-12
-9
-12
-9
-16
-14
-9
-9
-3
7
0
7
-3
-12
-14
-11
-7
-13
-5
-13
-14
0
1
-4
1
-7
-7
-3
3
9
3
9
7
-2
6
2
0
7
8
9
1
4
-13
-4
7
0
-1
-6
-3
-9
-10
-12
-20
-15
-9
-9
-1
-2
-3
-5
1
-2
-1
1
2
-1
-4
-4
-4
-7
-7
5
-15
-8
-4
-9
0
8
-1
1
8
8
15
9
13
6
11
8
11
12
9
12
7
10
7
9
7
1
11
9
2
6
12
19
8
12
6
5
7
4
6
-4
-2
5
-1
-11
4
-1
-4
-1
-7
-2
0
1
3
5
5
0
6
7
-1
9
10
-4
-3
5
5
3
4
6
6
1
6
0
-4
1
-1
0
-8
-3
-3
1
2
7
10
5
6
-3
2
1
-4
0
12
2
4
3
-2
2
1
1
-11
-1
-3
-4
-3
5
3
-2
5
0
3
11
1
-3
6
3
4
-3
-4
0
1
8
8
7
5
-3
3
6
7
7
7
11
9
15
15
10
12
14
14
15
9
16
11
13
17
17
19
14
15
19
24
12
22
27
22
24
27
22
16
14
13
16
14
16
15
18
15
10
10
14
16
9
13
18
9
11
9
17
20
11
17
11
11
11
16
9
7
7
2
8
3
5
4
1
5
2
2
6
10
16
16
18
19
21
22
21
23
22
18
17
25
22
16
16
21
18
10
11
21
19
12
19
25
23
23
27
30
37
32
26
30
28
21
21
18
13
16
13
10
9
11
16
22
13
16
16
7
7
3
7
12
18
13
5
10
6
3
-3
-1
0
4
1
4
3
-2
0
0
1
-5
-12
-17
-6
-12
-13
-6
-4
-2
-6
-5
-1
-6
-17
-13
-19
-19
-8
-10
-8
-16
-17
-9
-12
-13
-21
-15
-10
-14
-9
-6
-4
-5
-7
-3
-4
-2
-6
-2
0
-12
-6
-8
0
11
4
3
0
4
8
11
8
10
4
1
-4
3
7
3
-2
-1
-1
-4
6
-6
-8
-6
-6
-12
-6
7
-4
-9
-9
-7
-12
-5
-10
-12
-13
-14
-9
-12
-5
-14
-8
-10
-17
-6
-16
-9
-12
-18
-17
-9
-19
-17
-9
-17
-10
-7
-5
-12
-10
-10
-3
-3
-4
3
-6
-6
-6
0
1
-14
-12
-8
-16
-14
-15
-7
-9
-3
-3
-5
7
3
-4
-6
-7
-5
-3
-3
3
7
5
13
13
7
16
12
6
10
8
3
7
8
9
19
17
12
15
17
8
5
4
3
3
5
4
-3
6
6
7
2
7
-6
-8
0
-8
-1
-8
-5
-8
-7
-1
-10
-16
-10
-13
-18
-17
-19
-19
-23
-18
-10
-6
1
-6
-6
-2
-7
-6
-14
-13
-9
-13
-12
-16
-13
-15
-15
-8
-12
-15
-17
-10
-13
-14
-13
-15
-12
-14
-13
-13
-3
3
3
-8
-10
-12
-9
0
-10
-6
4
4
-6
0
-3
-7
-2
-5
-7
-8
-15
-17
-10
-14
-11
-1
-5
-6
-6
-16
-14
-7
-10
-13
-15
-14
-15
-25
-20
-9
-7
-8
-5
-11
-11
-9
-4
-4
-8
-4
-6
-10
-9
-11
-12
-13
-13
-21
-27
-20
-25
-20
-22
-26
-26
-22
-12
-19
-20
-17
-16
-26
-19
-13
-19
-21
-16
-13
-9
-11
-12
-13
-15
-9
-19
-12
-12
-13
-5
-13
-19
-19
-19
-13
-10
-17
-15
-11
-15
-16
-8
-16
-10
-3
-8
-2
-7
-9
-6
-7
-4
-5
-9
-12
-10
-13
-3
-2
-9
-1
1
5
4
12
10
6
14
14
12
19
11
9
12
-4
5
14
10
12
19
17
17
20
12
10
12
16
18
12
13
10
3
-2
6
4
-1
5
0
-3
4
1
-1
-10
-10
-6
-5
-1
-8
5
0
-3
0
0
8
10
5
-9
8
14
9
10
5
9
15
15
17
9
7
10
11
12
8
8
6
6
7
13
7
7
3
3
3
6
10
9
16
13
21
14
7
13
12
4
3
7
10
17
17
10
14
15
13
22
25
20
18
15
17
19
23
18
16
16
12
16
14
16
9
10
12
8
12
14
15
9
9
4
4
3
3
-9
0
-1
-2
2
3
4
-3
5
-6
-2
-2
-6
-3
-4
-3
-11
-10
3
-4
-8
-3
-3
-5
-4
-2
1
3
3
5
-2
3
6
3
4
10
3
8
12
0
2
3
7
9
3
9
6
5
3
1
7
7
12
12
17
10
19
18
9
19
12
13
16
18
22
12
11
15
13
1
4
16
6
9
9
16
15
6
20
15
15
20
15
13
5
1
5
-1
3
5
7
2
-2
-4
-3
-9
-3
-3
-6
2
-1
1
-1
0
-2
5
-3
3
-4
4
7
-5
0
-2
9
3
3
4
10
1
2
2
1
-2
1
4
0
4
1
7
1
2
3
4
10
12
3
10
9
11
12
13
16
10
24
17
15
24
16
16
12
7
11
6
12
3
4
0
0
-1
-9
0
0
-1
-7
-7
-6
-3
-3
-4
-7
-1
-3
-1
0
8
-1
-2
6
4
8
0
11
1
4
3
0
-4
-6
4
8
6
7
6
1
7
1
3
-3
0
3
1
-4
-4
0
-6
-4
3
2
-1
-3
-2
-8
-5
-6
-14
-8
-3
4
-8
-9
-4
-2
-11
-16
-10
