33
17
26
30
36
21
17
18
13
10
15
20
20
22
9
10
19
18
27
21
-12
9
26
15
11
7
21
23
-8
14
18
31
15
13
19
11
4
4
15
13
17
20
20
21
21
2
6
1
19
9
-7
2
16
1
6
17
13
16
6
15
9
5
-13
1
13
20
0
22
0
-9
14
-10
-3
-13
-4
8
-9
11
21
23
-5
25
7
4
29
22
8
21
7
7
35
18
31
43
28
39
39
44
59
22
54
48
31
38
54
48
57
36
49
51
45
58
56
70
52
38
29
59
62
67
75
63
58
70
78
64
60
56
56
42
62
60
68
73
35
39
50
65
44
62
67
84
73
74
80
66
70
92
61
63
80
73
76
64
68
83
71
101
90
96
92
95
111
103
118
84
98
96
87
85
77
92
74
85
100
87
88
71
102
93
103
83
101
121
105
80
103
119
97
89
76
83
97
87
71
82
68
66
82
70
98
97
85
106
81
95
110
87
94
100
99
91
102
95
79
93
69
91
109
94
98
102
87
93
121
115
102
99
117
97
98
116
108
103
101
106
126
130
139
127
126
90
86
116
115
131
112
98
98
106
105
111
101
109
92
85
110
106
101
91
115
118
124
114
116
131
138
151
146
136
136
139
125
136
141
140
151
160
153
154
132
136
168
139
133
144
137
155
158
149
132
145
156
137
143
127
149
139
151
128
119
132
136
124
100
134
129
123
128
116
126
111
111
126
108
122
125
134
129
135
140
110
118
105
136
133
113
130
116
123
119
117
100
93
127
125
118
133
125
117
117
128
129
135
152
147
156
134
157
168
143
128
146
137
133
120
120
144
123
136
142
131
122
108
107
116
126
124
125
119
113
136
120
132
130
106
103
115
106
86
93
91
95
119
112
109
103
97
120
100
128
133
118
120
120
110
101
108
105
106
85
100
111
120
117
106
108
103
96
111
102
108
121
95
135
139
131
133
110
119
133
117
110
130
110
103
117
112
100
93
124
118
114
120
131
126
102
134
122
121
116
99
124
117
110
103
120
107
105
130
116
108
101
110
113
109
113
110
98
136
141
93
103
100
82
108
114
117
119
125
132
108
122
138
122
111
93
121
128
120
129
123
112
116
117
135
115
93
122
136
118
130
164
142
123
138
154
108
124
119
123
123
123
134
124
123
125
132
148
162
138
141
154
121
119
127
127
127
127
127
109
133
137
136
138
131
150
154
146
146
147
144
108
144
139
126
138
112
100
111
101
114
125
129
151
120
118
132
134
130
141
137
121
119
124
131
152
121
133
132
118
127
108
136
128
136
117
97
119
92
92
104
102
116
96
99
84
84
90
107
93
109
104
90
113
93
112
109
90
87
102
110
99
102
109
87
93
101
88
86
87
80
84
97
73
86
76
83
103
70
100
106
92
89
70
79
88
87
84
98
102
84
90
100
80
88
79
81
74
60
75
75
72
54
70
65
62
53
59
85
88
68
80
84
70
69
52
62
40
65
73
78
57
65
65
47
46
57
65
67
71
66
61
58
96
52
61
65
69
90
30
33
55
37
32
76
57
44
63
56
72
82
56
65
45
45
61
47
57
51
47
56
47
59
40
30
45
43
37
29
43
36
3
3
15
20
14
37
30
25
28
34
9
29
30
32
10
24
20
35
45
31
51
23
55
57
45
63
57
34
44
35
41
36
52
47
41
59
50
52
43
67
68
45
75
67
77
52
55
42
51
44
60
58
53
57
64
77
56
65
40
63
57
89
64
54
82
59
68
62
70
92
66
77
77
57
90
68
79
65
73
80
75
68
35
54
45
32
11
38
38
35
27
41
31
38
59
35
42
47
44
39
52
47
29
41
21
19
22
26
25
35
27
23
50
27
12
26
31
17
61
50
35
49
21
35
47
20
27
35
20
47
26
17
24
13
28
42
35
37
44
34
48
46
33
37
23
43
47
32
60
16
49
60
39
58
37
44
57
56
45
55
57
50
48
19
33
27
10
13
43
38
52
75
30
64
57
43
50
40
44
68
79
38
54
71
51
42
40
84
61
63
67
52
67
70
59
49
65
67
75
57
82
70
60
71
58
42
54
53
54
87
54
54
65
33
48
60
81
81
89
63
53
78
72
85
64
72
88
63
70
59
71
84
71
72
82
85
79
71
88
68
78
74
79
87
79
87
94
91
53
94
75
59
90
98
91
94
100
94
74
61
55
63
85
79
81
72
90
109
100
90
90
88
121
89
81
74
42
48
63
77
82
78
58
66
49
46
42
68
50
56
21
40
65
34
61
29
40
58
51
49
30
34
23
19
21
18
16
24
18
6
29
18
-11
20
13
4
3
-3
-11
10
14
4
20
14
24
-5
-4
-7
16
14
15
23
3
14
-11
-22
-24
13
13
-2
10
-17
-14
4
19
11
7
-13
-19
-12
-34
-10
-4
5
14
-13
-14
-19
-9
12
0
-19
-24
-28
-24
-5
-21
-8
8
-27
-28
-27
-24
-28
-36
-45
-40
-18
-3
-21
-5
-30
-12
-22
-43
-28
-19
-16
-54
-26
-26
-47
-34
-42
-39
-30
-55
-59
-21
-50
-2
-18
-35
-12
-41
-47
-28
-40
-46
-28
-40
-33
-54
-28
-36
-19
-28
-42
-41
-44
-42
-27
-27
-62
-31
-55
-49
-42
-53
-53
-38
-43
-66
-65
-51
-71
-46
-34
-72
-53
-46
-52
-52
-55
-49
-70
-52
-56
-45
-52
-60
-57
-76
-58
-33
-43
-42
-48
-36
-40
-72
-46
-43
-54
-72
-52
-38
-58
-58
-65
-47
-74
-92
-70
-47
-73
-55
-55
-65
-95
-83
-61
-88
-78
-72
-83
-67
-68
-71
-92
-95
-75
-85
-56
-66
-57
-68
-67
-56
-74
-60
-56
-73
-69
-65
-85
-91
-86
-91
-89
-88
-72
-102
-93
-79
-78
-73
-75
-72
-90
-80
-77
-64
-92
-93
-75
-93
-82
-81
-73
-91
-101
-77
-71
-70
-72
-53
-89
-82
-66
-87
-80
-71
-56
-71
-52
-88
-92
-77
-92
-71
-92
-85
-79
-83
-72
-94
-73
-66
-84
-78
-77
-77
-71
-79
-53
-51
-67
-70
-66
-70
-49
-64
-65
-57
-98
-75
-91
-66
-52
-76
-76
-56
-72
-68
-56
-76
-65
-69
-71
-83
-72
-60
-63
-73
-84
-72
-48
-71
-72
-73
-81
-79
-74
-82
-112
-140
-113
-94
-88
-77
-78
-81
-94
-64
-75
-102
-104
-84
-57
-72
-73
-70
-83
-77
-82
-85
-60
-44
-92
-91
-47
-44
-68
-76
-47
-58
-43
-54
-57
-69
-59
-38
-55
-50
-57
-54
-59
-59
-60
-60
-35
-54
-32
-16
-16
-42
-51
-13
-34
-30
-48
-25
-29
-50
-22
-33
-9
-21
-19
-22
-43
-19
-39
-21
-24
-32
-49
-27
-20
-38
-52
-53
-17
-16
-9
-17
-32
-48
-49
-17
-18
-19
0
-28
-23
-23
-39
-16
-12
-13
-31
-8
-15
-17
-18
-8
-32
-57
-12
0
-26
-31
-10
-17
6
-21
-14
-7
-11
-13
-8
-13
-24
-49
-45
-3
-19
-12
-12
-8
-5
-9
-10
-15
-2
3
7
-13
-1
-18
-12
-11
-16
-20
-10
-30
-38
-21
-48
-35
-45
-35
-36
-21
-31
-33
-33
-33
-41
-33
-3
-16
-13
-9
-13
-8
-2
-22
-27
-26
-22
-29
-30
-51
-66
-53
-46
-41
-44
-49
-28
-23
-15
-24
-18
-40
-33
-12
-6
-13
-21
-10
-9
-19
-17
-12
-15
17
13
-20
-10
-3
-25
-3
-9
-27
-2
-34
-38
-36
-58
-23
-17
-62
-42
-35
-34
-48
-61
-25
-21
-51
-45
-42
-47
-42
-48
-41
-50
-55
-44
-24
-60
-52
-33
-52
-56
-42
-29
-45
-64
-72
-36
-41
-50
-18
-31
-45
-45
-42
-31
-20
-16
-24
-4
-17
-33
-38
-49
-45
-28
-28
-43
-36
-36
-32
-43
-52
-44
-28
-45
-34
-53
-22
-45
-56
-12
-12
-32
-45
-40
-30
-34
-44
-49
-59
-43
-56
-26
-23
-47
-29
-28
-21
-22
-8
-8
-7
10
0
-1
-7
-30
-10
-17
-18
-15
-35
-6
3
-18
-25
-32
-9
-9
-4
-32
-11
-34
-29
-15
-37
-20
0
-34
-33
-15
-24
-12
-8
-27
7
-24
-21
-16
-37
-7
-21
6
-6
-9
-44
-31
-30
-20
-53
-34
-15
-35
-20
-18
10
-32
-32
-37
-43
-12
-42
-54
-37
-52
-46
-32
-51
-48
-30
-25
-31
-19
-20
-46
-42
-53
-34
-49
-54
-52
-41
-28
-22
-50
-42
-20
-44
-15
-31
-33
-47
-17
-16
-28
-15
-38
-27
-26
-39
-27
0
-7
-20
-27
-3
-15
-44
-35
-60
-58
-68
-61
-44
-44
-63
-29
-43
-43
-38
-33
-35
-21
-12
-39
-29
-57
-43
-29
-35
-41
-33
-47
-49
-53
-35
-38
-52
-15
-33
-51
-50
-60
-20
-40
-41
-55
-52
-38
-64
-45
-40
-25
-52
-42
-42
-36
-36
-67
-66
-54
-50
-91
-71
-36
-70
-51
-45
-42
-32
-22
-22
-22
-51
-47
-47
-50
-43
-51
-33
-59
-38
-57
-62
-83
-54
-67
-59
-64
-70
-50
-68
-61
-81
-82
-79
-70
-81
-87
-98
-82
-72
-58
-80
-72
-45
-59
-52
-39
-56
-49
-56
-43
-60
-62
-34
-59
-47
-45
-35
-59
-74
-40
-69
-60
-52
-53
-26
-54
-56
-59
-58
-43
-90
-62
-43
-55
-51
-42
-38
-46
-38
-35
-58
-58
-21
-31
-29
-35
-37
-40
-33
-23
-23
-39
-33
-26
-38
-21
-10
-21
-19
-27
-19
-17
-34
-37
-41
-52
-37
-36
-63
-44
-36
-60
-25
-37
-33
-27
-52
-46
-41
-37
-20
-20
-24
-32
-27
-32
-38
-33
-17
-25
-40
-32
-54
-33
-32
-56
-66
-65
-59
-48
-40
-34
-43
-59
-54
-51
-21
-22
-49
-47
-41
-53
-53
-46
-44
-54
-58
-42
-36
-34
-38
-37
-44
-61
-38
-48
-46
-35
-37
-17
-5
-20
-28
-16
-19
-21
5
-24
-34
-29
-42
-22
-43
-40
-52
-41
-42
-39
-38
-49
-55
-41
-43
-53
-42
-48
-58
-41
-58
-38
-33
-52
-29
-63
-65
-56
-74
-69
-54
-70
-44
-53
-61
-54
-32
-9
-41
-33
-39
-43
-43
-64
-41
-27
-47
-25
-45
-25
-32
-32
-52
-39
-21
-60
-46
-44
-33
-45
-11
-35
-36
-30
-7
-29
-38
-19
-46
-22
-15
-40
-33
-18
-30
-50
-41
-34
-30
-40
-45
-17
-36
-30
-17
-20
-44
-31
-31
-25
-10
-22
-23
-41
-4
-27
-36
-1
-20
-8
-29
-18
-13
-25
-25
-25
-30
-10
-22
-20
-9
-24
-5
-23
-23
15
2
-6
-23
-47
-25
-26
-33
-15
-26
-23
8
-21
-30
-21
-27
-2
-28
-24
-38
-34
-27
-30
-31
-17
-12
-25
-10
-7
-26
-24
-14
-23
7
-18
12
18
-16
-4
9
-9
1
-18
-11
-6
-21
-33
0
16
-28
3
-20
-14
-23
-5
-2
10
-9
-18
-24
-41
-20
-38
-36
-34
-10
-47
-24
-8
-36
-38
-40
-42
-53
-18
-42
-35
-25
-34
-57
-59
-47
-62
-51
-81
-61
-53
-48
-48
-69
-48
-59
-59
-65
-58
-62
-73
-62
-72
-64
-88
-56
-65
-31
-53
-82
-66
-78
-86
-103
-82
-77
-72
-85
-78
-79
-55
-63
-78
-52
-92
-83
-88
-74
-73
-69
-78
-76
-65
-67
-58
-82
-72
-84
-83
-101
-82
-65
-85
-89
-84
-86
-91
-76
-87
-92
-82
-77
-84
-64
-86
-108
-92
-76
-60
-93
-92
-79
-80
-114
-87
-87
-80
-86
-99
-86
-82
-71
-88
-80
-72
-75
-59
-60
-62
-57
-75
-94
-70
-77
-99
-80
-88
-82
-70
-67
-69
-51
-62
-62
-73
-101
-89
-85
-96
-99
-87
-91
-96
-87
-101
-86
-104
-116
-84
-86
-90
-92
-98
-112
-94
-91
-116
-92
-81
-96
-131
-97
-97
-110
-87
-117
-105
-107
-110
-109
-106
-122
-90
-89
-79
-95
-142
-112
-132
-95
-104
-104
-105
-107
-101
-104
-86
-89
-78
-88
-101
-114
-114
-91
-91
-98
-109
-85
-88
-91
-78
-88
-96
-96
-120
-81
-81
-106
-107
-104
-84
-102
-71
-69
-91
-85
-74
-83
-89
-101
-106
-99
-93
-94
-103
-121
-103
-109
-121
-99
-106
-128
-147
-126
-126
-119
-126
-129
-102
-107
-118
-130
-130
-136
-135
-165
-132
-137
-154
-137
-172
-155
-135
-160
-156
-146
-112
-137
-115
-125
-124
-137
-136
-131
-136
-144
-154
-122
-138
-121
-119
-119
-116
-121
-119
-117
-136
-101
-132
-145
-142
-157
-138
-139
-117
-124
-142
-140
-149
-119
-146
-147
-153
-173
-153
-160
-149
-158
-149
-158
-134
-165
-157
-154
-144
-160
-166
-150
-178
-171
-169
-161
-155
-162
-164
-172
-186
-176
-166
-167
-185
-179
-178
-176
-197
-191
-199
-186
-174
-189
-193
-178
-161
-178
-162
-161
-171
-165
-175
-161
-157
-149
-163
-149
-166
-191
-133
-142
-163
-149
-133
-156
-159
-146
-153
-144
-158
-146
-119
-136
-151
-125
-142
-148
-133
-157
-140
-123
-135
-133
-123
-121
-119
-134
-122
-115
-109
-118
-134
-106
-128
-99
-113
-142
-113
-132
-127
-116
-142
-135
-121
-125
-154
-127
-128
-126
-113
-129
-108
-115
-124
-126
-97
-148
-130
-132
-143
-128
-107
-125
-128
-120
-114
-123
-133
-119
-149
-121
-124
-136
-138
-141
-127
-122
-134
-136
-132
-123
-116
-124
-122
-121
-127
-122
-123
-131
-110
-102
-117
-107
-118
-109
-112
-107
-116
-105
-83
-100
-112
-104
-141
-117
-105
-108
-124
-124
-113
-111
-92
-102
-107
-103
-110
-117
-89
-79
-108
-63
-66
-77
-80
-86
-83
-79
-89
-95
-70
-71
-70
-95
-93
-102
-105
-108
-81
-83
-105
-109
-99
-82
-76
-105
-115
-96
-96
-88
-92
-98
-113
-90
-80
-99
-108
-109
-107
-84
-77
-94
-92
-110
-90
-77
-105
-110
-99
-120
-114
-114
-126
-103
-122
-101
-101
-112
-105
-126
-111
-103
-111
-127
-127
-118
-114
-96
-96
-98
-114
-107
-113
-107
-84
-109
-104
-85
-79
-104
-99
-103
-120
-139
-135
-107
-97
-87
-106
-101
-130
-123
-100
-95
-116
-113
-119
-110
-110
-134
-95
-101
-134
-113
-105
-125
-110
-93
-80
-93
-94
-86
-73
-92
-78
-93
-109
-91
-106
-96
-109
-107
-108
-123
-112
-104
-81
-87
-103
-69
-86
-107
-107
-101
-118
-111
-118
-107
-103
-120
-95
-113
-99
-90
-92
-98
-105
-109
-103
-111
-115
-111
-124
-110
-120
-124
-123
-93
-98
-120
-126
-87
-96
-96
-93
-99
-89
-108
-102
-145
-125
-100
-114
-121
-119
-131
-149
-115
-119
-121
-136
-137
-150
-140
-99
-103
-82
-102
-91
-106
-124
-112
-100
-111
-120
-131
-97
-88
-104
-90
-81
-78
-93
-84
-80
-92
-89
-80
-98
-101
-82
-81
-79
-67
-68
-48
-35
-48
-54
-80
-44
-29
-20
-22
-13
-5
-28
4
1
2
-21
-23
-15
-38
-39
-41
-43
-53
-36
-13
-28
-2
-15
-13
0
12
1
19
-4
7
15
-5
14
-12
3
38
20
1
14
13
-2
-14
3
-33
-61
-64
-87
-62
-92
-66
-44
-37
-56
-48
-34
-54
-7
-26
-22
-20
-35
-23
-67
-50
-71
-66
-73
-97
-78
-71
-79
-86
-71
-74
-78
-66
-59
-89
-87
-46
-78
-94
-68
-74
-80
-83
-80
-44
-51
-46
-8
-31
-8
4
-19
0
2
-36
-18
-20
-9
-10
-11
-23
-34
-1
24
19
10
-2
31
29
-6
-48
-61
-84
-116
-126
-111
-134
-126
-128
-87
-60
-21
-7
15
37
29
30
3
9
-44
-68
-101
-126
-132
-122
-99
-131
-106
-54
-34
7
-8
29
46
32
5
-22
-65
-89
-113
-159
-150
-154
-160
-122
-95
-77
-42
-16
-14
10
34
32
3
10
-11
-16
-20
-25
-22
-2
2
19
29
35
37
46
25
-1
-10
-16
9
-26
-17
-29
-47
-22
-34
-30
-20
-8
6
13
50
36
57
51
38
41
17
11
-42
-8
-24
-25
-11
-25
-10
34
39
34
88
74
74
47
38
3
-2
-12
-32
-6
-29
-9
-23
18
38
47
36
62
48
60
54
38
32
-6
33
-5
-33
-46
-41
-54
-69
-62
-71
-35
-23
-31
-18
22
36
22
13
18
43
45
26
34
43
23
33
20
32
37
74
78
45
77
61
54
43
41
44
47
22
12
54
32
27
42
51
100
115
117
107
125
146
136
164
201
211
222
210
239
267
308
339
351
360
378
398
408
392
386
387
369
326
316
330
271
266
265
258
253
256
285
276
304
304
294
271
256
230
185
145
107
54
18
-38
-71
-72
-112
-127
-140
-162
-203
-233
-239
-274
-261
-285
-334
-354
-396
-435
-483
-530
-544
-569
-601
-641
-660
-671
-713
-733
-762
-753
-786
-824
-841
-876
-866
-880
-873
-870
-891
-875
-843
-802
-771
-773
-747
-725
-710
-709
-674
-653
-659
-621
-609
-588
-522
-469
-427
-359
-281
-195
-138
-83
5
72
126
193
217
278
324
336
353
385
444
472
515
566
605
652
674
726
810
877
978
1074
1195
1307
1450
1551
1618
1745
1878
1920
1957
1978
1966
1969
1927
1895
1818
1715
1598
1500
1361
1254
1134
951
723
504
272
50
-133
-330
-473
-608
-710
-796
-794
-790
-709
-641
-501
-413
-315
-194
-118
-5
83
142
148
174
176
150
117
110
67
29
-19
-100
-170
-242
-337
-432
-542
-644
-732
-826
-924
-1000
-1062
-1126
-1137
-1113
-1107
-1074
-1009
-971
-917
-927
-1000
-990
-938
-960
-991
-1018
-948
-868
-863
-832
-797
-701
-613
-569
-580
-582
-589
-572
-686
-843
-946
-1004
-1087
-1183
-1232
-1264
-1289
-1255
-1192
-1090
-1003
-904
-842
-772
-636
-582
-522
-501
-444
-376
-319
-271
-169
-76
27
61
96
223
271
358
411
465
469
476
500
496
527
621
697
747
841
965
1108
1216
1331
1445
1570
1656
1700
1724
1724
1738
1763
1772
1796
1793
1778
1756
1750
1745
1682
1559
1379
1149
880
595
314
45
-205
-405
-575
-713
-781
-806
-789
-716
-612
-503
-372
-259
-149
-48
5
64
99
97
115
101
116
129
162
178
191
200
185
215
175
126
43
-63
-184
-349
-532
-704
-865
-994
-1100
-1202
-1214
-1220
-1198
-1156
-1068
-977
-888
-783
-751
-650
-637
-681
-779
-890
-918
-991
-1067
-1135
-1124
-1061
-1014
-964
-882
-756
-655
-593
-589
-570
-560
-623
-730
-865
-1019
-1101
-1200
-1308
-1286
-1287
-1241
-1205
-1078
-923
-814
-705
-629
-504
-419
-348
-330
-313
-292
-273
-274
-279
-202
-112
1
48
131
238
333
444
553
609
647
663
712
750
804
820
867
928
1029
1153
1264
1431
1563
1742
1904
2042
2163
2271
2343
2374
2381
2343
2331
2262
2159
2077
2002
1900
1789
1575
1322
1063
779
485
198
-82
-333
-543
-738
-891
-985
-1022
-971
-923
-804
-693
-546
-381
-259
-103
11
136
185
228
319
332
357
370
386
399
414
371
365
335
257
190
58
-33
-189
-348
-544
-704
-861
-1001
-1158
-1225
-1292
-1322
-1328
-1304
-1231
-1162
-1061
-1004
-865
-785
-735
-723
-761
-790
-857
-895
-959
-1001
-1041
-1053
-997
-938
-881
-803
-727
-681
-654
-628
-644
-688
-784
-930
-1060
-1183
-1300
-1432
-1484
-1534
-1504
-1466
-1401
-1253
-1108
-941
-811
-685
-562
-418
-349
-320
-285
-261
-282
-290
-273
-241
-187
-133
-70
10
123
221
298
369
449
519
553
595
628
676
712
782
861
966
1099
1235
1397
1607
1801
1966
2129
2247
2369
2444
2473
2479
2425
2389
2341
2262
2194
2128
2051
1975
1873
1692
1475
1176
912
636
295
-42
-372
-650
-890
-1067
-1216
-1288
-1276
-1224
-1110
-955
-794
-573
-413
-230
-90
62
162
239
308
346
372
366
388
396
435
430
451
426
373
345
263
155
19
-126
-284
-493
-740
-899
-1073
-1245
-1340
-1419
-1462
-1440
-1419
-1339
-1231
-1141
-1038
-927
-811
-759
-713
-728
-805
-873
-902
-971
-1040
-1107
-1082
-1032
-1008
-949
-877
-787
-704
-633
-642
-642
-703
-772
-863
-1042
-1174
-1296
-1412
-1469
-1512
-1520
-1473
-1380
-1245
-1094
-956
-815
-654
-551
-440
-369
-333
-312
-274
-267
-244
-241
-226
-185
-141
-82
-24
76
156
250
329
407
457
518
571
655
715
794
880
977
1076
1208
1366
1505
1627
1795
1930
2045
2146
2238
2338
2383
2402
2399
2410
2359
2343
2288
2243
2205
2122
2049
1939
1757
1498
1192
868
538
208
-100
-415
-714
-945
-1126
-1224
-1260
-1244
-1147
-1043
-875
-700
-502
-341
-184
-73
25
91
179
216
236
291
294
344
372
436
476
493
508
472
441
359
244
109
-75
-245
-474
-684
-892
-1057
-1207
-1343
-1418
-1477
-1448
-1405
-1357
-1273
-1211
-1110
-1031
-968
-914
-880
-890
-909
-931
-992
-1026
-1086
-1091
-1093
-1079
-1045
-972
-900
-846
-773
-711
-669
-673
-699
-775
-843
-947
-1034
-1178
-1293
-1368
-1444
-1458
-1482
-1406
-1315
-1204
-1075
-958
-802
-679
-559
-477
-402
-327
-298
-290
-249
-225
-185
-160
-127
-59
6
92
189
272
312
377
440
511
573
614
672
730
819
883
977
1067
1194
1330
1462
1601
1746
1902
2035
2137
2212
2311
2363
2395
2418
2432
2401
2384
2378
2336
2337
2306
2247
2152
2018
1819
1523
1187
851
490
128
-224
-574
-867
-1087
-1260
-1356
-1350
-1283
-1179
-1066
-912
-701
-492
-338
-210
-96
-4
58
120
149
158
216
223
243
307
365
395
440
485
495
458
391
314
172
-7
-226
-441
-654
-859
-1071
-1235
-1375
-1472
-1489
-1505
-1491
-1430
-1349
-1259
-1157
-1089
-986
-931
-896
-898
-940
-973
-1036
-1084
-1112
-1135
-1127
-1086
-1018
-931
-832
-745
-663
-582
-572
-570
-590
-663
-759
-890
-1017
-1160
-1297
-1395
-1479
-1514
-1488
-1471
-1384
-1269
-1151
-1011
-852
-715
-591
-474
-373
-295
-245
-206
-184
-138
-99
-49
-21
36
78
174
239
258
369
447
502
574
607
667
728
806
867
936
1055
1133
1205
1344
1468
1576
1697
1822
1931
2051
2145
2229
2338
2405
2467
2493
2519
2561
2552
2571
2549
2527
2478
2371
2288
2090
1788
1476
1090
739
410
8
-335
-660
-931
-1133
-1258
-1333
-1341
-1262
-1187
-1084
-925
-747
-616
-433
-305
-228
-132
-66
-9
54
120
167
262
321
380
470
544
582
601
571
562
474
397
246
59
-146
-377
-577
-798
-996
-1154
-1258
-1348
-1421
-1467
-1416
-1379
-1311
-1204
-1131
-1094
-1047
-1039
-1053
-1033
-1060
-1121
-1137
-1148
-1142
-1106
-1038
-937
-847
-764
-635
-555
-464
-405
-413
-441
-519
-604
-738
-886
-1057
-1166
-1291
-1417
-1438
-1426
-1412
-1345
-1249
-1125
-974
-858
-734
-607
-477
-409
-365
-335
-290
-257
-265
-216
-170
-93
-35
65
205
320
424
525
626
706
783
805
854
858
848
897
906
921
969
1020
1114
1219
1356
1518
1672
1829
1990
2166
2314
2395
2496
2547
2578
2576
2609
2622
2572
2571
2552
2552
2501
2482
2371
2279
2093
1846
1548
1224
913
512
137
-243
-578
-842
-1089
-1257
-1331
-1363
-1307
-1204
-1066
-900
-680
-492
-321
-147
-7
81
182
238
270
318
335
368
375
415
476
526
553
594
623
598
564
514
409
237
41
-155
-383
-584
-816
-979
-1148
-1261
-1316
-1352
-1344
-1290
-1218
-1145
-1072
-972
-867
-811
-786
-757
-782
-797
-825
-891
-885
-891
-886
-902
-832
-786
-724
-671
-623
-521
-463
-506
-502
-563
-649
-741
-868
-1016
-1120
-1218
-1332
-1392
-1398
-1347
-1295
-1219
-1120
-973
-810
-669
-541
-432
-298
-228
-207
-150
-90
-63
-48
-6
48
117
152
244
292
370
464
509
572
633
704
744
779
849
897
990
1067
1171
1310
1424
1548
1693
1831
1988
2133
2225
2331
2431
2471
2510
2566
2603
2660
2671
2644
2659
2668
2646
2589
2497
2417
2228
1981
1631
1294
928
544
165
-233
-568
-870
-1117
-1277
-1359
-1381
-1332
-1233
-1095
-943
-750
-544
-403
-249
-110
2
41
98
154
220
260
267
322
429
494
543
614
654
670
674
655
566
433
294
91
-114
-315
-552
-766
-955
-1117
-1248
-1335
-1369
-1360
-1312
-1216
-1175
-1126
-1030
-930
-858
-862
-845
-814
-858
-928
-956
-960
-977
-986
-945
-880
-806
-723
-670
-601
-536
-485
-496
-520
-580
-685
-821
-940
-1057
-1192
-1307
-1413
-1462
-1483
-1434
-1362
-1272
-1163
-1002
-844
-732
-618
-486
-384
-303
-258
-233
-202
-175
-179
-158
-123
-93
-46
0
68
156
256
376
462
547
665
739
798
850
918
981
1034
1080
1171
1238
1340
1468
1593
1713
1841
1972
2122
2248
2341
2433
2445
2443
2446
2407
2366
2303
2227
2150
2097
2067
1983
1912
1826
1657
1461
1227
990
745
478
190
-97
-368
-591
-791
-933
-1003
-1052
-1057
-983
-861
-695
-553
-400
-223
-87
42
133
222
271
326
349
357
346
307
320
307
287
315
314
339
295
270
242
167
132
-20
-162
-300
-480
-625
-777
-915
-1024
-1099
-1161
-1185
-1184
-1151
-1106
-1084
-1012
-974
-928
-921
-917
-897
-929
-951
-967
-961
-962
-961
-932
-900
-843
-829
-785
-741
-700
-708
-712
-726
-772
-810
-904
-979
-1035
-1107
-1176
-1250
-1274
-1275
-1273
-1229
-1195
-1090
-1005
-902
-783
-710
-588
-508
-441
-369
-316
-260
-201
-156
-153
-89
-38
17
85
156
196
253
326
415
505
608
715
775
876
989
1072
1151
1252
1316
1417
1513
1584
1699
1776
1884
1957
2034
2137
2199
2286
2326
2350
2405
2439
2490
2521
2491
2457
2433
2391
2269
2085
1869
1585
1268
978
627
296
-30
-390
-633
-829
-995
-1097
-1104
-1093
-1047
-933
-825
-644
-483
-371
-256
-126
-46
28
83
122
170
218
275
320
370
430
487
519
554
573
573
530
489
381
255
127
-68
-263
-443
-641
-799
-959
-1095
-1172
-1229
-1239
-1215
-1168
-1148
-1081
-1025
-966
-935
-886
-878
-902
-906
-917
-937
-931
-939
-929
-905
-871
-834
-782
-701
-649
-587
-580
-574
-618
-661
-731
-811
-912
-1024
-1109
-1216
-1286
-1345
-1336
-1345
-1320
-1268
-1203
-1114
-1027
-924
-815
-707
-650
-589
-517
-438
-368
-311
-226
-166
-129
-61
32
90
143
227
293
343
394
442
487
556
639
716
817
904
1000
1119
1248
1366
1487
1644
1780
1900
2021
2115
2200
2264
2325
2408
2495
2489
2527
2591
2573
2615
2589
2568
2548
2470
2368
2209
1990
1708
1391
1047
707
348
-2
-333
-647
-878
-1032
-1122
-1146
-1147
-1079
-1007
-868
-653
-499
-372
-216
-97
12
94
162
199
259
285
274
323
356
434
449
499
522
524
557
509
448
357
253
108
-85
-295
-499
-656
-826
-1011
-1144
-1247
-1287
-1307
-1275
-1198
-1184
-1098
-1005
-929
-846
-799
-759
-721
-735
-730
-725
-750
-750
-744
-746
-730
-694
-668
-656
-656
-633
-624
-647
-692
-782
-852
-925
-1044
-1126
-1228
-1300
-1354
-1382
-1408
-1412
-1373
-1308
-1211
-1143
-1037
-940
-846
-778
-710
-653
-608
-565
-527
-498
-397
-349
-320
-236
-158
-68
27
116
177
257
303
368
396
432
515
563
617
703
755
867
994
1090
1237
1360
1537
1706
1866
2010
2142
2253
2347
2433
2495
2535
2575
2587
2585
2562
2545
2566
2563
2507
2450
2369
2227
2002
1707
1396
1079
729
352
-21
-362
-684
-930
-1092
-1214
-1267
-1245
-1189
-1057
-896
-744
-523
-365
-226
-64
34
109
150
232
266
246
273
305
326
342
375
397
423
436
434
436
378
327
207
46
-99
-314
-503
-703
-874
-1054
-1209
-1339
-1385
-1410
-1407
-1356
-1314
-1238
-1166
-1073
-986
-923
-871
-849
-828
-847
-831
-825
-862
-833
-818
-822
-783
-757
-757
-726
-697
-667
-669
-678
-738
-788
-836
-908
-1001
-1078
-1182
-1271
-1340
-1389
-1376
-1394
-1353
-1319
-1237
-1154
-1035
-928
-838
-767
-667
-585
-534
-483
-431
-387
-328
-274
-242
-185
-130
-64
-5
90
152
222
273
346
419
488
551
638
726
766
861
954
1071
1211
1324
1460
1603
1752
1907
2037
2163
2258
2332
2444
2488
2486
2536
2559
2538
2482
2434
2390
2323
2245
2119
1980
1793
1533
1226
923
655
339
21
-276
-531
-768
-957
-1067
-1153
-1181
-1144
-1084
-971
-830
-649
-505
-373
-249
-123
-30
62
115
173
232
250
263
266
315
312
334
312
322
311
274
248
178
80
-22
-155
-360
-501
-661
-843
-996
-1095
-1228
-1295
-1311
-1358
-1372
-1353
-1324
-1258
-1236
-1177
-1084
-1029
-995
-947
-933
-914
-866
-826
-814
-821
-779
-753
-739
-692
-676
-689
-702
-704
-758
-803
-862
-923
-1002
-1098
-1154
-1224
-1272
-1297
-1338
-1363
-1346
-1323
-1284
-1246
-1188
-1144
-1076
-988
-938
-891
-829
-743
-690
-583
-524
-441
-336
-256
-122
-45
72
116
180
247
289
342
382
388
439
501
520
625
731
848
999
1133
1309
1478
1618
1761
1887
2011
2122
2187
2233
2311
2323
2345
2372
2378
2385
2431
2439
2419
2405
2401
2363
2277
2125
1920
1642
1307
1000
636
269
-92
-408
-674
-920
-1130
-1213
-1272
-1257
-1203
-1085
-921
-776
-565
-447
-307
-159
-64
48
79
85
116
120
135
162
203
213
222
263
291
342
381
375
321
266
174
53
-104
-303
-466
-683
-886
-1040
-1204
-1343
-1418
-1454
-1486
-1497
-1462
-1421
-1342
-1272
-1195
-1111
-1029
-969
-977
-907
-899
-867
-862
-836
-816
-791
-754
-761
-733
-717
-687
-670
-649
-670
-711
-750
-789
-852
-945
-1014
-1066
-1171
-1243
-1287
-1298
-1324
-1338
-1292
-1251
-1200
-1145
-1035
-974
-872
-769
-727
-622
-548
-460
-391
-318
-266
-181
-93
-21
75
131
225
275
362
451
517
599
654
725
821
915
1019
1127
1207
1315
1407
1537
1628
1776
1905
1970
2057
2164
2293
2353
2414
2457
2517
2537
2548
2530
2535
2493
2433
2354
2213
2071
1841
1585
1305
1018
704
401
91
-204
-435
-679
-872
-1000
-1056
-1088
-1086
-1024
-943
-831
-676
-565
-447
-319
-223
-120
-76
0
62
114
150
182
223
257
283
288
314
341
348
341
311
226
164
41
-73
-174
-325
-489
-675
-805
-952
-1051
-1134
-1204
-1265
-1284
-1300
-1326
-1308
-1269
-1230
-1193
-1144
-1107
-1027
-1028
-961
-928
-881
-851
-803
-781
-742
-679
-687
-625
-623
-623
-634
-648
-680
-723
-761
-820
-901
-988
-1043
-1106
-1162
-1214
-1271
-1286
-1262
-1256
-1242
-1188
-1123
-1076
-1023
-960
-866
-786
-725
-664
-532
-447
-354
-250
-176
-85
-17
47
139
228
290
370
463
520
577
649
718
789
883
992
1069
1173
1298
1426
1552
1653
1796
1916
2025
2107
2160
2256
2324
2350
2392
2405
2443
2451
2453
2437
2424
2416
2379
2314
2160
2005
1761
1514
1221
896
613
274
-69
-356
-604
-798
-938
-1044
-1092
-1090
-1022
-943
-829
-687
-536
-411
-295
-210
-103
-29
19
74
121
150
147
173
182
241
291
296
351
361
357
376
357
297
203
114
10
-167
-357
-501
-684
-847
-992
-1098
-1169
-1240
-1273
-1307
-1343
-1335
-1286
-1236
-1195
-1138
-1078
-1037
-1023
-996
-935
-877
-889
-862
-822
-787
-717
-702
-660
-618
-562
-552
-544
-541
-571
-581
-682
-726
-775
-854
-936
-1033
-1104
-1182
-1186
-1205
-1223
-1212
-1167
-1118
-1075
-1035
-935
-872
-804
-706
-631
-538
-466
-376
-306
-230
-132
-42
38
103
220
309
393
451
542
640
732
803
887
994
1075
1188
1263
1363
1490
1576
1651
1743
1866
1958
2037
2095
2176
2251
2279
2313
2339
2390
2417
2465
2461
2451
2457
2408
2357
2255
2095
1882
1612
1368
1086
815
513
161
-118
-377
-566
-746
-867
-957
-988
-947
-899
-812
-713
-595
-474
-375
-283
-172
-123
-75
-53
30
63
66
95
105
151
201
228
249
284
336
348
332
312
243
192
82
-76
-229
-351
-518
-687
-824
-962
-1078
-1154
-1194
-1258
-1328
-1342
-1334
-1309
-1282
-1235
-1206
-1194
-1157
-1116
-1065
-995
-947
-917
-861
-804
-724
-676
-620
-590
-560
-507
-513
-499
-550
-578
-596
-701
-751
-815
-865
-921
-1006
-1065
-1098
-1095
-1117
-1123
-1098
-1038
-1016
-962
-929
-872
-814
-774
-723
-637
-568
-460
-364
-294
-197
-61
63
148
242
322
422
519
568
641
731
804
899
946
1013
1105
1191
1266
1366
1451
1547
1669
1760
1832
1936
2019
2123
2188
2234
2319
2370
2386
2398
2400
2435
2421
2406
2407
2352
2271
2215
2082
1901
1684
1464
1212
934
661
395
142
-119
-334
-507
-636
-790
-849
-878
-861
-787
-704
-622
-533
-415
-338
-251
-165
-110
-36
15
68
88
129
149
193
219
225
279
293
325
284
287
283
240
185
95
-1
-121
-268
-427
-567
-697
-828
-946
-1051
-1154
-1224
-1284
-1327
-1332
-1340
-1323
-1322
-1258
-1216
-1190
-1125
-1078
-1017
-959
-884
-825
-777
-714
-646
-606
-586
-544
-517
-506
-524
-543
-584
-600
-639
-710
-787
-831
-896
-954
-966
-1011
-1025
-1042
-1050
-1021
-999
-983
-959
-940
-878
-841
-792
-739
-702
-617
-540
-478
-362
-245
-123
0
78
215
325
418
501
599
708
771
840
893
956
1039
1091
1166
1234
1344
1456
1527
1630
1748
1833
1917
2019
2111
2205
2272
2317
2366
2411
2438
2454
2444
2436
2410
2407
2371
2286
2179
2080
1926
1698
1468
1221
1001
726
468
204
-46
-276
-467
-621
-735
-801
-794
-803
-772
-693
-636
-548
-451
-361
-254
-207
-142
-65
-39
39
74
98
95
128
167
181
226
228
262
297
284
280
258
192
95
28
-78
-211
-348
-468
-640
-755
-864
-976
-1046
-1142
-1187
-1257
-1303
-1307
-1295
-1295
-1269
-1249
-1195
-1158
-1130
-1059
-1003
-944
-892
-830
-728
-674
-632
-554
-532
-527
-527
-515
-526
-563
-599
-647
-723
-771
-805
-866
-949
-976
-1019
-1049
-1056
-1045
-1045
-1029
-987
-971
-944
-896
-836
-812
-783
-731
-692
-642
-543
-481
-407
-291
-158
-47
66
204
338
459
573
656
715
805
864
918
985
1033
1083
1136
1224
1303
1348
1443
1529
1654
1757
1859
1935
2043
2142
2187
2262
2280
2332
2331
2355
2345
2347
2302
2244
2224
2161
2099
1966
1814
1624
1421
1207
982
739
501
225
-6
-195
-388
-565
-692
-743
-813
-832
-822
-763
-667
-613
-549
-440
-365
-277
-201
-131
-74
-36
-16
-9
20
47
67
81
120
98
147
152
181
199
162
122
40
-19
-115
-219
-342
-485
-596
-748
-850
-932
-1093
-1187
-1267
-1321
-1370
-1395
-1411
-1413
-1380
-1338
-1283
-1212
-1129
-1079
-1015
-944
-860
-773
-714
-694
-645
-594
-569
-552
-550
-559
-569
-608
-649
-687
-708
-723
-780
-839
-863
-895
-921
-956
-988
-997
-1004
-1010
-1020
-991
-968
-945
-894
-882
-817
-727
-684
-591
-483
-388
-262
-155
-31
81
183
282
392
464
528
632
714
779
870
954
1026
1097
1222
1299
1379
1493
1602
1699
1781
1895
1946
2039
2059
2139
2181
2166
2231
2215
2240
2245
2269
2259
2262
2274
2245
2208
2169
2092
1955
1784
1593
1362
1115
844
568
320
75
-171
-401
-568
-690
-776
-825
-833
-824
-756
-695
-608
-520
-437
-362
-274
-191
-183
-121
-87
-58
-35
3
29
82
87
100
162
203
240
255
283
264
262
226
115
14
-102
-237
-368
-494
-679
-786
-912
-1008
-1098
-1228
-1260
-1299
-1333
-1358
-1329
-1302
-1287
-1253
-1185
-1134
-1077
-998
-961
-884
-816
-744
-711
-679
-642
-570
-534
-525
-519
-529
-508
-541
-567
-619
-634
-671
-725
-798
-856
-891
-941
-976
-1021
-1041
-1054
-1040
-1063
-1039
-999
-977
-934
-911
-864
-782
-736
-639
-535
-430
-307
-201
-89
6
119
248
358
427
524
602
683
736
795
867
920
991
1061
1148
1253
1341
1461
1561
1639
1773
1864
1938
2037
2116
2167
2198
2233
2283
2285
2288
2285
2281
2267
2250
2229
2169
2120
2009
1853
1672
1475
1222
960
725
419
168
-80
-314
-532
-674
-805
-883
-926
-952
-910
-885
-813
-745
-635
-540
-476
-400
-313
-272
-220
-177
-109
-98
-68
3
10
28
77
117
137
167
205
194
180
181
90
24
-85
-181
-333
-470
-610
-729
-840
-975
-1072
-1179
-1276
-1364
-1385
-1438
-1439
-1437
-1417
-1402
-1360
-1319
-1291
-1227
-1161
-1109
-1061
-981
-888
-827
-777
-714
-658
-623
-595
-594
-623
-631
-641
-681
-723
-783
-811
-864
-912
-984
-1035
-1054
-1079
-1095
-1119
-1137
-1161
-1168
-1126
-1114
-1087
-1045
-1018
-981
-917
-862
-800
-726
-636
-517
-414
-296
-185
-55
72
168
277
401
499
603
673
735
824
896
979
1075
1152
1234
1316
1398
1497
1584
1669
1774
1848
1932
2015
2047
2098
2168
2202
2209
2236
2230
2229
2181
2172
2117
2071
2000
1874
1738
1546
1356
1109
872
622
396
167
-81
-345
-522
-677
-802
-909
-985
-992
-961
-890
-887
-845
-731
-668
-578
-495
-431
-366
-297
-249
-195
-159
-109
-85
-60
-7
28
86
119
154
139
154
137
100
35
-23
-104
-189
-316
-440
-556
-675
-763
-890
-1007
-1089
-1191
-1300
-1354
-1386
-1375
-1413
-1430
-1419
-1395
-1332
-1297
-1264
-1169
-1088
-1039
-975
-894
-802
-763
-721
-674
-626
-570
-589
-593
-602
-585
-633
-695
-718
-753
-767
-832
-887
-935
-958
-969
-1009
-1020
-1027
-1010
-1021
-1058
-1037
-1022
-1019
-998
-995
-940
-879
-849
-776
-691
-596
-465
-349
-233
-88
50
188
310
398
498
611
691
745
837
891
952
1025
1087
1160
1245
1311
1371
1461
1559
1658
1758
1840
1917
2015
2081
2140
2194
2218
2220
2229
2220
2197
2153
2104
2068
1982
1859
1759
1607
1401
1237
1045
791
578
372
140
-76
-283
-443
-623
-714
-828
-889
-877
-904
-867
-835
-787
-737
-644
-555
-482
-404
-335
-283
-250
-187
-124
-57
-35
4
33
64
96
145
138
127
134
111
92
44
-25
-114
-210
-319
-418
-537
-662
-767
-856
-973
-1086
-1177
-1275
-1332
-1340
-1409
-1425
-1415
-1409
-1389
-1356
-1292
-1219
-1149
-1079
-989
-898
-810
-729
-666
-641
-583
-534
-533
-529
-539
-546
-572
-610
-666
-684
-684
-748
-820
-822
-858
-876
-894
-901
-905
-892
-901
-928
-923
-896
-890
-875
-859
-822
-756
-737
-675
-590
-496
-373
-266
-151
-9
106
211
339
428
515
642
687
780
846
914
971
1049
1124
1179
1311
1381
1465
1551
1669
1762
1836
1914
1968
2047
2073
2146
2169
2203
2235
2217
2233
2210
2208
2149
2092
2021
1907
1810
1653
1452
1266
1053
831
593
354
115
-95
-309
-474
-605
-726
-822
-868
-907
-885
-856
-824
-737
-675
-592
-522
-467
-409
-310
-224
-205
-149
-80
-52
8
33
78
108
136
204
228
233
243
228
189
150
104
10
-91
-220
-328
-445
-574
-693
-827
-931
-1062
-1173
-1266
-1326
-1363
-1415
-1436
-1416
-1359
-1374
-1346
-1232
-1189
-1112
-1050
-969
-887
-816
-800
-737
-670
-621
-596
-596
-549
-559
-546
-596
-614
-619
-618
-647
-703
-720
-738
-762
-769
-804
-815
-844
-854
-892
-905
-882
-889
-890
-895
-856
-821
-760
-704
-646
-540
-417
-309
-191
-77
50
178
295
370
474
615
700
773
857
934
1045
1113
1149
1245
1321
1446
1528
1625
1691
1788
1883
1949
2024
2056
2132
2131
2168
2173
2214
2217
2213
2177
2139
2147
2066
2025
1938
1821
1679
1484
1335
1102
899
667
450
224
5
-197
-380
-497
-635
-742
-797
-823
-828
-813
-788
-730
-639
-588
-536
-446
-393
-325
-252
-218
-183
-152
-107
-48
-9
47
72
122
150
179
222
226
200
193
141
75
26
-61
-142
-250
-372
-505
-616
-705
-852
-970
-1077
-1185
-1238
-1332
-1383
-1432
-1430
-1445
-1443
-1389
-1340
-1263
-1205
-1146
-1080
-960
-871
-811
-785
-708
-654
-617
-623
-618
-606
-584
-575
-635
-640
-662
-676
-700
-772
-765
-755
-805
-806
-833
-840
-863
-919
-938
-933
-934
-950
-958
-952
-916
-845
-799
-718
-650
-566
-423
-292
-176
-45
104
216
339
469
582
687
753
838
949
1002
1078
1141
1239
1322
1379
1487
1552
1653
1744
1814
1917
1969
2029
2074
2076
2127
2175
2164
2173
2158
2148
2120
2086
2043
1986
1912
1769
1626
1466
1297
1077
850
626
401
188
-10
-250
-426
-597
-725
-800
-854
-884
-900
-881
-827
-774
-712
-622
-537
-480
-436
-315
-251
-214
-166
-141
-63
-40
4
33
70
116
141
176
203
213
196
200
176
127
65
4
-77
-215
-338
-425
-543
-671
-771
-906
-1066
-1157
-1206
-1277
-1351
-1370
-1403
-1383
-1366
-1345
-1285
-1219
-1129
-1070
-981
-889
-824
-779
-717
-675
-644
-599
-600
-569
-581
-576
-576
-608
-624
-612
-641
-686
-684
-716
-697
-691
-687
-712
-736
-708
-718
-752
-757
-778
-790
-815
-821
-783
-771
-730
-665
-605
-526
-376
-249
-118
12
151
316
433
532
667
771
844
904
971
1050
1097
1144
1224
1286
1355
1473
1548
1658
1763
1869
1968
2038
2096
2174
2218
2269
2297
2290
2306
2263
2222
2193
2174
2087
1998
1951
1825
1738
1610
1438
1244
1091
910
696
491
294
117
-77
-246
-389
-528
-649
-686
-747
-757
-770
-744
-681
-610
-524
-456
-395
-303
-240
-177
-133
-81
-37
39
91
74
122
149
156
164
196
181
197
195
170
157
105
68
-1
-96
-166
-261
-345
-453
-550
-646
-776
-907
-1013
-1094
-1170
-1230
-1308
-1324
-1320
-1301
-1303
-1267
-1185
-1084
-982
-923
-861
-753
-680
-633
-587
-537
-495
-503
-526
-523
-537
-578
-620
-635
-645
-633
-661
-688
-683
-670
-678
-671
-694
-711
-717
-710
-763
-757
-753
-784
-775
-800
-782
-748
-716
-648
-561
-466
-342
-224
-93
16
160
348
423
549
668
743
825
882
967
1028
1085
1134
1218
1267
1343
1441
1513
1628
1736
1800
1892
1974
2055
2131
2143
2175
2231
2246
2200
2187
2132
2123
2076
1998
1940
1881
1828
1708
1564
1408
1269
1113
939
741
527
334
113
-93
-263
-421
-561
-683
-740
-795
-788
-794
-796
-748
-683
-596
-543
-466
-372
-304
-234
-174
-153
-74
0
-9
-14
29
44
79
76
104
103
120
139
105
89
66
59
-1
-66
-170
-255
-338
-446
-576
-684
-797
-927
-1042
-1137
-1234
-1321
-1340
-1361
-1357
-1345
-1302
-1248
-1185
-1094
-1014
-936
-857
-771
-695
-634
-614
-576
-540
-538
-539
-567
-554
-570
-585
-621
-624
-624
-663
-649
-656
-658
-661
-650
-695
-651
-657
-691
-734
-778
-772
-788
-823
-850
-854
-829
-790
-748
-694
-606
-495
-351
-226
-99
67
196
312
438
549
634
707
781
855
900
943
1005
1041
1086
1167
1250
1346
1422
1535
1635
1712
1802
1898
1965
2026
2066
2084
2119
2115
2110
2086
2040
1996
1978
1921
1823
1784
1707
1589
1457
1317
1156
1000
816
597
399
215
-14
-169
-352
-485
-615
-744
-824
-889
-880
-901
-872
-833
-787
-724
-655
-565
-493
-428
-361
-311
-251
-216
-153
-124
-93
-62
-50
-10
-7
19
23
9
20
7
-14
-50
-81
-138
-223
-298
-363
-452
-536
-651
-745
-848
-966
-1071
-1164
-1240
-1306
-1321
-1334
-1346
-1343
-1305
-1293
-1201
-1135
-1083
-1031
-931
-811
-777
-722
-679
-636
-624
-620
-617
-619
-625
-644
-671
-704
-720
-743
-770
-767
-783
-763
-758
-778
-776
-785
-795
-783
-806
-797
-815
-853
-850
-872
-845
-823
-796
-736
-690
-641
-530
-402
-309
-172
-29
91
236
339
444
580
645
701
779
836
884
942
963
1003
1073
1135
1216
1299
1370
1454
1556
1639
1716
1802
1890
1952
1969
2009
2041
2044
2038
2013
2014
1973
1930
1883
1825
1762
1681
1545
1417
1291
1153
972
780
608
422
243
62
-146
-292
-436
-560
-616
-729
-776
-799
-808
-797
-734
-683
-622
-564
-513
-457
-390
-322
-275
-229
-210
-134
-102
-66
-65
-52
-39
-30
-2
-6
11
1
7
-22
-51
-96
-143
-201
-303
-385
-485
-556
-658
-751
-873
-999
-1088
-1172
-1256
-1307
-1336
-1372
-1346
-1324
-1272
-1188
-1108
-1026
-968
-852
-741
-692
-645
-572
-536
-510
-506
-547
-520
-545
-577
-590
-615
-645
-637
-661
-679
-688
-672
-689
-690
-710
-672
-673
-712
-734
-736
-748
-760
-787
-806
-798
-798
-773
-761
-691
-596
-506
-430
-300
-169
-19
100
232
361
468
575
654
718
786
867
896
964
992
1052
1136
1201
1261
1318
1429
1489
1582
1655
1717
1782
1861
1926
1939
1981
2028
2061
2035
2019
1981
1926
1896
1860
1815
1740
1667
1583
1462
1335
1167
1013
889
691
527
352
178
16
-136
-286
-422
-510
-591
-632
-668
-705
-684
-660
-605
-570
-517
-452
-395
-333
-296
-212
-184
-146
-141
-122
-86
-73
-82
-61
-57
-70
-42
-31
-41
-69
-62
-106
-134
-173
-212
-288
-366
-418
-511
-588
-713
-822
-942
-1008
-1103
-1197
-1276
-1300
-1280
-1288
-1273
-1221
-1156
-1101
-1004
-923
-821
-743
-673
-597
-546
-538
-496
-501
-528
-539
-582
-593
-604
-622
-641
-681
-689
-686
-702
-715
-681
-659
-648
-636
-643
-643
-669
-675
-672
-712
-752
-736
-734
-745
-728
-686
-648
-600
-538
-428
-315
-186
-74
54
189
305
408
495
595
683
739
782
829
877
913
954
997
1049
1106
1176
1234
1296
1330
1409
1505
1565
1654
1700
1739
1769
1780
1810
1808
1796
1789
1771
1762
1736
1680
1630
1585
1550
1483
1396
1295
1174
1075
939
778
624
463
329
153
-28
-146
-258
-378
-487
-581
-596
-621
-642
-628
-595
-581
-538
-488
-447
-407
-362
-315
-289
-268
-259
-224
-210
-187
-206
-203
-166
-175
-160
-136
-142
-133
-155
-141
-151
-216
-243
-294
-347
-414
-496
-589
-714
-837
-920
-1043
-1123
-1197
-1235
-1265
-1270
-1261
-1236
-1150
-1113
-1026
-918
-827
-755
-656
-608
-573
-496
-497
-507
-515
-505
-515
-566
-578
-614
-631
-613
-659
-642
-625
-639
-613
-604
-601
-596
-576
-600
-627
-631
-640
-647
-709
-711
-730
-711
-682
-654
-625
-575
-466
-400
-277
-170
-43
114
210
340
445
518
613
669
703
808
802
830
845
891
897
923
984
1002
1067
1114
1191
1258
1345
1381
1455
1494
1543
1570
1617
1622
1638
1634
1627
1642
1626
1657
1630
1597
1551
1545
1501
1481
1398
1318
1248
1155
1077
909
765
631
458
326
163
-2
-137
-253
-345
-457
-496
-536
-562
-586
-564
-549
-543
-501
-467
-438
-384
-357
-331
-300
-285
-252
-250
-263
-262
-245
-241
-244
-230
-215
-207
-223
-209
-197
-198
-218
-237
-285
-334
-395
-463
-573
-679
-774
-886
-1011
-1095
-1143
-1193
-1234
-1264
-1245
-1206
-1153
-1105
-1015
-919
-834
-736
-692
-598
-576
-536
-502
-502
-501
-528
-520
-593
-652
-625
-668
-712
-726
-729
-667
-680
-663
-649
-637
-631
-630
-615
-624
-642
-673
-692
-709
-680
-718
-736
-714
-696
-656
-589
-523
-428
-321
-188
-50
39
173
281
401
468
537
615
644
669
706
708
729
737
745
754
809
832
860
916
975
1052
1133
1185
1244
1292
1349
1400
1420
1448
1456
1465
1458
1440
1439
1462
1460
1431
1419
1436
1434
1435
1414
1385
1349
1295
1193
1082
976
857
711
558
418
280
121
-47
-184
-308
-385
-438
-527
-555
-558
-564
-540
-529
-488
-484
-445
-388
-360
-326
-353
-353
-342
-324
-342
-349
-343
-338
-318
-339
-305
-298
-267
-260
-249
-239
-257
-251
-250
-289
-341
-412
-532
-599
-702
-831
-923
-991
-1045
-1095
-1152
-1198
-1153
-1111
-1083
-1023
-914
-830
-748
-683
-617
-497
-472
-447
-425
-430
-438
-451
-474
-518
-559
-562
-580
-622
-607
-613
-599
-599
-592
-565
-526
-534
-543
-507
-533
-531
-546
-600
-603
-605
-654
-682
-653
-641
-606
-544
-473
-357
-261
-163
-32
72
187
284
362
441
507
557
598
577
585
599
599
603
608
637
640
680
721
743
811
881
908
975
1052
1089
1138
1177
1222
1201
1211
1209
1245
1248
1195
1218
1229
1239
1250
1305
1297
1325
1373
1406
1424
1415
1417
1391
1373
1328
1261
1159
1044
911
768
638
482
349
180
32
-88
-185
-259
-284
-354
-369
-350
-358
-353
-334
-325
-317
-292
-300
-284
-280
-311
-339
-328
-316
-352
-362
-355
-357
-362
-318
-309
-303
-248
-232
-237
-212
-201
-241
-299
-342
-411
-511
-582
-659
-751
-836
-901
-977
-1004
-1037
-1030
-994
-961
-911
-844
-779
-725
-640
-575
-516
-468
-422
-404
-398
-380
-401
-397
-432
-439
-465
-468
-491
-499
-479
-463
-455
-451
-437
-431
-421
-444
-419
-420
-439
-467
-481
-505
-511
-543
-538
-508
-509
-488
-430
-398
-322
-232
-172
-79
-14
96
149
242
343
390
443
467
472
492
508
509
523
534
546
535
539
577
616
618
660
724
769
780
811
882
898
912
934
939
956
1006
1017
1044
1046
1058
1063
1063
1094
1098
1120
1129
1158
1175
1189
1224
1223
1219
1214
1201
1176
1112
1046
1019
935
822
745
642
563
420
309
218
152
74
15
-55
-103
-116
-174
-200
-248
-272
-270
-262
-278
-274
-299
-299
-317
-312
-331
-330
-328
-342
-332
-359
-351
-362
-363
-346
-358
-345
-357
-379
-385
-431
-465
-478
-561
-606
-676
-691
-713
-765
-802
-830
-843
-821
-826
-820
-760
-744
-687
-665
-605
-573
-533
-500
-490
-483
-440
-446
-442
-448
-458
-422
-446
-431
-410
-426
-417
-427
-420
-384
-364
-368
-357
-364
-369
-353
-376
-401
-419
-405
-436
-421
-391
-382
-342
-312
-260
-217
-154
-79
-29
68
141
159
187
234
273
308
312
324
326
303
340
324
326
351
364
390
366
421
438
466
490
501
526
556
592
613
658
682
709
711
719
744
746
767
812
817
846
841
822
861
887
909
930
909
893
899
886
888
870
879
858
866
846
829
828
818
812
788
773
766
726
694
659
583
550
480
432
368
314
249
211
161
131
109
70
59
28
-7
-5
-30
-60
-85
-96
-94
-145
-167
-213
-238
-240
-277
-310
-314
-328
-349
-368
-374
-391
-406
-414
-437
-441
-459
-450
-470
-494
-466
-473
-494
-505
-481
-491
-519
-497
-517
-530
-537
-514
-486
-496
-494
-480
-461
-453
-428
-434
-432
-378
-359
-332
-314
-325
-297
-277
-284
-256
-258
-255
-258
-266
-242
-251
-260
-232
-231
-235
-203
-183
-182
-151
-107
-94
-56
-32
-5
21
53
82
103
100
78
111
97
115
128
144
151
151
158
193
212
216
216
230
272
286
311
322
344
340
334
361
364
375
364
389
389
409
418
444
450
490
533
540
557
567
595
602
590
594
610
590
579
540
556
526
457
448
432
421
399
398
401
408
413
425
443
496
479
472
486
484
512
466
456
413
391
406
391
384
374
368
360
343
324
329
324
306
296
289
247
236
157
135
120
53
15
-40
-93
-156
-203
-218
-286
-314
-338
-387
-371
-398
-378
-387
-394
-403
-413
-376
-384
-367
-375
-397
-411
-413
-431
-458
-459
-477
-474
-467
-466
-472
-462
-438
-431
-416
-401
-385
-355
-328
-312
-336
-312
-308
-329
-306
-313
-295
-254
-234
-200
-204
-165
-140
-93
-56
-54
7
26
47
81
84
104
107
132
137
143
156
138
127
115
130
128
133
123
133
132
132
136
130
155
173
159
149
169
171
170
168
161
154
128
141
117
101
108
116
133
149
149
160
162
160
173
191
206
192
210
206
198
199
198
203
186
181
191
175
178
195
202
203
214
220
190
205
187
171
191
152
143
122
114
120
116
117
143
130
136
110
122
143
152
149
139
164
154
169
169
137
158
138
103
115
107
111
103
93
78
94
90
86
102
93
91
92
94
82
77
44
54
37
13
-11
-33
-29
-22
-38
-34
-53
-72
-57
-47
-42
-42
-43
-68
-75
-76
-91
-123
-134
-170
-189
-195
-216
-216
-239
-239
-216
-237
-235
-217
-215
-206
-195
-147
-141
-132
-120
-109
-117
-106
-100
-104
-92
-84
-72
-77
-47
-83
-49
-64
-61
-42
6
14
-7
14
13
7
-10
-7
0
-9
-37
-25
-48
-39
-41
-46
-36
-13
-7
2
21
8
30
39
38
23
31
23
-7
-4
-13
-33
-46
-58
-56
-66
-62
-62
-58
-69
-73
-54
-43
-12
-29
-19
-17
-23
-9
-19
-31
-46
-71
-73
-78
-83
-110
-75
-72
-95
-60
-18
-11
5
6
3
47
41
32
39
67
21
26
35
35
50
44
44
24
46
57
52
64
84
67
85
59
47
69
49
75
89
92
92
105
79
79
71
77
79
61
58
54
52
52
48
36
42
17
38
58
35
32
24
13
10
15
2
19
30
10
-16
-33
-44
-41
-60
-70
-51
-92
-93
-101
-120
-105
-119
-126
-110
-126
-124
-115
-114
-133
-111
-95
-81
-103
-107
-62
-85
-82
-97
-96
-116
-108
-108
-136
-117
-131
-146
-116
-110
-126
-85
-92
-97
-102
-108
-76
-86
-78
-68
-74
-73
-73
-65
-67
-90
-83
-114
-95
-108
-85
-81
-75
-69
-86
-59
-73
-63
-95
-70
-100
-86
-108
-113
-94
-152
-143
-156
-141
-170
-198
-177
-173
-189
-184
-155
-169
-148
-150
-145
-142
-155
-128
-137
-165
-149
-154
-166
-159
-184
-177
-174
-162
-173
-157
-162
-130
-120
-119
-93
-134
-104
-118
-121
-114
-124
-114
-124
-116
-123
-107
-115
-117
-87
-68
-61
-67
-48
-32
-28
-27
-24
-20
-8
-3
7
-9
15
21
12
-6
-35
-5
-27
-40
-19
-52
-33
-37
-53
-59
-45
-34
-29
-61
-53
-16
-32
-57
-65
-38
-32
-18
-28
-54
-55
-42
-48
-58
-66
-39
-52
-67
-62
-65
-64
-92
-89
-80
-91
-86
-82
-97
-108
-104
-125
-117
-108
-115
-90
-128
-96
-117
-112
-79
-67
-80
-83
-78
-100
-88
-94
-98
-114
-118
-147
-141
-124
-145
-165
-156
-152
-180
-177
-164
-172
-156
-176
-160
-155
-156
-162
-156
-168
-157
-192
-184
-159
-200
-169
-178
-202
-193
-209
-208
-159
-183
-152
-163
-168
-170
-178
-179
-171
-168
-214
-202
-207
-214
-215
-209
-212
-214
-214
-234
-233
-217
-232
-221
-208
-220
-219
-216
-233
-210
-171
-175
-180
-166
-194
-175
-175
-173
-157
-137
-128
-96
-98
-116
-97
-78
-77
-113
-123
-132
-123
-110
-97
-125
-111
-107
-97
-77
-78
-55
-42
-22
-21
-19
4
-50
-47
-22
-59
-51
-74
-90
-119
-131
-123
-132
-125
-141
-120
-96
-92
-85
-70
-56
-51
-32
-41
-44
-56
-87
-70
-83
-105
-131
-143
-138
-152
-139
-149
-143
-120
-120
-126
-90
-106
-121
-85
-86
-101
-95
-111
-136
-132
-157
-162
-189
-177
-178
-179
-162
-157
-141
-130
-125
-98
-73
-91
-74
-85
-73
-75
-60
-88
-85
-105
-107
-116
-146
-146
-149
-142
-132
-149
-147
-168
-138
-138
-138
-127
-117
-113
-132
-104
-90
-102
-128
-97
-125
-132
-134
-156
-184
-170
-173
-178
-194
-203
-161
-182
-197
-168
-183
-174
-190
-205
-197
-236
-222
-211
-211
-226
-226
-245
-271
-223
-226
-233
-209
-208
-205
-214
-210
-193
-180
-164
-187
-170
-154
-163
-179
-183
-184
-185
-148
-161
-167
-150
-166
-172
-163
-149
-141
-115
-136
-116
-131
-122
-97
-115
-111
-99
-78
-92
-104
-103
-120
-119
-124
-109
-76
-88
-89
-91
-73
-73
-78
-59
-76
-69
-89
-90
-104
-123
-126
-140
-116
-127
-124
-130
-124
-110
-119
-121
-129
-125
-92
-98
-102
-97
-76
-108
-86
-49
-109
-114
-109
-115
-109
-113
-96
-99
-82
-81
-102
-106
-97
-111
-107
-118
-124
-148
-140
-117
-137
-89
-97
-98
-131
-118
-141
-120
-141
-139
-133
-167
-148
-143
-121
-148
-134
-126
-139
-145
-149
-141
-130
-130
-108
-124
-115
-117
-132
-128
-109
-132
-121
-101
-135
-130
-112
-145
-149
-115
-112
-99
-106
-107
-99
-121
-120
-104
-100
-137
-125
-100
-135
-137
-142
-138
-149
-165
-140
-135
-168
-129
-118
-135
-128
-108
-79
-104
-87
-69
-106
-114
-103
-105
-128
-110
-131
-124
-100
-103
-93
-89
-64
-45
-67
-49
-43
-70
-46
-59
-48
-61
-63
-69
-71
-64
-70
-75
-61
-73
-91
-63
-69
-73
-69
-59
-51
-65
-76
-65
-54
-73
-72
-62
-72
-62
-51
-71
-82
-69
-50
-62
-63
-80
-37
-52
-71
-66
-48
-43
-94
-85
-63
-77
-75
-72
-73
-86
-54
-52
-45
-50
-50
-46
-46
-31
-38
-16
-12
-34
-17
-17
4
-6
7
0
-5
10
-20
-21
-22
-5
-10
-26
-28
-28
-11
-12
1
-15
-24
-11
-16
-41
-41
-46
-57
-64
-86
-75
-58
-66
-62
-66
-71
-61
-48
-49
-24
-54
-33
-34
-43
-51
-58
-62
-66
-41
-68
-82
-89
-89
-86
-99
-88
-95
-90
-83
-81
-78
-81
-71
-75
-74
-72
-86
-73
-98
-74
-94
-99
-83
-104
-117
-94
-111
-96
-95
-107
-83
-78
-76
-59
-52
-47
-62
-58
-59
-29
-34
-45
-29
-46
-31
-49
-48
-38
-19
-34
-26
-5
-12
-31
-33
-23
-6
3
4
2
11
-6
-7
-10
-8
4
-6
-23
-30
-32
-7
2
9
18
15
17
24
24
11
7
0
-20
0
-18
-41
-34
-27
-31
-28
-53
-37
-46
-43
-45
-32
-21
-50
-19
-42
-46
-67
-58
-31
-34
-9
-20
-29
-29
-41
-35
-38
-34
-18
-20
-14
0
7
-5
-24
-8
-10
17
15
-8
-1
-18
-6
-13
-4
9
9
-12
-12
4
-9
-3
-8
-22
-38
-11
-15
-24
-11
-16
-35
-49
-43
-58
-55
-57
-55
-45
-65
-50
-72
-74
-92
-74
-53
-69
-65
-73
-55
-58
-72
-53
-83
-74
-85
-81
-72
-73
-112
-91
-62
-58
-55
-72
-47
-44
-50
-38
-41
-41
-26
-52
-40
-43
-83
-85
-62
-94
-85
-81
-90
-92
-106
-82
-86
-99
-80
-62
-80
-84
-84
-92
-84
-87
-90
-83
-84
-84
-97
-95
-69
-69
-100
-85
-93
-45
-49
-50
-31
-75
-59
-61
-44
-71
-75
-66
-64
-85
-70
-50
-63
-65
-60
-83
-66
-67
-50
-32
-72
-50
-73
-67
-68
-89
-93
-105
-90
-77
-77
-73
-91
-74
-56
-53
-63
-63
-48
-46
-47
-50
-74
-83
-63
-82
-92
-84
-82
-96
-104
-91
-73
-69
-80
-91
-79
-64
-38
-50
-48
-88
-80
-69
-92
-63
-77
-89
-84
-86
-82
-64
-61
-63
-46
-53
-47
-55
-67
-57
-68
-75
-70
-79
-70
-80
-101
-94
-65
-69
-49
-50
-57
-44
-36
-28
-49
-17
-24
-57
-41
-58
-47
-40
-60
-33
-32
-21
-7
-9
-34
-25
-2
-23
-2
-5
-10
-2
-15
-22
-10
-37
-35
-18
-23
-31
-38
-29
-43
-48
-29
-45
-50
-43
-33
-41
-37
-45
-57
-33
-36
-41
-43
-36
-31
-25
-29
7
2
-10
-12
-49
-9
-20
-11
-10
-24
-13
-21
11
-6
-21
-10
-47
-11
-22
-34
-10
-23
-7
-13
-4
-27
-9
0
-38
-49
-32
-24
-21
-6
-19
-37
-13
-18
-34
-20
-1
7
7
17
2
19
-22
-9
-17
-49
-37
-15
-11
-27
-15
-35
-24
-22
-16
-12
-18
-9
5
17
-10
5
20
25
7
12
10
9
28
8
20
-2
-7
-53
-41
6
6
12
9
-10
3
23
9
14
0
1
-7
6
-3
5
28
-3
-8
-4
-19
4
12
19
21
29
32
22
31
13
25
31
35
23
19
19
24
0
12
25
26
36
32
51
36
68
58
49
39
40
44
23
48
53
38
53
51
50
40
53
38
27
34
22
55
60
43
63
50
52
68
48
55
50
61
36
39
65
39
50
48
53
70
57
36
66
52
60
47
48
47
34
27
25
18
10
41
29
23
13
12
30
36
11
24
24
24
33
52
42
31
14
21
17
21
25
24
41
42
48
34
62
47
51
56
23
47
42
46
39
38
39
59
58
45
54
57
84
62
73
73
53
68
99
80
90
83
52
45
64
78
71
108
52
67
66
74
73
80
85
72
84
76
100
63
65
64
42
60
58
35
54
57
44
69
35
40
43
22
43
51
51
44
38
32
64
67
53
78
49
19
28
47
57
59
43
35
53
49
5
47
23
2
21
-5
18
-16
22
4
33
21
13
28
22
19
18
6
21
32
2
22
29
28
19
52
15
20
29
39
14
45
35
-6
21
28
19
3
27
17
32
3
-1
28
21
40
-5
12
7
12
44
0
3
10
31
32
19
33
7
13
31
9
22
35
9
7
16
7
-9
-11
-4
-24
-27
-29
-43
-42
-47
-64
-34
-28
-40
-3
-31
-27
-52
-47
-34
-28
-26
-34
-22
-34
-33
-48
-36
-36
-39
-37
-17
-35
-45
-26
-40
-38
-51
-14
-27
-30
-13
-24
-3
-18
-35
-27
-17
-16
-17
-24
-58
-57
-44
-42
-43
-30
-21
-20
-28
-5
-12
-28
-28
-41
-30
-24
-14
-25
-17
-24
-15
-36
-24
-12
-31
-21
-20
-15
-20
-33
-30
-33
-34
-22
-56
-32
-72
-77
-38
-25
-38
-47
-34
-47
-41
-44
-16
-22
-26
-56
-32
-40
-32
-21
-36
-26
-51
-10
-32
-22
-15
-28
-7
1
-34
-19
-39
-50
-24
-18
-25
-22
-28
-30
-23
-24
-13
-7
-11
16
10
-11
-17
-13
-22
0
17
-16
-30
-9
-14
-9
-10
-18
-15
-31
-4
-39
-7
2
-21
-31
-24
8
-12
-32
-33
-44
-3
-11
-29
7
13
-6
-25
-27
-24
-8
-2
-11
-9
-20
-13
-7
-11
-17
-3
1
2
-23
-15
-16
-16
1
-6
-7
-3
-20
-1
-14
-12
-8
-10
7
19
9
-3
40
12
6
9
29
17
32
55
33
68
32
30
32
55
51
39
77
57
65
34
65
72
35
54
46
56
55
71
53
30
60
44
44
65
52
22
4
13
38
50
25
12
17
35
37
38
22
10
18
19
32
23
66
52
37
27
34
49
37
38
28
69
53
33
39
30
36
49
38
31
20
37
41
16
56
49
38
65
29
38
54
51
56
52
38
27
13
14
41
12
30
40
34
43
22
37
45
15
19
17
20
29
50
36
43
49
31
28
4
34
15
28
0
-3
9
6
4
-9
-17
26
7
-2
0
-6
-7
2
0
-11
-5
18
13
-15
14
17
12
3
2
2
2
-9
0
20
-4
7
29
22
-4
-7
5
16
2
17
16
24
21
-1
3
10
41
24
21
24
22
30
11
7
15
0
20
30
27
30
8
13
46
23
23
37
31
28
17
23
41
28
41
41
20
41
38
48
47
59
63
57
58
34
62
59
71
54
51
50
12
53
67
76
92
53
53
61
53
72
64
37
84
87
70
96
66
78
83
65
75
74
65
63
55
56
59
63
59
51
62
52
70
78
56
76
70
83
46
43
72
56
60
72
72
69
73
82
61
65
54
61
62
40
84
50
53
36
38
41
33
38
5
32
11
14
45
30
69
34
24
16
26
26
18
33
36
1
-8
5
3
14
-17
-7
-14
-18
-9
-10
-21
-22
-20
0
13
-2
8
17
20
21
18
44
11
17
25
6
27
-17
1
6
2
11
-11
35
38
20
2
-14
-21
7
8
0
6
-8
-3
-22
-11
-2
-5
12
-6
9
-6
5
12
2
4
4
11
-10
-14
-14
-31
-8
10
-15
-9
15
0
-15
23
-18
-37
-34
-6
-16
-4
1
-12
-11
-24
-10
-23
-19
-23
-17
-6
-22
-13
-25
-16
-11
-2
-12
0
-14
-16
-3
-5
-3
-11
7
-8
2
23
9
11
-18
-7
8
0
2
16
14
-4
9
-3
2
5
13
7
16
3
-3
27
23
1
4
7
-8
-8
8
-10
2
15
1
1
11
-4
6
0
8
-15
-32
-15
-12
9
4
-5
-19
-17
-32
-30
-34
-20
-17
-35
-47
-43
-56
-36
-15
-27
-29
-26
-23
-56
-41
-38
-46
-39
-37
-51
-28
-39
-24
-31
-51
-2
-42
-38
-32
-20
-16
-29
-20
-43
-17
-28
-34
-50
-48
-30
-35
-50
-57
-49
-42
-35
-56
-75
-64
-32
-38
-52
-40
-55
-54
-31
-53
-37
-36
-38
-34
-27
-39
-60
-28
-18
-35
-32
-15
-44
-35
-31
-43
-33
-51
-49
-35
-21
-50
-24
-32
-40
-42
-49
-61
-57
-35
-61
-42
-46
-68
-43
-43
-42
-26
-22
-25
-47
-32
-46
-48
-33
-53
-53
-24
-40
-36
-16
-21
-31
-27
-37
-45
-30
-24
-30
-46
-22
-28
-42
-29
-23
-10
-39
-19
-14
-33
-9
4
6
-10
-9
-17
-5
-10
-28
-13
-42
0
-10
-3
-9
-19
2
22
-8
-19
-5
-3
0
-15
2
-5
-7
-6
15
20
0
9
-5
20
30
-19
10
9
-4
12
2
-16
20
-1
-13
24
0
1
4
1
18
3
23
25
25
12
6
31
19
-5
-12
-12
-32
0
8
7
23
-15
13
1
-24
-3
12
14
-8
-1
12
2
7
15
14
-9
32
13
11
19
13
21
31
46
26
56
34
37
37
50
35
3
39
22
20
20
22
32
28
36
57
35
46
57
60
46
62
45
31
41
52
50
45
49
33
48
54
45
24
32
45
50
55
55
71
47
58
77
62
69
75
77
67
82
77
81
66
59
88
64
97
63
53
76
67
84
70
76
54
89
82
74
102
91
80
73
80
76
77
52
69
77
64
51
91
105
77
95
71
84
76
64
54
84
85
108
82
94
96
83
111
