21
35
66
65
60
56
19
10
23
-5
13
38
31
62
41
61
50
74
106
60
66
59
75
93
76
46
59
67
43
47
50
40
39
28
22
24
17
16
46
80
82
103
97
94
99
68
80
65
50
46
36
37
87
88
82
93
86
74
44
63
40
45
56
69
70
73
95
46
70
88
77
70
70
71
71
65
59
22
-3
26
44
38
39
69
79
77
81
86
54
65
41
62
106
105
126
139
107
97
116
92
80
69
35
54
80
72
85
76
60
77
73
74
76
56
67
55
82
81
83
85
84
89
69
42
29
35
35
75
66
78
76
89
88
72
82
85
94
85
72
79
77
78
92
99
125
103
104
124
103
102
85
91
88
81
88
67
105
70
84
101
101
91
51
68
63
87
97
80
71
56
65
50
65
74
78
97
114
140
178
175
180
182
145
134
129
122
97
87
121
132
159
137
137
134
108
83
114
111
90
116
116
126
134
138
146
134
136
146
129
126
142
123
135
104
90
115
114
104
136
140
125
163
114
101
117
122
128
132
130
129
165
176
153
196
141
165
185
138
175
169
186
186
145
142
137
120
115
72
104
96
95
98
118
109
97
128
127
117
116
120
117
160
146
153
154
138
154
175
181
176
158
160
163
131
146
146
132
136
132
144
147
142
128
114
88
96
94
84
111
147
159
189
181
161
199
194
164
156
147
160
115
100
118
78
104
95
119
104
123
145
141
140
109
114
118
100
110
123
93
118
107
110
117
111
114
128
133
119
135
171
181
197
178
186
171
163
185
166
153
141
133
139
137
139
139
114
122
111
113
105
119
151
157
94
93
94
106
130
132
145
120
117
122
109
102
139
133
141
147
146
172
163
191
166
157
141
116
130
106
102
97
95
74
86
63
71
83
90
107
130
138
133
124
115
117
104
131
91
67
78
99
100
106
107
117
147
162
169
152
147
113
117
113
131
132
122
138
134
115
91
105
123
146
118
94
90
79
89
100
107
106
116
103
126
112
97
82
86
90
118
137
135
153
133
96
95
105
119
145
125
129
135
140
122
122
86
97
76
66
65
74
89
89
113
95
118
143
164
141
127
84
49
87
94
96
103
98
110
97
116
112
91
95
69
45
41
54
60
61
78
113
105
110
73
100
97
68
72
80
121
129
135
134
123
97
125
119
109
128
107
109
91
69
65
60
70
82
92
99
99
97
75
91
96
105
101
84
88
95
90
71
71
73
60
53
40
22
18
55
72
78
116
107
102
107
133
116
98
83
57
67
87
108
86
85
64
89
109
90
104
75
85
96
77
82
71
53
77
78
61
85
76
69
96
56
48
55
42
70
60
55
41
52
32
49
67
68
92
91
61
55
70
91
110
110
90
62
26
27
68
68
71
68
56
72
62
80
99
84
103
91
94
122
107
76
72
66
40
27
33
17
26
31
60
21
16
54
34
81
86
90
83
53
56
85
76
94
92
50
45
44
48
53
53
69
59
68
83
66
59
51
64
29
32
58
22
47
40
37
58
51
50
68
43
31
54
27
27
43
69
38
34
20
20
34
19
29
48
56
74
96
73
72
66
82
71
91
119
114
91
89
87
40
60
54
53
59
68
70
19
30
14
9
3
13
19
47
53
38
25
4
22
-8
-6
-14
-15
2
1
12
9
23
18
62
79
60
37
45
26
3
34
7
5
36
46
39
61
81
79
50
58
20
10
2
-8
16
-2
25
25
-16
4
-17
-31
-14
-21
-5
6
18
-1
33
6
-44
-29
-9
-11
-25
-49
-30
-32
-38
-5
-32
-27
-36
-24
-15
1
-4
-39
-37
-4
-9
3
13
-11
-10
-20
-17
-2
-7
-25
-30
-30
-36
-29
-21
-11
-14
4
3
-1
-30
-18
-45
-82
-84
-50
-66
-57
-56
-42
-12
-14
-32
-49
-4
-16
-19
8
29
-16
-20
-35
-36
-53
-65
-33
-22
6
-15
-1
-21
-50
-57
-42
-60
-61
-41
-59
-48
-68
-39
-48
-62
-65
-85
-67
-31
-5
9
21
37
29
2
-37
-57
-51
-74
-54
-62
-55
-31
-10
-24
-34
7
-15
-1
-32
-62
-56
-74
-53
-46
-34
-4
5
-9
7
-10
-33
-26
-70
-82
-65
-85
-76
-73
-60
-46
-43
-45
-50
-67
-59
-69
-77
-80
-92
-82
-65
-34
-55
-73
-68
-64
-55
-45
-34
-16
-58
-77
-110
-100
-121
-102
-47
-53
-24
-18
-2
0
-8
-31
-35
-19
-2
-17
-22
-33
-56
-62
-60
-30
-44
-35
-36
-50
-70
-70
-68
-81
-50
-75
-71
-84
-117
-72
-71
-106
-94
-90
-71
-72
-92
-103
-70
-60
-78
-66
-40
-61
-59
-57
-71
-48
-19
-55
-53
-41
-21
-38
-45
-22
-48
-42
-20
-34
-33
-48
-35
-26
-26
-34
-60
-70
-93
-70
-72
-81
-88
-69
-51
-74
-71
-37
-46
-26
-26
-29
-10
-14
-25
-21
-34
-13
7
-15
-11
-10
-7
-14
17
-15
-10
13
10
13
23
16
-11
-26
-44
-42
-10
-17
-35
4
33
11
-11
-22
16
12
-50
-16
-28
-32
1
-12
9
24
19
18
31
20
12
22
10
34
43
56
46
53
64
63
53
20
19
43
32
32
32
-4
24
23
33
48
36
52
9
-17
-11
-10
7
12
15
-11
-38
-19
-13
11
6
-19
-13
-23
-1
3
5
34
10
29
20
24
38
-10
-12
-13
12
8
27
8
45
21
13
43
13
39
58
69
34
29
-6
-8
0
-2
-11
-27
-30
-20
-29
-13
-13
-38
-39
-42
-35
-44
-58
-31
-37
-49
-7
-8
5
-10
-23
-15
1
4
-42
-58
-37
-38
-40
-8
-15
42
49
19
22
35
35
13
5
9
-9
-23
-37
-44
-53
-48
-47
-62
-64
-24
-31
-43
-19
-44
-36
-26
-32
-32
-30
-15
-2
-8
2
-1
-22
12
0
4
-3
-8
-24
-37
-13
-31
-34
-48
-57
-36
-16
-51
-40
-34
-37
-46
-35
-54
-88
-91
-95
-47
-49
-48
-63
-11
-10
-53
-50
-82
-72
-68
-70
-83
-85
-85
-72
-65
-34
-4
-10
-1
7
-33
-21
-41
-36
-66
-78
-76
-86
-62
-66
-72
-72
-49
-68
-63
-80
-68
-60
-80
-67
-43
-58
-96
-86
-98
-52
-76
-84
-51
-54
-50
-41
-40
-45
-14
-44
-49
-33
-63
-79
-70
-76
-71
-38
-41
-47
-57
-79
-81
-73
-53
-50
-56
-30
-39
-25
-53
-72
-40
-77
-64
-69
-93
-87
-95
-112
-124
-132
-139
-124
-114
-97
-75
-85
-97
-77
-80
-100
-89
-83
-83
-113
-110
-100
-81
-74
-101
-81
-60
-73
-61
-67
-83
-72
-70
-82
-76
-69
-55
-78
-76
-71
-47
-53
-69
-54
-74
-79
-73
-67
-91
-92
-123
-126
-121
-123
-124
-135
-136
-131
-85
-105
-120
-62
-67
-61
-90
-99
-120
-118
-113
-114
-102
-125
-97
-97
-124
-132
-119
-122
-137
-141
-127
-129
-102
-101
-110
-108
-103
-102
-124
-116
-117
-118
-126
-133
-94
-116
-108
-109
-112
-130
-147
-125
-136
-124
-124
-118
-129
-106
-98
-146
-146
-150
-122
-136
-134
-119
-133
-77
-86
-87
-93
-131
-117
-134
-147
-147
-148
-169
-141
-136
-133
-145
-140
-114
-67
-66
-94
-84
-125
-115
-138
-159
-127
-127
-121
-80
-111
-108
-123
-135
-132
-141
-146
-135
-120
-132
-135
-156
-167
-133
-104
-111
-116
-121
-144
-112
-142
-123
-128
-160
-136
-132
-125
-120
-123
-119
-91
-118
-79
-81
-96
-100
-119
-112
-125
-127
-157
-115
-115
-111
-87
-66
-76
-105
-99
-139
-100
-115
-134
-114
-129
-133
-123
-114
-139
-133
-105
-108
-85
-102
-95
-91
-104
-77
-88
-88
-94
-83
-101
-99
-128
-141
-111
-109
-64
-53
-47
-43
-35
-68
-74
-54
-68
-69
-115
-134
-111
-75
-97
-123
-110
-118
-85
-84
-70
-81
-102
-90
-132
-136
-144
-128
-126
-150
-129
-128
-109
-108
-95
-111
-129
-124
-123
-101
-85
-80
-47
-57
-62
-53
-52
-61
-57
-64
-88
-95
-88
-89
-74
-24
-38
-36
-37
-57
-70
-116
-106
-79
-91
-76
-85
-91
-93
-96
-121
-120
-91
-67
-67
-80
-66
-74
-31
-51
-51
-46
-45
-48
-54
-61
-66
-47
-53
-74
-86
-77
-60
-79
-84
-81
-90
-77
-70
-71
-48
-50
-46
-49
-72
-30
-52
-62
-77
-88
-82
-80
-70
-89
-65
-76
-96
-80
-100
-104
-56
-48
-25
-14
-14
7
-20
-11
-16
-4
-40
-65
-65
-55
-35
-33
-7
-13
-12
-6
-15
-21
-2
-18
-16
-16
-43
-56
-15
-15
-27
-47
-60
-31
-30
-27
-48
-39
-24
-9
-40
-80
-51
-26
-24
-30
-13
-25
-21
-4
-14
11
26
33
14
2
21
0
-34
-21
-19
-20
-15
-2
5
19
3
-17
-42
-16
-33
-48
-14
-21
-13
-21
26
15
6
3
-7
40
9
-24
-12
-17
2
-17
-11
-16
2
-12
-10
-6
-7
21
15
-11
-22
-13
23
37
22
20
0
21
-12
10
31
23
25
15
0
-10
-18
-22
-20
10
22
11
2
-5
29
30
22
17
30
40
72
41
41
49
27
42
22
9
18
52
48
94
102
98
80
68
75
66
60
69
67
78
68
89
91
81
45
42
53
66
94
93
78
58
38
40
23
13
7
-8
9
5
61
77
92
53
69
79
51
45
31
27
53
58
27
64
66
88
60
77
76
56
65
54
89
104
102
90
104
104
83
82
71
63
62
57
79
69
59
38
42
25
4
19
22
44
49
60
57
47
59
47
29
6
37
16
37
44
42
37
70
72
74
69
71
33
23
40
43
59
60
68
55
84
88
82
93
79
68
62
57
56
38
51
35
60
78
43
58
52
36
56
37
43
60
48
41
40
48
64
44
34
38
5
42
90
88
61
66
51
43
46
39
8
33
48
68
96
82
83
73
115
102
74
73
65
86
53
43
63
35
30
48
23
31
47
47
58
42
37
50
68
61
42
24
55
33
23
3
-18
30
41
39
48
63
32
31
55
24
22
49
31
30
31
30
59
68
88
80
86
51
77
57
63
66
26
49
55
43
22
36
43
36
32
-1
-8
-26
-27
-61
-79
-47
-33
-22
12
18
31
39
31
45
12
23
33
30
9
17
7
2
-22
-7
-31
13
44
42
51
44
35
42
45
26
-1
24
8
6
19
14
11
25
6
5
43
6
3
15
30
47
78
60
28
10
1
-1
11
-5
11
28
46
57
60
55
12
3
2
-10
17
47
30
49
14
24
43
61
81
57
72
69
78
92
72
59
87
82
73
48
52
75
41
57
57
38
34
50
47
33
21
16
29
26
-3
23
42
28
34
19
51
31
4
11
3
15
18
-12
-19
-33
31
72
56
75
36
33
38
31
29
23
36
19
0
5
6
14
22
33
37
34
27
1
15
-3
7
7
31
47
38
59
41
51
40
35
49
47
51
16
-8
-27
-40
-18
-11
16
32
46
79
62
73
54
44
65
61
61
65
57
23
21
18
35
29
1
29
-6
-12
4
-11
-23
5
12
-20
-26
-20
-9
12
36
43
73
88
69
79
37
14
45
51
49
53
54
36
55
35
57
81
75
79
56
18
-5
10
1
17
24
13
20
29
32
44
46
38
43
66
56
57
43
16
1
-5
2
7
27
9
22
51
46
70
75
60
35
17
46
48
63
102
108
67
57
64
34
17
41
30
2
30
25
66
55
58
80
44
35
6
15
34
5
35
41
42
45
33
32
42
57
26
28
30
28
21
58
56
73
78
79
77
77
83
67
38
56
20
15
53
67
70
101
85
85
96
62
91
69
63
65
45
24
3
36
40
30
35
18
22
27
35
36
67
69
46
40
48
67
48
51
53
50
55
81
62
80
70
65
107
79
84
83
81
102
83
77
84
101
117
112
150
112
96
70
54
54
63
64
75
70
87
72
60
51
55
75
60
72
18
10
16
18
11
-16
5
33
69
80
97
75
104
120
88
93
104
116
91
81
86
66
100
138
106
120
110
108
102
61
70
80
77
107
99
112
86
94
100
96
109
75
96
79
64
56
47
48
8
13
48
52
75
77
90
76
70
114
114
139
117
103
102
90
63
58
52
34
56
96
112
121
114
128
107
107
98
68
41
21
62
54
75
55
73
94
76
86
60
72
70
78
84
102
81
72
45
49
39
30
16
36
54
65
108
91
71
71
102
84
76
88
74
62
88
80
55
70
76
55
76
95
74
85
99
66
63
58
65
74
82
63
63
47
31
34
0
-11
-17
-11
10
27
22
53
75
70
52
40
46
35
39
27
39
19
25
25
20
44
44
28
45
42
28
30
57
63
67
56
28
19
4
16
18
25
19
12
18
14
17
-19
-21
-25
-39
-1
-5
-12
-16
8
12
37
37
39
39
27
22
27
51
39
47
13
-13
-11
-30
-5
-46
-8
-30
-37
12
13
30
0
-5
-1
-10
-20
3
-24
-38
-23
-45
-36
-9
5
-22
-24
-37
-32
-44
-39
-11
-12
-13
-10
-13
0
-1
-29
15
31
19
34
12
-19
-39
-45
-14
7
26
16
4
-5
-17
15
-2
6
11
17
18
-17
-15
-9
-41
-31
-40
-43
-10
-32
-21
-33
-14
-16
-14
-22
-10
-49
-49
-45
-24
-2
-5
1
30
26
-3
1
35
14
20
44
27
51
16
0
18
28
-23
-19
-18
13
-8
-48
-52
-49
-9
-1
26
13
-8
15
-16
-12
-8
-20
-13
-45
-9
-20
-37
-26
-18
-4
-13
-1
-39
-29
-11
-22
-5
-6
-11
31
-13
-29
-34
-55
-37
-53
-55
-38
-40
-11
10
8
16
2
-9
-27
-31
-43
-41
-11
-20
-28
-38
-20
-16
-8
30
31
2
28
-1
-29
-40
-55
-43
-52
-22
-46
-46
-36
-27
-37
2
3
-20
-23
-22
-30
-30
-22
-28
-16
-31
-35
-20
-1
-27
-33
-14
-16
-12
-3
-14
-35
-30
-55
-41
-2
-14
-16
-46
-59
-29
-48
-45
-33
-48
-57
-49
-43
-81
-64
-82
-91
-65
-80
-52
-33
-30
-25
-6
1
-23
-24
-33
-56
-60
-37
-29
-24
-19
-21
-11
14
-26
32
6
-17
13
-27
-36
-37
-56
-22
-23
-34
-71
-73
-44
-35
-12
17
0
-40
-55
-89
-90
-106
-92
-106
-107
-91
-120
-133
-100
-93
-66
-68
-74
-66
-76
-41
-7
10
17
27
-7
-22
-20
-31
-29
-49
-67
-67
-36
-45
-53
-38
-37
-40
-4
-4
16
-11
-43
-27
-45
-27
-44
-35
-16
-8
-13
-13
-25
-47
-59
-59
-24
-39
-57
-21
-24
-50
-44
-12
-36
-36
-8
6
28
13
8
18
11
-2
-24
-37
-24
-23
-28
-53
-57
-32
-40
-31
-25
-34
-41
-38
-39
-32
-24
-46
-7
-12
-17
-7
-26
-1
3
-29
-24
-15
-22
0
-40
-4
-8
-4
25
31
31
-5
-37
-28
22
50
63
77
48
43
58
58
31
24
-8
-32
-42
-14
7
-21
-25
-33
-44
-17
-7
-23
-6
-10
-23
-33
-22
-33
-44
-41
-26
2
15
0
46
19
-3
17
10
-6
-27
12
16
15
27
14
40
54
23
39
25
-21
-18
-16
-25
-25
-40
-19
-32
-27
-21
-27
-13
-9
14
-11
1
-30
-31
6
-15
-23
-37
-69
-31
-9
9
-2
-27
20
22
35
30
-1
-30
-17
-8
-38
-23
-30
-42
-48
-40
-50
-53
-16
0
0
6
19
-10
7
2
-18
-28
-36
-39
-45
-39
-68
-60
-54
-57
-55
-52
-36
-48
-60
-51
-37
-23
-28
-43
-63
-60
-79
-55
-72
-66
-48
-83
-88
-73
-59
-47
-50
-48
-28
-41
-29
-31
-19
-32
-28
-40
-48
-41
-49
-51
-73
-86
-91
-93
-80
-78
-100
-99
-113
-101
-112
-112
-93
-100
-111
-94
-90
-102
-85
-92
-87
-91
-64
-62
-59
-55
-56
-66
-87
-97
-134
-111
-99
-91
-91
-62
-28
-44
-44
-37
-50
-64
-63
-55
-59
-69
-55
-69
-89
-61
-103
-123
-75
-66
-72
-73
-89
-82
-99
-105
-103
-84
-48
-70
-47
-17
-27
-39
-50
-62
-49
-43
-78
-78
-74
-48
-51
-68
-38
-14
-12
-38
-46
-50
-54
-39
-22
-26
-28
-11
-31
-51
-72
-66
-59
-69
-71
-76
-68
-71
-71
-92
-90
-95
-115
-114
-100
-101
-109
-78
-71
-55
-47
-36
-4
-5
-2
-11
-25
-23
-25
-30
-33
-28
-42
-26
-27
-13
-28
-29
-18
-39
-40
-49
-48
-46
-51
-73
-74
-45
-53
-14
-28
-50
-60
-52
-80
-104
-110
-102
-72
-33
-42
-35
-21
-35
-54
-57
-48
-55
-23
6
-26
-28
-25
-26
-33
-10
-11
-20
3
-9
-1
16
7
20
55
37
9
18
-4
4
3
-33
16
-5
17
16
21
26
37
63
53
52
21
15
13
3
-13
8
19
45
63
42
64
66
63
51
53
22
9
29
23
32
19
55
35
18
15
38
43
56
70
91
104
68
66
63
77
90
79
76
63
53
39
65
74
79
107
96
100
107
102
95
97
82
73
70
80
96
107
111
137
122
103
92
57
58
62
61
53
87
93
77
106
97
121
117
103
79
74
72
79
72
66
89
93
94
89
116
117
108
113
86
74
51
40
52
60
53
35
38
82
100
107
111
117
121
102
95
100
110
118
124
108
122
129
121
112
139
114
124
145
115
116
100
91
83
121
123
73
95
85
102
105
110
115
97
74
96
70
79
89
87
88
80
85
84
86
84
85
92
97
110
109
125
146
152
144
140
143
124
116
93
112
122
122
136
119
119
110
99
71
113
118
110
161
139
135
132
123
97
96
125
96
137
129
120
122
115
115
106
65
68
86
105
135
140
148
108
116
96
90
94
75
90
116
106
130
153
150
116
84
79
48
63
47
64
72
89
112
99
140
155
181
171
165
161
137
141
119
111
124
91
122
142
122
138
122
114
131
128
122
113
109
115
121
135
141
128
120
95
96
82
60
69
66
97
99
114
146
146
87
108
77
58
56
66
102
94
105
101
85
116
122
140
105
119
125
116
111
129
129
99
101
67
115
91
107
145
130
122
122
119
77
96
130
116
114
109
118
124
117
136
129
123
101
95
112
111
94
96
139
129
128
120
86
74
90
77
85
88
59
67
65
74
44
52
76
55
53
56
59
64
114
102
90
103
103
99
74
108
109
121
93
76
98
123
107
128
137
135
94
93
74
46
85
42
95
83
85
72
46
57
65
68
73
59
63
51
41
51
33
30
40
77
84
88
94
104
114
113
86
112
98
96
89
81
82
93
101
112
125
126
98
97
94
49
32
42
66
76
82
62
98
84
111
99
72
80
53
33
49
54
61
49
47
44
30
56
29
59
51
35
42
39
60
47
35
62
49
34
13
38
53
48
38
37
44
57
67
70
59
68
48
47
44
6
9
12
44
32
33
47
62
59
45
64
37
28
33
40
15
17
21
31
5
14
62
81
83
64
81
51
53
65
73
65
59
59
60
43
33
44
63
53
27
26
42
48
54
54
68
28
38
23
28
62
38
44
55
52
29
57
44
40
51
25
-12
-26
-9
-2
-9
6
30
44
71
63
59
54
55
60
22
16
11
40
28
34
67
64
78
44
44
57
38
42
47
21
36
7
19
72
98
104
92
74
64
54
45
56
33
48
33
-14
-25
-21
-3
2
15
37
36
29
4
27
27
17
16
11
-1
21
36
40
42
17
24
41
30
43
27
-12
2
1
19
42
30
21
30
45
55
38
42
36
28
11
-10
-6
-8
25
23
12
37
45
35
36
34
43
42
63
82
50
48
45
27
23
20
5
3
15
20
29
45
50
88
74
75
58
45
31
11
21
24
45
29
21
-11
9
7
18
18
20
25
15
28
16
26
-12
-11
6
9
52
54
57
56
36
37
42
42
28
11
18
54
94
64
72
46
31
4
-9
-19
-22
1
27
57
31
29
1
-8
3
22
15
-13
-16
-4
-20
-7
2
23
36
29
37
29
16
14
2
-24
-16
6
-14
-19
10
-6
15
37
16
29
5
0
1
-13
-18
-14
13
22
36
56
27
16
-9
-22
-19
-33
-43
-8
5
6
16
5
18
21
18
-2
-23
-51
-73
-70
-59
-58
-57
-52
-44
-41
-33
4
-15
14
19
-15
10
-20
-9
10
39
62
34
21
-3
-6
-13
-2
18
20
11
14
18
13
9
1
11
2
15
-22
-31
-26
-28
-17
-35
-16
-15
17
29
29
23
-34
-17
18
20
1
-5
6
33
49
45
21
7
-34
-20
12
-5
-7
-25
-30
13
25
77
93
84
74
57
92
73
60
51
22
-10
-17
-8
17
-20
-5
14
26
52
20
43
49
33
5
14
29
47
75
47
47
64
44
61
73
60
60
48
64
51
72
78
34
66
55
65
75
96
94
87
76
71
63
60
59
38
67
60
52
69
45
33
28
2
-4
-11
-12
10
14
33
13
11
10
-9
23
-1
31
-10
-6
48
45
71
24
38
19
11
-6
-17
-29
-24
-32
19
25
44
46
38
3
-41
-11
-42
-37
-43
-24
-14
-29
-38
-34
-48
-39
-48
-53
-83
-74
-90
-71
-61
-80
-80
-66
-46
-54
-38
-30
-30
-55
-58
-77
-80
-61
-45
-35
-24
-16
-21
-15
-21
-15
-19
-28
-28
-26
-2
-3
36
20
7
19
-8
13
-18
28
25
39
65
45
39
22
39
31
33
34
43
39
50
72
77
95
95
61
94
89
98
94
78
61
59
66
48
57
66
87
86
80
100
112
86
68
51
46
38
28
28
56
78
116
120
113
108
96
52
42
46
57
70
46
86
81
93
68
79
62
22
13
21
6
19
17
9
14
-3
-19
24
32
0
18
-28
-22
-44
-21
-23
-32
-23
-21
-43
-58
-61
-83
-86
-79
-24
-49
-57
-53
-68
-33
-4
-53
-62
-78
-91
-120
-130
-129
-170
-183
-191
-182
-188
-198
-222
-242
-255
-269
-272
-282
-313
-359
-397
-351
-342
-374
-390
-407
-411
-445
-434
-438
-448
-441
-438
-441
-449
-463
-474
-472
-477
-473
-476
-438
-438
-410
-351
-339
-281
-257
-261
-199
-204
-203
-181
-186
-162
-141
-119
-92
-43
3
47
93
134
132
199
253
276
328
343
418
426
462
488
541
602
639
707
756
849
890
959
983
1031
1079
1069
1124
1132
1157
1172
1209
1232
1222
1239
1195
1195
1197
1184
1155
1153
1089
1098
1098
1133
1093
1049
998
923
839
723
650
534
445
321
250
160
76
9
-70
-157
-263
-401
-521
-588
-683
-797
-860
-981
-1083
-1161
-1230
-1281
-1331
-1332
-1356
-1369
-1414
-1412
-1432
-1417
-1420
-1388
-1407
-1409
-1380
-1370
-1316
-1295
-1256
-1225
-1172
-1169
-1123
-1059
-1028
-964
-952
-912
-922
-911
-898
-887
-877
-909
-909
-872
-830
-794
-766
-745
-734
-692
-661
-617
-563
-511
-454
-427
-384
-318
-256
-202
-119
-54
-10
79
180
260
354
430
538
678
784
907
1069
1205
1334
1403
1538
1658
1737
1774
1843
1985
2019
2054
2114
2213
2351
2414
2462
2528
2586
2592
2587
2604
2587
2517
2406
2351
2251
2110
1886
1718
1497
1249
1005
793
628
393
168
-35
-225
-385
-597
-752
-859
-958
-1097
-1230
-1270
-1353
-1427
-1487
-1480
-1425
-1428
-1366
-1295
-1166
-1048
-943
-820
-716
-596
-502
-395
-287
-208
-182
-95
-14
26
55
73
80
33
-71
-206
-247
-308
-432
-622
-766
-835
-888
-1018
-1114
-1195
-1253
-1322
-1414
-1412
-1444
-1513
-1569
-1580
-1580
-1585
-1581
-1539
-1484
-1475
-1402
-1311
-1205
-1138
-1042
-898
-791
-681
-602
-477
-416
-393
-384
-377
-374
-375
-413
-409
-395
-365
-340
-370
-309
-316
-326
-318
-310
-324
-330
-344
-311
-323
-314
-258
-184
-71
28
178
362
581
741
920
1114
1273
1422
1566
1708
1853
1991
2128
2243
2409
2524
2653
2832
3016
3161
3252
3361
3420
3464
3413
3367
3256
3101
2902
2621
2296
1995
1680
1385
1122
851
591
334
163
17
-192
-375
-604
-782
-951
-1190
-1373
-1522
-1673
-1795
-1909
-1941
-1942
-1942
-1861
-1773
-1645
-1526
-1382
-1213
-1031
-894
-762
-628
-556
-468
-391
-331
-366
-431
-495
-513
-555
-604
-684
-723
-739
-788
-847
-868
-883
-963
-1084
-1209
-1293
-1401
-1510
-1628
-1681
-1743
-1854
-1876
-1821
-1770
-1753
-1672
-1595
-1486
-1367
-1253
-1137
-1025
-933
-836
-745
-693
-598
-547
-484
-424
-347
-325
-265
-225
-139
-48
35
82
69
93
110
120
110
39
-27
-69
-105
-169
-191
-151
-123
-52
-21
63
174
262
341
447
555
686
771
875
1016
1203
1296
1465
1671
1876
2082
2233
2427
2586
2753
2867
2961
3094
3187
3251
3312
3331
3332
3255
3159
3058
2918
2723
2500
2266
1990
1731
1429
1131
847
587
319
75
-160
-397
-606
-813
-968
-1163
-1338
-1495
-1619
-1740
-1825
-1866
-1917
-1865
-1838
-1782
-1702
-1598
-1478
-1334
-1178
-1040
-929
-793
-671
-648
-637
-612
-553
-593
-609
-689
-729
-705
-723
-787
-803
-790
-803
-840
-879
-897
-962
-1074
-1240
-1355
-1510
-1667
-1753
-1827
-1886
-1929
-1953
-1925
-1832
-1782
-1704
-1596
-1462
-1367
-1298
-1179
-1130
-1070
-1053
-1005
-951
-876
-827
-755
-657
-580
-518
-399
-271
-168
-62
5
127
206
280
337
353
425
458
461
501
521
567
586
630
714
789
871
947
1049
1166
1280
1443
1628
1768
1898
2029
2178
2328
2430
2507
2642
2756
2843
2963
3083
3190
3253
3317
3368
3439
3406
3332
3249
3165
2980
2750
2530
2254
2007
1685
1368
1070
754
471
221
14
-195
-435
-674
-870
-1057
-1279
-1473
-1629
-1761
-1884
-1992
-2092
-2103
-2136
-2116
-2083
-1996
-1895
-1772
-1667
-1511
-1401
-1275
-1178
-1105
-1031
-990
-921
-883
-802
-778
-747
-710
-705
-721
-707
-688
-703
-678
-711
-732
-774
-839
-889
-1011
-1092
-1176
-1260
-1333
-1391
-1451
-1497
-1508
-1494
-1461
-1456
-1439
-1403
-1333
-1295
-1254
-1195
-1166
-1141
-1133
-1101
-1047
-984
-885
-827
-739
-648
-567
-478
-425
-342
-230
-173
-140
-72
-15
56
61
77
132
107
118
147
152
222
253
268
337
405
475
586
716
802
910
1016
1160
1330
1432
1562
1701
1867
2035
2164
2309
2428
2603
2715
2855
3019
3166
3256
3374
3509
3597
3663
3609
3573
3498
3374
3156
2941
2676
2404
2133
1875
1560
1220
952
668
402
142
-100
-357
-585
-814
-1061
-1266
-1436
-1644
-1814
-1958
-2106
-2201
-2268
-2277
-2259
-2245
-2178
-2107
-2011
-1909
-1820
-1736
-1625
-1503
-1397
-1332
-1265
-1233
-1214
-1180
-1124
-1054
-1004
-1010
-975
-926
-941
-940
-924
-958
-1027
-1065
-1171
-1220
-1289
-1377
-1444
-1525
-1606
-1672
-1682
-1722
-1723
-1738
-1702
-1694
-1653
-1598
-1570
-1536
-1471
-1401
-1345
-1285
-1213
-1131
-1065
-1030
-925
-829
-764
-638
-535
-403
-268
-130
1
104
195
273
328
351
424
450
483
500
551
595
651
758
782
898
986
1068
1169
1248
1313
1385
1472
1571
1682
1780
1890
2007
2148
2315
2446
2617
2772
2928
3067
3195
3289
3343
3386
3410
3421
3418
3339
3277
3127
2917
2687
2427
2188
1912
1621
1296
1000
694
406
118
-165
-417
-654
-867
-1085
-1313
-1535
-1715
-1836
-2002
-2122
-2253
-2330
-2350
-2333
-2295
-2230
-2155
-2050
-1964
-1866
-1750
-1644
-1513
-1432
-1371
-1315
-1249
-1198
-1166
-1131
-1079
-1046
-997
-960
-916
-911
-914
-921
-937
-976
-992
-1079
-1156
-1229
-1359
-1431
-1493
-1533
-1610
-1635
-1712
-1733
-1746
-1757
-1711
-1704
-1695
-1688
-1652
-1578
-1509
-1462
-1446
-1369
-1283
-1255
-1162
-1068
-1026
-976
-871
-751
-668
-577
-462
-359
-252
-173
-69
3
71
171
207
253
295
354
411
520
562
622
695
759
845
927
1012
1132
1228
1349
1468
1593
1717
1861
2019
2163
2338
2493
2650
2796
2966
3114
3225
3325
3431
3468
3540
3613
3623
3621
3571
3498
3362
3202
2914
2620
2362
2054
1728
1412
1061
708
419
144
-126
-404
-643
-851
-1057
-1279
-1488
-1666
-1851
-2042
-2212
-2348
-2455
-2466
-2467
-2480
-2463
-2396
-2269
-2140
-1964
-1838
-1754
-1615
-1487
-1400
-1337
-1322
-1311
-1242
-1216
-1208
-1212
-1191
-1123
-1082
-1073
-1063
-1054
-1071
-1073
-1106
-1142
-1199
-1288
-1380
-1452
-1524
-1611
-1653
-1716
-1734
-1787
-1843
-1856
-1842
-1818
-1766
-1735
-1700
-1627
-1572
-1485
-1445
-1345
-1295
-1270
-1193
-1128
-1036
-962
-890
-790
-653
-542
-410
-280
-178
-43
25
95
182
258
302
345
365
390
443
509
570
641
729
817
943
1078
1188
1307
1419
1540
1649
1754
1927
2052
2164
2293
2445
2545
2701
2854
3041
3206
3310
3422
3524
3604
3646
3675
3643
3580
3439
3285
3051
2806
2524
2242
1948
1634
1321
981
688
386
144
-118
-367
-612
-848
-1057
-1279
-1469
-1668
-1835
-2023
-2194
-2320
-2398
-2461
-2468
-2415
-2427
-2341
-2212
-2075
-1926
-1801
-1658
-1543
-1443
-1374
-1301
-1247
-1237
-1225
-1222
-1202
-1206
-1183
-1164
-1133
-1083
-1066
-1057
-1028
-1043
-1095
-1116
-1203
-1256
-1341
-1439
-1525
-1620
-1703
-1788
-1800
-1842
-1881
-1858
-1818
-1768
-1760
-1664
-1590
-1542
-1454
-1414
-1351
-1294
-1251
-1190
-1177
-1124
-1012
-956
-873
-785
-652
-509
-394
-294
-209
-92
13
78
113
185
264
310
360
414
464
501
570
650
756
863
996
1110
1235
1410
1572
1708
1862
2019
2166
2299
2392
2547
2669
2805
2974
3076
3222
3379
3514
3627
3709
3831
3892
3922
3850
3735
3592
3354
3091
2825
2544
2208
1885
1509
1209
925
592
369
114
-142
-368
-570
-803
-1044
-1254
-1451
-1651
-1862
-2062
-2252
-2394
-2461
-2481
-2504
-2451
-2380
-2261
-2110
-1988
-1792
-1636
-1456
-1316
-1211
-1094
-1076
-1090
-1096
-1042
-1031
-1086
-1113
-1069
-1033
-1070
-1076
-1087
-1034
-1006
-997
-1034
-1028
-993
-1054
-1111
-1239
-1355
-1480
-1589
-1676
-1762
-1837
-1921
-1939
-1895
-1863
-1811
-1702
-1625
-1500
-1409
-1333
-1252
-1199
-1119
-1075
-1051
-1051
-1020
-975
-952
-900
-818
-703
-570
-438
-305
-129
35
154
253
359
425
422
416
420
445
489
523
615
703
828
938
1105
1267
1439
1624
1815
2023
2204
2388
2540
2707
2849
2976
3076
3214
3308
3405
3520
3627
3720
3823
3898
3919
3886
3817
3646
3438
3166
2855
2588
2240
1866
1477
1114
735
425
112
-121
-326
-564
-784
-985
-1177
-1332
-1510
-1754
-1948
-2146
-2304
-2435
-2506
-2582
-2640
-2640
-2532
-2407
-2297
-2143
-1975
-1753
-1589
-1412
-1255
-1108
-1043
-994
-981
-974
-964
-993
-1038
-1090
-1093
-1109
-1093
-1086
-1020
-983
-988
-983
-990
-1024
-1067
-1147
-1238
-1353
-1433
-1554
-1664
-1771
-1859
-1918
-1952
-1900
-1878
-1828
-1787
-1716
-1637
-1510
-1420
-1353
-1301
-1208
-1169
-1120
-1072
-1025
-978
-946
-934
-886
-822
-761
-610
-457
-311
-153
-13
106
206
280
320
325
362
332
348
373
435
512
619
806
993
1180
1387
1629
1850
2087
2229
2418
2558
2742
2882
2945
3077
3217
3364
3487
3586
3699
3787
3866
3917
3920
3859
3720
3555
3324
3076
2780
2451
2096
1745
1363
1007
710
417
134
-136
-375
-594
-786
-1003
-1211
-1409
-1624
-1828
-1996
-2140
-2310
-2400
-2497
-2537
-2538
-2499
-2448
-2302
-2174
-2045
-1869
-1700
-1506
-1339
-1195
-1109
-1023
-1021
-984
-1007
-1046
-1097
-1164
-1179
-1177
-1152
-1152
-1133
-1114
-1069
-1055
-1046
-1061
-1072
-1104
-1200
-1299
-1391
-1481
-1616
-1754
-1830
-1927
-1976
-1983
-1984
-1943
-1899
-1838
-1762
-1660
-1554
-1458
-1361
-1320
-1297
-1274
-1195
-1142
-1157
-1103
-1055
-986
-893
-771
-645
-530
-365
-204
-71
78
181
308
380
443
469
480
504
527
579
660
764
886
1008
1196
1387
1577
1785
2000
2262
2481
2669
2835
2979
3143
3253
3361
3447
3556
3627
3705
3789
3844
3875
3830
3759
3628
3458
3233
2975
2700
2366
1989
1616
1262
890
559
224
-42
-277
-542
-766
-993
-1174
-1390
-1554
-1759
-1954
-2124
-2259
-2372
-2473
-2523
-2548
-2539
-2498
-2405
-2303
-2113
-1978
-1817
-1613
-1472
-1296
-1131
-1042
-978
-960
-961
-926
-928
-977
-1036
-1047
-1040
-1028
-1008
-989
-930
-886
-890
-905
-914
-975
-1044
-1142
-1292
-1392
-1517
-1661
-1773
-1850
-1935
-1967
-1990
-1963
-1899
-1847
-1770
-1693
-1583
-1478
-1376
-1301
-1236
-1194
-1120
-1099
-1040
-1000
-978
-921
-898
-823
-690
-565
-428
-276
-98
56
163
292
374
461
507
528
550
588
647
698
768
915
1061
1233
1393
1605
1853
2077
2270
2454
2665
2834
2984
3114
3281
3383
3514
3615
3712
3803
3851
3892
3897
3899
3771
3639
3455
3229
2980
2679
2382
2036
1685
1307
963
678
401
154
-125
-399
-681
-907
-1110
-1336
-1529
-1695
-1847
-1991
-2139
-2284
-2344
-2402
-2450
-2409
-2366
-2314
-2228
-2117
-1927
-1742
-1560
-1396
-1238
-1038
-938
-877
-822
-807
-751
-793
-837
-887
-906
-918
-951
-931
-935
-919
-914
-869
-890
-910
-980
-1036
-1154
-1225
-1316
-1435
-1520
-1666
-1739
-1862
-1946
-1988
-1987
-1927
-1871
-1790
-1727
-1626
-1502
-1400
-1319
-1277
-1221
-1151
-1112
-1058
-1017
-983
-933
-856
-767
-641
-484
-324
-174
-8
184
324
452
559
624
669
679
721
724
742
777
818
931
1113
1282
1495
1707
1977
2237
2466
2704
2872
3064
3183
3274
3389
3455
3569
3658
3706
3813
3858
3905
3901
3826
3773
3642
3444
3206
2977
2680
2363
2007
1623
1277
901
570
277
-6
-263
-505
-758
-932
-1128
-1325
-1490
-1653
-1856
-2003
-2126
-2224
-2305
-2426
-2424
-2428
-2377
-2249
-2135
-2010
-1824
-1614
-1437
-1251
-1081
-947
-854
-810
-779
-780
-725
-717
-726
-760
-780
-750
-742
-732
-714
-666
-673
-665
-687
-702
-776
-874
-982
-1114
-1228
-1346
-1476
-1635
-1688
-1794
-1846
-1863
-1855
-1812
-1793
-1780
-1729
-1663
-1543
-1423
-1392
-1282
-1207
-1147
-1109
-1088
-1069
-1012
-989
-883
-733
-631
-476
-322
-117
41
179
339
454
465
517
552
573
629
667
734
801
908
1031
1189
1372
1526
1725
1959
2183
2376
2538
2742
2892
3056
3161
3291
3412
3505
3627
3725
3838
3884
3965
3952
3909
3823
3680
3510
3253
2988
2701
2369
1988
1640
1306
1014
720
449
155
-103
-309
-592
-852
-1078
-1316
-1529
-1717
-1919
-2095
-2248
-2321
-2382
-2453
-2504
-2492
-2428
-2322
-2219
-2063
-1877
-1715
-1544
-1402
-1240
-1088
-1032
-960
-903
-858
-848
-881
-874
-889
-872
-816
-753
-728
-724
-690
-680
-659
-676
-700
-746
-840
-963
-1047
-1184
-1337
-1439
-1568
-1620
-1714
-1802
-1831
-1802
-1757
-1698
-1611
-1565
-1496
-1470
-1431
-1379
-1352
-1313
-1284
-1200
-1157
-1101
-1009
-965
-894
-777
-619
-450
-313
-164
40
204
325
438
517
613
658
685
703
746
845
925
1038
1163
1314
1466
1661
1883
2112
2276
2478
2674
2844
3026
3144
3304
3359
3483
3601
3725
3766
3815
3871
3857
3815
3693
3587
3406
3249
3018
2781
2469
2134
1795
1477
1187
850
542
229
-40
-279
-504
-716
-975
-1175
-1355
-1580
-1726
-1909
-2056
-2132
-2232
-2304
-2372
-2369
-2331
-2251
-2148
-1996
-1894
-1751
-1573
-1388
-1204
-1062
-962
-839
-795
-800
-813
-749
-711
-739
-755
-751
-678
-657
-662
-668
-575
-538
-587
-635
-645
-642
-748
-848
-962
-1087
-1216
-1333
-1460
-1576
-1699
-1738
-1766
-1767
-1717
-1745
-1668
-1626
-1563
-1464
-1425
-1382
-1360
-1267
-1198
-1187
-1164
-1123
-1039
-967
-905
-814
-690
-539
-312
-103
112
306
433
568
634
659
684
715
726
792
887
956
1080
1207
1373
1587
1826
2025
2246
2458
2637
2808
2965
3119
3256
3366
3470
3544
3613
3674
3695
3733
3733
3698
3644
3566
3398
3200
2999
2764
2458
2171
1853
1537
1223
914
624
300
29
-233
-473
-712
-972
-1166
-1337
-1522
-1683
-1849
-1997
-2088
-2145
-2226
-2278
-2292
-2305
-2253
-2189
-2081
-1940
-1793
-1640
-1430
-1263
-1119
-932
-798
-727
-700
-686
-666
-661
-655
-684
-670
-643
-619
-589
-604
-562
-505
-505
-524
-570
-578
-641
-720
-794
-940
-1068
-1218
-1334
-1437
-1539
-1637
-1662
-1690
-1720
-1704
-1662
-1618
-1568
-1509
-1405
-1331
-1272
-1207
-1140
-1093
-1037
-995
-958
-901
-884
-794
-700
-593
-410
-232
-83
92
266
426
523
608
660
728
783
852
917
952
1039
1097
1236
1401
1592
1827
2069
2308
2559
2750
2895
3105
3238
3383
3479
3549
3630
3642
3707
3725
3742
3677
3593
3475
3334
3172
2977
2736
2441
2214
1896
1616
1284
993
676
327
24
-282
-530
-798
-1010
-1229
-1414
-1570
-1682
-1838
-1975
-2005
-2069
-2173
-2262
-2288
-2279
-2254
-2165
-2058
-1937
-1810
-1643
-1482
-1304
-1184
-1044
-899
-776
-735
-732
-699
-644
-612
-687
-689
-721
-672
-676
-647
-641
-621
-591
-605
-613
-677
-712
-804
-869
-1016
-1131
-1233
-1324
-1409
-1491
-1542
-1612
-1665
-1691
-1724
-1707
-1655
-1602
-1513
-1404
-1338
-1274
-1201
-1120
-1051
-997
-962
-938
-887
-840
-799
-750
-639
-506
-336
-176
35
200
353
487
597
709
744
789
851
918
956
1021
1079
1195
1372
1544
1756
1978
2226
2425
2652
2808
3005
3172
3296
3408
3512
3568
3576
3587
3559
3587
3501
3419
3268
3117
2935
2760
2547
2312
2066
1748
1483
1175
909
580
278
20
-243
-470
-721
-973
-1176
-1368
-1554
-1725
-1874
-1978
-2066
-2103
-2177
-2201
-2195
-2177
-2124
-2043
-1932
-1813
-1720
-1588
-1448
-1297
-1151
-1032
-895
-846
-746
-705
-661
-638
-634
-615
-567
-554
-542
-557
-547
-524
-541
-551
-591
-590
-623
-675
-758
-842
-918
-982
-1061
-1172
-1306
-1404
-1522
-1556
-1560
-1588
-1585
-1589
-1543
-1486
-1403
-1346
-1268
-1191
-1135
-1093
-1036
-981
-947
-905
-835
-771
-681
-617
-501
-339
-224
-103
73
210
326
448
552
691
752
857
925
1030
1125
1203
1302
1385
1514
1704
1921
2124
2329
2521
2701
2858
3032
3176
3305
3446
3519
3611
3676
3676
3664
3581
3477
3331
3175
2983
2767
2556
2325
2097
1822
1567
1292
1027
748
472
194
-60
-333
-655
-879
-1109
-1385
-1581
-1752
-1890
-2028
-2124
-2170
-2256
-2233
-2264
-2216
-2144
-2099
-2014
-1902
-1758
-1666
-1514
-1354
-1223
-1095
-1001
-889
-787
-729
-654
-592
-577
-535
-523
-498
-456
-452
-418
-413
-385
-386
-425
-452
-529
-586
-666
-763
-857
-956
-1069
-1158
-1248
-1350
-1419
-1469
-1521
-1521
-1490
-1503
-1499
-1451
-1396
-1345
-1271
-1227
-1173
-1101
-1052
-990
-949
-915
-869
-821
-769
-683
-591
-447
-308
-165
-13
145
274
402
517
578
649
692
767
819
912
993
1079
1200
1337
1527
1687
1858
2045
2244
2432
2641
2846
2983
3141
3278
3362
3452
3493
3509
3529
3510
3437
3327
3175
3024
2872
2708
2485
2221
1980
1740
1469
1202
950
653
405
162
-93
-348
-617
-870
-1070
-1273
-1447
-1626
-1771
-1885
-2000
-2083
-2138
-2141
-2134
-2119
-2087
-2004
-1906
-1813
-1710
-1584
-1485
-1343
-1198
-1079
-955
-835
-786
-678
-648
-583
-514
-517
-488
-487
-471
-479
-485
-533
-543
-553
-544
-578
-603
-656
-728
-770
-840
-938
-1028
-1116
-1235
-1328
-1408
-1480
-1584
-1644
-1650
-1665
-1633
-1622
-1553
-1509
-1475
-1373
-1328
-1235
-1194
-1122
-1053
-1019
-978
-927
-912
-844
-744
-644
-502
-401
-208
-60
123
272
373
456
503
614
685
751
836
926
1050
1146
1281
1447
1653
1844
2030
2206
2396
2605
2789
2941
3039
3184
3292
3368
3423
3415
3437
3434
3348
3276
3130
2942
2762
2594
2372
2142
1917
1651
1422
1199
982
750
510
241
-34
-285
-522
-784
-1006
-1213
-1460
-1636
-1795
-1901
-2007
-2090
-2132
-2170
-2163
-2086
-2029
-1979
-1892
-1830
-1718
-1580
-1449
-1319
-1193
-1081
-942
-857
-794
-733
-649
-649
-648
-551
-507
-457
-471
-471
-404
-394
-404
-411
-413
-462
-511
-557
-652
-716
-803
-895
-994
-1056
-1173
-1249
-1318
-1412
-1466
-1515
-1565
-1557
-1520
-1503
-1460
-1427
-1385
-1369
-1351
-1283
-1224
-1145
-1078
-1048
-999
-956
-892
-832
-769
-691
-602
-491
-389
-242
-114
21
162
296
415
487
575
652
710
793
872
975
1087
1224
1376
1542
1722
1905
2121
2341
2539
2714
2866
3016
3132
3212
3283
3338
3362
3351
3333
3277
3172
3027
2874
2690
2497
2295
2094
1883
1649
1413
1185
944
680
394
138
-105
-364
-594
-790
-993
-1232
-1421
-1579
-1759
-1899
-1978
-2021
-2068
-2077
-2053
-2036
-1943
-1901
-1819
-1745
-1655
-1543
-1436
-1306
-1163
-1045
-1000
-912
-830
-744
-662
-649
-601
-535
-489
-475
-459
-431
-426
-360
-399
-437
-459
-485
-554
-651
-712
-747
-825
-946
-1023
-1098
-1163
-1254
-1296
-1356
-1395
-1426
-1441
-1464
-1470
-1412
-1379
-1336
-1312
-1227
-1166
-1156
-1086
-1062
-1001
-970
-977
-964
-876
-807
-722
-602
-553
-447
-331
-219
-107
32
136
200
239
328
413
508
574
624
749
846
982
1132
1291
1437
1671
1853
2009
2132
2285
2470
2622
2775
2903
3029
3093
3188
3259
3317
3276
3248
3169
3045
2934
2729
2549
2345
2112
1892
1651
1393
1163
940
708
443
189
-45
-263
-491
-706
-920
-1121
-1316
-1513
-1681
-1836
-1923
-2015
-2066
-2111
-2183
-2138
-2100
-2039
-1948
-1852
-1718
-1585
-1489
-1393
-1268
-1156
-1048
-1014
-935
-846
-748
-718
-681
-627
-597
-553
-529
-511
-497
-446
-413
-439
-433
-452
-478
-489
-595
-670
-734
-825
-924
-1016
-1093
-1174
-1255
-1316
-1335
-1387
-1404
-1392
-1385
-1332
-1276
-1242
-1187
-1172
-1153
-1086
-1070
-1051
-1039
-952
-936
-899
-807
-766
-670
-599
-508
-401
-266
-138
-61
59
133
268
333
364
384
429
483
526
643
750
899
1015
1196
1390
1597
1767
1952
2111
2300
2449
2585
2734
2817
2918
3006
3097
3155
3198
3261
3270
3245
3182
3057
2930
2795
2645
2459
2259
1986
1786
1559
1270
1007
750
493
243
39
-199
-415
-629
-806
-998
-1177
-1354
-1504
-1669
-1806
-1896
-1986
-2017
-2054
-2028
-2017
-1950
-1878
-1817
-1744
-1628
-1497
-1363
-1224
-1140
-1003
-948
-849
-748
-661
-599
-603
-554
-492
-472
-456
-432
-402
-388
-367
-366
-374
-370
-377
-404
-448
-534
-608
-670
-765
-848
-959
-1031
-1128
-1204
-1262
-1306
-1307
-1346
-1354
-1329
-1273
-1220
-1164
-1116
-1056
-964
-950
-932
-881
-849
-822
-799
-749
-718
-660
-591
-516
-429
-306
-209
-95
12
126
229
292
357
400
460
542
604
651
724
832
946
1071
1187
1331
1506
1709
1913
2097
2281
2423
2574
2701
2833
2948
3048
3139
3192
3279
3310
3314
3334
3245
3166
3057
2927
2779
2601
2447
2242
2039
1810
1577
1328
1047
771
519
265
-13
-229
-445
-684
-861
-1060
-1240
-1391
-1506
-1614
-1698
-1766
-1854
-1930
-1990
-1972
-1943
-1860
-1814
-1730
-1597
-1484
-1344
-1238
-1102
-983
-913
-849
-756
-677
-633
-601
-565
-525
-480
-441
-428
-415
-398
-362
-344
-331
-335
-331
-350
-390
-449
-532
-608
-701
-755
-901
-987
-1033
-1120
-1185
-1239
-1258
-1296
-1342
-1329
-1303
-1256
-1260
-1206
-1126
-1082
-1009
-970
-919
-859
-802
-750
-733
-730
-716
-673
-615
-520
-394
-313
-211
-108
45
145
234
354
431
492
545
581
610
654
695
770
886
988
1118
1275
1456
1697
1871
2049
2238
2400
2524
2630
2732
2812
2908
2966
3027
3061
3109
3176
3176
3157
3092
3033
2912
2784
2674
2478
2260
2061
1836
1567
1328
1079
815
561
325
70
-180
-355
-557
-736
-896
-1055
-1196
-1331
-1422
-1519
-1642
-1724
-1796
-1825
-1863
-1857
-1796
-1775
-1649
-1580
-1503
-1380
-1247
-1133
-1016
-922
-846
-731
-659
-560
-510
-502
-520
-496
-460
-432
-424
-437
-387
-351
-357
-372
-395
-413
-421
-501
-549
-619
-709
-797
-926
-1026
-1129
-1185
-1265
-1289
-1341
-1381
-1394
-1371
-1328
-1282
-1249
-1204
-1171
-1127
-1065
-1041
-988
-941
-898
-923
-904
-905
-863
-790
-707
-624
-556
-454
-349
-195
-62
58
169
272
300
375
405
411
448
497
564
579
668
768
879
1015
1184
1349
1529
1705
1872
2043
2170
2311
2448
2562
2671
2755
2849
2897
2954
3013
3029
3086
3093
3060
3017
2950
2848
2728
2613
2475
2304
2044
1812
1594
1346
1106
818
540
327
94
-99
-260
-461
-621
-815
-973
-1131
-1288
-1406
-1507
-1588
-1664
-1737
-1753
-1791
-1799
-1749
-1719
-1671
-1613
-1483
-1329
-1226
-1108
-960
-838
-747
-674
-588
-542
-499
-504
-474
-464
-470
-422
-444
-458
-470
-422
-414
-463
-485
-505
-512
-574
-607
-684
-740
-824
-901
-995
-1107
-1162
-1247
-1296
-1336
-1353
-1380
-1379
-1345
-1297
-1237
-1191
-1141
-1097
-1041
-1002
-952
-899
-885
-847
-825
-796
-721
-668
-598
-504
-431
-367
-292
-222
-148
-36
28
127
189
216
281
329
396
418
458
504
604
697
782
915
1046
1171
1303
1434
1565
1705
1834
2006
2106
2235
2355
2456
2562
2656
2739
2789
2908
2972
3026
3042
3041
2999
2953
2870
2753
2649
2519
2343
2124
1925
1711
1480
1258
1011
754
534
317
131
-49
-266
-448
-616
-787
-945
-1108
-1233
-1393
-1510
-1619
-1662
-1709
-1741
-1706
-1713
-1687
-1623
-1536
-1455
-1349
-1259
-1162
-1068
-987
-855
-735
-676
-645
-568
-497
-462
-453
-440
-419
-442
-430
-430
-405
-372
-390
-407
-447
-490
-518
-567
-616
-671
-734
-796
-866
-994
-1095
-1136
-1217
-1252
-1283
-1267
-1287
-1273
-1251
-1232
-1183
-1119
-1079
-1036
-957
-950
-882
-888
-844
-768
-726
-652
-612
-560
-498
-427
-392
-352
-272
-193
-100
-31
12
42
85
102
116
160
172
199
274
324
423
513
603
735
831
915
1028
1127
1227
1350
1470
1593
1707
1805
1904
2073
2198
2307
2410
2525
2659
2722
2795
2847
2893
2910
2911
2932
2852
2807
2699
2572
2439
2263
2117
1937
1745
1566
1369
1160
969
740
545
353
126
-77
-269
-483
-654
-843
-994
-1137
-1282
-1378
-1469
-1575
-1611
-1668
-1668
-1638
-1618
-1570
-1542
-1441
-1353
-1281
-1225
-1163
-1044
-931
-843
-756
-696
-623
-586
-551
-515
-508
-489
-475
-468
-451
-417
-436
-423
-459
-469
-477
-542
-600
-666
-734
-783
-879
-941
-958
-1047
-1120
-1161
-1207
-1217
-1211
-1213
-1206
-1172
-1161
-1135
-1095
-1101
-1050
-1012
-938
-896
-845
-742
-672
-611
-552
-494
-469
-434
-364
-318
-292
-256
-202
-122
-62
-12
26
64
81
117
161
173
164
186
163
193
215
265
333
408
484
567
685
770
865
974
1068
1126
1215
1305
1402
1490
1588
1686
1787
1894
2014
2109
2229
2311
2399
2504
2543
2621
2648
2634
2660
2626
2575
2484
2362
2253
2110
1961
1822
1669
1542
1397
1218
1031
866
672
492
289
40
-134
-318
-508
-673
-834
-1008
-1167
-1296
-1404
-1494
-1571
-1605
-1624
-1670
-1622
-1601
-1557
-1503
-1456
-1380
-1290
-1226
-1175
-1085
-1033
-962
-941
-923
-895
-876
-840
-792
-721
-687
-676
-632
-570
-585
-526
-502
-501
-505
-556
-584
-664
-726
-782
-875
-924
-979
-991
-980
-1024
-1037
-1018
-1041
-1027
-990
-986
-950
-909
-907
-892
-884
-849
-776
-720
-711
-654
-617
-529
-472
-436
-355
-297
-221
-168
-123
-71
-17
17
39
82
100
104
66
27
18
-26
-18
-21
12
43
70
118
175
226
313
367
412
454
490
523
547
610
653
699
745
824
904
1043
1160
1304
1458
1600
1747
1889
2012
2107
2168
2198
2235
2225
2228
2225
2227
2212
2184
2167
2145
2104
2053
2019
1942
1871
1775
1616
1442
1265
1095
915
672
444
241
69
-109
-334
-499
-658
-773
-878
-1016
-1113
-1234
-1305
-1377
-1428
-1460
-1482
-1513
-1530
-1552
-1557
-1566
-1546
-1488
-1447
-1381
-1333
-1210
-1151
-1088
-1029
-970
-886
-828
-806
-784
-740
-725
-733
-739
-758
-766
-733
-709
-689
-709
-724
-729
-741
-729
-727
-736
-754
-790
-794
-820
-825
-815
-827
-828
-845
-848
-822
-778
-741
-716
-694
-639
-579
-546
-496
-502
-455
-382
-349
-301
-261
-218
-220
-213
-191
-144
-123
-107
-98
-90
-81
-71
-32
-5
3
23
36
29
5
-21
-22
-51
-59
-53
-58
-68
-62
-41
-13
-6
55
139
217
272
365
455
552
608
687
778
831
911
973
1021
1099
1161
1224
1327
1419
1553
1616
1724
1746
1791
1823
1860
1871
1823
1826
1800
1766
1685
1624
1550
1492
1395
1284
1246
1162
1090
1019
848
765
646
513
399
243
106
-34
-162
-315
-457
-621
-775
-855
-942
-991
-1026
-1071
-1083
-1133
-1154
-1150
-1177
-1156
-1183
-1205
-1183
-1187
-1152
-1157
-1167
-1146
-1136
-1083
-1036
-989
-950
-907
-861
-825
-783
-726
-706
-658
-618
-611
-579
-564
-563
-614
-590
-575
-552
-523
-532
-506
-510
-508
-437
-419
-427
-391
-364
-371
-351
-334
-309
-320
-320
-279
-308
-310
-294
-273
-241
-260
-219
-197
-208
-176
-139
-108
-104
-82
-73
-91
-90
-88
-84
-80
-102
-134
-131
-115
-122
-122
-123
-119
-157
-129
-113
-147
-137
-152
-149
-130
-147
-186
-184
-236
-223
-157
-98
-83
-20
56
128
201
241
328
384
425
491
566
638
715
748
790
825
849
884
938
1008
1064
1133
1223
1288
1344
1402
1450
1487
1506
1519
1518
1475
1440
1377
1295
1253
1203
1153
1082
1003
967
898
833
777
685
627
562
417
306
190
74
-55
-173
-299
-435
-556
-691
-769
-829
-910
-990
-1017
-1053
-1086
-1075
-1072
-1048
-1028
-1006
-1005
-1021
-1035
-1012
-1002
-973
-957
-962
-927
-901
-811
-770
-689
-607
-550
-481
-454
-446
-395
-372
-339
-325
-326
-303
-340
-329
-300
-313
-338
-357
-352
-352
-383
-371
-364
-417
-395
-391
-412
-393
-393
-371
-392
-400
-403
-410
-389
-392
-387
-390
-364
-357
-290
-281
-270
-232
-257
-245
-271
-282
-293
-281
-298
-287
-277
-249
-231
-237
-219
-236
-257
-279
-275
-283
-310
-315
-291
-307
-297
-262
-311
-323
-324
-318
-274
-222
-166
-128
-77
-50
5
60
122
150
214
310
368
431
450
536
590
635
728
790
882
972
1053
1100
1154
1179
1219
1257
1288
1329
1329
1326
1329
1364
1331
1327
1310
1281
1256
1235
1241
1211
1136
1096
1042
953
902
829
760
655
596
522
445
370
279
207
107
45
-16
-78
-133
-198
-258
-318
-374
-445
-482
-531
-587
-595
-608
-644
-653
-646
-625
-630
-617
-627
-612
-614
-628
-662
-629
-593
-581
-580
-613
-579
-547
-500
-491
-473
-424
-409
-410
-393
-372
-329
-347
-354
-326
-356
-354
-366
-332
-326
-332
-339
-361
-356
-344
-331
-361
-365
-373
-373
-348
-346
-331
-293
-289
-300
-266
-278
-307
-309
-358
-360
-358
-365
-387
-362
-368
-345
-311
-352
-325
-315
-310
-273
-280
-268
-267
-297
-311
-307
-315
-306
-291
-322
-296
-284
-246
-207
-185
-131
-114
-111
-75
-47
-15
-11
27
83
108
191
208
216
263
308
302
346
386
435
508
530
603
658
713
771
832
885
935
947
960
993
1016
1037
1071
1103
1107
1135
1130
1151
1158
1187
1188
1184
1206
1208
1190
1172
1131
1075
1069
1002
974
943
915
874
839
794
708
637
582
541
482
407
341
283
214
143
57
-25
-97
-164
-232
-315
-368
-399
-442
-478
-529
-560
-592
-630
-640
-689
-705
-715
-707
-727
-727
-746
-762
-718
-722
-706
-723
-722
-692
-696
-653
-638
-600
-561
-544
-495
-484
-458
-457
-449
-458
-428
-402
-414
-406
-422
-391
-414
-384
-388
-385
-348
-368
-359
-351
-382
-375
-376
-370
-353
-374
-372
-376
-378
-374
-355
-363
-350
-351
-315
-294
-296
-292
-313
-302
-275
-276
-272
-246
-221
-228
-215
-181
-192
-197
-181
-197
-209
-241
-249
-239
-220
-214
-204
-183
-174
-151
-146
-104
-66
-43
-5
17
49
67
78
81
102
114
114
143
223
284
332
397
427
477
526
562
600
639
653
709
752
783
804
842
856
867
857
875
866
864
840
834
811
825
855
816
830
804
834
833
817
832
776
726
711
659
618
569
527
515
458
442
443
420
402
348
329
305
262
212
176
119
42
29
-33
-93
-144
-188
-198
-289
-344
-393
-465
-495
-536
-582
-647
-703
-738
-741
-778
-776
-786
-821
-804
-848
-872
-870
-871
-873
-842
-833
-813
-802
-771
-724
-681
-662
-646
-580
-549
-486
-441
-423
-390
-384
-378
-356
-315
-304
-306
-318
-300
-245
-252
-220
-204
-174
-197
-183
-162
-159
-142
-158
-164
-159
-152
-155
-156
-151
-119
-138
-140
-129
-143
-135
-146
-115
-88
-68
-74
-77
-57
-57
-29
-48
-40
-18
18
38
33
78
69
73
71
89
75
84
83
60
85
89
133
111
122
111
120
165
160
140
144
162
148
179
188
204
244
257
289
312
355
385
378
401
411
424
448
457
479
489
486
458
492
505
500
511
517
518
531
563
522
476
483
457
417
421
446
449
443
425
419
377
336
322
288
274
310
295
285
244
231
222
202
223
182
179
143
143
116
140
85
24
-20
-67
-95
-145
-154
-191
-198
-243
-279
-317
-356
-383
-450
-468
-491
-535
-536
-549
-583
-576
-575
-586
-570
-567
-580
-586
-582
-592
-560
-545
-532
-537
-516
-492
-497
-424
-384
-365
-368
-360
-312
-312
-274
-259
-231
-217
-219
-207
-200
-164
-163
-196
-204
-159
-148
-105
-87
-81
-61
-34
-23
-48
-51
-35
-38
3
25
-9
-25
-64
-85
-102
-110
-97
-94
-86
-31
-11
7
-10
14
-9
-31
-14
-50
-38
-78
-78
-81
-78
-61
-71
-45
-37
-13
-2
-12
-22
-36
-18
-1
14
21
25
7
14
-18
-31
-34
-42
-27
7
26
65
122
116
169
180
172
158
166
146
112
158
149
165
156
161
202
188
195
254
263
256
299
321
312
325
376
404
391
377
387
374
348
317
332
352
342
376
392
387
362
381
386
375
392
368
387
358
356
333
273
244
237
237
208
166
137
144
86
57
36
8
-2
-3
-14
-4
-17
-50
-68
-152
-187
-201
-197
-197
-239
-231
-228
-207
-177
-187
-183
-223
-210
-203
-191
-187
-203
-210
-197
-186
-184
-168
-183
-154
-165
-136
-124
-146
-111
-119
-138
-136
-108
-106
-70
-44
-13
29
18
17
9
21
-21
-15
-1
5
-9
24
59
64
92
57
95
78
55
70
100
92
38
49
27
22
43
29
39
41
19
17
23
37
20
-7
-47
-51
-57
-61
-49
-38
-36
-53
-25
-6
-28
10
6
10
7
-13
22
5
1
33
56
53
88
61
46
51
50
94
66
70
96
111
127
136
150
123
135
119
128
113
108
118
110
121
92
86
99
125
92
94
108
107
110
93
101
47
59
58
62
48
40
41
14
37
39
45
79
105
122
141
129
154
153
129
124
91
67
44
56
69
90
107
80
94
125
110
94
104
109
89
58
42
26
46
37
25
61
46
43
36
40
65
71
117
107
110
135
115
138
127
108
87
72
37
49
84
117
127
102
106
111
110
105
96
89
70
50
65
86
59
40
33
21
18
6
16
9
44
44
33
50
50
73
58
38
52
73
78
88
99
77
69
49
83
61
67
58
69
86
87
99
125
142
123
117
126
117
78
64
37
13
36
56
72
73
44
72
84
129
131
110
86
70
57
27
8
0
51
38
40
54
83
91
95
86
80
67
74
69
77
103
95
108
133
153
161
191
170
130
130
102
62
65
75
70
81
89
98
120
112
125
135
140
152
166
161
133
105
97
84
95
105
115
117
126
139
145
167
191
181
200
204
192
228
204
164
136
101
89
120
127
126
143
133
135
148
176
174
161
143
153
175
158
113
122
108
95
113
116
128
118
135
149
147
124
116
111
128
157
157
147
117
90
117
142
143
150
136
103
122
113
118
118
108
118
140
168
177
177
172
158
139
162
165
150
162
178
149
139
127
141
132
124
121
131
133
116
125
72
94
51
52
82
88
108
68
59
57
82
108
96
70
83
80
86
83
83
81
64
58
60
46
92
108
75
67
54
96
94
117
158
161
166
123
124
108
83
102
89
90
68
87
89
97
65
72
68
75
107
93
103
103
131
107
103
103
89
83
99
100
81
95
64
89
105
83
114
123
138
121
171
149
166
183
170
150
141
174
154
172
176
164
159
200
203
206
197
188
205
202
195
222
194
226
245
233
226
218
208
202
217
211
192
174
200
210
197
195
177
149
149
160
194
223
199
186
186
181
158
166
188
190
188
204
198
169
162
160
183
163
156
181
178
156
160
150
140
117
128
147
160
161
158
181
165
159
148
111
67
70
58
76
71
25
0
8
11
21
48
96
107
92
108
79
89
105
81
38
49
19
29
75
113
108
78
85
96
113
138
112
123
131
86
85
91
102
118
110
78
84
103
49
85
60
58
67
19
40
46
78
43
40
31
28
33
21
26
34
84
54
64
60
51
70
117
97
67
68
67
83
64
102
83
74
78
101
98
101
76
78
64
67
61
52
25
25
34
56
100
99
126
114
122
97
65
56
30
6
35
57
60
74
64
67
84
91
108
82
86
95
38
84
74
95
99
75
96
101
121
99
98
60
62
56
65
47
30
35
17
34
19
32
11
58
57
47
32
20
5
13
15
-2
-3
-18
12
28
37
14
41
-7
-14
-1
-26
-47
-61
-28
-25
-40
-24
-38
-38
-42
-32
-2
-24
-40
-64
-101
-88
-66
-39
-48
-39
-32
-56
-41
-31
-20
9
-12
-5
23
-1
14
2
45
-5
0
9
18
18
-12
7
4
1
-31
-17
-44
-28
-28
-42
15
26
28
25
0
-11
-9
10
-11
-18
-42
-47
-29
20
64
47
48
51
35
68
40
34
14
-39
-49
-52
-26
-26
-34
-45
-44
-84
-86
-72
-39
-17
53
46
20
8
6
0
-55
-52
-43
1
12
33
20
28
13
59
55
66
85
47
56
15
43
15
18
6
-18
-44
-64
-41
-70
-83
-48
-23
-9
-18
0
-17
-12
-37
-31
-69
-75
-78
-78
-67
-83
-58
-73
-72
-65
-68
-57
-57
-55
-39
-32
-34
-14
-36
-46
-46
-23
16
-12
-36
-44
-33
-16
5
-38
-55
-69
-111
-97
-58
-46
-55
-45
-27
-20
-4
-13
-8
6
-29
-59
-66
-68
-73
-57
-76
-46
-22
-36
-35
-26
-39
-39
-33
-39
-33
-42
-25
-42
-61
-60
-48
-38
-33
-29
-34
-63
-79
-78
-73
-50
-46
-55
-60
-62
-46
-51
-47
-13
-10
-25
-40
-55
-42
-67
-35
-26
-1
11
-2
11
-1
0
-7
-11
-31
-44
-58
-58
-49
-16
14
16
13
7
-17
-43
-24
-12
-21
-23
-19
-28
-48
-44
-35
-39
-24
-59
-84
-66
-40
-49
-96
-54
-61
-54
-50
-64
-41
-62
-69
-68
-67
-76
-54
-35
-22
4
-27
-14
-37
-82
-86
-75
-114
-84
-71
-88
-55
-100
-104
-74
-28
-38
-62
-57
-88
-105
-95
-102
-104
-78
-73
-80
-74
-52
-49
-26
9
1
-24
-8
-20
-32
-29
-72
-86
-101
-108
-85
-47
-31
-25
-11
-27
-25
-9
-34
-53
-63
-79
-77
-72
-51
-62
-47
-43
-42
-72
-60
-41
-62
-12
-25
-27
-26
-33
-47
-49
-32
-51
-43
-43
-12
-7
-41
-37
-68
-44
-69
-86
-86
-82
-100
-81
-66
-25
-48
-36
-67
-69
-25
-43
-35
-50
-48
-68
-28
-58
-74
-87
-117
-62
-51
-43
-58
-14
-17
-44
-47
-65
-89
-95
-84
-106
-100
-97
-90
-75
-36
-56
-94
-72
-77
-79
-62
-97
-83
-108
-123
-84
-88
-97
-95
-83
-126
-115
-111
-112
-92
-88
-79
-69
-74
-92
-81
-103
-94
-69
-58
-73
-65
-98
-94
-74
-95
-102
-100
-95
-70
-75
-95
-48
-79
-59
-42
-73
-59
-81
-78
-62
-104
-103
-99
-90
-74
-37
-34
-48
-37
-31
-45
-23
-14
-37
-46
-54
-52
-72
-44
-36
-46
-68
-77
-53
-54
-55
-46
-33
-56
-60
-45
-45
-50
-68
-61
-50
-61
-72
-80
-89
-99
-83
-62
-77
-64
-70
-57
-62
-59
-80
-87
-76
-69
-62
-104
-93
-109
-105
-95
-107
-81
-67
-118
-116
-132
-139
-138
-109
-92
-93
-81
-74
-104
-129
-157
-168
-170
-166
-138
-138
-118
-116
-103
-109
-102
-93
-127
-148
-162
-162
-146
-159
-161
-180
-194
-173
-135
-127
-139
-161
-138
-139
-166
-148
-139
-153
-141
-99
-117
-118
-92
-83
-102
-86
-78
-104
-106
-109
-84
-97
-102
-84
-100
-118
-118
-135
-131
-128
-125
-119
-131
-120
-149
-136
-112
-124
-133
-139
-150
-149
-126
-125
-100
-112
-125
-147
-140
-115
-131
-117
-147
-142
-130
-109
-90
-82
-89
-96
-107
-86
-59
-55
-52
-64
-71
-65
-86
-108
-103
-121
-99
-103
-85
-102
-88
-78
-76
-70
-59
-62
-82
-76
-63
-72
-89
-110
-115
-110
-97
-64
-83
-83
-77
-64
-81
-106
-120
-123
-109
-73
-90
-53
-33
-56
-91
-70
-61
-74
-64
-102
-97
-92
-64
-78
-68
-69
-93
-83
-60
-55
-94
-108
-82
-85
-74
-64
-60
-66
-70
-83
-126
-110
-138
-135
-131
-123
-70
-66
-86
-82
-64
-72
-63
-63
-67
-40
-47
-52
-72
-74
-84
-85
-75
-92
-92
-79
-80
-57
-87
-103
-93
-93
-60
-108
-116
-97
-94
-87
-51
-72
-112
-84
-107
-109
-109
-84
-64
-69
-72
-97
-74
-95
-79
-56
-98
-88
-102
-99
-80
-32
-21
-34
-70
-85
-96
-69
-65
-39
0
-30
-17
-21
-17
-52
-43
-67
-58
-59
-58
-75
-81
-69
-78
-78
-67
-40
-66
-38
-29
-65
-82
-93
-77
-80
-89
-83
-89
-114
-87
-88
-51
-42
-61
-53
-32
-20
-37
-35
-53
-68
-68
-73
-78
-52
-86
-71
-66
-91
-104
-91
-87
-107
-94
-95
-119
-108
-98
-97
-76
-81
-48
-55
-67
-78
-114
-128
-146
-131
-132
-136
-133
-89
-80
-66
-64
-87
-87
-56
-54
-105
-98
-104
-100
-94
-90
-108
-106
-78
-82
-54
-56
-39
-70
-110
-127
-145
-119
-111
-92
-85
-76
-78
-78
-80
-108
-119
-124
-134
-155
-131
-118
-101
-123
-113
-106
-104
-94
-102
-91
-78
-48
-78
-100
-104
-75
-70
-58
-65
-62
-69
-84
-50
-73
-72
-77
-92
-88
-112
-99
-120
-131
-121
-93
-121
-125
-133
-146
-134
-134
-115
-123
-90
-129
-110
-104
-129
-155
-172
-141
-125
-86
-115
-79
-64
-69
-89
-103
-109
-116
-134
-128
-70
-98
-98
-112
-122
-117
-105
-106
-100
-125
-120
-104
-97
-81
-109
-115
-135
-140
-120
-113
-88
-105
-146
-123
-128
-99
-94
-115
-107
-134
-120
-113
-128
-125
-119
-116
-106
-119
-103
-130
-121
-81
-101
-91
-98
-142
-112
-102
-120
-107
-113
-73
-67
-90
-86
-119
-168
-169
-147
-130
-142
-123
-131
-123
-94
-96
-88
-66
-79
-86
-68
-82
-90
-104
-115
-120
-118
-107
-108
-94
-80
-92
-78
-86
-90
-103
-95
-67
-64
-43
-56
-99
-83
-81
-82
-97
-92
-81
-97
-90
-94
-74
-52
-44
-60
-50
-67
-57
-51
-65
-63
-72
-66
-55
-30
-28
-47
-50
-70
-81
-79
-74
-49
-58
-70
-100
-122
-135
-133
-115
-84
-96
-95
-52
-58
-59
-91
-94
-75
-79
-82
-83
-88
-63
-38
-47
-37
-58
-72
-90
-81
-112
-124
-92
-96
-85
-97
-79
-52
-58
-49
-47
-75
-62
-88
-96
-87
-131
-118
-139
-94
-71
-56
-62
-86
-94
-104
-75
-66
-65
-75
-67
-65
-66
-42
-37
-26
-44
-42
-32
-19
-15
-27
-28
-42
-58
-61
-52
-53
-47
-40
-35
-61
-46
-50
-49
-37
-50
-60
-52
-50
-46
-56
-59
-42
-82
-86
-87
-84
-69
-60
-39
-40
-55
-60
-73
-80
-62
-51
-62
-39
-54
-32
-26
-1
-8
0
-14
-31
-39
-61
-51
-65
-39
-37
-31
-21
-20
-32
-46
-56
-75
-62
-60
-27
-26
-32
-37
-63
-56
-58
-89
-76
-73
-63
-40
-50
-71
-67
-56
-67
-49
-54
-70
-63
-30
-29
-42
-32
-52
-33
-50
-41
-43
-20
-2
8
7
-25
-68
-45
-60
-64
-66
-73
-47
-68
-29
-55
-39
-47
-63
-59
-50
-41
-46
-44
-52
-42
-47
-53
-19
4
38
55
48
30
24
29
1
15
12
27
41
45
56
53
71
58
71
46
65
28
13
-6
-64
-47
-58
-50
-29
-26
-35
-51
-24
-17
-20
-8
-2
38
-4
-18
-23
-31
-9
18
8
26
52
69
42
48
75
66
67
67
87
67
69
70
72
80
59
91
102
87
85
52
79
70
72
67
46
67
64
79
74
80
65
45
71
52
58
59
30
33
33
8
15
22
35
45
67
48
61
50
57
65
23
44
60
100
80
97
86
63
83
49
57
60
52
72
83
79
71
49
46
48
60
46
31
40
59
59
78
33
59
33
8
40
15
35
33
44
63
51
40
81
74
89
90
85
104
88
64
72
74
75
93
87
79
74
89
103
112
91
82
82
62
53
17
32
21
43
44
34
45
57
47
29
9
35
32
29
60
64
48
45
39
47
44
64
65
48
53
34
50
47
59
53
68
63
72
56
53
62
52
59
36
50
77
73
80
134
127
109
101
118
94
67
97
88
108
75
77
76
68
72
78
81
60
94
86
80
74
43
38
14
42
35
81
96
96
72
66
49
26
45
45
64
32
67
59
64
108
100
118
95
76
73
55
50
36
57
30
41
59
81
104
81
99
63
74
79
62
71
33
44
41
1
20
52
68
50
73
110
80
102
144
161
136
129
133
108
80
84
77
55
75
69
76
108
120
103
97
87
86
92
54
52
72
64
66
69
27
32
45
54
64
69
52
41
48
60
62
45
26
-2
28
34
59
89
106
114
74
87
63
71
98
115
88
88
101
70
92
97
110
105
86
99
83
77
79
65
92
88
64
86
48
37
61
67
38
32
44
6
36
38
29
34
-1
-6
16
12
28
33
40
88
89
90
93
81
57
20
51
70
52
26
32
37
37
49
49
56
60
56
45
35
56
66
65
53
68
54
84
95
102
84
64
65
34
32
9
25
-3
11
23
23
33
46
41
12
45
25
44
37
39
38
24
59
64
43
28
-8
9
15
18
5
31
47
23
46
12
-2
7
-19
-6
9
16
21
-10
-6
14
7
14
11
-9
-7
-10
-10
-3
-15
13
-3
-12
9
-9
-23
-36
-23
-46
-34
-6
-39
10
23
14
15
5
-7
19
13
23
44
16
39
43
46
39
28
22
12
28
27
16
10
12
28
5
27
40
38
73
23
38
37
11
-9
-9
11
13
37
49
72
58
43
33
17
9
19
-4
-44
-40
-34
-20
-9
16
37
69
60
68
40
7
15
-2
4
-2
-3
5
-8
-6
-13
17
-8
14
0
-5
-4
-10
-1
12
29
24
18
-15
17
28
39
73
68
57
63
46
48
66
23
8
34
25
28
14
20
34
18
30
40
49
33
50
41
24
1
-6
11
9
24
11
26
7
1
4
0
-6
-16
-42
-51
-22
-3
-8
-19
-8
0
4
27
55
23
26
28
43
44
41
11
14
-12
-33
19
-6
4
8
11
14
49
24
21
13
-24
-44
-38
-44
-8
-8
-24
-15
-37
-24
-16
-9
-8
-21
-2
-4
13
18
46
28
18
-7
-19
-34
-49
-5
-24
10
15
34
18
20
-13
-25
-10
-2
-11
-6
-4
-40
-12
-2
7
0
22
20
17
24
9
-10
-5
-12
-14
-9
-20
2
22
43
6
-38
-26
-30
-59
-54
-46
-49
-44
-19
-14
11
-4
2
46
25
42
9
8
-12
-25
-22
-31
-5
6
25
23
2
9
-22
-4
-14
12
24
21
56
22
44
30
21
30
-7
15
1
-23
-20
-4
3
-25
-31
-49
-31
-16
-34
-44
-29
-38
-29
-27
-6
-11
9
18
12
16
28
35
11
19
12
15
17
33
61
46
27
25
10
15
37
25
28
15
1
-5
0
14
27
39
26
16
28
4
2
7
15
12
-5
1
-5
11
19
26
17
27
19
8
43
46
23
37
46
6
48
35
26
-3
-16
33
33
20
11
1
-5
0
23
35
61
60
47
56
42
39
42
52
45
39
23
42
9
-9
0
29
25
11
-3
5
26
31
27
32
40
34
33
34
40
26
5
-18
8
-8
20
33
2
2
24
42
51
69
46
36
20
32
27
13
28
35
44
55
31
36
78
71
31
38
50
59
37
31
19
3
24
29
16
9
18
23
36
53
34
59
59
44
62
61
28
18
36
19
42
23
31
42
20
40
24
24
15
-10
-21
7
16
10
-6
-29
29
17
42
86
44
27
45
48
16
-25
-23
-39
-32
8
18
47
47
39
44
23
39
51
46
64
23
19
27
8
12
20
53
69
57
52
78
77
44
26
18
17
-1
11
27
19
23
30
49
35
29
26
16
45
46
58
57
52
29
33
64
67
37
63
38
39
62
71
66
60
29
43
38
49
55
61
111
85
80
87
105
105
110
89
80
69
60
68
62
62
61
31
36
36
67
63
68
56
49
33
24
32
-10
21
30
50
70
30
63
87
76
97
83
90
67
70
66
74
81
95
117
113
123
120
101
96
76
70
65
43
64
39
38
66
61
86
97
133
148
134
113
119
121
89
103
108
110
126
146
142
153
130
96
96
106
124
111
124
114
112
110
99
95
52
101
121
108
108
98
103
125
114
131
127
127
126
79
120
107
135
149
136
158
144
157
153
158
158
155
139
179
194
162
167
137
148
136
139
148
132
161
176
173
184
178
171
170
150
151
141
130
144
168
151
158
168
174
196
163
160
156
147
156
134
140
125
136
158
158
149
170
163
140
139
119
109
127
143
136
160
158
131
145
141
129
146
141
138
123
158
135
146
156
151
174
160
159
176
168
165
178
192
196
188
213
194
206
181
189
192
205
191
184
161
158
160
168
202
182
208
200
165
179
174
160
154
141
165
161
174
159
178
164
131
153
134
168
164
171
183
176
175
166
191
205
204
216
209
199
178
171
156
152
157
147
163
142
159
173
153
150
140
135
137
146
134
149
174
154
147
152
106
104
111
113
99
124
167
157
151
177
170
127
120
109
96
105
129
140
136
161
200
187
204
179
166
174
189
200
179
151
133
142
161
168
157
195
189
153
150
127
128
151
161
173
183
163
137
118
96
119
131
147
158
164
181
158
179
180
166
188
177
176
215
250
217
214
174
182
216
224
224
188
185
153
151
151
152
142
155
136
151
155
172
157
153
134
115
106
86
102
91
111
119
149
153
138
136
163
164
142
170
185
159
171
187
166
118
143
170
184
177
181
171
183
190
192
172
152
170
125
128
119
124
152
159
161
184
201
153
161
183
176
165
140
152
135
136
120
131
153
180
189
160
145
124
132
121
143
151
140
139
141
117
117
139
166
164
141
127
136
159
183
149
166
161
150
162
147
159
126
105
99
97
105
140
140
105
93
78
115
118
108
116
100
93
89
98
115
117
127
155
161
167
158
146
132
156
167
153
173
180
160
116
98
103
83
92
86
107
115
117
107
113
133
80
97
97
89
87
102
115
83
107
129
128
120
125
97
74
89
124
147
142
174
179
205
191
164
177
143
125
130
115
132
130
122
108
96
108
110
98
94
87
60
57
42
60
66
93
68
53
61
87
118
104
91
52
79
80
66
73
81
74
65
68
74
71
78
86
69
65
84
110
105
81
83
114
112
128
118
95
101
93
130
137
121
105
138
162
117
90
97
104
90
100
79
105
106
98
99
101
97
85
44
14
22
-8
20
10
5
48
78
93
113
118
106
112
106
88
77
83
76
72
53
61
55
32
39
68
132
136
131
121
145
149
136
94
104
116
96
98
82
109
96
83
72
51
61
52
79
115
108
109
90
95
82
73
74
98
101
98
92
103
84
89
69
83
82
74
86
113
80
79
93
85
118
126
107
113
146
113
100
69
49
44
60
84
105
110
107
106
151
162
164
160
133
99
90
96
87
75
106
77
111
91
108
117
76
97
102
140
135
119
98
70
72
72
58
65
76
57
67
74
68
84
65
90
76
91
87
97
112
99
94
82
69
100
105
85
96
100
111
93
79
82
53
54
91
105
102
113
104
106
116
124
103
106
143
144
129
119
130
118
94
88
84
97
102
120
93
85
97
102
108
107
122
112
112
116
90
64
77
56
90
100
81
103
92
82
84
62
82
102
76
88
55
67
65
97
80
50
68
50
88
113
113
68
62
58
49
38
13
25
68
80
70
80
87
97
50
29
55
51
47
48
59
72
46
54
57
30
45
81
97
84
66
33
47
70
65
55
63
54
44
65
55
66
59
67
99
91
109
104
77
93
63
112
90
81
92
88
112
89
64
45
63
33
35
43
48
35
17
-1
43
51
39
44
44
65
24
-4
11
30
22
15
-8
8
37
59
45
32
62
40
57
82
60
71
76
67
51
48
59
42
65
70
64
57
90
96
107
107
121
99
73
42
42
50
48
63
36
28
20
26
44
39
5
24
26
-3
21
15
-3
42
38
93
107
85
84
44
47
21
24
22
17
35
29
59
87
49
25
36
48
35
29
55
56
39
31
46
34
45
41
20
4
-13
6
29
51
29
24
-1
-10
13
6
-5
6
10
6
22
26
53
51
52
42
12
3
-1
-19
1
-5
3
8
6
9
11
13
31
28
14
33
26
33
24
16
0
-13
-8
-20
8
3
17
22
16
34
12
-13
20
26
34
11
9
1
-15
-14
-27
26
36
59
108
93
45
20
11
-24
-32
-31
-43
-28
-11
42
44
42
70
14
-7
0
4
11
22
7
-25
2
38
60
30
18
31
6
-22
-40
-37
-36
-25
-37
-44
-37
-17
-21
19
33
-8
10
5
19
7
1
3
-9
7
23
29
58
55
46
13
23
10
-17
-22
-47
-30
-54
-56
-35
-30
-10
-17
-18
2
-44
-43
-30
-54
-28
-33
-46
-42
-63
-91
-68
-88
-49
-39
-46
10
19
25
-11
6
10
-26
-42
-42
-34
-28
-11
-5
-14
-11
0
13
15
-19
-1
-8
24
8
7
-9
-18
-4
-18
22
34
41
33
23
3
-39
-58
-23
6
-27
-5
-23
-41
-31
-2
11
-20
-19
5
17
16
55
58
57
28
-12
-19
-11
22
20
36
33
39
69
82
53
45
34
33
19
12
42
19
34
27
23
36
37
70
69
62
28
10
16
21
27
-6
12
6
20
31
54
65
79
79
104
82
40
42
5
24
39
30
15
15
3
9
19
1
66
68
81
105
125
138
120
104
68
67
57
58
50
41
31
21
38
53
32
27
41
61
36
48
44
45
60
52
51
41
61
51
21
55
57
46
58
31
33
41
73
73
50
50
43
76
82
69
100
108
94
106
86
57
60
62
63
43
24
19
62
58
66
100
109
75
76
100
93
110
86
80
95
95
89
113
105
124
136
141
151
136
126
120
147
146
142
140
120
111
121
91
103
87
99
103
117
134
102
89
100
99
57
58
11
8
33
30
45
52
55
40
40
49
41
22
44
71
57
77
93
89
96
105
84
78
60
31
64
75
89
119
131
130
124
130
119
118
127
132
134
92
99
87
74
53
51
73
82
116
111
99
92
103
95
106
90
66
70
92
109
103
92
98
128
104
135
123
115
97
122
106
106
104
102
128
104
109
71
51
50
54
35
63
54
64
96
112
135
164
162
129
96
122
103
103
97
72
108
83
102
105
92
79
109
97
120
106
99
120
101
102
130
136
109
119
113
100
102
114
122
104
107
125
96
129
126
127
142
176
179
186
170
147
157
129
119
119
89
70
48
31
68
98
124
153
155
122
125
97
68
82
71
82
72
98
114
129
160
159
192
190
192
150
144
132
146
115
133
146
87
127
111
80
98
111
151
172
176
189
144
135
163
146
151
173
153
162
150
122
104
132
127
146
143
124
133
133
134
106
88
88
114
131
136
152
153
163
153
143
128
128
146
130
130
107
105
117
161
184
161
163
164
169
154
164
154
140
168
149
169
156
143
151
138
144
162
177
156
159
146
140
142
117
128
152
134
127
135
174
184
170
185
174
169
136
143
136
133
158
130
146
128
141
166
156
158
174
128
106
119
135
120
113
103
90
108
114
121
115
92
114
105
122
124
130
161
148
155
137
139
114
122
106
121
115
109
113
136
153
152
163
160
148
162
160
123
145
113
152
141
148
181
180
159
138
114
120
131
119
110
104
99
109
108
110
117
119
115
131
148
141
116
95
89
93
107
126
117
116
108
71
74
82
137
124
113
114
92
117
96
85
113
105
102
109
101
118
93
108
114
102
103
95
97
142
173
174
178
167
143
155
154
101
102
64
80
61
76
75
61
84
86
113
113
117
100
124
140
108
115
117
115
119
101
82
115
97
78
118
135
136
137
123
111
95
78
77
68
67
78
63
50
61
45
80
57
71
86
44
60
54
40
27
37
35
27
29
9
6
21
33
39
54
83
75
72
59
53
65
36
55
51
