-37
-47
-22
-44
-42
-41
-39
-52
-71
-58
-68
-78
-64
-66
-70
-48
-62
-53
-45
-42
-27
-48
-78
-49
-43
-41
-49
-46
-29
-35
-43
-37
-42
-40
-58
-41
-35
-42
-31
-40
-37
-36
-44
-74
-64
-51
-59
-56
-50
-58
-54
-20
-40
-67
-58
-47
-74
-27
-22
-52
-67
-47
-33
-67
-61
-68
-47
-55
-65
-55
-43
-45
-67
-40
-37
-48
-22
-49
-27
-38
-37
-30
-44
-49
-28
-31
-29
-45
-20
-21
-44
-44
-48
-43
-18
-20
-23
-31
-46
-18
-54
-34
-46
-32
-65
-54
-45
-67
-39
-54
-45
-41
-44
-55
-66
-38
-40
-8
-34
-45
-40
-60
-13
-58
-50
-48
-40
-55
-74
-50
-56
-67
-84
-29
-25
-31
-43
-57
-49
-59
-53
-55
-70
-47
-65
-76
-49
-60
-61
-44
-67
-52
-19
-32
-43
-42
-36
-34
-31
-25
-44
-40
-45
-41
-58
-72
-54
-62
-41
-62
-60
-54
-65
-56
-40
-51
-51
-63
-93
-71
-76
-86
-42
-58
-65
-71
-67
-54
-58
-56
-77
-55
-53
-49
-53
-71
-76
-67
-89
-85
-55
-72
-80
-79
-80
-85
-98
-66
-85
-97
-80
-65
-69
-77
-53
-83
-68
-55
-64
-84
-70
-49
-84
-60
-70
-73
-68
-91
-80
-77
-99
-92
-69
-77
-55
-83
-81
-89
-81
-84
-80
-71
-68
-83
-89
-74
-73
-68
-51
-67
-81
-87
-79
-78
-79
-87
-71
-62
-68
-55
-73
-56
-70
-52
-42
-50
-73
-65
-84
-56
-25
-57
-64
-52
-54
-25
-35
-79
-54
-58
-53
-50
-33
-36
-59
-25
-24
-38
-44
-50
-38
-38
-32
-49
-36
-47
-35
-1
-20
-42
-24
-43
-35
-31
-27
-32
-29
-1
-28
-25
-9
-6
-7
-17
-8
-19
-37
-11
-12
-21
-35
-39
-22
-50
-33
-29
-30
-20
-40
-28
-35
-55
-35
-10
-46
-47
-28
-23
-28
19
-13
2
-1
1
-11
-8
26
-7
12
14
6
17
0
2
13
-7
8
1
-8
7
19
-10
3
33
16
-1
-7
2
19
21
8
11
7
23
30
21
37
6
24
32
33
15
28
42
47
9
-4
7
11
61
27
26
25
31
50
33
69
64
32
41
12
25
26
8
32
37
20
40
34
9
19
14
51
48
38
36
43
34
59
27
24
49
-1
46
29
21
22
43
9
17
20
8
31
14
7
0
28
8
22
39
41
27
4
24
26
16
15
22
48
29
34
24
20
27
13
16
-3
12
19
17
16
-1
0
-9
-14
3
-6
20
-3
-3
3
-13
1
-7
-10
14
12
1
-7
7
-3
-5
-13
-12
12
25
15
-22
30
3
13
19
-9
-5
-1
-10
-6
2
3
-16
0
-24
-14
0
-8
13
-18
-6
-5
-5
5
19
-9
-11
0
2
-8
3
-24
6
16
-11
-33
-21
-4
-7
4
-5
-4
-11
-11
-22
-4
-10
8
-19
-10
-12
-4
-9
-20
-19
-9
-2
-30
-18
-2
-25
-20
-9
-3
3
-19
-9
2
24
7
-7
-1
11
17
13
-9
-12
12
6
-11
-3
0
-9
6
15
9
15
20
3
11
-12
20
14
17
34
30
25
9
24
13
12
2
19
44
-1
7
-3
2
25
8
13
4
7
1
20
29
25
32
36
45
38
25
4
5
16
26
17
7
16
13
48
43
27
1
34
51
31
24
19
32
16
23
39
14
19
22
16
16
27
29
13
13
17
14
25
34
5
9
10
5
-25
-13
12
14
22
-3
19
7
37
28
4
23
22
2
12
32
14
22
33
22
22
24
22
21
23
23
25
19
42
49
16
50
37
37
32
54
47
42
45
24
45
29
45
35
24
35
31
34
37
51
44
42
35
28
25
50
41
56
41
20
45
59
65
65
83
74
66
54
63
88
69
77
66
75
58
51
66
71
55
57
49
48
84
70
70
78
84
87
63
44
70
59
48
45
41
56
47
53
48
49
19
14
37
43
31
49
40
47
43
28
29
-3
6
30
53
27
28
39
33
45
57
44
64
58
45
68
40
40
52
54
47
60
46
47
42
47
63
45
67
59
64
63
45
64
84
69
73
84
71
61
79
70
71
64
60
91
50
49
67
82
86
82
70
87
64
69
84
59
79
76
74
84
78
67
94
92
67
73
57
41
47
69
67
49
45
67
64
39
55
46
65
52
49
68
70
51
29
65
83
39
67
39
30
56
62
48
65
71
59
59
65
68
56
68
53
55
58
81
74
68
55
57
58
58
52
46
59
53
56
72
90
90
102
86
78
89
99
89
93
116
89
111
123
121
114
124
77
108
113
83
123
98
102
85
96
99
73
100
93
103
111
131
94
88
90
83
87
78
53
91
105
78
88
80
78
79
91
69
84
90
75
76
94
87
89
85
86
72
90
86
78
87
84
96
70
70
73
95
90
68
57
51
67
89
74
62
86
96
79
76
91
82
66
83
69
58
74
58
65
87
66
100
89
79
88
103
109
100
97
96
100
95
105
112
114
86
111
99
99
125
108
96
70
82
90
76
114
104
94
116
99
65
89
95
97
95
105
74
86
80
73
110
101
110
76
92
94
88
96
95
102
109
118
95
93
101
109
101
114
123
109
118
118
108
124
112
108
139
98
107
115
112
82
70
96
96
120
110
137
148
110
132
130
126
145
133
119
121
118
124
142
134
134
131
182
149
142
133
139
145
127
157
141
155
148
155
146
128
139
174
144
150
174
145
163
162
150
119
149
176
158
159
157
160
153
186
176
167
173
168
200
160
164
152
162
157
137
168
143
139
145
136
125
130
146
159
156
147
147
128
134
146
137
155
156
156
153
148
160
150
148
134
134
144
130
140
138
137
154
137
139
135
155
139
122
118
103
130
136
116
137
147
131
149
122
137
126
133
153
118
140
169
161
148
149
133
133
126
106
124
147
138
124
120
148
128
132
137
145
174
147
136
151
114
90
110
105
80
105
94
121
115
108
110
96
122
114
112
96
117
106
111
98
100
124
119
128
122
118
124
150
141
128
104
124
129
134
151
134
139
133
112
118
120
110
116
119
123
131
111
114
124
154
131
156
157
137
162
176
172
143
148
132
154
140
127
121
109
118
130
151
144
165
171
173
176
139
130
151
126
130
128
115
112
118
147
117
110
136
133
138
170
139
162
158
148
145
125
134
141
157
140
148
129
120
136
129
153
150
142
146
140
143
132
150
148
126
143
122
107
99
86
90
116
124
125
127
142
143
129
88
105
101
111
105
116
132
115
114
106
131
142
131
138
128
141
136
138
126
92
130
99
90
95
92
94
123
118
131
107
92
137
153
138
104
107
71
58
56
58
44
54
68
91
96
89
117
117
112
95
65
87
85
68
44
48
57
42
72
56
68
79
88
78
79
75
63
75
65
53
63
54
33
26
47
58
60
75
78
102
110
115
84
76
50
52
75
51
50
32
42
50
21
16
19
22
33
62
73
60
81
44
48
53
37
53
34
56
49
46
60
56
34
54
55
27
17
33
23
34
20
30
42
54
58
45
53
36
34
49
31
18
35
2
32
14
8
22
-2
-7
41
54
26
64
66
61
88
83
97
87
108
90
60
97
66
59
26
34
33
-8
3
38
37
45
44
56
39
16
18
-8
5
-11
-23
-20
5
20
57
52
59
107
81
64
57
53
22
10
-18
3
-15
-16
9
18
8
-12
2
4
22
-16
-12
-19
-32
-31
-51
-53
-47
-38
-34
-12
-8
2
11
4
72
61
51
74
88
65
74
38
-9
-40
-85
-83
-85
-72
-55
-48
-60
-14
-6
25
33
19
25
-17
-46
-71
-98
-103
-98
-119
-106
-99
-58
-42
-56
-18
-5
55
42
44
61
49
15
-1
1
-28
-55
-74
-92
-120
-130
-169
-156
-140
-113
-120
-94
-98
-56
1
4
5
-15
-7
-1
7
-59
-47
-53
-25
-58
-88
-70
-66
-40
-22
12
22
53
67
70
69
51
13
-7
-59
-83
-89
-122
-166
-172
-178
-240
-231
-248
-221
-197
-188
-129
-119
-108
-84
-89
-27
-34
-47
-26
-33
-46
-57
-80
-103
-133
-145
-137
-158
-153
-113
-131
-160
-133
-109
-88
-91
-88
-68
-66
-42
-43
-63
-63
-30
-40
-37
-54
-57
-37
-37
-44
-45
-30
-33
-33
-27
-49
-33
0
-27
6
-21
-1
14
-1
22
13
28
22
24
33
35
47
86
73
48
53
56
48
48
9
-17
-31
-46
-21
-12
-3
19
43
61
87
101
99
123
120
159
140
133
150
116
76
79
102
73
79
58
72
94
124
135
129
168
166
177
189
183
206
185
173
159
127
124
129
104
106
111
87
120
132
131
147
155
170
198
210
216
222
245
234
238
230
232
227
222
237
206
212
169
158
157
143
128
131
101
96
92
75
75
94
97
97
140
117
136
163
151
149
170
162
174
107
86
91
75
50
18
7
-17
-30
-47
-45
-72
-48
-68
-103
-110
-161
-166
-179
-196
-229
-224
-217
-209
-209
-190
-159
-152
-137
-155
-147
-129
-143
-151
-179
-147
-178
-212
-216
-215
-244
-267
-271
-268
-300
-323
-346
-351
-368
-401
-391
-409
-450
-474
-475
-481
-464
-450
-447
-413
-372
-332
-282
-246
-188
-141
-122
-88
-69
-49
-62
-46
-70
-86
-102
-57
-37
-45
-25
-4
69
95
140
197
220
284
290
305
338
353
342
366
393
421
458
506
572
642
707
781
853
932
1019
1062
1151
1217
1258
1262
1251
1251
1245
1208
1177
1167
1180
1147
1135
1163
1165
1175
1196
1184
1192
1193
1210
1176
1132
1094
1035
964
849
716
586
428
277
163
55
-73
-177
-250
-312
-354
-378
-380
-387
-370
-335
-331
-299
-286
-285
-254
-235
-241
-232
-210
-203
-194
-183
-158
-154
-169
-157
-196
-232
-266
-316
-395
-543
-641
-781
-914
-1025
-1134
-1234
-1335
-1362
-1358
-1352
-1312
-1268
-1193
-1125
-1051
-983
-937
-851
-791
-745
-721
-695
-656
-636
-643
-614
-579
-568
-533
-503
-459
-446
-452
-437
-459
-491
-495
-504
-528
-550
-563
-547
-559
-568
-578
-549
-506
-467
-433
-396
-349
-288
-230
-224
-176
-140
-90
-45
-20
16
67
145
175
232
303
381
460
523
617
685
770
853
901
993
1064
1121
1159
1188
1226
1266
1307
1370
1451
1469
1549
1671
1730
1800
1887
1934
1995
2024
2007
1942
1878
1686
1433
1149
832
537
230
-37
-302
-538
-742
-870
-936
-940
-924
-870
-767
-657
-571
-461
-376
-312
-222
-168
-120
-39
9
36
132
214
283
363
425
445
451
436
381
314
188
29
-134
-305
-527
-714
-913
-1050
-1162
-1255
-1301
-1337
-1312
-1267
-1228
-1187
-1180
-1157
-1111
-1101
-1100
-1099
-1058
-1018
-955
-894
-801
-738
-664
-549
-437
-343
-284
-237
-237
-274
-359
-462
-541
-681
-834
-957
-1070
-1146
-1206
-1225
-1236
-1228
-1198
-1145
-1062
-959
-869
-820
-746
-697
-637
-600
-541
-530
-495
-447
-401
-324
-239
-182
-107
-27
34
90
121
148
158
145
158
151
191
259
294
359
439
528
654
789
929
1021
1131
1253
1309
1372
1463
1522
1615
1650
1689
1753
1866
1929
2017
2114
2196
2263
2316
2339
2278
2239
2105
1853
1542
1200
789
440
93
-237
-520
-788
-992
-1137
-1205
-1209
-1127
-1042
-925
-791
-670
-557
-424
-327
-230
-159
-107
-35
24
90
169
251
344
443
499
574
604
611
593
545
425
266
72
-160
-397
-631
-843
-1017
-1193
-1303
-1379
-1426
-1410
-1385
-1312
-1224
-1148
-1093
-1034
-1004
-1013
-1021
-989
-977
-998
-984
-914
-848
-800
-703
-569
-398
-304
-211
-162
-98
-87
-149
-243
-370
-510
-652
-825
-1002
-1132
-1226
-1307
-1367
-1354
-1299
-1229
-1184
-1053
-959
-844
-750
-710
-624
-605
-596
-586
-562
-501
-465
-405
-346
-293
-199
-113
-47
4
74
131
134
113
134
131
129
135
175
228
295
366
478
580
667
785
924
1038
1179
1281
1386
1479
1588
1671
1734
1831
1913
2013
2071
2132
2195
2288
2373
2418
2441
2469
2454
2392
2300
2136
1926
1622
1279
909
548
187
-134
-445
-690
-911
-1105
-1193
-1238
-1196
-1120
-996
-884
-771
-652
-501
-383
-287
-161
-87
21
96
198
287
347
455
556
646
716
752
741
748
667
580
444
292
82
-124
-360
-594
-792
-972
-1124
-1252
-1353
-1398
-1398
-1383
-1291
-1244
-1160
-1097
-990
-928
-914
-915
-927
-889
-863
-826
-819
-778
-710
-651
-508
-399
-307
-219
-149
-123
-98
-114
-179
-262
-428
-574
-744
-888
-1046
-1142
-1221
-1310
-1325
-1318
-1243
-1183
-1111
-984
-890
-795
-745
-661
-589
-550
-518
-518
-480
-464
-433
-388
-355
-298
-197
-143
-85
18
80
130
160
235
258
293
303
304
315
356
392
427
489
550
654
745
902
1031
1174
1309
1452
1572
1665
1765
1892
1967
2022
2058
2121
2166
2207
2270
2287
2316
2315
2336
2343
2297
2275
2151
2034
1800
1535
1207
846
505
112
-214
-528
-788
-1016
-1189
-1291
-1344
-1301
-1206
-1093
-962
-797
-661
-517
-357
-268
-154
-69
-11
66
140
201
275
358
443
510
569
609
638
649
630
571
472
327
139
-91
-276
-526
-749
-948
-1127
-1248
-1375
-1455
-1491
-1456
-1438
-1383
-1276
-1182
-1100
-1047
-1026
-981
-931
-875
-879
-872
-843
-793
-727
-685
-597
-462
-355
-266
-213
-165
-126
-134
-174
-298
-401
-519
-685
-845
-982
-1119
-1229
-1299
-1327
-1353
-1330
-1245
-1185
-1107
-979
-886
-791
-742
-695
-619
-625
-563
-539
-522
-517
-489
-429
-408
-338
-250
-193
-160
-82
-33
24
71
105
140
143
134
129
143
188
213
244
328
404
516
618
735
888
1021
1152
1295
1404
1537
1664
1797
1874
1937
2006
2059
2124
2135
2194
2261
2328
2364
2390
2434
2455
2443
2386
2271
2124
1955
1652
1273
888
528
164
-207
-552
-850
-1112
-1305
-1425
-1475
-1429
-1362
-1281
-1160
-1012
-875
-735
-588
-455
-332
-264
-199
-120
-37
23
141
219
312
426
531
624
649
731
724
679
616
474
335
132
-111
-308
-536
-759
-959
-1161
-1331
-1459
-1506
-1494
-1498
-1440
-1409
-1352
-1257
-1177
-1098
-1090
-1087
-1056
-1026
-1039
-1023
-970
-946
-888
-804
-678
-565
-432
-350
-252
-185
-156
-132
-190
-278
-414
-580
-733
-940
-1082
-1210
-1317
-1404
-1446
-1444
-1431
-1358
-1269
-1134
-1017
-932
-815
-725
-653
-620
-591
-597
-640
-648
-673
-637
-640
-612
-571
-510
-394
-277
-180
-59
38
117
212
286
301
325
339
297
257
255
258
276
272
287
358
469
612
747
889
1073
1275
1402
1573
1749
1903
2035
2125
2187
2265
2375
2412
2426
2419
2468
2475
2453
2454
2448
2360
2262
2132
1954
1709
1408
1025
648
242
-159
-498
-842
-1154
-1395
-1556
-1682
-1696
-1644
-1546
-1421
-1285
-1129
-929
-750
-593
-469
-347
-229
-135
-51
61
144
231
327
434
556
639
745
758
808
810
773
686
557
387
172
-43
-313
-543
-796
-1044
-1218
-1361
-1515
-1592
-1587
-1598
-1567
-1487
-1393
-1311
-1253
-1159
-1102
-1063
-1033
-987
-967
-946
-943
-922
-818
-739
-601
-510
-386
-303
-265
-181
-173
-167
-189
-289
-422
-591
-765
-919
-1088
-1241
-1364
-1479
-1538
-1541
-1483
-1406
-1311
-1206
-1082
-992
-873
-771
-715
-667
-643
-629
-630
-612
-582
-563
-566
-507
-405
-314
-209
-97
-12
109
199
272
343
349
380
382
344
314
292
281
305
331
346
414
520
644
774
929
1118
1288
1471
1638
1825
1991
2102
2241
2325
2377
2441
2510
2547
2597
2661
2707
2761
2749
2697
2662
2536
2344
2083
1725
1350
916
487
29
-397
-749
-1100
-1352
-1591
-1712
-1740
-1751
-1650
-1507
-1339
-1192
-993
-822
-644
-513
-389
-257
-182
-69
51
162
271
389
507
639
753
862
979
1042
1081
1043
964
844
697
466
191
-66
-368
-632
-896
-1112
-1343
-1485
-1583
-1621
-1621
-1610
-1521
-1457
-1370
-1290
-1177
-1091
-1041
-977
-925
-903
-881
-858
-814
-735
-686
-615
-551
-458
-361
-289
-248
-221
-207
-217
-293
-373
-505
-669
-822
-1044
-1178
-1299
-1425
-1524
-1560
-1600
-1570
-1476
-1405
-1289
-1179
-1062
-986
-882
-788
-696
-645
-593
-574
-559
-502
-458
-402
-325
-252
-191
-82
40
142
237
329
381
433
491
496
446
439
414
379
365
352
337
352
401
487
606
742
880
1044
1264
1407
1574
1756
1922
2072
2193
2292
2395
2460
2508
2572
2640
2696
2759
2779
2781
2752
2708
2620
2462
2270
1970
1634
1220
804
407
0
-409
-796
-1096
-1367
-1541
-1674
-1699
-1674
-1591
-1482
-1333
-1168
-993
-789
-655
-475
-331
-217
-91
-11
119
230
325
458
579
677
775
867
960
1004
1010
994
913
805
645
418
170
-108
-357
-618
-882
-1076
-1310
-1435
-1560
-1624
-1609
-1582
-1544
-1479
-1382
-1314
-1199
-1111
-1048
-997
-946
-924
-878
-852
-790
-755
-685
-600
-534
-454
-335
-226
-162
-135
-149
-170
-229
-362
-500
-658
-833
-981
-1166
-1343
-1444
-1549
-1614
-1592
-1590
-1505
-1399
-1292
-1188
-1074
-938
-836
-766
-718
-669
-592
-537
-548
-476
-419
-386
-337
-245
-158
-76
38
138
243
354
435
466
483
525
519
484
450
424
406
395
400
417
478
565
678
787
967
1150
1325
1493
1657
1825
2001
2162
2261
2356
2422
2498
2516
2546
2564
2613
2623
2640
2627
2584
2555
2441
2284
2055
1780
1445
1074
695
292
-121
-494
-826
-1141
-1375
-1526
-1616
-1667
-1654
-1569
-1441
-1290
-1116
-922
-754
-590
-439
-324
-230
-123
-41
64
172
265
372
470
571
672
749
803
866
875
844
780
669
483
312
85
-154
-417
-681
-905
-1127
-1313
-1455
-1539
-1603
-1616
-1578
-1518
-1453
-1354
-1259
-1159
-1055
-957
-901
-866
-817
-817
-776
-739
-746
-679
-604
-529
-516
-428
-328
-284
-251
-261
-295
-353
-441
-565
-706
-876
-1016
-1151
-1324
-1423
-1502
-1533
-1532
-1525
-1471
-1364
-1254
-1179
-1053
-942
-836
-759
-685
-623
-572
-539
-505
-474
-430
-393
-360
-291
-245
-174
-123
-25
32
124
185
214
235
231
256
277
283
247
254
254
288
351
412
511
612
741
865
1021
1198
1393
1562
1719
1891
2045
2206
2304
2365
2457
2498
2520
2553
2543
2521
2542
2532
2514
2451
2390
2304
2160
1980
1738
1478
1113
752
368
24
-304
-627
-939
-1210
-1400
-1498
-1580
-1578
-1506
-1416
-1274
-1116
-952
-773
-623
-481
-332
-230
-111
-29
39
119
180
273
335
410
498
553
641
683
699
693
649
587
448
293
90
-124
-363
-619
-820
-1021
-1198
-1362
-1451
-1480
-1506
-1520
-1471
-1411
-1310
-1201
-1108
-983
-915
-879
-852
-848
-848
-820
-820
-807
-760
-710
-657
-595
-510
-404
-357
-303
-294
-310
-321
-416
-520
-662
-785
-959
-1122
-1258
-1365
-1439
-1499
-1508
-1529
-1440
-1310
-1211
-1087
-941
-807
-700
-644
-570
-500
-466
-456
-442
-475
-462
-434
-446
-394
-343
-243
-148
-67
18
136
206
278
360
393
420
435
417
385
373
337
366
361
362
427
519
645
745
915
1089
1256
1475
1668
1808
1969
2093
2212
2300
2355
2428
2442
2449
2470
2507
2515
2505
2503
2498
2467
2395
2284
2171
2013
1815
1554
1237
875
539
179
-197
-544
-843
-1035
-1232
-1358
-1391
-1378
-1366
-1260
-1143
-986
-788
-626
-513
-362
-231
-150
-54
29
95
152
235
280
371
465
545
614
683
742
741
768
694
591
487
330
137
-93
-319
-533
-746
-937
-1113
-1254
-1338
-1368
-1372
-1347
-1308
-1213
-1135
-1025
-912
-849
-784
-743
-715
-726
-739
-734
-715
-714
-706
-672
-629
-542
-481
-391
-322
-296
-285
-284
-277
-362
-478
-585
-704
-863
-1004
-1143
-1231
-1320
-1372
-1415
-1367
-1290
-1206
-1081
-981
-853
-721
-616
-542
-533
-482
-434
-443
-471
-478
-447
-462
-422
-379
-310
-227
-152
-10
82
187
274
306
370
388
397
404
375
349
328
334
330
336
381
462
575
700
838
994
1165
1384
1579
1750
1920
2071
2240
2331
2443
2498
2518
2514
2506
2517
2494
2477
2482
2493
2472
2425
2385
2314
2233
2098
1898
1625
1312
974
612
261
-78
-434
-735
-964
-1177
-1285
-1346
-1364
-1340
-1236
-1103
-933
-762
-588
-448
-300
-188
-93
9
59
143
182
241
286
331
387
485
550
598
663
718
726
699
615
508
410
215
-13
-187
-393
-651
-844
-1023
-1140
-1272
-1315
-1323
-1298
-1234
-1182
-1079
-988
-866
-772
-714
-659
-614
-588
-590
-584
-614
-628
-644
-611
-568
-516
-473
-474
-386
-346
-336
-326
-343
-353
-435
-543
-655
-742
-865
-976
-1118
-1206
-1238
-1292
-1303
-1297
-1205
-1099
-1028
-946
-815
-720
-640
-549
-530
-466
-428
-429
-407
-415
-382
-345
-305
-294
-192
-114
-39
33
121
216
290
336
349
369
375
359
351
368
365
385
390
441
505
627
740
856
1016
1158
1312
1485
1606
1743
1892
2010
2115
2174
2305
2404
2496
2555
2606
2692
2747
2784
2828
2826
2820
2814
2724
2614
2411
2172
1879
1506
1136
731
349
-47
-403
-719
-952
-1162
-1315
-1333
-1378
-1340
-1257
-1183
-1063
-898
-749
-641
-502
-385
-270
-166
-96
-7
84
189
289
419
527
631
736
822
894
936
909
885
817
697
521
312
135
-112
-355
-566
-791
-949
-1107
-1226
-1289
-1314
-1281
-1255
-1184
-1139
-1030
-937
-862
-798
-760
-712
-710
-686
-683
-656
-669
-629
-563
-495
-410
-338
-253
-213
-142
-121
-108
-173
-238
-334
-469
-611
-734
-876
-1017
-1140
-1263
-1323
-1346
-1336
-1299
-1228
-1150
-1050
-915
-822
-703
-634
-563
-514
-502
-516
-488
-463
-474
-457
-466
-393
-366
-287
-217
-118
-15
85
190
243
360
384
421
426
410
403
396
373
371
365
425
475
543
654
771
933
1088
1282
1438
1631
1830
1980
2146
2277
2411
2505
2561
2595
2593
2594
2594
2605
2552
2525
2497
2463
2388
2275
2199
2065
1896
1636
1377
1074
738
422
79
-262
-559
-822
-1051
-1224
-1326
-1371
-1367
-1319
-1208
-1074
-901
-724
-563
-382
-253
-143
-41
65
135
191
264
330
368
419
477
499
560
604
606
643
622
570
507
403
265
87
-87
-306
-541
-733
-899
-1059
-1187
-1288
-1339
-1354
-1282
-1225
-1173
-1062
-948
-866
-722
-644
-569
-490
-456
-433
-441
-433
-455
-472
-453
-462
-464
-434
-422
-446
-433
-394
-394
-421
-506
-580
-675
-736
-851
-1001
-1086
-1177
-1263
-1313
-1339
-1323
-1276
-1275
-1192
-1078
-993
-890
-791
-720
-644
-562
-492
-480
-459
-416
-422
-427
-410
-361
-344
-317
-260
-169
-107
-40
16
87
121
202
243
282
326
352
405
427
473
479
535
635
735
836
1006
1122
1252
1424
1569
1747
1902
2058
2196
2311
2420
2477
2565
2613
2611
2647
2637
2602
2583
2518
2482
2396
2310
2191
2030
1849
1601
1294
1003
714
342
35
-283
-587
-852
-1054
-1232
-1297
-1348
-1360
-1308
-1203
-1068
-951
-754
-583
-460
-315
-195
-74
40
110
166
247
329
381
422
479
558
588
605
625
634
623
579
510
370
205
55
-111
-348
-507
-721
-900
-1055
-1174
-1252
-1334
-1311
-1305
-1233
-1154
-1068
-953
-863
-776
-702
-633
-564
-553
-525
-530
-549
-544
-535
-505
-488
-446
-382
-336
-329
-303
-282
-314
-368
-415
-512
-633
-725
-877
-1015
-1120
-1207
-1305
-1351
-1365
-1340
-1272
-1206
-1084
-999
-871
-754
-660
-591
-525
-467
-453
-436
-434
-423
-415
-432
-414
-385
-348
-266
-222
-132
-42
64
146
184
260
301
331
328
341
376
402
394
403
452
522
625
703
847
1018
1194
1379
1577
1796
1985
2148
2312
2435
2521
2622
2685
2712
2741
2709
2693
2643
2610
2570
2504
2422
2318
2245
2080
1908
1673
1372
1034
716
386
64
-261
-608
-836
-1056
-1244
-1348
-1375
-1370
-1297
-1239
-1085
-920
-749
-547
-416
-263
-138
7
112
190
266
312
356
409
480
510
550
599
612
642
638
631
593
498
390
268
86
-92
-290
-499
-703
-896
-1039
-1183
-1273
-1358
-1356
-1331
-1270
-1199
-1094
-960
-855
-769
-694
-626
-588
-519
-531
-503
-518
-511
-500
-506
-446
-391
-342
-271
-263
-233
-196
-198
-235
-346
-419
-518
-645
-773
-924
-1042
-1177
-1291
-1330
-1373
-1349
-1282
-1223
-1151
-1052
-923
-819
-718
-630
-544
-465
-446
-439
-411
-389
-421
-431
-434
-417
-360
-328
-270
-185
-97
-26
90
178
271
340
355
416
455
478
471
485
513
539
606
662
756
888
1043
1204
1400
1601
1784
1961
2127
2284
2429
2540
2618
2674
2727
2720
2693
2676
2666
2601
2544
2480
2397
2252
2118
1993
1753
1497
1190
909
614
306
-33
-327
-614
-875
-1056
-1213
-1296
-1318
-1325
-1279
-1165
-1034
-882
-730
-592
-403
-227
-97
7
125
232
268
328
395
423
492
545
583
617
632
629
620
581
525
455
335
185
17
-143
-326
-532
-726
-924
-1061
-1200
-1298
-1329
-1372
-1375
-1330
-1244
-1142
-1063
-950
-877
-836
-755
-706
-697
-688
-652
-628
-610
-606
-536
-470
-458
-388
-358
-308
-275
-284
-307
-351
-418
-533
-669
-804
-903
-1039
-1165
-1264
-1341
-1398
-1395
-1361
-1331
-1231
-1171
-1078
-942
-808
-696
-621
-542
-500
-445
-450
-435
-447
-453
-440
-442
-430
-389
-335
-296
-196
-149
-45
78
200
272
338
405
454
470
474
499
519
539
583
651
694
797
864
1004
1180
1370
1586
1737
1913
2096
2254
2396
2464
2554
2631
2621
2621
2590
2553
2504
2434
2366
2278
2182
2049
1909
1716
1501
1278
978
713
414
99
-179
-475
-711
-955
-1161
-1270
-1343
-1399
-1384
-1311
-1237
-1114
-961
-793
-608
-463
-297
-155
-32
90
164
255
291
334
357
402
425
461
455
460
471
454
403
345
286
184
65
-90
-261
-430
-600
-777
-951
-1122
-1239
-1340
-1397
-1416
-1418
-1372
-1299
-1217
-1103
-1017
-950
-895
-827
-789
-724
-702
-692
-657
-635
-625
-575
-525
-510
-479
-463
-431
-427
-428
-466
-503
-562
-651
-765
-861
-969
-1081
-1177
-1293
-1350
-1364
-1358
-1355
-1309
-1258
-1174
-1064
-1001
-897
-811
-734
-675
-642
-594
-585
-564
-560
-565
-528
-480
-479
-428
-379
-300
-203
-117
17
98
226
278
336
420
471
503
527
547
536
567
613
671
745
867
998
1132
1290
1510
1680
1887
2085
2223
2363
2481
2577
2641
2668
2656
2611
2552
2502
2460
2365
2225
2094
1936
1762
1562
1337
1111
854
569
299
5
-283
-543
-790
-998
-1180
-1318
-1363
-1438
-1425
-1351
-1270
-1137
-992
-843
-630
-446
-316
-137
15
124
240
313
358
446
498
522
528
549
567
546
526
493
459
431
333
193
80
-43
-195
-386
-544
-743
-919
-1050
-1199
-1284
-1346
-1395
-1412
-1410
-1314
-1221
-1176
-1083
-1014
-961
-885
-811
-761
-757
-726
-675
-635
-612
-557
-481
-445
-413
-395
-372
-347
-326
-385
-438
-523
-606
-696
-818
-900
-1026
-1134
-1219
-1286
-1330
-1308
-1292
-1255
-1227
-1160
-1066
-981
-917
-863
-779
-723
-670
-601
-547
-550
-526
-488
-461
-403
-347
-272
-211
-112
0
66
160
257
351
428
456
490
517
516
547
561
574
606
626
692
798
930
1072
1201
1383
1551
1738
1897
2050
2195
2304
2437
2480
2537
2567
2561
2535
2502
2465
2403
2332
2242
2133
2007
1861
1638
1402
1152
892
605
297
7
-276
-529
-779
-1013
-1153
-1290
-1404
-1422
-1397
-1381
-1259
-1125
-984
-847
-669
-483
-334
-182
-75
41
140
220
285
356
395
432
453
498
506
520
494
503
505
416
369
268
139
21
-162
-325
-507
-676
-854
-1016
-1153
-1245
-1339
-1413
-1404
-1413
-1341
-1299
-1247
-1195
-1141
-1049
-962
-895
-843
-792
-717
-631
-548
-496
-457
-396
-356
-340
-279
-235
-266
-289
-343
-393
-463
-544
-608
-696
-794
-880
-979
-1041
-1082
-1122
-1115
-1142
-1126
-1106
-1053
-973
-917
-850
-790
-710
-659
-607
-549
-507
-467
-439
-385
-327
-269
-181
-116
-49
66
143
237
320
397
467
540
600
655
689
716
750
758
777
841
896
946
1034
1124
1225
1350
1488
1628
1781
1919
2065
2201
2308
2411
2469
2518
2549
2541
2509
2470
2416
2324
2210
2096
1956
1765
1580
1356
1116
866
596
341
81
-152
-401
-593
-816
-966
-1117
-1193
-1212
-1235
-1225
-1180
-1100
-1005
-898
-758
-624
-486
-318
-197
-91
36
147
222
315
382
424
449
490
512
524
502
488
441
378
303
213
109
-26
-189
-317
-472
-584
-755
-921
-1014
-1124
-1200
-1249
-1290
-1320
-1278
-1278
-1222
-1140
-1075
-1022
-990
-915
-893
-827
-757
-716
-662
-609
-574
-535
-504
-470
-392
-409
-431
-406
-414
-431
-509
-581
-643
-686
-792
-883
-950
-1029
-1079
-1164
-1187
-1181
-1164
-1118
-1122
-1076
-1009
-929
-883
-802
-719
-684
-626
-593
-567
-511
-464
-451
-445
-388
-314
-238
-173
-98
9
111
229
331
399
491
572
607
659
707
751
766
779
800
867
941
996
1069
1180
1310
1442
1598
1730
1911
2050
2187
2283
2391
2473
2473
2490
2467
2443
2400
2270
2192
2051
1905
1767
1569
1357
1160
936
681
475
215
-6
-209
-413
-624
-783
-924
-1060
-1130
-1189
-1205
-1172
-1163
-1107
-1047
-914
-778
-658
-502
-367
-256
-111
11
128
219
294
370
413
438
467
465
467
436
373
354
264
179
111
9
-73
-212
-335
-463
-604
-725
-844
-938
-1065
-1130
-1177
-1216
-1242
-1245
-1239
-1204
-1152
-1085
-1008
-950
-922
-873
-801
-724
-667
-652
-595
-540
-479
-504
-471
-441
-443
-446
-485
-495
-502
-554
-581
-678
-733
-758
-856
-919
-987
-1012
-1070
-1101
-1108
-1112
-1066
-1044
-1015
-983
-925
-863
-838
-770
-737
-665
-625
-597
-554
-498
-433
-414
-384
-312
-214
-164
-94
13
110
214
302
378
482
544
602
656
663
687
752
787
817
866
951
1030
1100
1205
1353
1487
1617
1754
1918
2059
2180
2289
2380
2461
2492
2487
2464
2419
2390
2277
2150
2051
1922
1752
1575
1373
1149
938
693
474
249
24
-209
-424
-624
-801
-925
-1040
-1121
-1181
-1220
-1208
-1173
-1147
-1049
-951
-822
-692
-553
-400
-268
-154
-21
116
210
276
356
417
441
443
441
464
415
396
364
290
250
151
48
-83
-193
-289
-402
-534
-683
-790
-895
-986
-1079
-1124
-1176
-1215
-1231
-1215
-1194
-1151
-1113
-1096
-1052
-968
-921
-870
-798
-716
-659
-622
-555
-507
-473
-445
-417
-399
-380
-413
-439
-462
-501
-538
-584
-649
-725
-799
-865
-949
-1013
-1026
-1050
-1066
-1064
-1067
-1042
-1026
-1015
-943
-887
-838
-773
-728
-674
-622
-545
-494
-468
-413
-381
-310
-257
-199
-127
-52
53
159
246
337
417
535
579
652
707
777
811
860
929
935
984
1040
1089
1167
1262
1370
1480
1629
1781
1910
2035
2148
2271
2402
2471
2517
2554
2554
2533
2467
2406
2308
2167
2004
1825
1632
1403
1186
942
716
502
288
42
-199
-378
-539
-681
-810
-895
-986
-1030
-1049
-1056
-1032
-1007
-940
-847
-752
-636
-513
-382
-234
-96
22
135
241
333
407
492
530
553
575
620
595
555
492
416
343
262
152
1
-115
-241
-367
-470
-600
-698
-804
-883
-990
-1039
-1049
-1088
-1128
-1111
-1066
-1057
-1025
-1031
-986
-936
-854
-813
-780
-688
-590
-531
-478
-430
-360
-291
-278
-246
-243
-224
-240
-296
-360
-395
-457
-521
-616
-696
-755
-806
-853
-909
-892
-925
-953
-946
-925
-853
-801
-761
-722
-656
-615
-556
-544
-494
-449
-396
-361
-339
-250
-197
-150
-84
-4
103
209
315
429
520
620
722
788
811
888
926
964
992
1012
1100
1137
1186
1244
1324
1425
1521
1645
1764
1899
2020
2177
2273
2368
2490
2520
2557
2582
2590
2574
2507
2408
2323
2176
2046
1869
1678
1453
1224
1001
750
536
296
48
-157
-359
-530
-663
-800
-886
-966
-1030
-1044
-1039
-1013
-966
-892
-803
-712
-619
-497
-362
-260
-106
9
116
201
293
408
443
508
554
581
600
561
558
520
445
347
262
172
69
-65
-201
-299
-432
-542
-655
-759
-870
-944
-1016
-1079
-1124
-1094
-1069
-1082
-1035
-998
-963
-901
-869
-799
-726
-674
-599
-576
-545
-468
-429
-392
-378
-370
-331
-349
-326
-338
-357
-360
-391
-437
-496
-548
-614
-630
-688
-763
-822
-835
-891
-897
-894
-904
-862
-858
-858
-819
-756
-697
-636
-596
-540
-495
-429
-390
-353
-298
-229
-183
-132
-55
28
124
174
274
369
440
538
624
693
766
814
864
913
981
1042
1069
1089
1175
1270
1316
1383
1479
1599
1704
1818
1919
2055
2158
2271
2342
2406
2472
2515
2485
2437
2382
2301
2168
2014
1865
1681
1486
1253
1003
785
565
351
168
-91
-272
-424
-574
-690
-790
-880
-947
-967
-994
-996
-961
-945
-877
-807
-754
-637
-549
-457
-334
-234
-103
18
126
234
312
378
442
478
503
485
488
460
432
366
267
167
49
-57
-186
-294
-423
-554
-651
-749
-866
-917
-1005
-1069
-1104
-1107
-1127
-1136
-1151
-1112
-1096
-1098
-1058
-1037
-941
-878
-839
-788
-711
-637
-554
-505
-414
-356
-337
-297
-284
-278
-260
-268
-346
-389
-437
-478
-544
-602
-684
-726
-754
-809
-824
-845
-846
-837
-810
-815
-773
-726
-713
-672
-652
-633
-610
-571
-496
-484
-413
-377
-338
-259
-179
-109
-41
77
173
284
420
473
591
678
737
837
879
919
963
1019
1049
1107
1145
1260
1298
1356
1485
1578
1677
1769
1886
2002
2115
2179
2276
2324
2369
2406
2377
2339
2330
2267
2182
2063
1934
1814
1658
1471
1296
1100
875
663
475
272
98
-84
-273
-421
-567
-692
-776
-842
-908
-944
-958
-939
-912
-865
-792
-722
-634
-518
-411
-315
-190
-74
21
134
202
287
337
412
446
435
451
430
434
413
352
265
189
96
25
-90
-215
-294
-404
-517
-626
-731
-827
-898
-991
-1071
-1121
-1169
-1210
-1238
-1223
-1232
-1203
-1157
-1072
-976
-907
-818
-760
-651
-547
-449
-361
-319
-280
-241
-210
-198
-232
-270
-290
-337
-390
-411
-467
-487
-536
-598
-633
-648
-681
-684
-690
-714
-741
-725
-713
-719
-708
-708
-703
-706
-699
-664
-657
-613
-561
-522
-436
-381
-274
-192
-100
-9
80
195
272
404
498
573
653
680
742
807
836
876
877
919
943
987
1066
1126
1183
1284
1401
1521
1627
1753
1863
1977
2085
2139
2222
2296
2313
2321
2327
2271
2249
2178
2082
1960
1848
1708
1559
1395
1211
1039
853
678
460
289
101
-91
-234
-391
-553
-683
-802
-904
-948
-983
-1000
-1012
-968
-906
-852
-766
-672
-521
-403
-295
-148
-64
65
170
247
314
372
416
423
453
440
432
394
368
328
251
221
125
17
-42
-149
-257
-340
-456
-583
-667
-787
-872
-970
-1038
-1090
-1159
-1188
-1215
-1172
-1134
-1091
-1047
-979
-928
-854
-760
-693
-631
-563
-516
-437
-416
-387
-356
-323
-305
-289
-308
-313
-318
-355
-365
-406
-445
-458
-505
-536
-586
-648
-677
-701
-717
-752
-762
-780
-771
-778
-768
-757
-723
-696
-657
-639
-574
-497
-441
-374
-321
-246
-163
-66
4
74
172
291
374
458
540
595
653
740
806
861
927
976
994
1084
1140
1183
1264
1274
1339
1419
1478
1563
1642
1753
1847
1913
1985
2077
2138
2183
2222
2197
2210
2174
2117
2057
1955
1821
1669
1490
1310
1143
941
724
525
325
156
-19
-231
-352
-495
-598
-681
-778
-814
-851
-873
-867
-861
-806
-780
-737
-675
-579
-515
-427
-311
-204
-116
-9
99
161
253
314
401
443
498
490
480
478
464
387
319
269
140
44
-61
-154
-291
-394
-511
-611
-698
-784
-855
-928
-991
-1056
-1088
-1095
-1115
-1100
-1099
-1083
-1026
-979
-927
-846
-792
-706
-617
-556
-489
-408
-357
-330
-308
-276
-247
-237
-237
-246
-271
-283
-299
-341
-371
-424
-452
-504
-553
-573
-593
-634
-631
-660
-684
-673
-691
-674
-675
-677
-676
-628
-570
-551
-535
-469
-430
-384
-297
-244
-181
-83
-5
67
141
215
321
399
479
552
642
716
785
852
878
918
994
1041
1087
1126
1197
1259
1309
1372
1422
1517
1600
1683
1777
1859
1922
1964
2003
2063
2102
2111
2099
2044
2034
1981
1880
1821
1708
1578
1462
1289
1141
975
823
616
424
266
102
-49
-200
-334
-446
-537
-609
-697
-752
-773
-805
-810
-806
-751
-724
-653
-563
-481
-394
-303
-218
-119
-37
42
112
168
243
288
318
318
335
314
314
295
226
194
133
66
17
-44
-117
-237
-336
-424
-501
-593
-688
-789
-868
-917
-973
-1023
-1060
-1063
-1069
-1037
-1036
-982
-904
-843
-804
-731
-630
-580
-490
-446
-381
-350
-311
-261
-273
-267
-252
-259
-258
-226
-266
-300
-315
-363
-358
-401
-431
-457
-522
-522
-553
-583
-628
-642
-661
-691
-675
-682
-688
-660
-591
-587
-563
-528
-463
-429
-363
-311
-273
-185
-149
-62
-22
62
151
208
271
349
402
477
545
585
672
732
770
870
907
949
1006
1006
1074
1124
1178
1221
1285
1345
1418
1464
1600
1649
1693
1779
1859
1900
1936
1949
1936
1933
1896
1826
1740
1682
1584
1471
1345
1219
1057
922
759
631
476
370
211
55
-62
-163
-281
-394
-442
-552
-596
-662
-711
-750
-764
-753
-745
-729
-673
-638
-573
-490
-424
-347
-257
-174
-104
-12
25
67
112
127
144
154
139
116
85
48
4
-63
-113
-170
-245
-330
-414
-496
-542
-615
-716
-757
-852
-928
-1004
-1067
-1082
-1113
-1131
-1130
-1090
-1063
-1012
-964
-907
-833
-778
-710
-642
-553
-491
-429
-392
-381
-321
-310
-288
-291
-314
-302
-326
-359
-358
-389
-432
-455
-491
-486
-497
-537
-560
-603
-599
-625
-671
-685
-700
-693
-696
-713
-705
-678
-657
-670
-619
-570
-546
-472
-399
-347
-271
-196
-126
-61
1
99
146
222
282
347
401
428
486
535
584
610
640
690
746
788
841
909
980
1058
1096
1165
1240
1313
1379
1450
1531
1561
1626
1647
1678
1686
1689
1695
1678
1649
1596
1557
1461
1400
1324
1242
1125
987
891
780
634
521
401
288
178
45
-75
-169
-259
-367
-466
-541
-624
-675
-670
-732
-742
-730
-723
-697
-674
-652
-575
-507
-478
-394
-341
-280
-223
-203
-141
-94
-78
-78
-52
-78
-76
-111
-168
-156
-218
-277
-322
-378
-432
-495
-567
-619
-694
-747
-820
-874
-910
-950
-983
-1041
-1049
-1047
-1061
-1037
-994
-963
-930
-885
-830
-773
-714
-658
-644
-566
-517
-491
-465
-406
-377
-381
-357
-356
-365
-363
-346
-380
-420
-409
-434
-447
-471
-514
-552
-586
-602
-605
-636
-666
-698
-696
-695
-710
-713
-719
-710
-707
-655
-652
-609
-546
-523
-446
-389
-338
-274
-244
-158
-124
-56
28
71
96
148
212
225
284
307
343
392
409
432
495
512
560
610
631
718
781
831
861
924
948
1018
1072
1127
1174
1196
1223
1265
1288
1274
1289
1295
1289
1272
1262
1212
1169
1093
1053
983
884
818
735
624
563
439
348
281
156
80
-31
-129
-221
-279
-376
-466
-531
-585
-632
-689
-720
-737
-732
-734
-708
-723
-662
-663
-641
-579
-557
-537
-478
-432
-446
-399
-374
-346
-366
-362
-366
-387
-439
-466
-498
-518
-525
-582
-644
-652
-714
-740
-773
-835
-848
-889
-891
-936
-946
-961
-956
-965
-940
-919
-900
-875
-857
-840
-800
-745
-711
-669
-614
-596
-538
-512
-498
-445
-444
-406
-421
-400
-420
-437
-424
-457
-483
-499
-543
-550
-557
-595
-615
-649
-674
-662
-659
-676
-672
-664
-629
-612
-620
-608
-609
-591
-555
-528
-506
-477
-465
-431
-374
-325
-282
-256
-195
-133
-105
-42
-15
23
75
111
138
210
219
250
317
310
333
354
378
398
422
473
501
566
608
664
697
744
807
848
901
968
1022
1028
1069
1076
1084
1087
1090
1060
1026
1019
976
933
899
884
828
794
744
694
635
585
524
501
467
408
373
294
240
170
106
48
-43
-124
-163
-227
-293
-353
-429
-450
-510
-529
-543
-571
-571
-570
-566
-602
-586
-562
-564
-554
-546
-575
-554
-542
-567
-586
-574
-589
-635
-626
-628
-614
-614
-616
-640
-612
-615
-653
-629
-641
-621
-650
-651
-642
-665
-660
-683
-683
-659
-681
-692
-682
-645
-635
-653
-640
-623
-571
-533
-510
-498
-485
-452
-431
-436
-412
-382
-393
-392
-401
-376
-381
-388
-403
-397
-396
-407
-409
-440
-428
-454
-407
-415
-455
-437
-436
-435
-435
-435
-422
-428
-392
-367
-365
-327
-309
-294
-236
-223
-178
-149
-163
-104
-83
-67
-25
5
25
35
31
76
85
130
178
194
185
229
288
298
352
381
395
442
491
492
526
556
601
599
592
633
660
674
696
714
739
761
782
806
798
820
831
814
801
792
782
758
706
660
645
621
572
531
503
499
479
454
417
418
396
401
373
357
366
343
307
270
235
158
114
54
-29
-125
-178
-262
-311
-384
-444
-480
-519
-538
-549
-572
-590
-611
-627
-617
-636
-646
-675
-672
-688
-716
-674
-676
-673
-663
-639
-635
-632
-578
-560
-550
-506
-478
-462
-437
-432
-400
-362
-393
-399
-381
-372
-404
-434
-450
-442
-441
-477
-491
-487
-463
-480
-475
-476
-440
-430
-420
-397
-414
-365
-336
-330
-332
-323
-308
-297
-267
-292
-285
-266
-257
-247
-266
-228
-231
-203
-216
-208
-188
-207
-198
-196
-174
-185
-181
-171
-159
-167
-150
-125
-132
-139
-129
-123
-112
-78
-72
-70
-59
-52
-22
-23
33
23
31
75
77
110
167
177
179
218
227
234
234
258
287
295
358
361
363
385
402
403
400
445
483
482
485
499
500
525
523
523
538
541
545
509
483
501
490
470
438
446
419
398
397
370
350
342
356
335
346
361
348
338
348
341
333
341
299
269
249
215
202
143
124
98
40
18
-28
-55
-92
-131
-163
-188
-218
-236
-278
-313
-326
-344
-342
-395
-396
-414
-423
-434
-460
-441
-461
-467
-480
-444
-437
-424
-384
-357
-363
-343
-319
-299
-277
-269
-261
-244
-209
-229
-214
-205
-186
-184
-184
-188
-176
-187
-202
-182
-201
-209
-200
-196
-201
-202
-187
-177
-154
-156
-129
-129
-120
-127
-117
-100
-92
-78
-85
-54
-40
-29
-11
-5
-16
-7
-19
-27
-32
-19
-34
-42
-29
-31
-39
-58
-52
-41
-34
-34
-43
-61
-64
-56
-51
-29
-47
0
-9
-18
-10
-17
-2
23
32
8
10
17
23
17
50
66
80
100
101
130
167
161
172
211
211
215
211
199
213
220
241
236
249
242
234
255
250
273
286
289
283
299
312
325
329
323
338
320
328
349
350
339
306
296
281
289
263
275
227
216
221
213
204
195
180
157
169
127
134
129
61
69
67
27
27
13
-9
21
7
-7
-10
-46
-44
-74
-99
-97
-101
-125
-125
-155
-165
-134
-134
-144
-125
-128
-146
-123
-108
-104
-129
-116
-118
-115
-123
-121
-134
-146
-131
-167
-163
-174
-173
-183
-188
-178
-178
-167
-126
-117
-107
-69
-91
-106
-90
-75
-87
-82
-111
-97
-103
-114
-136
-145
-136
-148
-132
-128
-171
-132
-130
-156
-121
-136
-125
-118
-132
-130
-153
-167
-192
-159
-193
-216
-207
-196
-235
-247
-237
-247
-235
-219
-183
-211
-203
-205
-180
-166
-155
-159
-157
-158
-160
-166
-157
-152
-133
-142
-147
-121
-128
-126
-113
-80
-80
-78
-51
-61
-58
-44
-54
-60
-48
-72
-63
-61
-70
-87
-68
-39
-53
-31
-32
-8
7
14
25
13
21
62
48
55
84
58
79
77
57
46
81
71
76
74
75
118
109
112
134
132
117
161
159
123
141
116
114
108
96
90
69
66
27
-5
17
5
-20
-4
-22
14
-1
-2
15
-11
-10
-57
-29
-19
-43
-48
-82
-81
-80
-104
-122
-119
-93
-121
-97
-81
-88
-62
-63
-51
-25
-13
-14
-22
-25
-19
-18
-42
-44
-67
-78
-48
-91
-70
-56
-98
-78
-71
-73
-75
-65
-68
-63
-67
-62
-59
-59
-53
-64
-55
-55
-69
-65
-106
-133
-108
-133
-128
-127
-142
-121
-102
-87
-82
-95
-88
-64
-58
-50
-40
-52
-63
-86
-78
-67
-78
-113
-125
-123
-136
-125
-144
-125
-123
-98
-97
-93
-102
-75
-81
-76
-88
-99
-68
-117
-98
-86
-88
-84
-88
-98
-95
-98
-79
-49
-53
-60
-38
7
11
36
37
18
36
31
58
60
21
45
41
30
24
23
26
28
43
29
42
50
36
87
94
76
71
73
85
74
69
60
53
72
50
54
40
21
12
0
21
24
15
21
33
38
27
32
49
30
34
35
29
32
57
33
27
28
15
28
11
0
-2
-13
-8
-1
9
14
11
-14
21
38
15
18
31
33
24
22
11
6
-39
-8
-26
-43
-28
-44
-33
-28
-33
-36
-1
-14
-16
-10
24
15
-10
4
2
5
-3
-17
1
-21
-16
-27
-16
-17
-63
-31
-40
-39
-42
-48
-60
-71
-65
-73
-72
-60
-70
-20
-44
-31
-35
-28
-34
-47
-11
-44
-35
-32
-34
-40
-28
-42
-58
-61
-46
-43
-34
-5
-30
-31
-41
-35
-35
-20
4
-14
6
10
-17
-15
-17
-13
-12
-17
-30
-1
-5
2
13
20
13
33
48
31
42
59
61
44
64
35
37
55
63
5
40
30
-12
26
4
13
-4
-27
-24
-33
-24
-23
-19
-22
-14
-3
13
23
11
-2
-9
-14
19
5
5
2
10
-14
-35
-46
-45
-25
-33
-27
-47
-45
-45
-20
-22
-48
-47
-51
-27
-36
-32
-22
-45
-2
-13
-16
-51
-41
-10
-26
-22
-17
-13
-34
-12
9
-12
-14
-13
-6
5
3
4
21
19
22
26
39
16
25
15
-22
-8
-43
-26
-28
-13
-21
-31
-14
-40
-35
0
-29
3
-3
-6
-16
-34
-5
-39
-7
-34
-36
-28
-34
-39
-45
-31
-54
-27
-52
-57
-60
-61
-36
-30
-39
-54
-37
-22
-40
-62
-62
-62
-52
-72
-75
-35
-61
-39
-54
-41
-37
-49
-26
-46
-35
-29
-42
-7
-10
6
-3
9
2
16
16
-4
10
25
-1
14
29
13
48
28
28
36
22
0
38
25
20
53
38
52
52
55
69
45
93
75
56
86
75
84
67
70
75
88
69
75
57
36
51
75
70
57
59
42
51
67
74
58
60
61
54
52
29
34
34
10
10
9
16
5
3
-1
-2
15
15
28
36
43
47
59
61
48
39
42
21
38
14
12
25
33
42
24
22
28
22
26
17
20
7
8
-7
12
20
9
26
-9
-5
-13
-16
-14
-22
-16
-32
-31
-21
-34
-39
-24
-21
-33
-40
-45
-20
-26
-16
-29
-32
-39
-22
-17
-51
-24
-36
-43
-64
-37
-30
-25
-14
-35
-8
-22
-11
-40
-26
-33
-27
-29
-9
-17
-33
-26
-23
-11
-39
-19
-22
-5
-14
-12
-41
-24
-22
-31
-13
-12
-4
-57
-34
-26
-22
-2
-17
-20
-11
-16
-24
-13
-9
10
13
-7
-12
-26
-28
-24
-11
-10
5
-2
-9
7
0
-24
8
-24
1
2
5
13
-17
-7
-8
-18
-3
-45
-50
-18
-31
-31
-11
-46
-6
-17
-56
-29
-48
-13
-18
-2
-24
-18
-10
-23
-15
-41
-45
-27
-50
-45
-36
-42
-40
-33
-53
-57
-51
-52
-53
-62
-46
-37
-43
-26
-36
-68
-49
-75
-59
2
-22
-16
-40
-57
-65
-44
-29
-56
-48
-53
-7
-8
-14
-35
-42
-40
-41
-43
-45
-68
-54
-22
-62
-50
-40
-57
-54
-53
-56
-59
-46
-53
-48
-32
-48
-53
-48
-80
-52
-41
-52
-49
-54
-42
-27
-35
-61
-23
-54
-56
-33
-39
-29
-12
-20
-33
-11
-21
-33
-44
-40
-29
-38
-29
-15
-48
-32
-40
-46
-21
-23
-27
-30
-7
-24
-16
-11
-22
-5
16
-2
3
-17
3
-12
2
23
13
23
25
46
39
31
16
18
8
9
5
14
7
0
-1
0
16
21
32
17
10
15
33
22
19
17
7
7
12
4
4
8
10
6
-15
-10
2
0
33
11
28
48
60
55
34
68
37
55
38
36
32
24
32
55
51
45
61
69
82
82
78
74
79
81
85
109
98
95
108
87
75
66
72
57
59
45
78
87
91
88
71
97
89
90
111
106
103
108
102
94
70
73
93
61
85
63
43
61
34
69
58
40
60
73
61
77
57
56
68
52
52
49
43
33
26
25
21
30
17
28
37
13
22
22
28
11
33
26
22
29
49
18
3
20
13
-13
0
30
6
36
1
37
23
12
22
17
36
37
22
23
10
36
46
42
15
-5
31
14
27
10
19
41
48
56
44
62
54
52
65
56
64
50
49
73
52
53
67
59
70
66
63
65
66
44
62
60
56
56
60
39
11
33
23
18
33
20
31
27
27
28
22
54
20
37
67
54
48
42
47
39
30
9
12
28
20
21
45
26
21
16
21
46
37
65
39
61
74
77
75
43
73
65
45
57
64
39
42
32
30
40
30
44
27
37
39
28
21
44
45
45
45
49
59
34
-6
14
13
19
-4
8
24
26
28
15
35
38
46
19
28
28
26
12
18
13
21
34
2
13
7
13
20
-11
-5
-15
-8
15
-5
-5
10
29
18
9
29
-9
2
22
2
-4
-6
24
24
10
24
17
19
37
13
30
31
34
47
13
38
11
1
0
11
26
18
-1
29
33
39
30
5
18
41
42
38
26
20
38
34
48
13
15
31
9
3
14
16
5
11
9
28
7
0
15
23
12
12
31
-16
13
3
-13
2
24
0
-17
-7
1
19
25
18
1
38
25
36
39
40
59
26
29
44
53
60
51
39
12
33
19
30
27
32
50
25
31
62
53
55
67
38
58
36
60
46
22
33
23
52
47
22
30
43
16
16
46
53
42
39
45
59
92
61
64
65
65
72
61
59
56
52
51
54
48
40
41
45
40
63
59
48
57
63
43
35
26
37
35
17
28
31
19
30
24
11
29
44
50
74
70
57
64
40
41
42
55
60
38
40
25
51
53
34
49
57
63
71
91
54
53
69
60
79
59
64
62
56
51
33
45
48
71
77
90
91
59
73
67
68
65
73
77
57
70
104
49
64
84
43
87
80
69
86
101
104
90
86
97
98
88
90
93
95
96
120
114
99
106
107
101
95
71
80
85
67
110
100
87
79
80
104
113
84
131
122
122
113
95
89
92
120
113
110
100
98
117
128
105
99
114
130
128
110
109
99
116
108
113
127
107
107
95
116
124
130
126
147
157
146
115
129
109
98
123
117
114
124
130
103
122
94
102
116
92
105
115
111
118
128
111
122
111
108
85
81
82
95
115
118
125
121
119
111
109
106
122
116
108
112
127
127
95
110
120
137
122
116
138
96
112
113
111
118
134
112
115
129
128
124
121
120
102
124
137
99
98
120
88
116
126
127
130
120
113
123
127
139
142
134
138
124
137
128
117
129
133
128
138
139
134
123
110
128
114
136
114
119
120
127
131
131
127
126
134
136
160
135
125
121
121
108
126
122
126
122
120
128
132
127
148
136
138
133
161
145
136
141
151
149
144
149
134
138
111
133
148
136
157
133
133
163
147
164
167
176
185
191
160
168
176
149
166
165
162
145
160
179
174
174
179
181
190
169
160
178
174
181
164
167
175
171
182
159
145
172
177
160
148
168
186
165
180
165
165
178
179
185
140
188
187
149
172
165
148
153
155
174
155
141
172
138
177
170
193
175
163
176
172
170
158
149
136
140
161
168
152
163
158
162
172
183
168
171
144
179
165
166
171
160
156
149
151
146
160
174
157
183
172
176
168
164
171
164
169
164
189
195
180
166
165
142
172
158
143
176
163
179
131
142
167
153
165
176
180
172
197
191
158
172
173
152
157
130
148
134
149
156
149
148
136
174
133
142
144
133
147
141
152
145
135
144
153
144
129
125
115
108
113
121
120
139
120
102
121
144
142
116
118
139
150
128
127
121
126
118
131
113
115
104
112
133
104
127
116
126
128
150
121
104
147
127
124
127
99
88
130
127
123
135
104
108
105
112
111
111
110
86
96
101
90
73
62
102
75
86
102
96
120
107
130
107
81
98
84
105
70
81
85
77
91
74
70
34
51
66
42
64
57
70
65
63
69
35
60
44
62
83
58
73
69
87
94
79
72
66
47
72
59
56
60
67
83
52
51
48
63
66
50
64
52
35
50
35
34
51
33
50
30
41
52
31
35
13
31
29
22
35
44
15
4
16
9
8
-4
-5
-13
-6
15
1
0
-13
9
-11
0
-3
-13
1
1
3
-1
-12
-6
10
-20
-24
-20
-16
-8
-8
-23
-20
-9
-29
-16
-10
-15
-4
-3
-8
-18
-38
-15
-18
-44
-14
-36
-46
-34
-31
-5
-38
-42
-57
-41
-6
-33
-28
-45
-34
-37
-38
-13
-19
-33
-27
-43
-38
-26
-54
-56
-26
-33
-38
-47
-45
-12
-32
-24
-11
-31
-12
-15
-40
-41
-33
-10
-18
-30
-30
-13
