62
68
68
73
59
44
14
-11
-32
-47
-53
-51
-27
0
7
7
0
-15
-17
-7
-4
-11
-23
-30
-35
-37
-30
-21
-9
-1
12
19
28
16
-5
-22
-49
-60
-69
-65
-53
-41
-27
-3
17
29
46
57
56
49
48
46
29
19
-7
-26
-44
-53
-36
-15
20
35
46
37
3
-38
-67
-79
-70
-46
-6
31
53
69
56
28
-3
-20
-31
-28
-18
-7
-10
-29
-51
-52
-54
-58
-59
-74
-83
-79
-75
-63
-34
-10
20
51
65
60
51
29
12
2
-17
-12
-14
-12
-7
-16
-10
-5
-10
-2
6
-7
-22
-39
-77
-92
-92
-69
-21
35
84
115
119
111
85
34
-19
-64
-94
-95
-55
-18
29
37
30
21
-2
-29
-50
-57
-60
-51
-41
-23
-7
7
16
34
60
78
89
86
61
17
-37
-62
-66
-67
-38
-12
2
-1
-7
-22
-28
-31
-19
-6
-4
-6
-19
-29
-42
-41
-22
7
38
47
41
36
4
-20
-41
-55
-60
-47
-36
-29
-23
-32
-22
-15
4
19
23
16
9
0
6
13
14
21
29
40
44
37
25
9
-23
-41
-37
-13
19
47
59
60
59
49
33
19
10
17
26
14
7
8
-10
-19
-31
-32
-14
13
28
28
8
-30
-59
-99
-94
-69
-28
21
51
79
85
73
57
50
33
3
-12
-16
-22
-5
-3
-7
4
12
22
38
44
23
-1
-33
-51
-52
-31
-7
18
22
19
27
31
29
18
13
-6
-22
-34
-52
-54
-70
-80
-67
-41
-5
25
36
29
20
-5
-12
-17
-9
16
31
45
51
58
49
37
30
19
0
3
6
14
20
18
8
-3
7
17
43
80
80
63
44
7
-11
-23
-8
12
34
60
76
66
45
16
-21
-53
-82
-77
-67
-50
-39
-25
-4
6
28
41
50
44
25
-2
-35
-45
-46
-32
-7
16
32
38
47
33
9
-3
-25
-34
-35
-35
-35
-29
-17
-5
14
42
68
78
76
49
23
-10
-43
-53
-60
-47
-28
-5
11
34
35
26
17
0
-14
-12
4
10
11
4
6
6
12
24
38
41
42
38
30
18
-4
-26
-51
-55
-48
-20
8
16
10
11
16
14
16
25
31
44
56
50
54
55
53
46
36
37
35
18
7
-10
-22
-24
-19
-20
-10
-5
-14
-13
-25
-36
-43
-31
-22
-14
-2
9
16
23
32
41
38
25
5
-18
-27
-29
-39
-40
-33
-30
-15
13
40
47
39
35
9
-10
-16
-19
-15
-16
-1
9
26
44
46
53
42
28
18
16
10
2
-7
-28
-42
-45
-32
-18
0
16
23
18
6
-3
-19
-42
-50
-38
-31
-13
-7
-11
-15
-19
-21
-18
1
13
30
34
21
9
-9
-19
-21
-15
-4
16
22
33
25
0
-2
-5
-5
3
10
6
7
0
-10
-18
-9
-14
-13
12
10
21
14
12
9
8
15
7
4
-1
-6
-19
-18
-28
-32
-28
-17
-4
9
13
3
4
-15
-20
-18
-16
3
13
22
20
23
25
23
36
44
51
52
39
24
10
-12
-25
-28
-19
0
15
22
10
0
-17
-38
-48
-39
-26
-4
10
14
12
1
-3
-7
1
0
5
15
25
14
1
-7
-20
-27
-25
-7
-1
-2
-19
-31
-29
-28
-23
-25
-20
-2
-5
-6
-8
-7
2
-12
-12
4
7
11
3
-2
0
0
6
7
7
11
12
4
2
-16
-16
-10
-2
5
1
12
14
16
7
0
-11
-9
-3
2
6
9
3
-14
-32
-45
-28
-6
8
15
22
3
-12
-22
-36
-28
-23
-20
-8
1
8
13
3
-11
-24
-15
-5
0
-4
-17
-31
-44
-40
-22
-1
19
25
18
10
-2
-6
-13
-8
-22
-22
-20
-14
2
-7
-7
-16
-19
-30
-28
-19
-23
-13
-24
-16
-16
-7
16
18
31
20
10
-6
-7
0
2
5
9
16
10
19
5
-5
-20
-23
-15
-13
2
10
16
6
-7
-7
1
13
27
28
20
8
-4
-9
-11
-16
-12
-6
0
8
10
9
-4
-14
-16
-35
-33
-21
-13
2
10
5
3
12
13
24
23
28
31
20
23
26
23
19
7
3
12
16
23
18
22
14
3
3
0
-9
-4
-7
-7
-4
-3
-2
-9
7
4
5
-1
-8
1
10
3
9
10
4
6
12
17
15
16
9
-7
-6
-1
-6
5
0
4
7
10
15
15
17
2
-8
-13
-11
-8
-7
-13
-16
-13
-4
-3
9
12
10
5
-2
-8
-9
-7
-9
-4
1
9
9
13
-2
3
-3
-3
0
5
10
18
22
16
16
9
6
-9
-1
-1
6
5
3
-6
-11
-5
3
7
7
3
-5
-17
-33
-26
-35
-20
-15
-10
-7
-5
4
1
-3
3
2
7
16
17
20
16
13
-8
-6
2
11
26
31
20
11
0
-9
0
1
7
-3
-4
4
15
13
9
3
-10
-3
6
12
24
13
11
3
-16
-13
-13
2
7
-6
-18
-20
-22
-23
-25
-16
-24
-20
-15
-21
-19
-9
-7
-16
-4
6
16
19
19
9
7
0
0
16
30
32
31
21
22
16
6
5
-5
3
7
5
4
5
-3
-3
-5
0
2
6
9
7
3
-9
-9
-5
-3
7
25
20
38
26
24
12
22
32
27
43
26
25
23
16
10
17
9
10
9
13
6
0
-9
-12
-14
-18
-7
5
10
-8
-4
-9
-4
-10
-4
7
-2
6
6
5
7
6
16
10
7
12
3
8
14
21
14
16
16
30
26
34
35
20
15
4
6
1
0
4
5
0
1
-4
1
-9
-18
-18
-10
-8
-17
-20
-19
-25
-20
-11
-17
-7
-6
5
10
5
7
14
10
3
-6
3
8
7
9
4
7
7
11
9
0
-9
-11
-18
-16
-22
-26
-35
-31
-31
-20
-7
-20
-18
-22
-11
-13
-10
-13
-13
-7
-5
0
0
3
0
6
10
0
5
4
7
6
0
3
-6
-4
-16
-6
7
8
10
9
3
0
4
6
6
7
8
3
-6
-7
-6
-17
-7
0
-3
-6
12
6
-3
-7
-15
-17
-16
-14
-13
-1
-9
-9
-13
-3
-5
-4
4
2
-2
-3
-2
-5
-14
-16
-16
-27
-13
-14
-6
-8
-16
-28
-35
-37
-39
-26
-19
-23
-20
-17
-23
-17
-15
-20
-23
-26
-17
-13
-12
-2
-16
-2
-12
-7
-1
-3
5
-8
-3
-18
-12
-11
-8
-3
1
4
-3
-9
-16
-23
-18
-18
-21
-6
-12
-14
-14
-19
-19
-14
-8
-2
-6
-10
-16
-24
-29
-19
-12
1
14
16
16
1
10
2
9
9
0
7
14
24
17
17
13
9
6
14
5
8
13
9
9
6
1
-4
6
0
7
8
4
12
4
-4
-6
-9
-18
-12
-11
-22
-16
-29
-32
-24
-16
-9
-8
-7
-19
-22
-16
-17
-24
-16
-12
-12
-1
10
14
13
12
6
-4
5
12
6
6
-6
-23
-23
-16
-12
-9
-14
-8
-16
-17
-9
-13
-10
-7
-9
-3
5
4
15
3
-2
-5
-3
2
3
2
0
9
8
10
12
3
0
3
9
16
3
5
0
-4
1
-9
-5
-7
5
3
9
17
1
6
3
0
7
1
0
0
9
8
10
8
12
10
16
16
12
21
8
7
1
6
10
15
23
21
22
12
8
-1
-8
2
3
15
22
24
18
18
28
20
23
28
34
31
32
23
17
23
18
13
17
19
12
18
7
0
-2
-16
-19
-9
-7
0
-1
-10
-4
2
10
8
6
6
-5
-8
-1
-7
-1
-10
-15
-6
-4
0
1
4
2
-12
-16
-8
-12
0
-6
-3
0
2
1
-4
-9
-8
-8
-4
3
7
15
-2
5
1
-3
1
-4
-2
4
-4
-16
-20
-15
-16
-16
-6
-14
-9
-22
-22
-19
-10
-6
-7
-4
-3
6
-5
-3
5
7
1
0
9
7
6
5
6
6
4
3
3
8
10
12
12
5
6
3
-3
6
3
2
12
10
3
5
3
-6
-3
-3
-1
2
2
-14
-10
-15
-19
-17
-16
-2
-9
5
-1
6
9
1
12
7
6
8
10
13
16
10
10
10
19
22
26
25
20
17
20
21
13
16
19
6
14
9
6
-2
-18
-16
-19
-16
-11
-16
-27
-14
-16
-16
-20
-13
-16
-8
-5
-7
0
-6
3
1
12
1
2
0
6
9
4
19
16
3
0
12
22
24
23
23
13
28
19
11
13
15
22
15
15
5
-9
-12
-13
-13
-19
-13
-3
-17
-14
-8
-10
-2
0
1
5
3
6
7
5
10
16
18
20
22
18
15
22
21
15
19
9
9
7
3
-2
-13
-9
-3
1
7
2
0
1
-10
-15
-21
-22
-22
-16
-12
-13
-16
-9
-3
-8
-9
-3
-2
0
8
10
2
-6
4
0
-3
0
-2
-4
0
-5
-5
-6
-15
-21
-21
-14
-13
-17
-21
-17
-25
-17
-7
-4
0
3
5
1
-2
11
9
6
10
7
12
9
18
16
11
6
2
7
10
4
4
2
2
5
-2
-2
1
5
7
5
4
10
12
7
9
12
0
6
0
-10
-6
-11
-17
-18
-13
-16
-10
4
4
-6
-1
-5
-4
-3
-1
2
0
-1
1
-10
-13
-12
-18
-11
-19
-17
-12
-8
-1
-5
-14
-9
-22
-16
-13
-23
-18
-19
-18
-19
-20
-22
-14
-12
0
-1
-3
-15
-11
-9
-13
8
7
8
10
-1
3
6
-3
3
0
7
0
12
13
2
2
-5
-8
-8
-1
-5
-5
1
2
2
12
-2
7
15
5
12
11
13
20
21
15
21
17
6
1
-1
3
5
11
12
6
13
19
18
13
16
13
8
12
16
10
16
22
22
14
15
28
15
22
15
0
5
10
-1
2
0
-4
4
0
3
-3
6
14
15
12
14
6
4
4
10
16
9
10
6
5
-7
7
-5
-13
-15
-21
-20
-22
-16
-21
-18
-12
-8
-4
1
-3
-1
0
1
3
0
0
6
6
11
10
11
9
8
23
22
24
23
18
29
28
27
33
21
16
9
-3
-6
0
-6
-5
-5
-6
-6
-15
-17
-21
-13
-14
-16
-15
-15
-9
5
1
0
2
2
9
0
9
13
14
16
13
13
12
13
13
13
13
10
0
7
6
0
-2
-12
-9
-11
-12
-3
-5
-9
-10
-9
-9
-1
-3
-6
-7
-4
3
0
5
2
1
6
6
7
6
-3
-3
4
5
21
24
28
26
25
22
13
10
8
12
10
17
1
0
7
-6
-1
0
1
0
-4
-2
-4
-10
-10
-10
-12
-15
-10
-11
-11
-6
-10
-8
-2
-6
-3
7
6
8
13
12
6
9
7
13
12
6
10
0
7
8
6
-2
-8
-16
-10
-6
-13
-12
-18
-24
-32
-28
-25
-19
-14
-10
-5
-6
-3
-4
-9
-4
6
0
5
5
1
5
8
13
7
7
7
6
10
10
14
14
10
6
6
3
8
11
12
9
12
16
7
6
4
-1
-1
-9
-2
1
-7
4
0
1
-3
-7
0
-12
-14
-7
-6
-8
-11
-9
-10
-7
1
-6
-10
-2
12
11
13
19
19
12
11
12
5
6
6
7
3
7
-10
-6
-10
-17
-8
-5
-5
-13
-16
-29
-25
-25
-24
-23
-27
-24
-26
-22
-13
-6
3
4
5
7
6
7
16
18
13
3
-1
5
12
19
13
16
8
8
5
17
9
10
9
1
6
7
11
1
1
-3
-1
-9
-3
-3
5
7
3
6
4
2
-9
0
-6
2
3
-3
-6
-6
-13
-15
-12
-14
-19
-6
6
3
5
8
6
4
13
1
5
6
15
7
5
-3
-1
10
5
9
0
0
-2
6
0
-9
-16
-12
-21
-30
-20
-18
-18
-29
-26
-16
-14
-6
-9
-3
7
-2
2
-2
5
7
6
5
4
4
8
12
9
15
7
9
5
-8
-6
-6
-14
-12
-19
-20
-12
-4
-14
-12
-10
-10
-4
-12
-13
-15
-16
-12
-7
-7
-13
-5
-1
-9
-1
1
12
3
10
7
14
12
5
7
-7
8
0
-5
-12
-6
-7
-10
-3
-6
0
9
2
0
-2
-10
0
-9
-11
-13
4
3
-2
-2
1
12
6
7
3
8
7
0
-4
-12
-5
-1
-9
5
0
-2
-4
-4
-4
-4
1
3
0
-2
4
1
-1
-3
-2
-12
-16
-18
-18
-19
-15
-19
-15
-15
-3
8
-2
4
3
5
-3
6
8
-2
-16
-10
-10
-10
-7
-2
-4
-12
-3
-7
-2
-8
1
-1
0
4
2
6
-3
-4
-4
-3
5
4
4
-3
-9
-2
1
7
6
10
0
0
10
7
8
10
3
6
0
-4
0
-4
1
-1
5
-3
0
-4
-3
-3
-6
-3
-2
4
9
15
13
13
8
6
-4
-6
-9
-6
-9
0
1
-1
13
4
2
-3
2
2
9
13
16
18
4
9
3
3
4
-5
-2
0
9
10
9
12
8
0
-3
1
4
1
-3
-2
-5
-3
2
2
-1
-2
-3
-9
-19
-12
-6
-6
-10
-6
-4
-6
-4
-9
3
2
10
12
10
12
7
-6
-8
-8
-21
-13
-18
-15
-3
4
0
-6
-6
-10
-17
-19
-18
-21
-21
-18
-16
-14
-13
-15
-16
-23
-24
-12
-9
-15
-13
-4
-4
3
7
1
0
-1
-5
-10
-18
-15
-13
-10
-3
-7
-3
-7
-2
-10
-9
-7
-12
-4
-13
-3
1
-6
2
-3
5
10
4
6
6
5
8
14
13
9
13
5
-5
-3
3
1
-1
1
1
8
7
1
7
6
-5
-2
-1
-7
-1
3
2
6
3
-9
-15
-18
-15
-20
-7
-3
-9
-9
-21
-18
-22
-30
-25
-14
-12
-19
-12
-15
-16
-13
-14
-18
-19
-14
-11
-6
-9
-5
-4
-10
-6
-19
-29
-25
-29
-26
-21
-18
-16
-19
-9
-7
4
13
8
3
0
8
12
26
37
42
44
49
47
35
38
37
44
44
48
51
51
54
51
51
54
61
52
42
40
35
31
31
27
25
24
17
14
13
12
2
-13
-16
-10
-6
-6
2
1
9
7
1
-2
-4
-5
-9
-4
-9
6
1
-1
-7
-33
-32
-25
-20
-27
-34
-39
-53
-48
-44
-47
-48
-39
-25
-32
-42
-57
-57
-47
-25
-12
-21
-24
-28
-15
-3
20
27
17
2
-4
-5
-6
4
16
26
28
19
10
3
5
7
11
16
-10
-25
-20
-10
17
40
50
50
47
43
42
50
61
72
79
87
83
71
72
87
106
102
92
80
61
57
67
62
60
51
29
14
6
-3
-11
-25
-29
-25
-26
-28
-46
-60
-53
-33
-29
-39
-58
-67
-67
-57
-45
-57
-64
-71
-65
-63
-54
-56
-80
-77
-57
-58
-63
-78
-96
-92
-75
-52
-55
-66
-76
-74
-63
-60
-75
-70
-40
-15
-2
-6
-19
-24
2
34
61
50
18
13
28
60
78
75
56
33
26
23
24
22
32
27
30
35
2
-13
-5
32
56
60
41
16
26
51
85
111
115
117
115
117
139
140
138
151
161
169
152
115
96
91
116
133
102
54
16
4
7
0
-23
-37
-49
-63
-73
-102
-134
-127
-118
-99
-113
-160
-189
-199
-146
-102
-107
-151
-190
-184
-151
-139
-159
-182
-171
-133
-102
-112
-173
-209
-189
-113
-68
-104
-174
-194
-155
-96
-44
-17
-22
-34
-31
-10
22
36
59
91
136
167
143
92
64
122
218
276
255
142
68
76
142
213
213
162
100
53
40
36
34
51
62
62
35
-13
-51
-39
22
102
157
143
82
32
69
155
235
262
262
257
247
229
221
266
332
389
369
289
214
184
215
254
265
226
168
114
64
31
7
-14
-25
-32
-76
-167
-225
-230
-211
-211
-246
-275
-284
-278
-282
-273
-289
-341
-339
-281
-190
-167
-215
-281
-323
-295
-219
-116
-77
-120
-186
-237
-245
-208
-125
-41
-36
-127
-250
-288
-250
-197
-168
-163
-155
-199
-313
-451
-509
-426
-258
-174
-282
-489
-609
-594
-499
-392
-332
-360
-468
-564
-575
-533
-493
-389
-228
-101
-174
-376
-439
-274
22
266
330
221
79
50
220
506
715
749
652
548
529
603
744
877
935
885
765
652
601
648
721
766
746
661
512
333
241
313
485
544
414
193
45
69
188
295
339
307
258
234
218
193
239
402
614
692
539
345
316
488
710
820
800
705
585
519
528
590
686
745
727
588
360
197
221
400
534
454
192
-42
-98
-38
17
-12
-71
-129
-220
-330
-422
-470
-484
-503
-548
-604
-695
-819
-947
-1029
-1097
-1189
-1270
-1332
-1405
-1587
-1828
-1958
-1947
-1957
-2124
-2318
-2345
-2308
-2415
-2621
-2686
-2514
-2321
-2267
-2282
-2249
-2098
-1861
-1581
-1334
-1134
-901
-522
-58
220
283
381
800
1460
1954
2054
1942
1974
2236
2579
2835
2940
2886
2762
2634
2530
2403
2254
2162
2103
1963
1588
1069
657
538
552
445
163
-224
-531
-704
-802
-853
-842
-778
-744
-836
-999
-1045
-842
-474
-177
-74
-94
-92
50
325
631
852
938
970
1025
1093
1145
1250
1399
1493
1455
1333
1249
1204
1179
1223
1305
1318
1204
991
827
809
938
1121
1201
1052
761
608
734
986
1084
992
836
701
610
563
575
605
589
470
237
-59
-275
-348
-377
-451
-625
-885
-1235
-1577
-1730
-1719
-1787
-2080
-2386
-2514
-2682
-3058
-3346
-3241
-2987
-3094
-3617
-4022
-4004
-3786
-3620
-3536
-3536
-3716
-3912
-3807
-3373
-2959
-2767
-2610
-2362
-2163
-2064
-1731
-972
-126
257
164
85
463
1276
2115
2584
2610
2527
2592
2857
3237
3604
3845
3847
3640
3358
3093
2869
2801
2936
3033
2765
2049
1296
907
915
1048
1028
747
194
-398
-763
-766
-549
-334
-294
-495
-842
-1069
-969
-588
-196
25
110
93
27
47
302
703
1034
1172
1213
1175
1031
979
1264
1751
1972
1705
1274
1150
1348
1562
1628
1668
1692
1548
1218
1003
1150
1524
1770
1650
1289
960
897
1069
1317
1434
1292
911
518
422
581
686
518
189
-91
-312
-553
-793
-926
-963
-1093
-1422
-1832
-2132
-2293
-2372
-2437
-2545
-2734
-3059
-3425
-3570
-3413
-3253
-3425
-3828
-4044
-3985
-3924
-4014
-4032
-3858
-3738
-3865
-4071
-4020
-3744
-3433
-3142
-2847
-2670
-2723
-2741
-2342
-1514
-663
-152
-45
-137
-89
401
1314
2281
2890
2996
2807
2656
2807
3295
3983
4565
4746
4407
3724
3099
2939
3338
3851
3902
3284
2306
1438
1001
1034
1298
1400
1024
221
-620
-1135
-1192
-879
-477
-372
-749
-1382
-1796
-1641
-1033
-395
-89
-142
-313
-346
-145
230
707
1211
1563
1624
1476
1368
1502
1866
2329
2680
2682
2308
1874
1794
2114
2460
2534
2343
2039
1725
1455
1378
1544
1767
1827
1574
1074
611
479
784
1192
1217
758
196
-81
-52
96
241
240
-70
-566
-929
-996
-972
-1025
-1087
-1137
-1411
-1959
-2336
-2257
-2029
-2085
-2406
-2676
-2805
-2945
-3081
-3107
-3092
-3173
-3341
-3489
-3578
-3655
-3758
-3872
-3921
-3848
-3760
-3840
-4118
-4340
-4257
-3949
-3756
-3756
-3739
-3617
-3403
-3183
-2983
-2749
-2365
-1686
-886
-420
-461
-571
-124
926
2077
2820
3006
2914
2953
3347
4034
4758
5270
5457
5335
5031
4735
4646
4773
4958
4988
4702
4087
3286
2638
2348
2277
2114
1714
1167
551
-98
-687
-992
-910
-685
-687
-1101
-1717
-2079
-1895
-1296
-737
-555
-700
-854
-735
-313
270
786
1105
1290
1433
1552
1652
1848
2257
2743
2909
2598
2190
2152
2445
2669
2606
2404
2193
1935
1622
1416
1466
1600
1542
1221
792
455
326
394
546
623
477
83
-388
-589
-398
-96
-61
-372
-781
-1067
-1184
-1170
-1080
-1029
-1182
-1514
-1839
-2045
-2160
-2200
-2166
-2149
-2286
-2590
-2910
-3119
-3169
-3123
-3137
-3283
-3437
-3463
-3594
-4055
-4480
-4335
-3768
-3555
-4036
-4645
-4779
-4539
-4312
-4162
-4037
-4042
-4138
-4047
-3632
-3202
-2991
-2839
-2516
-2028
-1475
-778
-34
406
441
491
1090
2264
3464
4133
4184
3934
3881
4323
5145
5932
6350
6310
5879
5289
4893
4905
5198
5392
5219
4637
3731
2714
1967
1819
2069
2099
1464
361
-618
-1114
-1191
-1103
-1021
-1061
-1311
-1789
-2218
-2238
-1796
-1200
-806
-680
-680
-650
-467
-8
675
1277
1538
1582
1669
1867
2052
2275
2747
3250
3228
2575
2038
2271
2901
3092
2701
2257
2028
1761
1394
1268
1523
1749
1464
772
132
-86
103
433
604
404
-134
-735
-1087
-1018
-648
-313
-319
-760
-1369
-1763
-1738
-1413
-1117
-1124
-1446
-1900
-2229
-2301
-2204
-2112
-2142
-2253
-2452
-2769
-3120
-3278
-3101
-2854
-2964
-3426
-3854
-3979
-3945
-3938
-3891
-3832
-3991
-4450
-4772
-4535
-4040
-3957
-4317
-4503
-4253
-3962
-3950
-3931
-3588
-3104
-2788
-2647
-2456
-2126
-1719
-1157
-390
412
901
1014
1138
1647
2489
3350
4086
4657
4940
4814
4609
4879
5738
6676
7027
6620
5802
5160
5048
5371
5761
5751
5143
4099
3043
2427
2318
2385
2198
1625
813
-69
-841
-1261
-1191
-948
-969
-1410
-1999
-2358
-2358
-2041
-1580
-1161
-967
-1014
-1086
-893
-347
358
920
1196
1302
1432
1657
1950
2300
2665
2915
2883
2619
2438
2515
2687
2683
2490
2267
1999
1640
1296
1182
1284
1264
903
330
-115
-262
-223
-170
-204
-393
-755
-1199
-1473
-1351
-1006
-839
-1048
-1479
-1809
-1891
-1732
-1463
-1303
-1376
-1647
-1881
-1947
-1875
-1811
-1811
-1856
-1994
-2197
-2405
-2485
-2491
-2559
-2671
-2781
-2978
-3324
-3461
-3134
-2863
-3304
-4091
-4189
-3549
-3210
-3672
-4171
-3992
-3592
-3626
-3905
-3904
-3666
-3498
-3413
-3216
-2953
-2856
-2836
-2536
-1922
-1407
-1199
-993
-352
561
1160
1234
1261
1750
2697
3766
4536
4772
4541
4344
4683
5525
6354
6729
6648
6236
5692
5290
5253
5561
5804
5547
4743
3776
3065
2706
2564
2400
2043
1390
550
-237
-773
-964
-949
-976
-1299
-1819
-2199
-2250
-2086
-1901
-1647
-1353
-1185
-1270
-1328
-943
-211
411
647
720
845
1052
1330
1750
2295
2658
2531
1969
1561
1802
2456
2835
2526
1839
1333
1194
1218
1217
1176
1082
831
367
-142
-469
-472
-277
-178
-389
-834
-1241
-1437
-1386
-1155
-887
-884
-1247
-1693
-1820
-1553
-1201
-1050
-1096
-1273
-1546
-1694
-1553
-1230
-1062
-1246
-1653
-2022
-2168
-2050
-1827
-1743
-2009
-2573
-3045
-3053
-2708
-2522
-2738
-3092
-3258
-3354
-3483
-3511
-3374
-3310
-3521
-3726
-3640
-3432
-3379
-3504
-3625
-3611
-3481
-3240
-2946
-2709
-2608
-2617
-2554
-2178
-1459
-746
-356
-120
283
849
1330
1759
2356
3044
3631
4097
4573
4973
5140
5239
5576
6154
6615
6742
6615
6337
6001
5758
5740
5823
5683
5206
4538
3928
3421
2936
2501
2141
1754
1171
406
-295
-759
-1002
-1137
-1337
-1663
-2044
-2311
-2379
-2320
-2206
-2064
-1896
-1762
-1684
-1506
-1183
-853
-596
-303
80
401
585
768
1059
1225
1185
1210
1507
1815
1755
1468
1291
1324
1394
1403
1333
1110
790
572
549
551
390
187
45
-135
-363
-511
-477
-410
-476
-658
-835
-914
-920
-926
-916
-857
-822
-947
-1173
-1242
-1087
-907
-910
-1024
-1135
-1259
-1436
-1554
-1542
-1468
-1429
-1523
-1777
-2145
-2380
-2273
-1969
-1862
-2154
-2629
-2880
-2788
-2604
-2593
-2755
-2883
-2986
-3182
-3395
-3362
-3085
-2895
-2978
-3241
-3517
-3651
-3483
-3000
-2532
-2461
-2707
-2839
-2550
-1945
-1283
-820
-630
-525
-130
680
1477
1852
1911
2176
2852
3628
4199
4546
4824
5024
5135
5288
5588
5961
6193
6214
6082
5793
5378
5026
4922
4988
4891
4461
3793
3056
2393
1923
1662
1474
1096
407
-391
-1015
-1339
-1487
-1618
-1820
-2086
-2411
-2732
-2867
-2705
-2371
-2158
-2180
-2260
-2146
-1788
-1332
-939
-673
-552
-449
-154
339
695
689
660
959
1361
1407
1137
1081
1375
1620
1561
1375
1242
1138
1027
1019
1118
1088
856
588
483
464
356
173
93
160
126
-107
-392
-481
-365
-254
-300
-457
-642
-744
-683
-512
-398
-507
-747
-903
-861
-756
-771
-911
-1001
-1046
-1166
-1368
-1501
-1472
-1463
-1591
-1793
-1969
-2112
-2210
-2227
-2216
-2325
-2557
-2738
-2771
-2744
-2826
-2957
-3006
-2951
-2908
-3032
-3244
-3341
-3207
-2915
-2706
-2734
-2917
-2996
-2741
-2219
-1797
-1697
-1730
-1590
-1193
-678
-128
405
783
969
1128
1517
2121
2713
3202
3664
4093
4305
4257
4227
4579
5298
5924
6081
5771
5241
4813
4734
5013
5316
5203
4543
3631
2849
2414
2305
2209
1806
1041
220
-404
-859
-1224
-1481
-1622
-1842
-2287
-2808
-3104
-3057
-2813
-2588
-2540
-2658
-2747
-2596
-2197
-1727
-1342
-1101
-961
-815
-596
-288
114
601
1055
1233
989
689
880
1562
2135
2144
1766
1448
1340
1390
1642
1957
1972
1575
1156
1072
1102
972
846
905
940
645
209
19
90
213
291
308
123
-282
-526
-301
74
155
-80
-318
-390
-403
-399
-354
-399
-582
-747
-822
-908
-1090
-1206
-1186
-1260
-1587
-1922
-1976
-1840
-1838
-2042
-2296
-2575
-2807
-2800
-2518
-2338
-2576
-3033
-3260
-3117
-2867
-2787
-2899
-3117
-3258
-3209
-3091
-3020
-3043
-3001
-2888
-2822
-2783
-2649
-2356
-2046
-1794
-1545
-1172
-670
-145
322
596
747
1063
1769
2683
3328
3485
3390
3452
3821
4459
5147
5622
5651
5267
4861
4756
4986
5276
5335
5043
4424
3733
3185
2849
2661
2431
2038
1356
496
-268
-696
-834
-962
-1248
-1732
-2287
-2750
-2918
-2814
-2689
-2737
-2925
-3006
-2848
-2579
-2340
-2085
-1715
-1288
-991
-838
-673
-350
173
791
1309
1458
1211
1058
1438
2197
2690
2610
2310
2221
2310
2319
2316
2450
2667
2692
2409
1935
1546
1456
1655
1879
1741
1173
531
243
382
693
793
505
-28
-409
-377
-102
32
-67
-262
-442
-650
-843
-823
-642
-566
-787
-1141
-1402
-1496
-1433
-1306
-1270
-1439
-1726
-1930
-1991
-1995
-1977
-1972
-2072
-2341
-2582
-2571
-2461
-2544
-2829
-2942
-2742
-2582
-2785
-3234
-3507
-3454
-3220
-3070
-3205
-3563
-3834
-3761
-3480
-3335
-3417
-3487
-3359
-3069
-2782
-2557
-2361
-2034
-1408
-621
-92
-85
-161
318
1352
2353
2795
2804
2802
3076
3643
4314
4920
5304
5468
5458
5303
5086
5012
5249
5592
5564
4976
4122
3462
3195
3098
2880
2402
1728
999
342
-183
-601
-885
-1069
-1321
-1713
-2176
-2547
-2724
-2707
-2566
-2433
-2386
-2447
-2441
-2236
-1830
-1362
-927
-581
-398
-261
118
846
1516
1680
1460
1462
1966
2552
2749
2679
2716
2879
2884
2699
2589
2745
2987
3049
2807
2313
1865
1728
1903
2026
1787
1249
748
535
591
685
638
452
208
3
-124
-167
-98
12
33
-126
-416
-635
-674
-563
-459
-477
-725
-1125
-1442
-1489
-1289
-1155
-1290
-1612
-1959
-2225
-2296
-2164
-2042
-2184
-2585
-2996
-3196
-3223
-3144
-3044
-3076
-3283
-3550
-3673
-3693
-3725
-3794
-3798
-3793
-3954
-4185
-4232
-4043
-3926
-4008
-4102
-4026
-3850
-3720
-3557
-3317
-3028
-2766
-2442
-2008
-1600
-1205
-712
-72
497
798
932
1280
1997
2835
3397
3586
3680
3998
4589
5179
5557
5696
5721
5671
5571
5512
5536
5542
5377
5030
4574
4043
3538
3173
2927
2621
2056
1315
664
268
-23
-362
-778
-1197
-1549
-1827
-2014
-2114
-2135
-2120
-2109
-2071
-2000
-1852
-1566
-1189
-755
-401
-223
-165
58
682
1489
1928
1726
1387
1548
2269
2893
2935
2593
2327
2404
2629
2804
2822
2705
2539
2377
2191
1963
1754
1627
1608
1518
1256
903
629
524
567
639
577
316
-28
-239
-208
-5
76
-133
-523
-852
-855
-645
-611
-783
-1031
-1201
-1283
-1512
-1803
-1846
-1666
-1574
-1784
-2238
-2610
-2712
-2599
-2431
-2396
-2776
-3433
-3728
-3391
-2892
-2904
-3400
-3803
-3682
-3391
-3387
-3571
-3740
-3741
-3663
-3622
-3694
-3871
-4022
-3946
-3657
-3490
-3626
-3910
-3904
-3533
-3114
-2993
-3130
-3117
-2762
-2130
-1524
-1161
-999
-814
-468
60
650
1189
1733
2344
2845
3130
3318
3671
4398
5212
5749
5840
5701
5586
5642
5885
6139
6240
6050
5555
5005
4672
4514
4356
4031
3514
2898
2321
1758
1255
820
466
206
-126
-606
-1131
-1475
-1577
-1534
-1502
-1537
-1652
-1771
-1767
-1498
-1074
-798
-724
-665
-406
3
454
784
945
975
1059
1447
1934
2136
2011
1961
2219
2473
2440
2314
2413
2619
2566
2206
1927
1892
1934
1856
1622
1400
1196
973
792
689
567
433
325
227
29
-320
-578
-560
-402
-418
-718
-1116
-1324
-1315
-1234
-1277
-1486
-1771
-2048
-2199
-2236
-2237
-2323
-2500
-2699
-2851
-2987
-3117
-3161
-3176
-3252
-3394
-3444
-3397
-3411
-3536
-3616
-3461
-3183
-3077
-3215
-3365
-3428
-3399
-3337
-3279
-3184
-3130
-3203
-3375
-3578
-3655
-3384
-2928
-2802
-3199
-3626
-3477
-2902
-2538
-2597
-2650
-2283
-1687
-1210
-966
-838
-567
-7
770
1503
1938
2104
2370
2935
3676
4305
4740
5133
5560
5932
6093
6124
6215
6485
6811
6882
6566
6095
5782
5708
5645
5343
4787
4192
3677
3189
2700
2113
1505
1006
553
83
-438
-933
-1252
-1441
-1645
-1903
-2130
-2257
-2316
-2282
-2128
-1918
-1738
-1668
-1555
-1239
-828
-447
-63
374
653
679
686
1046
1711
2124
2116
1982
2065
2309
2454
2473
2466
2491
2488
2361
2127
1903
1789
1803
1748
1539
1244
956
752
626
549
461
282
-34
-355
-544
-636
-715
-815
-952
-1148
-1417
-1620
-1661
-1662
-1798
-2026
-2184
-2296
-2437
-2557
-2576
-2575
-2652
-2778
-2849
-2919
-2985
-2957
-2844
-2795
-2941
-3139
-3215
-3151
-3002
-2792
-2725
-2884
-3173
-3281
-3060
-2803
-2801
-2999
-3138
-3234
-3379
-3469
-3278
-3004
-3028
-3347
-3617
-3605
-3430
-3193
-2987
-2909
-3014
-3110
-2909
-2441
-1932
-1514
-1160
-902
-661
-288
284
991
1642
2152
2562
2968
3456
4005
4606
5231
5802
6255
6510
6581
6605
6798
7145
7367
7240
6859
6523
6272
6062
5790
5400
4868
4210
3604
3092
2582
1938
1269
739
311
-143
-701
-1237
-1590
-1760
-1928
-2159
-2402
-2560
-2577
-2521
-2408
-2229
-1988
-1777
-1640
-1487
-1132
-529
9
173
81
204
761
1415
1717
1661
1602
1771
2038
2243
2332
2382
2387
2292
2112
1920
1804
1742
1689
1517
1232
921
666
468
329
212
35
-243
-541
-725
-824
-916
-1074
-1239
-1377
-1512
-1612
-1644
-1656
-1717
-1887
-2086
-2218
-2253
-2210
-2162
-2220
-2427
-2608
-2594
-2474
-2506
-2614
-2582
-2421
-2425
-2718
-2949
-2813
-2469
-2286
-2415
-2674
-2746
-2591
-2475
-2529
-2573
-2466
-2377
-2569
-2874
-2958
-2800
-2690
-2750
-2851
-2961
-3146
-3331
-3280
-2968
-2782
-2907
-3092
-3024
-2672
-2302
-2058
-1865
-1528
-1068
-585
-215
60
476
1143
1905
2490
2897
3294
3818
4402
4994
5525
6022
6447
6734
6863
6913
7048
7261
7421
7347
7070
6687
6295
5941
5576
5161
4696
4163
3497
2704
1974
1397
912
408
-139
-663
-1227
-1824
-2294
-2491
-2504
-2588
-2871
-3111
-3085
-2860
-2650
-2490
-2254
-1935
-1635
-1402
-1063
-514
35
240
205
357
919
1602
1888
1726
1583
1803
2176
2317
2207
2096
2120
2150
2004
1763
1550
1421
1355
1288
1109
759
395
202
186
126
-143
-472
-692
-767
-802
-901
-1069
-1286
-1411
-1426
-1404
-1516
-1713
-1819
-1817
-1800
-1886
-2047
-2200
-2225
-2112
-2016
-2092
-2283
-2374
-2356
-2326
-2298
-2221
-2191
-2342
-2509
-2470
-2270
-2204
-2370
-2511
-2439
-2285
-2256
-2371
-2531
-2648
-2655
-2557
-2528
-2693
-2935
-3014
-2968
-3035
-3269
-3442
-3354
-3180
-3192
-3394
-3556
-3489
-3191
-2810
-2554
-2454
-2307
-1919
-1318
-768
-441
-151
384
1213
2042
2607
2973
3381
4014
4782
5493
6020
6404
6741
7031
7266
7434
7562
7646
7678
7590
7352
6963
6492
6054
5633
5170
4651
4084
3402
2616
1837
1187
655
165
-322
-869
-1468
-2015
-2411
-2644
-2781
-2898
-3006
-3112
-3168
-3115
-2934
-2688
-2412
-2100
-1768
-1500
-1256
-895
-392
33
226
390
746
1215
1486
1540
1613
1889
2171
2220
2086
1978
2062
2217
2218
1970
1665
1466
1377
1289
1169
993
727
399
119
-28
-159
-342
-545
-709
-888
-1087
-1255
-1348
-1412
-1480
-1549
-1647
-1774
-1880
-1881
-1839
-1879
-1972
-2008
-1979
-1948
-1993
-2052
-2012
-1909
-1840
-1855
-1963
-2115
-2172
-2001
-1738
-1687
-1932
-2234
-2339
-2238
-2054
-1918
-1953
-2259
-2679
-2831
-2627
-2466
-2634
-2942
-3041
-3098
-3407
-3735
-3647
-3260
-3210
-3666
-4122
-4103
-3752
-3376
-3163
-3174
-3263
-3175
-2671
-1903
-1311
-1012
-795
-404
186
907
1664
2341
2939
3497
4045
4514
4965
5541
6274
6964
7343
7352
7222
7233
7482
7782
7865
7630
7163
6656
6210
5812
5419
5048
4562
3882
3034
2210
1558
1081
692
211
-402
-1089
-1662
-2052
-2264
-2387
-2510
-2696
-2943
-3118
-3072
-2815
-2506
-2309
-2202
-2013
-1696
-1359
-1084
-724
-210
262
398
312
426
962
1582
1861
1808
1704
1753
1856
1931
2054
2211
2248
2018
1607
1314
1289
1432
1461
1218
794
403
144
39
20
-50
-294
-679
-1017
-1169
-1191
-1245
-1343
-1466
-1614
-1818
-1974
-2007
-1941
-1900
-1962
-2085
-2223
-2285
-2237
-2124
-2112
-2189
-2223
-2157
-2127
-2204
-2256
-2203
-2153
-2178
-2200
-2171
-2179
-2280
-2331
-2262
-2209
-2279
-2339
-2277
-2278
-2462
-2618
-2544
-2415
-2542
-2791
-2819
-2741
-2902
-3196
-3196
-2864
-2724
-3037
-3361
-3261
-2892
-2652
-2576
-2456
-2210
-1937
-1596
-1134
-667
-260
161
699
1289
1794
2291
2926
3676
4316
4706
5030
5492
6145
6771
7184
7318
7337
7411
7558
7665
7604
7412
7137
6843
6496
6018
5409
4836
4373
3951
3338
2501
1684
1084
641
126
-490
-1091
-1542
-1909
-2302
-2695
-2941
-2994
-2981
-3041
-3144
-3132
-2982
-2771
-2512
-2176
-1841
-1583
-1321
-919
-465
-190
-82
173
683
1167
1313
1222
1267
1612
1971
2031
1853
1732
1833
1947
1845
1565
1327
1230
1166
1005
747
470
209
5
-152
-322
-570
-849
-1081
-1249
-1371
-1495
-1628
-1782
-1936
-2022
-2039
-2039
-2057
-2119
-2216
-2270
-2229
-2115
-2054
-2105
-2140
-2096
-2046
-2036
-1994
-1875
-1792
-1873
-2014
-2016
-1908
-1870
-1897
-1879
-1850
-1958
-2162
-2197
-1987
-1868
-2057
-2346
-2418
-2258
-2162
-2275
-2543
-2759
-2823
-2690
-2494
-2544
-2849
-3091
-3032
-2865
-2855
-2907
-2753
-2475
-2394
-2520
-2478
-2054
-1454
-933
-573
-317
-105
176
771
1672
2534
3059
3332
3676
4197
4777
5343
5973
6616
7038
7123
7058
7105
7323
7574
7691
7604
7261
6736
6228
5908
5697
5338
4736
4028
3310
2609
1957
1399
918
394
-205
-803
-1321
-1776
-2150
-2365
-2482
-2633
-2861
-3047
-3092
-2976
-2790
-2602
-2428
-2294
-2123
-1874
-1528
-1087
-601
-295
-309
-383
-108
557
1124
1242
1065
1008
1164
1333
1466
1619
1735
1616
1282
970
890
954
971
840
551
187
-209
-445
-441
-397
-552
-964
-1363
-1562
-1583
-1592
-1685
-1817
-1972
-2091
-2133
-2056
-1975
-1970
-1985
-1996
-2015
-2030
-1953
-1780
-1634
-1620
-1693
-1715
-1650
-1564
-1449
-1336
-1333
-1491
-1644
-1602
-1431
-1338
-1441
-1603
-1697
-1694
-1602
-1502
-1570
-1863
-2117
-2051
-1771
-1694
-1991
-2377
-2508
-2427
-2368
-2375
-2347
-2332
-2506
-2786
-2947
-2874
-2595
-2259
-2045
-2079
-2273
-2330
-1925
-1158
-446
-89
-25
70
445
1156
1986
2673
3167
3606
4096
4554
4895
5294
5954
6726
7192
7178
6946
6885
7093
7348
7447
7282
6918
6436
5932
5499
5147
4776
4261
3626
2907
2137
1432
874
442
-11
-558
-1146
-1693
-2140
-2490
-2701
-2841
-2968
-3127
-3254
-3291
-3283
-3176
-2941
-2585
-2290
-2157
-2099
-1910
-1480
-888
-355
-193
-376
-457
24
854
1334
1233
942
952
1240
1431
1490
1516
1540
1435
1175
923
790
809
822
724
426
-12
-403
-554
-488
-499
-751
-1163
-1491
-1630
-1656
-1668
-1717
-1834
-2004
-2150
-2166
-2059
-1994
-2000
-2028
-2037
-2034
-2012
-1913
-1745
-1637
-1646
-1677
-1658
-1606
-1554
-1472
-1387
-1361
-1406
-1458
-1477
-1465
-1407
-1327
-1338
-1498
-1656
-1633
-1482
-1470
-1668
-1864
-1878
-1828
-1880
-2023
-2150
-2255
-2369
-2392
-2288
-2232
-2443
-2787
-2926
-2699
-2339
-2167
-2231
-2344
-2301
-1985
-1455
-893
-547
-441
-279
198
952
1656
2175
2586
3081
3643
4155
4627
5130
5730
6301
6657
6767
6784
6904
7184
7416
7373
7024
6654
6432
6245
5918
5384
4774
4215
3704
3147
2520
1850
1229
652
119
-389
-893
-1335
-1734
-2074
-2393
-2653
-2811
-2920
-2977
-2971
-2890
-2813
-2822
-2838
-2655
-2216
-1739
-1489
-1555
-1647
-1429
-881
-315
-57
-108
-178
-54
228
548
791
902
857
725
680
775
895
933
866
753
602
443
314
259
224
104
-78
-291
-471
-632
-785
-888
-929
-1022
-1214
-1442
-1580
-1569
-1527
-1498
-1534
-1618
-1730
-1791
-1714
-1533
-1408
-1422
-1476
-1476
-1445
-1393
-1256
-1043
-886
-979
-1215
-1251
-1012
-781
-786
-906
-940
-904
-949
-1074
-1104
-1008
-920
-990
-1194
-1343
-1387
-1419
-1503
-1581
-1638
-1741
-1939
-2154
-2231
-2181
-2138
-2244
-2460
-2627
-2635
-2481
-2301
-2197
-2152
-2087
-1944
-1701
-1322
-809
-276
83
266
527
1105
1933
2682
3168
3497
3845
4312
4834
5376
5910
6358
6613
6615
6492
6486
6681
6880
6827
6422
5892
5446
5131
4845
4440
3908
3285
2637
2005
1442
934
430
-103
-610
-1031
-1408
-1824
-2263
-2526
-2563
-2583
-2757
-3031
-3155
-3020
-2810
-2672
-2584
-2415
-2183
-1976
-1792
-1545
-1201
-882
-646
-480
-300
-59
190
412
580
721
882
1021
1091
1068
1043
1077
1180
1212
1060
826
648
604
589
487
294
115
-35
-219
-425
-573
-632
-702
-859
-1075
-1221
-1267
-1283
-1324
-1381
-1403
-1430
-1467
-1504
-1520
-1469
-1423
-1418
-1444
-1445
-1415
-1400
-1383
-1335
-1239
-1173
-1195
-1242
-1230
-1196
-1135
-1069
-992
-951
-1027
-1129
-1109
-964
-871
-957
-1122
-1162
-1110
-1126
-1274
-1437
-1533
-1615
-1719
-1805
-1899
-2081
-2301
-2395
-2365
-2425
-2656
-2835
-2742
-2501
-2400
-2494
-2567
-2386
-1952
-1419
-965
-713
-589
-361
232
1087
1840
2254
2512
2955
3607
4247
4694
5078
5535
6030
6362
6483
6460
6467
6608
6770
6767
6478
6053
5682
5390
5043
4584
4097
3612
3047
2376
1698
1133
646
166
-339
-832
-1335
-1852
-2249
-2458
-2563
-2762
-3054
-3290
-3330
-3242
-3147
-3088
-3012
-2865
-2600
-2273
-2072
-2046
-1945
-1462
-732
-309
-464
-710
-473
231
837
983
879
868
986
1091
1229
1417
1554
1538
1361
1135
958
881
932
1000
910
612
218
-80
-193
-167
-152
-331
-679
-1049
-1226
-1200
-1123
-1149
-1324
-1534
-1678
-1665
-1571
-1492
-1488
-1526
-1581
-1599
-1542
-1416
-1272
-1191
-1176
-1171
-1129
-1067
-984
-931
-904
-868
-854
-871
-898
-913
-898
-909
-983
-1036
-1059
-1135
-1294
-1436
-1471
-1541
-1739
-1938
-2018
-2088
-2344
-2633
-2696
-2589
-2645
-2974
-3299
-3342
-3139
-2978
-2952
-3008
-3025
-2906
-2639
-2229
-1806
-1407
-994
-619
-291
42
617
1469
2345
2942
3217
3460
3919
4640
5420
6062
6417
6494
6476
6552
6785
7048
7144
6997
6663
6288
5948
5646
5304
4841
4295
3747
3209
2615
1949
1306
756
273
-150
-602
-1106
-1641
-2105
-2398
-2518
-2603
-2819
-3093
-3251
-3205
-3062
-2975
-2935
-2829
-2643
-2375
-2053
-1796
-1755
-1732
-1350
-593
-19
-140
-525
-389
403
1133
1273
1066
973
1064
1216
1413
1632
1715
1552
1289
1119
1062
1061
1064
1010
816
487
177
0
-76
-149
-256
-470
-745
-962
-1080
-1138
-1195
-1242
-1290
-1410
-1589
-1665
-1559
-1408
-1395
-1508
-1615
-1612
-1508
-1347
-1201
-1146
-1239
-1308
-1196
-989
-854
-885
-933
-868
-750
-755
-829
-773
-569
-528
-811
-1093
-998
-708
-744
-1176
-1558
-1592
-1540
-1656
-1864
-2047
-2329
-2715
-2871
-2639
-2484
-2841
-3428
-3558
-3138
-2773
-2833
-3076
-3029
-2682
-2288
-1991
-1681
-1287
-833
-373
52
467
942
1592
2323
2980
3388
3625
3950
4467
5129
5711
6044
6106
6059
6099
6244
6412
6444
6283
5968
5598
5288
4998
4600
4076
3562
3166
2760
2155
1415
804
421
95
-323
-814
-1259
-1657
-1992
-2216
-2310
-2365
-2533
-2747
-2810
-2657
-2494
-2480
-2493
-2296
-1967
-1778
-1727
-1549
-1158
-796
-671
-622
-430
-123
155
362
538
643
699
791
966
1075
1095
1142
1263
1294
1133
963
935
1014
992
867
674
460
266
189
215
127
-195
-557
-681
-608
-568
-770
-1085
-1263
-1249
-1143
-1112
-1216
-1375
-1464
-1380
-1236
-1159
-1201
-1286
-1254
-1145
-1077
-1098
-1066
-946
-858
-895
-984
-986
-878
-757
-714
-755
-865
-954
-926
-784
-713
-842
-1018
-1066
-1020
-1063
-1222
-1356
-1425
-1492
-1648
-1861
-2088
-2255
-2287
-2282
-2412
-2733
-3009
-3003
-2822
-2754
-2861
-2951
-2869
-2644
-2374
-2085
-1785
-1478
-1100
-629
-120
327
754
1329
2064
2770
3258
3596
3970
4489
5104
5693
6118
6300
6339
6398
6527
6653
6678
6575
6367
6066
5668
5194
4760
4392
4017
3504
2821
2134
1554
1045
471
-106
-568
-941
-1412
-2002
-2460
-2650
-2713
-2875
-3127
-3318
-3359
-3283
-3162
-3039
-2905
-2763
-2585
-2314
-1962
-1581
-1324
-1211
-1020
-545
10
227
133
229
749
1251
1292
1062
1082
1402
1641
1578
1377
1296
1329
1341
1262
1063
800
609
570
563
415
121
-177
-361
-436
-467
-544
-699
-917
-1089
-1146
-1128
-1098
-1125
-1195
-1282
-1328
-1286
-1188
-1120
-1109
-1125
-1135
-1136
-1087
-976
-902
-911
-943
-948
-942
-945
-926
-847
-815
-896
-1012
-1075
-1086
-1105
-1085
-1047
-1141
-1441
-1688
-1602
-1378
-1439
-1871
-2241
-2249
-2098
-2134
-2412
-2680
-2818
-2869
-2906
-2913
-2931
-3032
-3153
-3151
-2978
-2770
-2604
-2470
-2293
-2033
-1706
-1304
-806
-298
91
441
932
1587
2225
2718
3210
3800
4325
4645
4911
5402
6037
6492
6559
6407
6330
6412
6619
6741
6582
6088
5522
5173
4983
4685
4114
3441
2858
2380
1863
1247
607
41
-387
-782
-1246
-1795
-2257
-2504
-2635
-2814
-3077
-3296
-3369
-3296
-3169
-3040
-2956
-2881
-2718
-2463
-2152
-1839
-1500
-1154
-865
-683
-491
-117
339
685
831
945
1157
1369
1429
1412
1522
1723
1796
1613
1388
1274
1194
1052
915
874
737
345
-106
-300
-251
-293
-596
-946
-1149
-1255
-1362
-1419
-1403
-1445
-1605
-1737
-1690
-1564
-1486
-1445
-1382
-1314
-1282
-1239
-1104
-937
-834
-793
-752
-689
-601
-509
-461
-507
-588
-559
-426
-372
-518
-730
-854
-882
-921
-981
-1040
-1159
-1410
-1701
-1822
-1807
-1830
-2026
-2298
-2481
-2538
-2583
-2724
-2917
-3019
-2951
-2860
-2883
-3033
-3110
-2953
-2644
-2362
-2216
-2160
-2037
-1696
-1129
-485
-57
75
222
733
1574
2330
2743
3007
3389
3890
4352
4731
5121
5574
5942
6067
6023
5975
6028
6154
6243
6135
5748
5227
4846
4659
4431
3973
3350
2790
2322
1840
1324
817
356
-143
-667
-1071
-1378
-1719
-2101
-2388
-2506
-2602
-2800
-2991
-3046
-2990
-2887
-2716
-2462
-2307
-2390
-2504
-2237
-1535
-901
-738
-949
-1037
-680
-62
432
639
702
779
923
1036
1134
1330
1598
1736
1625
1388
1244
1257
1320
1341
1259
1017
647
364
310
330
192
-120
-422
-584
-708
-880
-1013
-1066
-1117
-1264
-1442
-1536
-1532
-1452
-1371
-1355
-1420
-1488
-1429
-1222
-1045
-1044
-1077
-992
-835
-748
-760
-735
-605
-497
-544
-636
-640
-542
-494
-601
-785
-892
-900
-913
-1019
-1216
-1404
-1546
-1663
-1779
-1909
-2067
-2282
-2564
-2778
-2768
-2637
-2706
-3065
-3420
-3438
-3165
-2922
-2882
-2937
-2901
-2789
-2593
-2240
-1720
-1204
-869
-680
-409
117
835
1569
2137
2541
2936
3411
3948
4482
4977
5437
5815
6057
6163
6265
6423
6551
6551
6423
6215
5950
5641
5290
4939
4543
4052
3503
2950
2431
1881
1280
730
272
-151
-661
-1218
-1686
-1997
-2197
-2423
-2687
-2924
-3048
-3041
-3008
-3050
-3085
-2965
-2664
-2355
-2193
-2146
-2075
-1824
-1343
-771
-375
-337
-506
-401
173
847
1141
1069
1005
1159
1344
1408
1513
1722
1881
1761
1432
1191
1193
1329
1370
1216
846
425
205
225
270
86
-276
-582
-721
-805
-923
-1027
-1091
-1138
-1249
-1405
-1477
-1404
-1252
-1163
-1239
-1366
-1361
-1181
-973
-900
-922
-922
-849
-757
-696
-651
-624
-604
-560
-514
-507
-597
-689
-734
-782
-825
-835
-844
-997
-1306
-1552
-1536
-1468
-1642
-1965
-2150
-2178
-2332
-2701
-2958
-2855
-2654
-2750
-3103
-3363
-3370
-3218
-3017
-2826
-2684
-2630
-2587
-2354
-1920
-1441
-1021
-614
-163
265
620
1061
1711
2471
3084
3468
3751
4103
4604
5165
5669
5945
6008
6005
6089
6255
6325
6205
5976
5759
5469
5087
4650
4238
3834
3360
2842
2295
1741
1148
569
92
-326
-697
-1089
-1504
-1971
-2426
-2639
-2608
-2541
-2704
-2987
-3131
-3038
-2821
-2626
-2441
-2314
-2207
-1956
-1515
-1186
-1195
-1188
-684
162
562
289
5
348
1113
1559
1513
1341
1361
1501
1584
1631
1639
1618
1544
1432
1262
1008
819
752
740
598
268
-80
-329
-476
-584
-665
-782
-995
-1294
-1556
-1615
-1489
-1390
-1496
-1742
-1918
-1871
-1664
-1515
-1496
-1558
-1608
-1554
-1416
-1256
-1133
-1070
-1044
-1016
-975
-945
-887
-767
-627
-628
-795
-937
-913
-807
-842
-983
-1062
-1104
-1292
-1577
-1679
-1561
-1614
-2035
-2440
-2441
-2232
-2316
-2766
-3132
-3102
-2883
-2800
-2923
-3093
-3138
-3016
-2738
-2421
-2218
-2090
-1853
-1402
-915
-598
-311
233
1002
1615
1921
2188
2739
3483
4120
4538
4819
5089
5421
5863
6263
6392
6242
6087
6169
6342
6261
5883
5428
5059
4738
4354
3903
3400
2875
2312
1741
1187
611
96
-309
-709
-1188
-1709
-2086
-2298
-2509
-2776
-2984
-3023
-3009
-3056
-3123
-3067
-2895
-2699
-2506
-2303
-2122
-1959
-1628
-1134
-792
-818
-844
-388
391
796
589
379
673
1224
1515
1508
1513
1565
1539
1463
1529
1702
1683
1465
1232
1087
979
868
770
664
440
117
-154
-314
-378
-474
-640
-858
-1090
-1256
-1347
-1369
-1373
-1394
-1448
-1545
-1631
-1660
-1605
-1423
-1226
-1227
-1403
-1514
-1370
-1066
-880
-882
-955
-1015
-1013
-914
-754
-660
-755
-924
-981
-932
-910
-1000
-1126
-1216
-1322
-1497
-1608
-1622
-1641
-1855
-2238
-2525
-2537
-2347
-2315
-2585
-3000
-3266
-3226
-3031
-2832
-2750
-2827
-2926
-2946
-2750
-2355
-1903
-1473
-1163
-981
-832
-473
210
1029
1676
2009
2238
2641
3273
3934
4435
4807
5178
5562
5846
6021
6150
6257
6326
6375
6381
6226
5898
5497
5179
4921
4575
4119
3579
3012
2447
1905
1419
945
424
-120
-603
-1025
-1386
-1735
-2056
-2337
-2586
-2725
-2797
-2835
-2890
-2911
-2835
-2696
-2587
-2493
-2289
-1953
-1586
-1406
-1402
-1272
-833
-267
48
43
54
327
746
1006
1065
1134
1308
1515
1561
1434
1328
1414
1620
1697
1494
1129
856
803
904
983
834
389
-74
-271
-187
-81
-203
-502
-815
-1050
-1146
-1093
-1002
-1026
-1185
-1359
-1411
-1353
-1300
-1260
-1204
-1124
-1078
-1113
-1187
-1179
-999
-765
-677
-815
-967
-954
-793
-620
-595
-733
-907
-944
-858
-796
-900
-1109
-1278
-1341
-1344
-1398
-1549
-1831
-2063
-2123
-2123
-2278
-2609
-2822
-2783
-2753
-2967
-3272
-3330
-3154
-3053
-3106
-3163
-3069
-2878
-2637
-2342
-2025
-1758
-1492
-1069
-483
94
483
818
1313
2046
2769
3271
3619
3985
4470
4972
5445
5829
6089
6214
6281
6344
6358
6315
6254
6168
5926
5487
4943
4497
4184
3852
3376
2753
2097
1489
955
504
98
-330
-793
-1270
-1685
-2017
-2236
-2371
-2470
-2581
-2757
-2886
-2845
-2656
-2484
-2391
-2291
-2113
-1909
-1673
-1383
-1066
-800
-630
-415
-119
162
379
616
855
1002
1070
1213
1444
1574
1531
1469
1561
1655
1618
1488
1348
1232
1128
1039
934
743
485
291
180
31
-205
-429
-547
-628
-784
-1008
-1175
-1243
-1259
-1290
-1406
-1489
-1498
-1442
-1416
-1448
-1455
-1415
-1315
-1226
-1162
-1182
-1225
-1176
-1030
-893
-887
-982
-1048
-996
-883
-818
-888
-1024
-1106
-1076
-1060
-1182
-1323
-1361
-1409
-1628
-1865
-1855
-1762
-2019
-2509
-2689
-2446
-2329
-2746
-3253
-3269
-2981
-2951
-3259
-3400
-3192
-2957
-2892
-2896
-2769
-2493
-2120
-1674
-1221
-882
-668
-349
280
1072
1698
2121
2541
3069
3578
3996
4483
5102
5677
6005
6103
6156
6260
6398
6580
6730
6660
6293
5780
5404
5196
4962
4580
4065
3485
2836
2191
1629
1190
782
305
-227
-783
-1324
-1751
-1988
-2109
-2253
-2526
-2824
-2989
-2997
-2902
-2778
-2643
-2560
-2545
-2484
-2248
-1841
-1445
-1233
-1210
-1170
-892
-395
19
144
135
232
518
815
942
1018
1176
1267
1243
1213
1215
1272
1299
1258
1194
1060
840
664
622
622
489
230
-22
-179
-255
-368
-535
-718
-840
-896
-994
-1157
-1314
-1356
-1286
-1223
-1284
-1422
-1502
-1432
-1263
-1171
-1211
-1289
-1246
-1110
-1018
-1013
-1063
-1046
-985
-911
-846
-866
-959
-1027
-1001
-922
-912
-1015
-1171
-1317
-1373
-1337
-1302
-1432
-1763
-2071
-2114
-2004
-2042
-2326
-2651
-2814
-2858
-2933
-3053
-3148
-3189
-3238
-3289
-3284
-3221
-3067
-2890
-2674
-2418
-2134
-1828
-1480
-1041
-516
25
501
987
1536
2151
2768
3322
3811
4273
4741
5236
5695
6053
6261
6378
6492
6615
6681
6607
6472
6239
5939
5577
5196
4806
4353
3851
3318
2753
2150
1582
1063
596
140
-361
-897
-1367
-1704
-1928
-2118
-2320
-2562
-2772
-2886
-2855
-2743
-2661
-2578
-2457
-2289
-2171
-2102
-1951
-1564
-1065
-747
-745
-868
-761
-271
330
651
575
394
486
823
1133
1197
1137
1142
1233
1233
1110
1007
997
1019
973
815
606
410
246
180
176
104
-121
-409
-604
-618
-588
-639
-786
-943
-1031
-1040
-998
-947
-932
-987
-1048
-1060
-965
-891
-845
-830
-859
-851
-825
-810
-814
-802
-747
-715
-803
-933
-954
-854
-782
-847
-1036
-1206
-1274
-1245
-1182
-1211
-1417
-1710
-1881
-1847
-1822
-2007
-2314
-2500
-2506
-2540
-2744
-3032
-3162
-3086
-2984
-3094
-3375
-3502
-3259
-2815
-2595
-2701
-2796
-2495
-1802
-1164
-866
-741
-437
218
968
1573
2015
2500
3091
3689
4180
4564
4968
5433
5931
6310
6480
6451
6411
6462
6573
6596
6430
6102
5678
5235
4828
4435
4018
3567
3042
2399
1683
1072
653
343
-90
-679
-1254
-1632
-1874
-2133
-2389
-2580
-2670
-2755
-2851
-2895
-2836
-2666
-2507
-2389
-2258
-2057
-1726
-1416
-1261
-1210
-984
-476
0
76
-65
53
513
968
1063
963
968
1136
1283
1322
1344
1349
1273
1156
1140
1172
1032
775
617
627
617
344
0
-151
-123
-148
-358
-620
-775
-854
-890
-896
-903
-1009
-1184
-1235
-1129
-1025
-1094
-1205
-1185
-1034
-961
-1018
-1072
-1007
-879
-826
-859
-919
-971
-945
-830
-763
-820
-1008
-1155
-1150
-1056
-1021
-1142
-1371
-1598
-1688
-1610
-1553
-1671
-1985
-2299
-2413
-2335
-2287
-2499
-2842
-3062
-3004
-2906
-3003
-3259
-3390
-3282
-3121
-3040
-2993
-2868
-2656
-2436
-2238
-1920
-1453
-920
-515
-220
112
641
1336
2022
2624
3073
3433
3796
4304
4963
5548
5901
6050
6151
6309
6466
6564
6561
6481
6323
6108
5784
5333
4848
4455
4144
3749
3155
2408
1750
1230
784
352
-93
-572
-1113
-1645
-2020
-2210
-2322
-2485
-2711
-2900
-2988
-2964
-2872
-2740
-2608
-2497
-2393
-2217
-1943
-1605
-1362
-1182
-973
-704
-427
-218
34
322
552
636
698
892
1152
1269
1236
1183
1210
1279
1297
1226
1087
952
852
819
730
524
255
79
8
-66
-246
-490
-647
-707
-800
-970
-1119
-1143
-1093
-1139
-1261
-1343
-1315
-1248
-1189
-1157
-1166
-1218
-1221
-1109
-954
-923
-1030
-1072
-970
-873
-902
-988
-996
-907
-904
-981
-1080
-1129
-1132
-1169
-1224
-1274
-1329
-1475
-1704
-1879
-1824
-1685
-1771
-2177
-2605
-2716
-2542
-2396
-2538
-2854
-3094
-3158
-3111
-3050
-3003
-2958
-2883
-2790
-2686
-2548
-2324
-2008
-1600
-1157
-755
-409
-88
330
880
1539
2208
2795
3211
3518
3900
4425
5044
5572
5954
6173
6256
6269
6319
6498
6697
6666
6342
5909
5544
5291
5022
4636
4138
3571
2972
2420
1896
1366
841
370
-71
-539
-1033
-1485
-1810
-2069
-2276
-2426
-2564
-2729
-2893
-2962
-2889
-2717
-2538
-2410
-2345
-2327
-2226
-1903
-1416
-1055
-993
-1018
-825
-402
-46
129
271
506
737
809
785
875
1108
1299
1310
1197
1099
1050
1043
1009
953
844
664
467
301
184
56
-75
-202
-354
-528
-681
-768
-845
-942
-1006
-1018
-1039
-1128
-1201
-1196
-1138
-1106
-1112
-1106
-1083
-1075
-1059
-978
-878
-871
-929
-932
-871
-809
-808
-800
-782
-797
-844
-881
-897
-956
-1039
-1078
-1068
-1112
-1321
-1565
-1654
-1590
-1581
-1799
-2093
-2293
-2359
-2461
-2616
-2710
-2716
-2800
-3054
-3285
-3336
-3163
-2955
-2830
-2823
-2880
-2851
-2583
-2060
-1528
-1218
-1038
-750
-288
283
866
1443
2017
2529
2946
3349
3812
4365
4921
5368
5697
5925
6073
6171
6271
6423
6527
6457
6205
5861
5546
5266
4955
4562
4116
3586
3015
2434
1902
1428
955
458
-69
-549
-984
-1363
-1722
-2047
-2269
-2389
-2515
-2710
-2879
-2885
-2766
-2670
-2612
-2497
-2315
-2142
-1972
-1729
-1420
-1204
-1028
-760
-418
-183
-132
6
380
797
949
872
864
1047
1274
1386
1394
1384
1344
1270
1207
1186
1166
1027
813
668
557
407
206
47
-34
-156
-360
-571
-689
-763
-887
-1002
-1027
-1027
-1109
-1219
-1271
-1229
-1197
-1215
-1211
-1153
-1094
-1104
-1118
-1102
-1023
-903
-838
-863
-955
-998
-913
-779
-733
-792
-873
-928
-966
-973
-967
-990
-1107
-1240
-1266
-1275
-1409
-1684
-1881
-1883
-1850
-2025
-2361
-2601
-2610
-2567
-2717
-2958
-3085
-3050
-3023
-3054
-3015
-2872
-2680
-2542
-2381
-2110
-1780
-1426
-1034
-575
-149
234
692
1295
1952
2470
2868
3300
3834
4337
4781
5209
5601
5860
5985
6104
6239
6370
6341
6179
6009
5831
5569
5187
4782
4383
3968
3466
2902
2360
1849
1332
797
302
-148
-608
-1078
-1506
-1851
-2096
-2310
-2513
-2670
-2780
-2819
-2833
-2841
-2793
-2669
-2487
-2320
-2182
-1992
-1720
-1461
-1254
-1050
-768
-449
-227
-72
151
442
660
791
914
1102
1255
1270
1212
1221
1324
1434
1429
1265
1032
848
802
806
719
474
183
-6
-98
-241
-452
-606
-680
-774
-1000
-1267
-1359
-1258
-1185
-1236
-1374
-1491
-1514
-1455
-1348
-1233
-1167
-1188
-1208
-1156
-1062
-976
-918
-869
-839
-833
-843
-840
-788
-706
-665
-736
-869
-971
-971
-935
-965
-1090
-1233
-1338
-1455
-1588
-1719
-1807
-1936
-2148
-2386
-2530
-2572
-2613
-2709
-2903
-3096
-3179
-3149
-3049
-2996
-2978
-2892
-2715
-2506
-2331
-2080
-1704
-1221
-819
-545
-221
335
1024
1587
2012
2424
2950
3496
3978
4405
4859
5275
5614
5901
6110
6209
6200
6241
6348
6349
6131
5778
5443
5183
4870
4425
3929
3440
2929
2371
1797
1260
778
345
-104
-589
-1094
-1533
-1846
-2064
-2249
-2457
-2627
-2753
-2804
-2826
-2826
-2773
-2605
-2399
-2256
-2146
-1972
-1678
-1386
-1163
-1014
-785
-465
-196
-42
88
318
622
836
922
963
1041
1138
1176
1197
1232
1280
1271
1159
1023
925
817
691
563
498
388
170
-95
-277
-332
-377
-480
-667
-877
-1059
-1103
-1056
-1031
-1109
-1226
-1283
-1285
-1292
-1304
-1239
-1125
-1052
-1076
-1147
-1135
-1057
-969
-895
-866
-864
-926
-962
-901
-756
-722
-839
-980
-1013
-945
-1008
-1164
-1267
-1271
-1296
-1419
-1600
-1763
-1954
-2128
-2187
-2181
-2279
-2547
-2801
-2863
-2873
-2989
-3081
-3049
-2964
-2983
-3061
-2968
-2690
-2439
-2235
-1963
-1588
-1296
-1119
-806
-179
588
1131
1432
1743
2234
2784
3312
3873
4446
4864
5082
5249
5565
5928
6147
6215
6254
6237
6038
5747
5548
5502
5346
4914
4296
3754
3322
2912
2481
2013
1480
908
372
-97
-486
-895
-1281
-1592
-1858
-2158
-2443
-2616
-2641
-2621
-2640
-2666
-2668
-2615
-2547
-2383
-2076
-1724
-1525
-1520
-1509
-1267
-787
-380
-238
-233
-122
157
431
613
731
878
990
1031
1032
1029
1084
1163
1253
1212
1040
816
703
708
741
683
473
235
27
-58
-50
-73
-224
-458
-663
-734
-742
-743
-783
-855
-938
-1027
-1073
-1067
-1015
-960
-925
-955
-1004
-1033
-968
-847
-745
-726
-828
-933
-945
-807
-623
-582
-774
-1008
-1031
-869
-762
-895
-1105
-1213
-1252
-1328
-1448
-1504
-1549
-1747
-2095
-2327
-2326
-2287
-2409
-2646
-2833
-2957
-3078
-3164
-3073
-2914
-2904
-3031
-3072
-2881
-2574
-2280
-1978
-1665
-1439
-1243
-874
-240
426
890
1274
1764
2319
2756
3147
3718
4387
4876
5092
5263
5535
5828
6047
6207
6309
6244
5993
5729
5632
5572
5313
4844
4335
3894
3466
2978
2476
1989
1502
994
465
-31
-486
-910
-1283
-1590
-1873
-2130
-2341
-2484
-2605
-2722
-2778
-2697
-2576
-2532
-2529
-2431
-2219
-2024
-1831
-1576
-1274
-1087
-1017
-868
-493
-63
149
203
349
604
799
861
923
1102
1253
1242
1157
1151
1198
1207
1135
1040
963
848
679
499
398
323
196
10
-236
-449
-598
-687
-758
-897
-1050
-1171
-1207
-1232
-1274
-1325
-1339
-1294
-1292
-1305
-1305
-1240
-1167
-1123
-1099
-1062
-1016
-997
-943
-878
-818
-790
-774
-751
-756
-755
-761
-784
-869
-978
-1020
-997
-1053
-1264
-1460
-1561
-1600
-1702
-1851
-1973
-2134
-2359
-2527
-2523
-2496
-2646
-2914
-3033
-2945
-2893
-3015
-3091
-2904
-2597
-2440
-2414
-2276
-1934
-1508
-1123
-744
-314
143
579
1025
1537
2089
2625
3137
3613
4015
4340
4714
5177
5630
5898
5972
5995
6053
6128
6122
6036
5872
5600
5236
4830
4428
4052
3651
3202
2681
2099
1523
1041
653
282
-141
-621
-1106
-1536
-1840
-2009
-2085
-2266
-2525
-2737
-2803
-2770
-2724
-2614
-2457
-2298
-2239
-2187
-1985
-1651
-1322
-1024
-769
-605
-572
-489
-139
408
802
826
697
713
985
1278
1446
1506
1497
1436
1340
1299
1329
1347
1272
1107
886
664
487
376
314
228
46
-218
-482
-606
-663
-720
-786
-888
-1022
-1175
-1274
-1255
-1151
-1125
-1201
-1322
-1340
-1222
-1083
-1024
-1047
-1031
-951
-878
-865
-894
-845
-716
-649
-715
-833
-886
-850
-782
-787
-902
-1084
-1200
-1195
-1097
-1112
-1326
-1611
-1786
-1784
-1772
-1880
-2133
-2381
-2530
-2580
-2632
-2749
-2894
-3003
-3015
-3012
-3057
-3099
-3016
-2775
-2481
-2299
-2267
-2202
-1888
-1340
-774
-363
-85
212
675
1255
1867
2431
2917
3376
3812
4222
4614
4989
5344
5705
5986
6086
6015
5886
5859
5952
5977
5785
5390
4921
4503
4147
3815
3469
3048
2490
1824
1194
755
427
40
-470
-1006
-1417
-1711
-2001
-2269
-2466
-2569
-2645
-2734
-2815
-2870
-2848
-2739
-2531
-2328
-2203
-2138
-1984
-1711
-1432
-1227
-1023
-743
-445
-228
-70
110
345
611
827
968
1003
1013
1035
1156
1292
1293
1174
1050
1042
1027
875
681
603
631
597
365
69
-101
-96
-94
-191
-406
-635
-770
-790
-721
-705
-800
-952
-980
-885
-813
-835
-865
-787
-662
-636
-686
-731
-662
-566
-536
-563
-620
-653
-659
-598
-535
-553
-707
-889
-921
-820
-825
-980
-1170
-1271
-1314
-1454
-1642
-1751
-1801
-1967
-2258
-2450
-2431
-2423
-2601
-2861
-2978
-2967
-3018
-3152
-3180
-3113
-3101
-3178
-3162
-2934
-2670
-2527
-2440
-2181
-1783
-1413
-1058
-583
-19
424
708
1121
1791
2506
2990
3298
3640
4102
4602
5004
5350
5613
5789
5861
5974
6088
6108
5990
5826
5729
5541
5149
4623
4188
3936
3669
3161
2489
1842
1402
1076
713
250
-234
-689
-1058
-1338
-1601
-1811
-1996
-2166
-2337
-2479
-2598
-2645
-2578
-2380
-2206
-2188
-2279
-2207
-1845
-1413
-1203
-1216
-1120
-799
-443
-307
-263
-82
246
475
510
460
467
568
728
916
1021
939
695
552
624
780
766
568
351
204
77
-55
-134
-132
-194
-392
-621
-726
-683
-639
-649
-681
-686
-719
-778
-788
-689
-547
-483
-517
-600
-620
-507
-341
-227
-257
-368
-414
-313
-148
-120
-221
-367
-387
-322
-327
-496
-730
-821
-761
-733
-954
-1338
-1578
-1518
-1363
-1456
-1860
-2228
-2319
-2184
-2173
-2450
-2810
-3004
-2949
-2866
-2936
-3183
-3420
-3420
-3179
-2882
-2781
-2886
-2908
-2646
-2185
-1748
-1436
-1161
-812
-402
34
490
984
1516
2032
2520
2991
3407
3739
4111
4624
5177
5528
5578
5526
5629
5864
6019
5958
5754
5512
5242
4966
4685
4371
3996
3568
3125
2702
2235
1701
1223
892
603
178
-369
-840
-1121
-1291
-1476
-1707
-1956
-2164
-2300
-2342
-2285
-2212
-2177
-2169
-2096
-1977
-1842
-1686
-1496
-1294
-1125
-993
-859
-705
-536
-345
-115
119
223
208
218
358
560
679
693
666
625
566
487
457
474
455
346
158
-2
-108
-168
-208
-253
-338
-493
-634
-677
-669
-673
-735
-796
-806
-784
-782
-794
-771
-714
-644
-611
-564
-521
-470
-420
-379
-326
-310
-316
-317
-273
-257
-322
-404
-446
-452
-494
-617
-748
-783
-786
-897
-1110
-1249
-1267
-1312
-1500
-1755
-1876
-1898
-1997
-2245
-2493
-2574
-2584
-2667
-2839
-2977
-2995
-2984
-3012
-3040
-3018
-2943
-2829
-2632
-2430
-2308
-2223
-1969
-1473
-954
-620
-445
-137
413
1030
1532
1942
2370
2867
3370
3801
4150
4444
4783
5152
5509
5700
5670
5585
5600
5708
5742
5595
5316
4993
4655
4321
3995
3686
3313
2822
2295
1804
1373
947
511
124
-214
-572
-961
-1345
-1647
-1780
-1834
-1957
-2176
-2393
-2446
-2337
-2206
-2174
-2206
-2137
-1960
-1771
-1647
-1527
-1318
-1068
-853
-723
-626
-470
-245
13
221
290
273
285
427
638
753
724
627
569
572
610
598
524
420
326
258
182
60
-67
-124
-138
-191
-311
-438
-503
-490
-441
-424
-444
-486
-517
-472
-365
-275
-264
-280
-255
-181
-111
-88
-72
-31
7
10
-29
-102
-120
-75
-18
-73
-272
-449
-478
-424
-492
-690
-883
-971
-1046
-1203
-1397
-1537
-1594
-1686
-1854
-2054
-2246
-2405
-2467
-2488
-2592
-2794
-3007
-3082
-3036
-3012
-3080
-3163
-3154
-3054
-2906
-2733
-2560
-2407
-2257
-1993
-1565
-1103
-761
-485
-127
369
896
1359
1797
2260
2746
3195
3575
3912
4237
4583
4947
5264
5407
5338
5256
5312
5455
5486
5266
4887
4507
4220
3987
3740
3385
2927
2415
1939
1550
1163
770
367
3
-334
-707
-1074
-1368
-1549
-1669
-1760
-1881
-2058
-2222
-2273
-2157
-1977
-1865
-1871
-1903
-1822
-1614
-1362
-1166
-1034
-924
-776
-597
-409
-246
-118
18
199
351
389
346
336
453
609
662
535
348
265
292
321
251
127
1
-96
-181
-259
-320
-382
-435
-481
-535
-619
-692
-695
-616
-540
-582
-675
-674
-541
-381
-329
-345
-345
-285
-206
-161
-118
-96
-115
-162
-185
-186
-185
-199
-242
-312
-411
-520
-552
-549
-624
-771
-904
-946
-1003
-1162
-1358
-1443
-1426
-1491
-1706
-1941
-2032
-2031
-2083
-2223
-2368
-2504
-2595
-2634
-2629
-2638
-2749
-2873
-2888
-2732
-2530
-2427
-2414
-2370
-2180
-1816
-1368
-1025
-803
-595
-222
339
893
1299
1628
2024
2483
2928
3303
3666
4061
4431
4694
4851
4979
5112
5270
5382
5378
5248
5051
4857
4685
4500
4214
3860
3482
3098
2681
2247
1872
1541
1220
803
322
-96
-373
-544
-752
-1049
-1392
-1629
-1710
-1741
-1833
-1979
-2038
-1959
-1854
-1821
-1817
-1735
-1536
-1356
-1231
-1137
-1015
-836
-645
-490
-391
-309
-215
-60
107
189
181
171
231
351
435
409
313
203
163
196
212
137
-25
-169
-219
-230
-275
-363
-435
-457
-479
-524
-553
-514
-464
-465
-490
-477
-416
-354
-326
-301
-293
-278
-243
-215
-187
-190
-171
-146
-149
-202
-280
-291
-256
-280
-401
-557
-652
-682
-714
-793
-929
-1087
-1204
-1247
-1265
-1356
-1533
-1672
-1698
-1695
-1812
-2020
-2159
-2181
-2185
-2289
-2470
-2607
-2654
-2652
-2659
-2707
-2754
-2768
-2693
-2554
-2435
-2376
-2267
-2023
-1729
-1458
-1256
-1018
-648
-205
211
568
927
1341
1789
2250
2677
3084
3479
3862
4172
4398
4592
4816
5097
5278
5252
5060
4941
4955
4985
4851
4504
4118
3814
3578
3320
2953
2510
2099
1740
1395
967
520
160
-91
-321
-658
-1040
-1331
-1476
-1524
-1564
-1654
-1805
-1947
-1971
-1873
-1715
-1635
-1631
-1629
-1566
-1421
-1245
-1065
-914
-778
-702
-617
-458
-275
-110
-12
47
106
151
183
228
269
283
240
182
139
94
51
16
-16
-67
-137
-229
-272
-272
-290
-336
-405
-448
-455
-448
-441
-426
-427
-422
-389
-329
-270
-212
-143
-99
-69
-68
-27
66
121
101
25
-36
-28
21
37
-40
-173
-291
-324
-294
-312
-434
-598
-704
-758
-814
-916
-1058
-1169
-1251
-1355
-1509
-1683
-1818
-1910
-1950
-1995
-2112
-2310
-2471
-2504
-2430
-2386
-2487
-2641
-2722
-2648
-2528
-2435
-2358
-2256
-2095
-1918
-1730
-1484
-1156
-768
-358
-53
196
498
938
1482
1961
2292
2532
2841
3237
3619
3909
4150
4389
4639
4776
4749
4693
4729
4882
4944
4781
4397
4011
3809
3724
3590
3215
2700
2245
1937
1701
1394
1006
635
353
81
-262
-622
-873
-958
-973
-1104
-1397
-1685
-1771
-1640
-1457
-1416
-1528
-1625
-1570
-1405
-1250
-1122
-998
-877
-800
-775
-746
-622
-408
-214
-153
-217
-287
-266
-119
42
89
-9
-136
-171
-129
-100
-143
-187
-217
-269
-367
-481
-492
-426
-383
-417
-510
-606
-622
-542
-418
-340
-393
-486
-478
-358
-239
-212
-221
-164
-102
-89
-108
-86
-7
42
22
-64
-118
-121
-100
-89
-159
-297
-424
-464
-439
-468
-622
-807
-887
-902
-972
-1132
-1270
-1339
-1391
-1486
-1652
-1820
-1931
-1972
-2003
-2083
-2269
-2428
-2474
-2447
-2441
-2557
-2659
-2671
-2602
-2550
-2539
-2497
-2386
-2203
-2045
-1923
-1757
-1477
-1118
-765
-484
-244
47
440
929
1371
1707
2039
2393
2746
3062
3338
3643
3976
4266
4434
4462
4452
4521
4650
4722
4633
4409
4179
3993
3825
3585
3276
2979
2675
2336
1944
1554
1240
996
734
406
26
-322
-542
-670
-791
-997
-1242
-1400
-1445
-1452
-1511
-1557
-1531
-1448
-1385
-1390
-1375
-1287
-1113
-955
-854
-808
-787
-708
-551
-379
-288
-273
-261
-164
-63
-34
-52
-41
37
103
72
-18
-61
-60
-35
-11
-43
-146
-218
-231
-212
-208
-232
-244
-243
-225
-233
-232
-202
-153
-105
-79
-77
-73
-33
10
70
120
133
135
109
88
93
122
146
121
12
-107
-139
-151
-216
-335
-439
-490
-563
-695
-838
-939
-1011
-1094
-1195
-1289
-1421
-1573
-1671
-1706
-1758
-1931
-2131
-2190
-2126
-2150
-2349
-2540
-2549
-2475
-2491
-2537
-2543
-2503
-2477
-2450
-2350
-2195
-2041
-1908
-1695
-1409
-1163
-988
-744
-332
124
487
756
1081
1503
1938
2320
2648
2970
3254
3546
3855
4138
4317
4372
4434
4559
4668
4616
4474
4364
4279
4139
3879
3556
3253
2999
2751
2456
2087
1663
1270
977
744
463
123
-191
-439
-614
-802
-1018
-1214
-1310
-1293
-1298
-1402
-1575
-1644
-1514
-1313
-1252
-1333
-1378
-1284
-1095
-960
-895
-848
-771
-701
-651
-588
-506
-404
-337
-304
-309
-347
-382
-320
-198
-156
-215
-316
-357
-339
-292
-246
-238
-287
-344
-362
-333
-281
-239
-217
-204
-193
-190
-151
-63
46
88
87
94
124
190
244
319
388
392
326
259
249
294
337
325
257
121
-9
-70
-80
-101
-186
-322
-427
-503
-627
-787
-899
-944
-971
-1033
-1197
-1403
-1580
-1661
-1625
-1596
-1714
-1962
-2150
-2182
-2143
-2166
-2278
-2365
-2390
-2417
-2470
-2491
-2413
-2294
-2222
-2224
-2212
-2073
-1816
-1521
-1288
-1128
-969
-722
-352
76
469
789
1065
1368
1719
2103
2497
2838
3118
3349
3575
3788
3979
4138
4245
4324
4355
4307
4199
4081
3992
3900
3737
3465
3144
2849
2612
2389
2109
1792
1471
1166
839
553
346
162
-31
-272
-530
-738
-841
-848
-863
-978
-1166
-1278
-1204
-1061
-1003
-1072
-1134
-1084
-996
-935
-868
-744
-645
-654
-719
-688
-550
-407
-357
-388
-405
-413
-389
-342
-294
-284
-326
-349
-331
-309
-348
-402
-388
-328
-300
-352
-398
-366
-319
-291
-280
-236
-186
-179
-174
-114
-32
22
35
47
107
161
177
160
178
234
240
190
145
133
127
93
21
-53
-121
-186
-275
-350
-438
-532
-616
-673
-734
-877
-1037
-1119
-1069
-1052
-1173
-1400
-1548
-1543
-1505
-1527
-1626
-1725
-1829
-1935
-2011
-2001
-1945
-1948
-2043
-2161
-2207
-2174
-2105
-2022
-1948
-1893
-1853
-1810
-1711
-1556
-1315
-1017
-756
-575
-443
-241
114
544
935
1189
1409
1702
2029
2321
2582
2867
3157
3403
3526
3587
3650
3767
3911
4008
3990
3838
3645
3476
3405
3372
3224
2940
2580
2292
2101
1912
1674
1375
1097
867
656
416
162
-83
-218
-252
-302
-465
-746
-936
-918
-753
-694
-822
-989
-1031
-944
-873
-837
-786
-727
-688
-735
-794
-768
-651
-511
-449
-501
-642
-705
-618
-484
-419
-482
-607
-646
-639
-612
-590
-578
-572
-593
-620
-653
-642
-596
-525
-462
-455
-493
-502
-441
-310
-201
-170
-183
-186
-131
-35
50
70
62
80
115
139
126
90
98
93
54
-15
-85
-124
-172
-243
-338
-433
-500
-547
-612
-702
-818
-927
-1001
-1016
-1046
-1114
-1210
-1317
-1391
-1435
-1456
-1468
-1467
-1497
-1589
-1732
-1812
-1747
-1622
-1584
-1696
-1850
-1893
-1799
-1677
-1628
-1622
-1596
-1520
-1445
-1371
-1270
-1119
-917
-686
-452
-279
-165
-23
271
671
1037
1261
1403
1565
1806
2091
2370
2642
2865
3012
3059
3130
3225
3339
3442
3504
3489
3350
3157
3006
2984
2943
2799
2575
2314
2060
1801
1590
1448
1338
1158
854
531
278
152
119
86
-14
-230
-513
-689
-651
-496
-396
-494
-705
-849
-818
-680
-557
-491
-519
-610
-706
-696
-584
-456
-397
-459
-568
-620
-612
-603
-576
-535
-527
-581
-718
-811
-771
-675
-637
-683
-770
-848
-869
-819
-731
-679
-680
-723
-724
-671
-589
-519
-463
-420
-392
-375
-324
-244
-179
-130
-111
-86
-66
-51
-51
-21
14
3
-53
-112
-142
-165
-170
-209
-284
-370
-437
-499
-551
-591
-655
-720
-797
-876
-905
-948
-991
-1048
-1106
-1128
-1165
-1207
-1244
-1236
-1216
-1240
-1318
-1351
-1315
-1280
-1264
-1254
-1220
-1190
-1224
-1245
-1151
-1011
-860
-809
-854
-822
-737
-613
-370
-64
162
179
70
107
496
1029
1337
1339
1257
1360
1634
1949
2194
2366
2455
2472
2481
2567
2713
2827
2878
2862
2813
2712
2566
2452
2465
2516
2430
2153
1825
1625
1582
1551
1448
1229
949
695
537
518
511
422
213
4
-124
-153
-133
-110
-114
-203
-356
-461
-416
-298
-196
-215
-317
-426
-481
-433
-313
-221
-272
-423
-550
-575
-540
-515
-525
-563
-630
-728
-822
-853
-817
-782
-803
-881
-945
-977
-998
-982
-927
-869
-858
-904
-949
-907
-793
-704
-683
-688
-645
-563
-494
-468
-427
-375
-300
-245
-242
-247
-234
-193
-161
-129
-138
-191
-235
-261
-252
-233
-262
-316
-377
-419
-439
-459
-494
-524
-535
-584
-639
-666
-655
-630
-648
-691
-685
-648
-614
-625
-663
-642
-578
-511
-489
-507
-503
-462
-408
-342
-280
-250
-271
-288
-231
-114
-56
-71
-73
-18
68
120
152
167
218
300
396
493
515
537
613
740
875
943
987
1033
1121
1219
1293
1372
1445
1508
1532
1539
1569
1642
1710
1681
1609
1552
1571
1616
1577
1475
1359
1306
1270
1229
1154
1056
993
916
830
725
645
618
600
541
451
357
262
224
259
294
255
123
9
7
48
65
18
-46
-120
-208
-275
-285
-268
-304
-409
-561
-662
-687
-708
-750
-826
-932
-1043
-1136
-1181
-1190
-1188
-1243
-1343
-1436
-1451
-1389
-1355
-1371
-1389
-1364
-1351
-1334
-1304
-1219
-1082
-989
-972
-976
-929
-804
-639
-503
-437
-433
-421
-361
-232
-83
10
28
-3
-22
29
117
211
240
208
141
88
117
161
212
200
144
101
54
22
41
82
97
69
1
-47
-59
-28
17
44
26
-41
-91
-82
-42
-17
-5
-7
-25
-51
-81
-83
-54
-13
1
-26
-86
-123
-79
-12
2
-1
2
-4
5
38
104
145
167
170
198
272
324
345
390
483
568
586
573
587
646
755
838
842
784
777
840
931
958
907
844
819
844
862
847
772
719
702
696
663
594
506
487
518
497
411
306
273
302
344
297
199
135
98
103
108
82
38
-43
-114
-143
-139
-186
-264
-321
-350
-383
-506
-629
-670
-640
-684
-815
-939
-1002
-1023
-1058
-1091
-1134
-1210
-1288
-1304
-1271
-1238
-1273
-1334
-1319
-1235
-1171
-1161
-1149
-1076
-974
-903
-866
-797
-676
-566
-486
-424
-345
-245
-146
-61
42
124
186
222
291
391
453
479
477
509
553
590
607
604
604
598
594
601
603
589
573
549
513
480
477
497
501
468
404
357
345
344
357
351
297
234
193
193
200
194
168
130
83
24
21
38
50
24
-45
-108
-135
-118
-92
-86
-133
-177
-219
-237
-221
-184
-136
-147
-192
-208
-187
-114
-57
-29
-10
-36
-44
-18
62
133
158
142
114
127
173
225
256
275
250
223
226
253
288
297
297
284
247
220
199
208
240
251
214
129
92
114
165
175
126
74
38
3
7
38
41
-4
-67
-113
-120
-113
-133
-159
-180
-209
-259
-294
-298
-283
-303
-342
-387
-434
-453
-461
-465
-465
-489
-532
-557
-560
-520
-487
-485
-500
-494
-459
-433
-417
-392
-344
-290
-265
-259
-237
-190
-137
-95
-35
-4
19
31
75
150
199
234
224
226
242
263
298
315
306
281
268
268
261
269
289
279
256
213
193
207
210
224
226
187
143
130
163
210
216
180
152
138
157
197
225
237
224
208
204
208
231
256
267
246
215
215
223
233
246
258
267
249
211
189
214
230
219
190
154
132
120
139
161
148
107
77
76
83
95
91
94
72
39
26
23
36
35
32
-3
-47
-53
-43
-39
-50
-70
-82
-99
-116
-107
-105
-105
-122
-136
-142
-150
-152
-148
-131
-129
-142
-137
-127
-120
-106
-102
-94
-88
-94
-95
-76
-52
-55
-71
-69
-62
-68
-65
-60
-54
-67
-63
-51
-51
-55
-53
-38
-48
-61
-61
-57
-60
-60
-64
-65
-63
-64
-47
-27
-23
-9
16
24
16
33
54
56
60
63
63
70
81
85
94
86
72
90
108
100
73
64
71
66
49
28
38
36
10
-2
0
8
-8
-27
-23
-2
8
3
-10
3
17
39
54
44
39
54
85
96
123
133
147
144
155
194
215
233
246
252
235
227
233
268
301
272
231
231
241
259
258
245
227
193
183
191
186
184
167
137
133
102
91
93
79
66
43
21
3
-12
0
16
3
-43
-90
-102
-76
-57
-67
-99
-139
-156
-157
-134
-126
-152
-179
-184
-176
-177
-170
-172
-164
-164
-185
-192
-196
-183
-146
-132
-156
-190
-191
-162
-138
-145
-131
-142
-187
-189
-164
-130
-134
-165
-168
-174
-190
-182
-184
-178
-193
-207
-212
-214
-213
-213
-188
-185
-193
-204
-189
-170
-156
-137
-131
-129
-126
-108
-78
-60
-51
-23
13
15
3
22
67
106
116
117
115
124
129
162
190
197
191
177
167
170
193
215
224
201
170
163
187
193
190
191
174
157
146
148
161
151
139
152
135
101
89
106
124
101
75
77
67
52
56
92
96
69
46
31
28
45
68
61
25
3
25
38
47
42
44
42
27
3
6
35
53
45
28
17
7
29
36
60
54
30
19
20
28
26
48
39
1
-32
-16
-6
-16
-29
-50
-53
-79
-86
-70
-83
-125
-135
-122
-138
-168
-180
-163
-176
-198
-222
-213
-206
-232
-225
-227
-239
-256
-263
-253
-260
-280
-278
-269
-271
-275
-258
-244
-243
-243
-239
-221
-228
-227
-217
-208
-221
-218
-193
-181
-179
-180
-173
-143
-137
-141
-99
-78
-82
-88
-79
-39
-10
-9
5
17
21
51
86
102
107
101
115
135
136
144
157
162
139
143
158
163
166
171
160
139
130
129
153
145
120
105
104
98
92
91
98
85
56
58
62
55
53
57
44
28
21
22
48
37
32
53
46
36
33
56
87
84
71
75
74
76
92
108
110
103
99
121
139
126
130
139
149
127
126
128
133
130
126
139
111
101
107
116
92
68
65
61
55
47
42
44
23
-4
-15
-12
-23
-50
-69
-83
-96
-111
-111
-122
-146
-158
-155
-150
-160
-177
-192
-202
-206
-202
-203
-202
-204
-196
-199
-200
-200
-190
-176
-182
-186
-190
-173
-155
-144
-134
-129
-123
-114
-97
-72
-59
-63
-62
-57
-42
-19
1
28
24
18
31
41
51
49
57
63
59
63
72
91
89
85
84
77
65
67
82
85
83
64
60
69
66
65
57
54
47
28
29
32
26
35
29
15
4
19
41
38
28
24
23
32
47
51
51
56
51
45
48
51
66
77
66
64
72
75
94
99
107
115
120
129
123
129
143
133
133
142
126
139
146
149
149
132
120
127
129
117
107
100
94
76
72
67
65
59
58
48
25
17
4
-12
-20
-27
-54
-60
-70
-84
-88
-92
-94
-101
-107
-113
-129
-130
-123
-137
-136
-147
-149
-139
-148
-145
-146
-133
-128
-139
-133
-126
-114
-97
-96
-101
-95
-87
-88
-82
-76
-66
-63
-64
-65
-56
-45
-41
-27
-18
-15
-19
-12
-3
-10
2
-1
-10
-10
-4
17
15
19
15
13
16
15
30
28
23
20
19
22
28
33
38
45
42
47
45
42
60
70
55
63
76
79
71
57
59
78
92
76
76
86
94
91
85
94
91
99
104
94
98
90
94
109
94
95
88
90
98
87
85
95
101
95
93
86
86
88
84
82
74
58
53
54
38
31
37
22
19
20
6
4
-3
-12
-17
-28
-47
-44
-52
-65
-63
-76
-92
-95
-98
-111
-110
-114
-128
-135
-146
-139
-140
-151
-148
-151
-152
-155
-152
-144
-138
-136
-139
-139
-141
-148
-142
-137
-137
-142
-152
-145
-127
-120
-124
-114
-114
-106
-90
-100
-103
-99
-92
-76
-67
-71
-65
-48
-46
-45
-32
-29
-17
-16
-10
-10
-20
-9
-10
0
1
3
7
11
23
19
35
38
44
44
43
61
64
66
56
74
76
82
93
83
95
96
96
92
92
98
105
97
100
111
109
116
113
107
108
105
106
102
105
111
105
105
96
92
101
101
94
78
74
73
78
72
70
60
51
57
43
45
45
41
32
23
17
12
6
5
4
-8
-3
-12
-28
-25
-28
-36
-34
-38
-30
-36
-43
-42
-41
-28
-35
-41
-51
-45
-51
-60
-62
-60
-60
-66
-63
-69
-64
-72
-59
-73
-82
-79
-92
-84
-86
-88
-87
-85
-89
-83
-85
-81
-80
-81
-79
-73
-67
-68
-57
-67
-66
-69
-65
-51
-62
-56
-56
-52
-45
-54
-37
-31
-26
-16
-32
-28
-9
-1
-7
-12
-10
-8
-5
1
3
5
7
6
10
17
24
26
23
23
32
38
47
45
38
37
39
47
58
69
65
64
73
78
80
81
87
84
88
91
82
97
95
85
82
68
80
79
83
83
83
77
60
59
51
45
48
55
48
48
42
36
29
15
12
16
20
18
31
14
1
3
-4
-12
-4
-3
-2
-7
-8
-7
-19
-14
-17
-18
-27
-28
-25
-26
-35
-41
-36
-49
-48
-47
-50
-48
-60
-63
-74
-72
-74
-81
-61
-59
-65
-72
-77
-75
-72
-76
-75
-68
-60
-51
-44
-34
-35
-28
-25
-22
-35
-23
-19
-18
-8
-13
6
-1
2
2
1
4
-3
-10
-15
-15
-8
-6
-12
-12
-17
-16
-7
-14
-23
-16
-6
0
2
11
4
8
19
18
16
23
30
27
24
45
52
51
52
47
55
53
63
66
63
60
61
61
53
56
40
44
41
25
27
19
26
25
13
22
28
18
13
12
3
0
15
30
13
23
25
25
41
36
34
37
38
35
42
45
47
44
41
46
53
54
56
47
32
28
22
31
23
16
15
11
4
-15
-18
-17
-35
-36
-38
-37
-42
-48
-44
-41
-32
-31
-23
-23
-20
-9
-3
-3
2
5
16
17
22
31
25
29
35
45
34
28
29
28
18
16
-1
-16
-26
-27
-28
-38
-41
-59
-61
-72
-60
-56
-64
-63
-67
-66
-63
-54
-63
-66
-57
-48
-39
-37
-23
-6
-5
9
13
23
24
29
40
50
54
42
46
37
32
19
13
3
-2
-6
-17
-16
-25
-34
-43
-46
-48
-44
-50
-55
-68
-66
-51
-51
-52
-57
-45
-48
-33
-18
-13
6
16
23
35
47
42
61
63
63
63
47
51
50
54
52
45
34
30
13
10
2
-10
-17
-28
-29
-34
-32
-46
-51
-52
-44
-40
-38
-46
-52
-42
-34
-14
-9
3
10
11
18
29
38
53
57
57
57
74
82
79
79
81
69
55
51
33
34
16
0
-17
-25
-32
-44
-37
-54
-63
-73
-77
-85
-98
-95
-83
-85
-83
-77
-69
-55
-41
-25
-22
-12
3
14
16
20
35
31
29
41
48
50
42
31
23
22
15
21
15
2
-6
-17
-30
-37
-42
-51
-43
-66
-70
-76
-83
-69
-75
-74
-57
-42
-34
-26
-23
-13
-9
6
20
33
48
51
48
48
53
60
57
50
50
51
48
39
31
18
13
-2
-2
-9
-21
-32
-45
-60
-65
-61
-66
-67
-71
-67
-67
-54
-53
-47
-32
-28
-20
-3
3
6
19
28
30
39
62
69
73
72
77
76
76
70
74
63
52
41
26
30
11
1
-3
-10
-22
-19
-22
-23
-32
-33
-36
-42
-31
-37
-37
-32
-27
-23
-17
-2
13
23
32
34
36
38
45
55
53
59
76
65
63
67
61
63
54
50
41
32
15
12
-3
-13
-23
-32
-45
-62
-51
-66
-70
-72
-73
-69
-60
-53
-51
-54
-44
-32
-26
-15
0
11
17
28
35
46
53
65
70
73
66
60
64
53
54
53
47
44
29
24
15
11
6
-9
-16
-29
-24
-32
-31
-30
-31
-34
-34
-34
-43
-38
-34
-22
-15
-6
13
25
24
31
42
57
63
66
64
66
74
69
60
66
67
55
62
46
40
39
31
23
13
-1
-13
-20
-22
-25
-35
-39
-44
-50
-52
-55
-51
-53
-50
-34
-31
-17
-11
9
18
24
31
34
42
42
49
51
58
51
61
58
56
63
62
58
56
41
22
21
8
-5
-19
-29
-28
-27
-55
-56
-51
-56
-63
-64
-61
-55
-55
-59
-52
-50
-41
-31
-24
-20
-7
11
15
19
23
19
37
57
61
57
57
54
44
37
35
31
26
17
1
-5
-21
-21
-27
-44
-56
-50
-51
-59
-60
-70
-54
-56
-53
-54
-56
-45
-45
-44
-36
-20
-16
-4
12
16
17
23
29
41
45
48
58
49
51
53
50
43
35
32
28
36
22
19
10
-6
-19
-27
-33
-47
-47
-58
-56
-59
-54
-44
-41
-41
-35
-22
-22
-13
-9
-4
0
4
7
9
22
28
30
29
26
37
34
27
29
26
19
22
21
9
2
-4
-8
-7
-12
-25
-21
-25
-33
-41
-40
-35
-48
-45
-41
-35
-24
-30
-31
-21
-6
2
0
15
30
41
35
41
45
38
51
47
49
38
36
39
39
38
29
21
7
12
4
-10
-16
-15
-16
-29
-34
-39
-43
-33
-37
-43
-30
-34
-38
-44
-37
-26
-21
-11
-7
-1
6
11
13
13
18
23
28
25
22
26
26
28
20
21
21
18
19
15
8
-5
-3
-9
-19
-27
-25
-22
-34
-35
-32
-34
-34
-38
-33
-28
-25
-25
-13
-7
-6
1
-3
9
19
16
23
14
8
23
25
31
31
27
24
25
22
24
10
4
2
-12
6
4
6
1
-7
-18
-13
-13
-23
-20
-24
-16
-19
-15
-16
-10
-7
-3
1
-4
3
8
2
9
12
9
11
9
12
16
16
13
11
10
7
1
7
-6
-8
-13
-13
-11
-10
-8
-22
-29
-34
-29
-40
-34
-23
-24
-26
-25
-26
-18
-17
-5
-3
-6
6
-4
10
20
19
12
13
18
13
18
26
19
19
10
9
12
8
12
4
10
3
-3
1
-3
-15
-7
-16
-28
-26
-22
-25
-29
-23
-22
-29
-30
-18
-20
-11
-6
-7
-7
-6
-3
-6
-2
0
-4
-3
-1
10
6
9
12
1
4
0
7
3
-3
-6
-6
-9
-13
-16
-17
-9
-9
-4
-4
0
-9
-13
-12
-3
-4
-3
-4
-8
3
0
1
-5
-1
-2
-6
1
-3
6
7
13
16
12
13
7
9
14
9
0
7
7
13
14
9
3
-8
-8
-8
4
0
0
0
2
-2
2
-4
-14
-10
-6
0
-1
3
4
12
10
11
12
15
14
9
4
7
12
10
3
6
2
-2
11
7
6
0
2
-3
-5
-10
-26
-23
-25
-28
-16
-8
-9
-10
-25
-13
-11
-5
2
-12
-7
-5
-7
-4
-10
-8
1
-2
-4
-6
-6
-1
-1
1
6
6
1
-1
4
5
10
4
4
1
2
10
7
-1
1
12
7
10
4
-2
-9
-2
1
-3
4
0
1
-6
-5
-5
-12
-7
-6
0
9
10
10
12
12
16
13
10
16
19
20
13
10
13
9
9
6
1
-3
-2
1
-4
1
8
4
9
7
7
1
3
2
-4
0
0
6
8
3
-4
4
6
0
5
6
0
3
0
6
10
5
-3
-1
2
1
8
11
9
4
22
12
9
6
-6
-1
-6
-9
-9
0
-3
-6
-12
-16
-9
-15
-14
-11
-16
-16
-16
-22
-13
-6
-9
-16
-20
-10
-15
-12
-7
-9
-4
1
8
11
12
7
16
9
9
19
29
34
27
21
10
16
22
22
16
6
-2
-3
-2
-1
13
16
17
13
10
4
-4
0
-6
-4
7
16
17
17
12
10
13
10
18
14
14
16
16
7
6
7
18
21
17
17
13
9
0
2
10
13
11
16
13
13
10
2
-1
6
0
-1
0
-9
-14
-23
-20
-19
-6
-12
-1
-2
1
9
3
14
15
13
13
10
2
7
9
-1
-2
4
10
12
2
9
3
1
7
13
9
10
17
12
16
14
13
13
3
-6
-2
-6
-3
5
6
-7
-8
-12
-11
-8
-10
0
-5
-6
-10
-6
-5
-13
-12
-11
-3
-1
-2
0
-9
-9
-17
-12
-12
-15
-16
-22
-16
-28
-23
-27
-18
-17
-12
-10
-4
-1
-14
-11
-13
-10
-18
-23
-29
-25
-32
-26
-25
-20
-13
-15
-16
-7
-5
-16
-10
-15
-14
-6
-2
-4
4
0
-7
0
12
12
18
18
19
18
15
8
5
4
-9
-5
-11
-6
-2
-3
6
13
10
9
6
-3
-3
4
3
1
1
-4
-4
-1
-3
-9
-4
-11
-3
-17
-20
-16
-9
-4
-16
-9
-3
-14
-13
-7
-19
-16
-17
-26
-31
-18
-32
-31
-32
-29
-28
-29
-10
-24
-19
-16
-11
-13
-12
-17
-12
-9
-9
-7
-1
4
5
8
0
5
5
12
16
16
13
5
-3
0
-2
3
9
15
15
14
19
19
18
15
15
17
18
6
9
-3
2
5
-1
1
3
11
4
2
6
8
8
4
0
-1
-2
3
-3
2
1
7
10
10
7
6
13
14
10
11
21
17
10
7
14
4
6
0
-1
-2
-10
-8
-10
-19
-16
-10
-19
-16
-16
-8
-11
-10
-4
-4
-8
-1
2
18
13
7
3
3
4
-2
13
3
1
3
3
-1
7
8
6
6
13
14
9
13
9
10
4
6
7
6
7
8
15
18
17
19
9
12
11
8
12
17
18
16
15
16
31
21
20
14
16
21
21
7
8
10
6
13
13
18
8
3
-10
-10
-23
-17
-16
-25
-22
-32
-22
-18
-14
-3
-3
-11
-6
-9
-9
-4
-1
-9
-6
-6
-12
-7
-6
-3
-4
3
8
10
9
3
-6
-2
-3
-3
-4
-10
-4
-4
-5
-9
-9
-11
-9
-7
-10
-10
-9
-16
-28
-31
-12
9
22
7
-25
-6
-2
-15
5
3
20
15
13
20
14
31
23
22
11
10
13
14
9
11
14
20
25
10
22
27
28
23
12
7
7
5
1
0
-1
-8
-4
-6
-3
2
0
9
7
1
-2
3
-6
2
10
15
15
13
9
8
8
16
23
11
24
17
20
6
0
4
2
6
5
11
13
12
19
10
1
7
0
5
7
8
-9
0
-1
-1
9
7
7
-2
3
-6
-1
-3
6
9
14
19
21
20
22
26
23
20
21
25
13
14
7
10
7
14
16
9
7
5
6
0
1
-1
2
0
7
9
7
15
9
3
9
12
13
9
4
9
9
9
0
-1
20
28
29
22
14
10
-8
2
9
3
2
7
3
-8
-6
-15
-10
-12
-10
-9
-10
-15
-14
-14
-17
-13
-19
-18
-24
-25
-29
-30
-28
-22
-16
-10
-3
-8
-10
-12
-3
0
4
3
1
14
16
7
10
8
6
0
-1
6
6
0
0
0
3
8
-3
7
-3
-5
-1
0
5
-9
-4
-4
-7
-3
4
6
9
17
8
7
18
14
16
18
15
15
9
-1
3
4
0
6
3
-8
-4
-7
-16
-4
-9
-7
-6
0
7
0
-5
-12
-22
-18
-16
-12
-20
-31
-24
-25
-16
-27
-23
-21
-21
-24
-29
-16
-17
-12
-18
-16
-6
-3
-10
-6
-7
5
9
-1
-8
-4
-2
-3
-1
-9
-13
-12
-8
-21
-12
-12
-10
-10
-13
-9
-6
-1
-10
-12
-25
-22
-19
-16
-13
-18
-13
-18
-13
-15
-10
-10
-18
-2
-5
1
6
3
3
-1
-8
-6
1
-5
-10
-17
-10
-13
-14
-14
-14
-13
-15
-12
-12
-3
-4
-3
-4
4
1
-5
-3
-3
-4
-7
-6
-5
2
1
-4
-3
-9
-12
-12
-13
-9
-16
-15
-18
-27
-32
-25
-16
-13
-16
-17
-14
-19
-7
-9
-6
-3
-5
0
-7
-12
-3
-3
-7
-5
3
13
11
8
7
14
9
20
22
25
25
13
21
15
16
17
12
14
17
20
22
17
16
14
10
9
2
11
16
18
22
18
15
23
24
19
19
9
5
0
7
8
3
2
4
6
4
11
6
6
0
2
9
2
1
-6
-7
-3
1
-4
-3
-4
-6
-1
8
13
2
1
0
-12
-13
-16
-22
-21
-22
-20
-23
-13
-6
-4
0
-3
0
-5
-12
-10
-8
-10
-1
-3
3
5
1
2
-7
-5
-8
1
1
7
6
-5
4
-2
6
21
13
15
19
19
15
13
11
9
9
-4
-5
-13
-12
-1
3
11
15
14
10
16
9
5
-3
3
5
-3
7
-1
0
6
1
9
21
16
13
16
6
0
3
4
-9
-14
-19
-20
-16
-22
-23
-22
-16
-19
-25
-12
-9
-6
-15
-21
-19
-26
-14
-21
-23
-9
